#!ascii label  , from subject sub-01 vox2ras=TkReg
1873
50211  -39.907  -45.059  85.541 0.0000000000
132781  -30.104  -61.419  87.095 0.0000000000
49489  -43.760  -45.759  69.490 0.0000000000
123361  -38.027  -43.179  72.207 0.0000000000
46851  -44.526  -48.895  77.158 0.0000000000
42075  -36.148  -53.616  86.229 0.0000000000
38659  -24.727  -57.076  75.412 0.0000000000
46013  -30.352  -48.597  75.129 0.0000000000
36651  -22.231  -59.922  87.916 0.0000000000
55400  -52.748  -39.669  74.670 0.0000000000
34766  -22.831  -61.638  73.017 0.0000000000
50306  -38.088  -43.966  78.667 0.0000000000
49423  -41.920  -45.065  75.213 0.0000000000
50257  -42.818  -43.930  81.454 0.0000000000
44939  -40.068  -50.219  86.395 0.0000000000
44997  -33.673  -50.455  82.607 0.0000000000
46838  -37.155  -48.122  79.469 0.0000000000
49434  -33.777  -45.459  74.290 0.0000000000
55431  -53.341  -39.787  72.429 0.0000000000
121885  -26.686  -61.595  86.696 0.0000000000
37660  -22.470  -58.630  80.615 0.0000000000
33746  -25.748  -62.557  79.223 0.0000000000
45123  -44.825  -51.515  72.151 0.0000000000
37598  -34.528  -58.093  86.073 0.0000000000
37651  -28.011  -58.386  81.845 0.0000000000
40393  -31.325  -54.893  81.991 0.0000000000
43134  -26.833  -52.352  75.214 0.0000000000
36618  -18.780  -59.053  89.958 0.0000000000
46826  -47.410  -48.836  79.980 0.0000000000
46873  -49.538  -48.416  75.106 0.0000000000
126964  -47.869  -42.049  72.366 0.0000000000
50402  -50.047  -44.647  72.420 0.0000000000
51494  -53.013  -43.399  69.157 0.0000000000
38604  -18.274  -57.845  80.479 0.0000000000
35820  -25.769  -60.530  72.729 0.0000000000
50253  -38.377  -44.905  82.032 0.0000000000
50279  -40.181  -43.958  80.586 0.0000000000
51285  -40.565  -43.374  83.551 0.0000000000
47615  -40.459  -48.148  85.702 0.0000000000
45900  -38.534  -49.340  82.222 0.0000000000
126135  -38.405  -47.219  82.069 0.0000000000
48512  -37.282  -45.831  79.120 0.0000000000
50456  -41.769  -44.554  67.286 0.0000000000
51486  -44.941  -43.461  68.312 0.0000000000
33678  -28.037  -61.770  86.564 0.0000000000
34676  -25.862  -61.808  82.983 0.0000000000
33707  -27.303  -61.796  83.153 0.0000000000
50425  -39.745  -44.556  70.219 0.0000000000
48533  -43.404  -46.722  76.468 0.0000000000
47748  -42.897  -47.670  72.636 0.0000000000
46023  -43.824  -49.464  73.900 0.0000000000
43169  -42.761  -52.537  71.402 0.0000000000
44133  -44.140  -52.298  74.465 0.0000000000
39500  -35.530  -55.811  86.173 0.0000000000
39528  -33.343  -56.458  83.859 0.0000000000
41223  -34.119  -54.368  83.908 0.0000000000
145922  -32.046  -49.410  78.885 0.0000000000
44084  -30.338  -51.903  78.870 0.0000000000
45075  -28.715  -50.195  76.158 0.0000000000
51406  -35.863  -43.729  73.269 0.0000000000
46860  -47.473  -49.583  76.777 0.0000000000
50378  -51.085  -44.676  75.192 0.0000000000
50380  -53.277  -44.880  74.811 0.0000000000
51462  -50.700  -43.416  70.187 0.0000000000
128045  -55.138  -43.695  71.846 0.0000000000
53515  -54.502  -41.976  70.059 0.0000000000
36637  -20.850  -59.703  88.737 0.0000000000
37592  -18.798  -58.179  85.615 0.0000000000
37593  -20.478  -58.552  85.077 0.0000000000
36785  -22.467  -59.210  75.564 0.0000000000
36773  -20.342  -58.933  76.231 0.0000000000
33786  -21.749  -62.572  73.422 0.0000000000
141847  -26.319  -57.861  78.564 0.0000000000
125141  -26.650  -60.562  76.955 0.0000000000
127953  -25.507  -59.102  73.832 0.0000000000
145495  -38.423  -43.637  76.109 0.0000000000
51411  -40.410  -43.802  73.495 0.0000000000
50327  -40.463  -44.130  77.254 0.0000000000
49388  -42.295  -45.628  78.106 0.0000000000
122976  -43.553  -46.571  79.084 0.0000000000
43971  -37.893  -51.160  87.071 0.0000000000
43052  -34.964  -52.206  84.518 0.0000000000
44966  -37.055  -50.234  84.372 0.0000000000
45933  -35.603  -48.947  80.730 0.0000000000
46847  -33.510  -48.361  77.529 0.0000000000
47726  -31.987  -47.278  74.729 0.0000000000
47702  -35.114  -46.873  77.034 0.0000000000
49415  -36.449  -44.721  76.481 0.0000000000
55403  -54.503  -39.612  74.257 0.0000000000
59890  -54.564  -34.686  75.105 0.0000000000
130505  -24.823  -60.663  87.861 0.0000000000
36679  -22.568  -59.322  84.937 0.0000000000
35712  -24.311  -60.225  83.791 0.0000000000
35742  -24.116  -60.388  79.787 0.0000000000
35771  -23.906  -60.673  76.079 0.0000000000
123653  -41.652  -45.883  71.430 0.0000000000
46074  -42.952  -49.777  69.720 0.0000000000
46927  -44.802  -48.500  70.954 0.0000000000
35697  -32.518  -60.136  86.311 0.0000000000
36708  -28.544  -60.095  83.564 0.0000000000
37629  -31.246  -58.220  83.924 0.0000000000
38610  -28.761  -56.716  81.102 0.0000000000
39566  -27.941  -55.652  78.839 0.0000000000
42118  -32.515  -53.442  82.168 0.0000000000
41265  -29.531  -53.997  79.060 0.0000000000
41296  -25.751  -54.418  75.460 0.0000000000
51244  -41.508  -43.225  87.175 0.0000000000
34622  -32.282  -60.878  88.634 0.0000000000
39447  -35.844  -56.217  88.772 0.0000000000
42058  -35.389  -53.706  89.299 0.0000000000
52286  -43.031  -41.874  84.572 0.0000000000
51288  -45.003  -43.574  83.409 0.0000000000
47655  -45.579  -47.251  81.574 0.0000000000
48468  -47.658  -46.619  82.092 0.0000000000
45037  -45.774  -50.862  80.036 0.0000000000
44112  -46.432  -52.156  76.740 0.0000000000
45101  -46.855  -50.418  73.804 0.0000000000
47760  -46.671  -47.751  72.103 0.0000000000
49439  -48.692  -45.431  74.695 0.0000000000
48570  -50.343  -47.074  73.889 0.0000000000
49478  -47.213  -45.007  71.078 0.0000000000
51474  -47.536  -43.316  69.476 0.0000000000
52435  -56.013  -42.980  71.184 0.0000000000
36660  -16.604  -58.735  86.712 0.0000000000
35741  -18.067  -60.702  78.827 0.0000000000
37658  -20.767  -57.990  80.731 0.0000000000
35761  -19.038  -60.145  77.367 0.0000000000
34710  -26.792  -61.744  79.999 0.0000000000
34741  -26.283  -62.286  75.846 0.0000000000
33797  -24.163  -62.078  71.912 0.0000000000
34831  -20.391  -61.504  69.466 0.0000000000
50237  -38.885  -44.627  83.385 0.0000000000
50238  -39.442  -44.104  83.248 0.0000000000
51270  -39.830  -43.884  84.559 0.0000000000
48432  -39.751  -46.579  85.095 0.0000000000
48454  -39.271  -47.584  83.615 0.0000000000
48441  -38.799  -45.778  83.926 0.0000000000
49327  -38.131  -45.907  82.287 0.0000000000
48620  -43.068  -46.124  69.113 0.0000000000
50447  -42.963  -44.745  68.365 0.0000000000
50458  -43.321  -44.088  68.155 0.0000000000
50449  -44.483  -44.181  68.877 0.0000000000
33679  -28.878  -61.664  86.769 0.0000000000
33687  -27.688  -61.822  85.312 0.0000000000
33699  -28.252  -61.678  85.401 0.0000000000
51457  -37.626  -43.485  70.296 0.0000000000
139681  -38.606  -43.587  70.606 0.0000000000
47705  -44.267  -48.072  76.463 0.0000000000
47729  -44.189  -48.008  74.622 0.0000000000
46870  -44.420  -48.889  75.136 0.0000000000
45089  -43.839  -50.775  74.228 0.0000000000
129620  -44.534  -50.968  76.325 0.0000000000
126535  -35.813  -54.652  86.085 0.0000000000
40352  -35.455  -55.150  85.747 0.0000000000
41204  -35.320  -54.249  85.246 0.0000000000
45991  -31.217  -49.049  76.555 0.0000000000
45064  -29.818  -49.980  76.982 0.0000000000
46000  -29.328  -49.453  75.880 0.0000000000
46021  -27.216  -49.240  73.538 0.0000000000
142944  -36.415  -43.423  72.789 0.0000000000
51421  -34.932  -43.591  72.029 0.0000000000
51439  -36.140  -43.342  70.949 0.0000000000
52408  -52.103  -42.328  74.700 0.0000000000
127795  -53.546  -42.678  74.901 0.0000000000
50406  -54.149  -44.163  73.427 0.0000000000
52411  -54.655  -42.389  74.312 0.0000000000
36638  -21.706  -59.831  88.606 0.0000000000
36649  -20.519  -59.142  87.288 0.0000000000
36665  -21.608  -59.252  86.407 0.0000000000
35789  -22.528  -60.339  74.303 0.0000000000
35788  -21.595  -60.434  74.543 0.0000000000
34765  -21.985  -61.843  73.270 0.0000000000
32042  -22.522  -64.780  72.522 0.0000000000
32071  -22.454  -64.449  71.835 0.0000000000
38644  -25.928  -56.854  77.339 0.0000000000
37708  -25.523  -58.731  76.316 0.0000000000
38667  -24.785  -58.044  75.057 0.0000000000
50325  -38.391  -43.722  77.742 0.0000000000
50356  -39.248  -43.757  75.995 0.0000000000
50326  -39.501  -43.711  77.457 0.0000000000
50256  -41.991  -43.955  81.021 0.0000000000
50296  -41.772  -44.478  79.394 0.0000000000
144737  -42.482  -44.653  79.855 0.0000000000
49389  -43.038  -46.004  78.589 0.0000000000
50282  -43.632  -45.012  80.665 0.0000000000
130989  -39.429  -50.482  87.203 0.0000000000
132676  -38.068  -50.790  85.823 0.0000000000
44950  -39.369  -50.240  85.351 0.0000000000
45935  -37.998  -48.918  80.943 0.0000000000
45912  -36.987  -49.221  81.284 0.0000000000
45955  -36.601  -48.683  80.140 0.0000000000
45970  -34.706  -48.374  79.045 0.0000000000
46835  -34.973  -48.118  78.561 0.0000000000
47689  -34.724  -47.499  77.440 0.0000000000
46850  -36.054  -47.622  78.252 0.0000000000
50305  -37.414  -44.735  78.904 0.0000000000
49399  -36.613  -45.879  77.725 0.0000000000
50324  -37.411  -44.307  78.082 0.0000000000
50355  -36.973  -43.993  76.205 0.0000000000
35670  -25.460  -61.024  87.312 0.0000000000
35682  -24.646  -60.638  86.106 0.0000000000
125513  -25.419  -61.183  85.764 0.0000000000
34691  -26.022  -62.243  81.279 0.0000000000
34683  -25.381  -61.454  81.676 0.0000000000
35743  -24.554  -61.473  79.335 0.0000000000
124387  -24.229  -61.060  77.947 0.0000000000
35763  -24.847  -61.899  77.493 0.0000000000
50372  -41.244  -44.504  74.812 0.0000000000
49457  -41.453  -44.739  72.456 0.0000000000
49448  -41.985  -45.106  73.058 0.0000000000
46046  -41.841  -49.823  71.615 0.0000000000
46909  -41.886  -48.606  71.570 0.0000000000
45133  -40.803  -51.109  70.794 0.0000000000
44168  -44.060  -52.080  71.598 0.0000000000
44181  -43.067  -52.032  70.403 0.0000000000
45135  -43.546  -50.881  70.402 0.0000000000
46061  -43.666  -49.640  70.338 0.0000000000
46047  -44.745  -50.151  71.279 0.0000000000
36683  -33.550  -59.253  86.105 0.0000000000
36697  -31.662  -59.288  85.126 0.0000000000
37616  -32.738  -58.327  84.768 0.0000000000
144932  -32.201  -56.000  83.000 0.0000000000
39537  -30.810  -56.477  82.428 0.0000000000
39548  -30.271  -55.971  81.897 0.0000000000
39562  -28.114  -56.005  79.574 0.0000000000
40401  -29.445  -55.194  80.468 0.0000000000
44037  -34.386  -51.621  83.977 0.0000000000
43050  -33.801  -53.087  83.408 0.0000000000
44048  -32.777  -51.947  82.335 0.0000000000
44096  -28.900  -52.379  77.078 0.0000000000
42156  -30.092  -52.810  78.851 0.0000000000
43107  -28.653  -53.007  77.133 0.0000000000
41278  -27.731  -54.279  77.304 0.0000000000
48553  -32.501  -46.542  74.376 0.0000000000
40299  -35.879  -55.538  88.821 0.0000000000
43947  -38.342  -50.120  88.918 0.0000000000
53288  -42.008  -41.705  85.725 0.0000000000
52271  -45.282  -42.144  84.844 0.0000000000
51289  -46.270  -44.129  83.483 0.0000000000
143665  -45.328  -45.332  82.278 0.0000000000
49316  -46.424  -45.245  82.870 0.0000000000
47657  -47.394  -48.094  81.504 0.0000000000
46797  -46.941  -49.054  81.667 0.0000000000
44075  -46.732  -51.130  80.049 0.0000000000
44100  -45.928  -52.259  78.091 0.0000000000
139916  -47.283  -51.240  78.902 0.0000000000
46871  -48.072  -49.007  76.079 0.0000000000
45091  -47.579  -50.372  75.242 0.0000000000
46025  -48.535  -49.235  74.467 0.0000000000
144146  -47.124  -48.947  72.878 0.0000000000
47739  -48.779  -48.492  73.671 0.0000000000
50391  -48.583  -44.040  73.778 0.0000000000
49451  -51.620  -46.293  74.377 0.0000000000
48549  -51.465  -46.833  75.036 0.0000000000
49459  -49.854  -45.482  72.786 0.0000000000
48579  -48.791  -46.383  72.615 0.0000000000
50414  -47.970  -44.784  71.272 0.0000000000
50444  -47.131  -43.848  70.108 0.0000000000
50431  -49.176  -43.894  71.085 0.0000000000
51478  -52.295  -43.394  69.561 0.0000000000
51477  -50.521  -43.160  69.319 0.0000000000
51492  -51.169  -42.992  68.754 0.0000000000
55433  -54.431  -38.867  73.319 0.0000000000
53492  -54.959  -41.538  72.773 0.0000000000
54464  -54.048  -41.344  72.142 0.0000000000
37623  -18.339  -58.081  83.620 0.0000000000
37622  -17.507  -58.070  83.674 0.0000000000
38586  -17.390  -57.905  82.074 0.0000000000
36730  -16.932  -58.957  80.146 0.0000000000
37678  -17.851  -58.788  78.926 0.0000000000
36713  -22.816  -58.899  82.342 0.0000000000
37637  -21.301  -58.566  82.898 0.0000000000
37659  -21.633  -58.202  80.467 0.0000000000
36772  -19.758  -59.368  76.548 0.0000000000
31160  -22.363  -65.944  74.558 0.0000000000
36725  -27.702  -59.458  82.138 0.0000000000
36715  -27.577  -60.429  82.232 0.0000000000
36733  -26.911  -60.005  80.740 0.0000000000
141720  -26.713  -60.916  75.050 0.0000000000
35773  -26.987  -61.336  76.441 0.0000000000
130399  -26.319  -61.573  74.567 0.0000000000
34760  -25.756  -61.749  74.252 0.0000000000
34797  -24.542  -61.482  71.768 0.0000000000
33845  -20.248  -62.076  70.070 0.0000000000
123556  -38.561  -44.229  80.130 0.0000000000
142771  -39.659  -43.936  79.902 0.0000000000
50278  -39.301  -44.123  80.809 0.0000000000
51318  -40.862  -43.702  82.032 0.0000000000
51303  -41.567  -43.471  82.409 0.0000000000
45863  -40.554  -49.278  86.471 0.0000000000
45872  -39.437  -49.619  84.376 0.0000000000
45885  -39.584  -49.224  83.900 0.0000000000
46785  -39.100  -48.742  82.439 0.0000000000
47664  -38.034  -48.071  80.340 0.0000000000
47673  -37.577  -47.699  79.639 0.0000000000
48477  -37.794  -46.507  80.553 0.0000000000
49362  -37.809  -45.379  80.627 0.0000000000
52461  -44.941  -42.477  66.977 0.0000000000
33665  -27.265  -61.701  86.872 0.0000000000
34655  -26.217  -61.546  85.520 0.0000000000
33696  -26.952  -61.908  84.614 0.0000000000
136361  -26.649  -62.190  83.041 0.0000000000
33722  -26.481  -62.307  81.489 0.0000000000
131397  -43.035  -46.014  75.317 0.0000000000
48568  -42.848  -46.254  73.249 0.0000000000
47728  -43.817  -47.071  74.545 0.0000000000
46899  -42.985  -48.818  72.681 0.0000000000
125190  -42.196  -50.503  72.127 0.0000000000
43168  -41.922  -52.627  71.083 0.0000000000
44145  -42.991  -51.791  72.966 0.0000000000
43149  -43.781  -52.387  73.161 0.0000000000
43150  -44.322  -52.406  73.413 0.0000000000
38555  -35.127  -56.957  86.182 0.0000000000
134588  -33.825  -57.435  84.844 0.0000000000
39513  -34.540  -56.373  85.004 0.0000000000
39529  -33.956  -55.865  84.260 0.0000000000
41238  -32.852  -54.996  82.974 0.0000000000
45026  -33.072  -49.954  80.976 0.0000000000
43080  -32.054  -51.215  81.012 0.0000000000
45035  -31.210  -50.713  79.588 0.0000000000
45055  -29.565  -50.871  77.480 0.0000000000
44121  -27.697  -51.361  75.640 0.0000000000
44139  -25.603  -51.884  73.398 0.0000000000
45095  -26.357  -50.701  73.595 0.0000000000
50368  -34.817  -44.581  74.017 0.0000000000
50399  -33.676  -44.297  72.226 0.0000000000
47676  -47.095  -47.848  79.713 0.0000000000
45973  -47.295  -49.911  78.706 0.0000000000
47693  -46.241  -47.678  77.764 0.0000000000
47718  -46.637  -47.744  76.377 0.0000000000
48545  -47.652  -47.227  75.519 0.0000000000
123337  -48.986  -41.226  72.660 0.0000000000
134943  -49.130  -43.351  73.529 0.0000000000
52422  -50.318  -42.312  73.668 0.0000000000
49430  -52.599  -45.409  75.077 0.0000000000
136656  -51.895  -44.744  73.231 0.0000000000
50417  -50.585  -43.931  71.815 0.0000000000
50404  -52.616  -44.257  72.733 0.0000000000
51448  -53.439  -43.748  71.152 0.0000000000
122319  -54.476  -43.856  70.479 0.0000000000
143415  -52.497  -38.428  71.941 0.0000000000
54463  -52.949  -40.893  71.851 0.0000000000
135947  -51.443  -40.791  70.527 0.0000000000
36619  -19.686  -59.461  89.795 0.0000000000
36647  -18.825  -58.723  87.765 0.0000000000
36648  -19.681  -58.927  87.561 0.0000000000
121369  -19.610  -58.273  85.123 0.0000000000
37624  -19.907  -58.280  83.466 0.0000000000
36754  -22.888  -58.852  78.635 0.0000000000
37681  -21.721  -58.044  78.625 0.0000000000
37717  -21.722  -58.588  75.941 0.0000000000
35787  -20.812  -60.903  75.026 0.0000000000
143824  -21.130  -63.248  74.471 0.0000000000
138177  -22.234  -65.461  73.937 0.0000000000
32034  -22.429  -65.197  73.220 0.0000000000
37670  -26.885  -58.428  79.802 0.0000000000
37669  -26.545  -59.273  79.141 0.0000000000
37683  -26.305  -58.866  78.504 0.0000000000
36787  -25.947  -59.653  75.864 0.0000000000
36807  -26.000  -60.094  73.223 0.0000000000
51409  -38.358  -43.389  73.974 0.0000000000
51424  -38.807  -43.241  72.619 0.0000000000
50370  -39.613  -43.736  75.043 0.0000000000
137318  -40.602  -44.232  75.376 0.0000000000
50344  -41.267  -44.811  76.402 0.0000000000
121061  -40.852  -44.143  78.880 0.0000000000
50328  -41.181  -44.768  77.075 0.0000000000
49417  -42.296  -45.720  76.521 0.0000000000
48532  -42.817  -46.210  76.937 0.0000000000
48519  -43.339  -46.765  77.374 0.0000000000
47685  -43.873  -47.472  78.658 0.0000000000
43023  -36.410  -52.743  86.178 0.0000000000
42091  -35.878  -53.191  85.494 0.0000000000
44004  -36.794  -51.588  85.695 0.0000000000
44965  -36.065  -50.534  84.395 0.0000000000
44998  -34.681  -50.019  83.019 0.0000000000
136900  -38.189  -49.874  83.115 0.0000000000
45000  -36.931  -49.641  82.529 0.0000000000
45909  -33.905  -49.451  81.272 0.0000000000
45952  -33.315  -49.036  79.677 0.0000000000
45985  -33.107  -48.684  77.873 0.0000000000
46854  -31.964  -48.720  76.173 0.0000000000
46879  -30.639  -47.988  74.649 0.0000000000
46869  -32.511  -48.215  76.112 0.0000000000
144689  -33.257  -47.052  75.777 0.0000000000
146382  -34.213  -46.296  75.674 0.0000000000
48516  -36.540  -46.641  77.913 0.0000000000
48531  -36.238  -46.243  77.291 0.0000000000
131537  -35.372  -45.010  75.283 0.0000000000
50353  -36.167  -44.387  75.082 0.0000000000
51389  -36.870  -43.757  74.460 0.0000000000
55402  -54.057  -39.538  74.724 0.0000000000
57274  -53.280  -37.338  75.058 0.0000000000
134189  -54.304  -36.681  74.401 0.0000000000
58141  -54.275  -36.765  73.482 0.0000000000
58140  -53.875  -36.515  72.803 0.0000000000
58989  -53.336  -35.275  72.506 0.0000000000
35668  -23.244  -60.038  88.134 0.0000000000
36666  -22.407  -59.592  86.464 0.0000000000
35681  -23.721  -60.134  86.531 0.0000000000
36694  -23.509  -59.710  84.286 0.0000000000
136977  -23.473  -59.352  81.880 0.0000000000
34665  -25.203  -61.021  83.572 0.0000000000
35726  -24.083  -59.999  81.531 0.0000000000
36732  -23.573  -59.586  80.282 0.0000000000
36755  -23.377  -59.508  78.615 0.0000000000
36786  -23.284  -59.876  75.726 0.0000000000
35790  -23.491  -60.561  74.344 0.0000000000
51444  -40.136  -43.859  71.696 0.0000000000
49475  -40.622  -45.627  70.482 0.0000000000
130988  -41.991  -46.653  71.697 0.0000000000
47784  -43.436  -47.495  69.765 0.0000000000
48596  -44.193  -47.014  70.221 0.0000000000
34658  -31.170  -60.748  86.749 0.0000000000
35707  -29.226  -60.684  84.991 0.0000000000
35708  -30.221  -60.255  85.360 0.0000000000
36710  -30.047  -59.150  84.256 0.0000000000
37640  -29.196  -58.323  82.925 0.0000000000
38581  -31.864  -57.498  83.587 0.0000000000
38589  -30.488  -57.272  82.705 0.0000000000
38596  -28.400  -57.488  81.462 0.0000000000
38619  -27.714  -56.807  79.942 0.0000000000
39565  -26.961  -56.406  78.381 0.0000000000
39587  -26.022  -56.031  77.069 0.0000000000
42105  -34.527  -53.902  84.122 0.0000000000
42104  -33.935  -53.812  83.554 0.0000000000
41246  -31.521  -54.187  81.608 0.0000000000
146087  -31.215  -52.568  80.535 0.0000000000
42136  -30.578  -53.588  80.323 0.0000000000
41254  -30.355  -54.222  80.565 0.0000000000
40416  -29.004  -54.640  78.930 0.0000000000
129261  -26.750  -54.973  76.982 0.0000000000
144088  -30.095  -47.506  73.418 0.0000000000
49301  -40.684  -45.505  86.328 0.0000000000
51243  -41.088  -43.921  86.607 0.0000000000
36606  -20.235  -59.891  90.576 0.0000000000
35657  -23.631  -60.113  89.043 0.0000000000
143306  -24.342  -60.328  88.919 0.0000000000
35658  -25.062  -60.576  88.795 0.0000000000
33652  -28.149  -61.568  87.897 0.0000000000
33668  -29.326  -61.601  87.580 0.0000000000
33669  -30.122  -61.530  87.944 0.0000000000
134008  -31.311  -61.142  87.870 0.0000000000
34648  -32.457  -60.649  87.609 0.0000000000
35684  -33.488  -60.159  87.232 0.0000000000
143566  -34.905  -58.394  87.523 0.0000000000
38510  -35.413  -57.790  88.656 0.0000000000
37581  -35.493  -57.557  87.694 0.0000000000
143188  -35.950  -56.399  87.783 0.0000000000
40308  -36.033  -55.357  88.027 0.0000000000
127369  -35.983  -53.618  87.711 0.0000000000
43000  -36.178  -51.932  88.074 0.0000000000
43958  -37.006  -51.160  88.296 0.0000000000
43961  -39.163  -50.452  87.899 0.0000000000
48424  -40.868  -46.576  86.491 0.0000000000
52268  -40.799  -43.048  85.294 0.0000000000
52311  -42.198  -42.407  84.024 0.0000000000
142042  -42.831  -42.805  83.196 0.0000000000
129800  -44.487  -41.520  85.426 0.0000000000
52313  -44.416  -42.845  83.799 0.0000000000
50240  -43.535  -43.975  82.036 0.0000000000
49343  -44.401  -45.527  81.116 0.0000000000
48493  -44.507  -46.364  80.618 0.0000000000
47675  -44.724  -48.025  80.071 0.0000000000
47646  -46.717  -47.734  82.050 0.0000000000
46811  -45.333  -48.863  80.634 0.0000000000
137223  -44.740  -49.953  78.229 0.0000000000
44111  -44.955  -52.093  77.292 0.0000000000
43129  -45.090  -52.382  75.862 0.0000000000
44134  -45.506  -52.089  74.092 0.0000000000
45066  -47.456  -51.017  77.176 0.0000000000
45090  -46.872  -50.826  74.630 0.0000000000
45110  -45.639  -50.850  72.531 0.0000000000
46049  -45.829  -49.353  71.955 0.0000000000
47759  -45.836  -47.850  71.585 0.0000000000
48598  -45.644  -46.489  71.016 0.0000000000
48559  -47.523  -46.351  75.017 0.0000000000
48546  -48.885  -47.025  75.449 0.0000000000
49440  -49.783  -45.494  75.081 0.0000000000
48547  -50.179  -47.152  75.422 0.0000000000
47740  -50.258  -47.908  74.730 0.0000000000
48578  -48.345  -47.274  72.738 0.0000000000
48588  -47.035  -46.243  71.639 0.0000000000
49491  -45.229  -45.142  70.232 0.0000000000
50442  -45.633  -44.355  69.823 0.0000000000
51472  -46.207  -43.403  68.950 0.0000000000
52450  -47.056  -42.689  68.250 0.0000000000
51476  -49.419  -43.255  69.688 0.0000000000
51490  -48.562  -42.744  68.702 0.0000000000
52485  -47.742  -41.844  67.041 0.0000000000
53483  -55.045  -41.643  73.829 0.0000000000
51451  -55.846  -43.240  71.261 0.0000000000
51480  -54.940  -43.797  69.877 0.0000000000
53507  -54.748  -42.100  71.073 0.0000000000
51497  -56.416  -43.185  69.668 0.0000000000
52455  -54.613  -43.240  68.633 0.0000000000
132390  -17.956  -58.386  86.575 0.0000000000
36678  -21.783  -59.019  85.018 0.0000000000
146010  -20.478  -58.346  83.007 0.0000000000
38605  -19.173  -57.761  80.336 0.0000000000
38641  -20.278  -57.849  77.614 0.0000000000
38626  -19.526  -57.706  78.628 0.0000000000
37679  -18.500  -58.369  78.476 0.0000000000
35754  -18.474  -60.204  78.073 0.0000000000
136050  -28.057  -61.193  83.818 0.0000000000
34692  -27.025  -61.856  81.393 0.0000000000
34698  -26.562  -62.052  80.205 0.0000000000
35757  -26.805  -61.199  78.218 0.0000000000
132913  -26.693  -61.955  77.759 0.0000000000
33769  -25.852  -62.740  78.040 0.0000000000
34740  -25.420  -62.060  75.690 0.0000000000
35791  -24.354  -61.184  74.547 0.0000000000
33796  -23.566  -62.597  71.964 0.0000000000
36848  -24.879  -59.247  70.717 0.0000000000
35865  -24.540  -60.051  70.962 0.0000000000
35863  -22.896  -60.962  70.506 0.0000000000
33826  -23.279  -62.252  71.091 0.0000000000
32915  -22.875  -62.935  71.480 0.0000000000
32931  -22.659  -63.791  71.705 0.0000000000
50219  -39.463  -44.639  84.748 0.0000000000
50225  -39.348  -44.278  83.968 0.0000000000
49300  -40.085  -46.026  85.684 0.0000000000
49308  -39.318  -45.640  84.833 0.0000000000
142657  -38.645  -45.171  83.485 0.0000000000
49500  -42.668  -45.589  68.555 0.0000000000
49501  -43.375  -45.285  68.916 0.0000000000
50448  -43.705  -44.511  68.657 0.0000000000
50440  -44.075  -44.953  69.268 0.0000000000
33689  -29.486  -61.500  86.725 0.0000000000
33688  -28.819  -61.600  86.155 0.0000000000
34656  -29.398  -61.386  86.237 0.0000000000
51441  -37.904  -43.288  71.250 0.0000000000
51442  -38.727  -43.330  71.654 0.0000000000
47717  -44.313  -48.069  75.550 0.0000000000
46858  -44.529  -48.934  76.062 0.0000000000
46003  -44.487  -50.045  75.624 0.0000000000
45993  -44.644  -49.938  76.631 0.0000000000
41178  -35.967  -54.426  86.366 0.0000000000
122283  -35.914  -54.110  85.952 0.0000000000
140562  -30.752  -48.828  75.504 0.0000000000
46001  -30.103  -49.034  75.628 0.0000000000
51423  -37.229  -43.232  72.754 0.0000000000
123654  -36.522  -43.299  71.933 0.0000000000
121436  -37.345  -43.217  71.841 0.0000000000
51440  -37.042  -43.295  71.042 0.0000000000
54405  -52.186  -40.260  74.511 0.0000000000
53469  -51.964  -41.128  74.510 0.0000000000
144617  -53.489  -41.979  74.987 0.0000000000
122395  -54.044  -42.798  74.729 0.0000000000
53471  -53.799  -41.210  74.985 0.0000000000
36650  -21.248  -59.594  87.837 0.0000000000
121268  -21.933  -59.591  87.145 0.0000000000
35798  -22.032  -61.086  73.801 0.0000000000
33787  -22.587  -62.519  72.746 0.0000000000
32914  -22.758  -64.205  72.073 0.0000000000
33795  -23.022  -63.343  72.164 0.0000000000
39586  -25.198  -56.887  76.174 0.0000000000
127993  -25.150  -57.857  75.885 0.0000000000
38666  -24.459  -57.229  74.543 0.0000000000
50307  -39.139  -43.697  78.369 0.0000000000
50280  -41.880  -44.233  80.275 0.0000000000
50281  -42.878  -44.404  80.636 0.0000000000
43987  -39.565  -50.488  86.614 0.0000000000
44006  -38.964  -50.731  86.038 0.0000000000
46809  -37.687  -48.608  80.514 0.0000000000
45934  -37.309  -48.873  80.711 0.0000000000
46823  -37.191  -48.501  80.047 0.0000000000
45971  -35.584  -48.332  79.168 0.0000000000
46822  -36.467  -48.352  79.423 0.0000000000
46836  -35.845  -48.064  78.766 0.0000000000
46837  -36.587  -47.906  78.863 0.0000000000
50294  -37.946  -44.365  79.476 0.0000000000
120747  -37.592  -43.954  77.242 0.0000000000
139289  -25.959  -61.326  86.844 0.0000000000
34644  -25.376  -61.058  86.526 0.0000000000
34645  -26.060  -61.480  86.227 0.0000000000
34697  -25.855  -62.321  80.176 0.0000000000
34690  -25.369  -61.758  80.684 0.0000000000
34709  -25.171  -62.141  79.749 0.0000000000
35756  -24.595  -61.744  78.467 0.0000000000
34708  -25.043  -62.349  78.935 0.0000000000
130020  -41.887  -44.919  74.057 0.0000000000
49449  -42.503  -45.570  73.612 0.0000000000
45120  -41.699  -50.994  71.707 0.0000000000
46060  -41.344  -50.335  71.177 0.0000000000
44182  -43.821  -51.696  70.963 0.0000000000
45122  -44.534  -51.170  71.428 0.0000000000
126446  -44.174  -50.526  70.852 0.0000000000
140676  -34.182  -58.882  86.442 0.0000000000
36699  -33.185  -58.826  85.434 0.0000000000
37617  -33.573  -58.088  85.106 0.0000000000
40394  -31.986  -55.418  82.613 0.0000000000
39549  -31.068  -55.653  82.267 0.0000000000
40392  -30.542  -55.206  81.624 0.0000000000
39556  -29.788  -55.536  81.234 0.0000000000
40402  -30.083  -54.828  80.915 0.0000000000
44050  -33.981  -50.982  83.352 0.0000000000
44049  -33.333  -51.463  82.855 0.0000000000
44057  -32.951  -50.978  82.170 0.0000000000
43118  -28.493  -52.273  76.670 0.0000000000
42172  -27.893  -53.041  76.430 0.0000000000
41298  -27.077  -53.483  76.070 0.0000000000
42178  -26.637  -53.132  75.450 0.0000000000
48567  -32.972  -45.787  73.956 0.0000000000
47677  -47.535  -48.195  80.652 0.0000000000
135284  -47.734  -47.700  81.094 0.0000000000
124394  -47.575  -48.930  80.930 0.0000000000
45917  -47.154  -49.654  81.160 0.0000000000
45958  -47.260  -50.227  80.403 0.0000000000
44076  -47.032  -51.332  79.535 0.0000000000
45050  -47.322  -50.699  79.476 0.0000000000
46872  -48.697  -49.006  75.464 0.0000000000
121690  -48.966  -48.971  74.933 0.0000000000
46891  -48.287  -49.091  73.829 0.0000000000
46882  -49.072  -48.723  74.371 0.0000000000
53490  -47.246  -41.650  71.955 0.0000000000
52428  -47.159  -42.381  72.279 0.0000000000
51429  -47.171  -43.190  72.770 0.0000000000
51415  -48.179  -43.356  73.209 0.0000000000
49460  -50.530  -45.237  73.020 0.0000000000
49450  -50.696  -46.185  73.563 0.0000000000
138667  -49.167  -45.728  72.502 0.0000000000
49470  -49.242  -44.967  72.173 0.0000000000
50415  -48.768  -44.521  71.503 0.0000000000
50416  -49.584  -44.205  71.668 0.0000000000
124751  -51.395  -43.181  69.160 0.0000000000
51493  -52.116  -43.149  68.898 0.0000000000
52454  -51.912  -42.827  68.318 0.0000000000
127452  -54.059  -38.970  72.815 0.0000000000
54445  -54.153  -40.677  72.638 0.0000000000
128986  -18.183  -58.979  89.289 0.0000000000
38587  -18.328  -57.878  82.127 0.0000000000
37634  -17.878  -57.977  82.894 0.0000000000
38593  -17.873  -57.896  81.321 0.0000000000
38603  -17.472  -58.121  80.556 0.0000000000
38613  -17.921  -57.931  79.916 0.0000000000
36722  -22.806  -58.835  81.415 0.0000000000
129636  -22.025  -58.470  81.182 0.0000000000
124221  -22.237  -58.433  79.942 0.0000000000
32026  -21.030  -64.187  75.536 0.0000000000
37639  -28.410  -58.845  82.583 0.0000000000
37650  -27.402  -59.107  81.332 0.0000000000
35800  -26.290  -60.691  73.625 0.0000000000
35792  -26.596  -60.960  74.362 0.0000000000
34770  -26.023  -60.960  73.218 0.0000000000
34769  -25.575  -61.432  73.356 0.0000000000
34781  -25.529  -61.039  72.625 0.0000000000
121681  -38.348  -44.701  81.009 0.0000000000
50254  -39.087  -44.274  81.746 0.0000000000
51301  -40.028  -43.696  83.189 0.0000000000
50239  -39.860  -43.925  82.438 0.0000000000
51302  -40.684  -43.551  82.799 0.0000000000
51286  -41.320  -43.203  83.129 0.0000000000
46752  -40.437  -49.055  85.705 0.0000000000
45873  -39.992  -49.461  84.936 0.0000000000
47628  -40.019  -48.700  84.652 0.0000000000
47638  -38.977  -47.757  82.758 0.0000000000
47645  -38.784  -48.262  81.841 0.0000000000
47654  -38.497  -48.334  81.219 0.0000000000
121305  -38.507  -47.778  81.335 0.0000000000
48492  -38.258  -47.759  80.721 0.0000000000
48478  -38.091  -46.828  81.376 0.0000000000
49342  -37.959  -45.619  81.350 0.0000000000
50277  -37.874  -44.779  80.146 0.0000000000
49509  -42.205  -44.995  68.027 0.0000000000
51485  -44.010  -43.779  68.273 0.0000000000
51504  -44.937  -42.907  67.605 0.0000000000
33677  -27.514  -61.725  86.474 0.0000000000
34646  -27.178  -61.685  86.093 0.0000000000
129554  -27.589  -61.734  85.963 0.0000000000
33708  -27.366  -61.715  83.904 0.0000000000
33697  -27.272  -61.831  84.450 0.0000000000
33706  -27.089  -61.954  83.449 0.0000000000
33717  -26.562  -62.316  82.223 0.0000000000
124692  -26.983  -62.151  82.601 0.0000000000
50439  -39.143  -44.866  69.712 0.0000000000
48542  -43.563  -46.654  75.462 0.0000000000
48556  -43.302  -46.334  74.610 0.0000000000
46881  -44.186  -48.861  74.441 0.0000000000
46890  -43.550  -48.678  73.396 0.0000000000
46034  -43.277  -49.644  73.165 0.0000000000
46033  -42.721  -50.012  72.607 0.0000000000
45109  -42.565  -51.184  72.575 0.0000000000
45099  -43.072  -50.709  73.048 0.0000000000
137123  -44.062  -51.778  74.837 0.0000000000
44132  -43.702  -51.956  74.068 0.0000000000
43138  -43.859  -52.346  73.788 0.0000000000
122008  -44.231  -52.429  73.912 0.0000000000
39484  -35.477  -56.536  86.518 0.0000000000
38571  -34.883  -56.727  85.626 0.0000000000
39499  -35.265  -56.416  85.996 0.0000000000
40368  -34.995  -54.975  85.198 0.0000000000
40367  -34.615  -55.642  84.883 0.0000000000
40381  -34.342  -55.029  84.421 0.0000000000
40380  -33.666  -55.050  83.674 0.0000000000
45950  -31.656  -49.834  79.202 0.0000000000
45036  -31.883  -50.081  79.998 0.0000000000
146138  -29.346  -49.944  76.433 0.0000000000
45056  -30.228  -50.272  77.752 0.0000000000
45063  -29.095  -50.648  76.797 0.0000000000
45062  -28.393  -51.244  76.329 0.0000000000
45074  -28.021  -50.472  75.670 0.0000000000
45086  -26.816  -50.985  74.391 0.0000000000
145619  -27.276  -50.247  74.582 0.0000000000
50386  -35.300  -44.153  73.703 0.0000000000
50385  -34.627  -44.353  73.362 0.0000000000
51405  -35.124  -43.852  72.933 0.0000000000
48506  -46.788  -46.877  79.321 0.0000000000
47687  -46.516  -47.643  78.709 0.0000000000
49403  -45.700  -46.134  76.669 0.0000000000
48534  -46.146  -47.011  76.511 0.0000000000
47719  -47.435  -48.039  75.992 0.0000000000
48544  -46.623  -47.171  75.882 0.0000000000
55416  -50.134  -39.210  73.139 0.0000000000
124081  -50.008  -40.012  73.098 0.0000000000
53481  -49.803  -40.902  73.088 0.0000000000
123677  -49.628  -41.793  73.113 0.0000000000
53482  -50.420  -41.413  73.563 0.0000000000
51379  -53.182  -44.253  75.166 0.0000000000
135462  -51.942  -43.404  74.929 0.0000000000
50362  -53.126  -44.831  75.151 0.0000000000
134579  -52.205  -45.575  74.182 0.0000000000
50392  -52.839  -44.856  73.757 0.0000000000
50418  -51.599  -44.087  72.313 0.0000000000
51432  -54.403  -43.882  72.448 0.0000000000
51431  -53.551  -43.939  72.113 0.0000000000
51449  -54.663  -43.846  71.360 0.0000000000
56396  -51.702  -38.543  71.567 0.0000000000
55446  -51.550  -39.669  71.441 0.0000000000
136227  -20.004  -59.444  88.959 0.0000000000
36636  -19.423  -59.040  88.358 0.0000000000
127610  -20.311  -59.274  88.134 0.0000000000
36664  -20.771  -58.985  86.480 0.0000000000
36677  -20.255  -58.547  85.849 0.0000000000
37613  -20.169  -58.446  84.323 0.0000000000
37707  -22.487  -58.727  76.419 0.0000000000
37698  -22.468  -58.529  77.316 0.0000000000
34757  -21.424  -61.774  73.935 0.0000000000
133993  -21.284  -61.167  74.420 0.0000000000
34756  -20.858  -61.693  74.683 0.0000000000
32902  -21.648  -63.519  73.741 0.0000000000
32041  -22.428  -64.398  73.072 0.0000000000
32069  -21.270  -64.661  71.749 0.0000000000
31214  -21.746  -65.293  72.090 0.0000000000
37684  -26.608  -58.117  79.151 0.0000000000
37700  -25.984  -58.265  77.932 0.0000000000
37718  -25.343  -58.816  75.494 0.0000000000
123274  -25.898  -59.690  75.031 0.0000000000
36795  -26.065  -59.691  74.158 0.0000000000
36806  -25.873  -59.606  73.470 0.0000000000
51390  -37.829  -43.562  74.787 0.0000000000
51391  -38.710  -43.504  74.683 0.0000000000
51377  -38.602  -43.599  75.425 0.0000000000
50342  -39.846  -43.830  76.646 0.0000000000
123784  -40.143  -44.048  75.944 0.0000000000
50343  -40.650  -44.342  76.554 0.0000000000
50357  -40.786  -44.456  76.017 0.0000000000
121170  -39.830  -43.781  79.013 0.0000000000
143678  -40.296  -43.921  79.452 0.0000000000
49374  -41.745  -44.862  78.443 0.0000000000
49387  -41.711  -45.212  77.582 0.0000000000
49401  -41.743  -45.302  76.840 0.0000000000
49402  -42.253  -45.745  77.295 0.0000000000
49376  -43.360  -45.826  79.438 0.0000000000
48513  -43.418  -46.764  78.316 0.0000000000
47691  -43.763  -47.423  77.809 0.0000000000
140449  -43.694  -47.020  78.893 0.0000000000
43024  -36.936  -51.856  86.594 0.0000000000
43034  -36.910  -51.857  86.146 0.0000000000
44024  -37.495  -50.606  85.282 0.0000000000
44023  -36.522  -50.985  85.083 0.0000000000
44982  -35.492  -50.242  83.689 0.0000000000
45883  -38.717  -49.527  82.905 0.0000000000
44985  -38.577  -49.762  83.391 0.0000000000
45002  -38.339  -49.646  82.636 0.0000000000
45897  -36.478  -49.408  81.985 0.0000000000
45911  -36.016  -49.153  81.324 0.0000000000
45896  -35.358  -49.451  82.121 0.0000000000
45910  -34.961  -49.250  81.332 0.0000000000
45931  -33.643  -49.258  80.451 0.0000000000
45932  -34.655  -49.041  80.610 0.0000000000
46834  -33.983  -48.357  78.271 0.0000000000
127571  -33.783  -48.571  79.039 0.0000000000
45992  -32.097  -48.844  76.884 0.0000000000
46855  -32.510  -48.609  76.589 0.0000000000
46856  -33.069  -48.276  76.821 0.0000000000
47701  -34.258  -47.155  76.739 0.0000000000
48529  -34.709  -46.404  76.282 0.0000000000
141679  -37.429  -47.003  79.026 0.0000000000
47684  -37.140  -47.536  78.917 0.0000000000
48517  -36.965  -46.577  78.435 0.0000000000
127823  -36.509  -45.343  77.063 0.0000000000
49414  -36.020  -45.537  76.640 0.0000000000
48540  -35.273  -45.622  76.034 0.0000000000
137840  -35.920  -44.908  75.961 0.0000000000
51376  -37.745  -43.672  75.760 0.0000000000
51375  -36.994  -43.898  75.370 0.0000000000
58107  -54.026  -35.831  75.476 0.0000000000
58108  -54.363  -35.926  74.961 0.0000000000
57286  -54.379  -37.441  73.747 0.0000000000
58975  -54.515  -35.430  74.602 0.0000000000
58991  -54.306  -35.806  73.621 0.0000000000
58990  -54.152  -35.160  73.232 0.0000000000
145415  -53.308  -36.636  72.390 0.0000000000
59922  -53.697  -34.563  72.791 0.0000000000
35669  -23.930  -60.254  87.525 0.0000000000
143764  -22.972  -59.856  86.494 0.0000000000
35705  -24.140  -60.181  84.734 0.0000000000
35693  -23.952  -60.154  85.590 0.0000000000
36707  -23.521  -59.544  83.493 0.0000000000
35718  -24.201  -59.882  82.907 0.0000000000
33695  -26.426  -61.678  84.691 0.0000000000
144321  -25.366  -61.144  84.192 0.0000000000
34666  -25.912  -61.538  83.885 0.0000000000
35727  -24.713  -60.835  81.156 0.0000000000
35719  -24.643  -60.502  82.160 0.0000000000
35731  -24.132  -60.205  80.685 0.0000000000
36740  -23.532  -59.633  79.441 0.0000000000
35762  -24.215  -61.047  77.289 0.0000000000
127609  -23.936  -60.653  76.828 0.0000000000
35781  -23.792  -60.501  75.160 0.0000000000
135952  -39.568  -43.437  73.191 0.0000000000
51425  -39.508  -43.470  72.145 0.0000000000
51426  -40.271  -43.739  72.585 0.0000000000
49466  -41.624  -45.252  71.843 0.0000000000
50413  -41.165  -44.731  71.771 0.0000000000
144309  -41.235  -45.957  70.893 0.0000000000
139511  -43.079  -46.914  73.046 0.0000000000
48577  -42.565  -46.637  72.441 0.0000000000
47758  -42.245  -47.587  71.956 0.0000000000
145103  -40.848  -49.532  70.586 0.0000000000
43180  -42.467  -52.564  70.786 0.0000000000
45146  -43.040  -50.967  69.908 0.0000000000
46941  -42.462  -48.801  69.264 0.0000000000
46926  -44.091  -48.585  70.488 0.0000000000
46942  -43.323  -48.537  69.898 0.0000000000
47770  -43.891  -47.861  70.220 0.0000000000
47771  -44.546  -47.783  70.613 0.0000000000
129433  -31.663  -60.330  86.170 0.0000000000
35695  -30.717  -60.616  86.033 0.0000000000
35696  -31.206  -59.984  85.537 0.0000000000
37615  -31.416  -58.756  84.534 0.0000000000
36696  -30.715  -59.440  84.865 0.0000000000
37614  -30.775  -58.768  84.271 0.0000000000
37627  -29.622  -58.771  83.569 0.0000000000
37641  -30.080  -57.999  83.097 0.0000000000
38582  -33.323  -57.152  84.239 0.0000000000
38569  -32.659  -57.655  84.132 0.0000000000
39527  -32.709  -56.962  83.649 0.0000000000
38598  -29.978  -56.751  82.160 0.0000000000
38588  -29.618  -57.521  82.502 0.0000000000
38597  -29.166  -57.087  81.834 0.0000000000
38609  -28.079  -57.166  80.679 0.0000000000
141758  -27.482  -55.919  78.483 0.0000000000
136477  -26.511  -56.250  77.710 0.0000000000
39577  -27.134  -55.731  77.954 0.0000000000
43042  -35.567  -52.794  84.983 0.0000000000
42090  -35.435  -53.617  85.085 0.0000000000
42106  -34.868  -53.331  84.482 0.0000000000
137768  -32.824  -52.820  82.378 0.0000000000
42119  -33.215  -53.492  82.902 0.0000000000
41237  -32.723  -54.162  82.597 0.0000000000
42128  -31.796  -53.452  81.532 0.0000000000
44074  -31.231  -51.466  80.019 0.0000000000
43079  -31.499  -51.840  80.614 0.0000000000
43092  -31.011  -52.152  80.045 0.0000000000
42155  -29.572  -53.400  78.603 0.0000000000
42147  -30.363  -53.223  79.589 0.0000000000
42146  -29.963  -53.493  79.156 0.0000000000
128731  -30.897  -53.897  81.043 0.0000000000
41266  -30.043  -53.956  79.743 0.0000000000
141521  -29.518  -54.436  79.503 0.0000000000
41270  -28.633  -54.528  78.271 0.0000000000
41286  -26.791  -54.203  76.360 0.0000000000
40436  -27.076  -54.521  76.902 0.0000000000
145544  -26.611  -54.729  76.566 0.0000000000
40435  -26.231  -55.265  76.592 0.0000000000
40450  -25.000  -55.162  74.966 0.0000000000
47725  -31.451  -47.955  75.035 0.0000000000
120928  -30.602  -47.446  73.711 0.0000000000
47736  -31.273  -47.473  74.298 0.0000000000
35642  -24.533  -60.280  89.527 0.0000000000
34632  -27.475  -61.599  87.717 0.0000000000
138920  -31.920  -60.854  87.998 0.0000000000
131910  -31.637  -60.816  87.451 0.0000000000
34635  -32.905  -60.578  88.125 0.0000000000
36668  -34.302  -59.206  87.129 0.0000000000
36652  -34.593  -59.082  87.773 0.0000000000
39446  -35.505  -56.368  89.431 0.0000000000
38501  -35.155  -57.212  89.491 0.0000000000
38502  -35.709  -56.948  88.767 0.0000000000
37555  -35.539  -57.738  88.082 0.0000000000
38524  -35.725  -57.145  87.806 0.0000000000
38538  -35.614  -57.090  87.351 0.0000000000
39461  -35.895  -56.698  88.122 0.0000000000
41155  -35.755  -54.868  89.130 0.0000000000
140576  -35.936  -54.950  88.491 0.0000000000
41169  -36.002  -54.484  87.772 0.0000000000
41161  -35.839  -54.147  88.434 0.0000000000
42990  -35.685  -51.753  88.986 0.0000000000
144643  -36.264  -51.463  88.579 0.0000000000
43011  -36.881  -51.792  87.299 0.0000000000
43960  -38.648  -50.439  88.303 0.0000000000
44914  -39.104  -50.119  88.396 0.0000000000
43973  -39.650  -50.296  87.590 0.0000000000
49291  -41.368  -46.006  87.127 0.0000000000
51257  -40.581  -43.700  85.766 0.0000000000
51258  -41.061  -42.953  86.230 0.0000000000
53302  -42.751  -41.551  85.420 0.0000000000
52285  -42.054  -41.959  84.956 0.0000000000
52312  -43.456  -42.497  83.837 0.0000000000
52287  -45.170  -42.871  84.128 0.0000000000
141620  -43.935  -43.148  83.182 0.0000000000
51305  -44.368  -43.947  82.644 0.0000000000
120994  -44.275  -44.452  82.099 0.0000000000
50241  -44.998  -44.736  82.453 0.0000000000
48479  -45.699  -46.592  81.970 0.0000000000
130829  -45.071  -46.401  81.351 0.0000000000
127872  -45.037  -47.016  80.987 0.0000000000
48505  -44.599  -47.172  80.315 0.0000000000
47666  -45.335  -47.922  81.007 0.0000000000
49331  -48.066  -45.579  82.030 0.0000000000
48455  -47.136  -46.197  82.730 0.0000000000
48467  -47.241  -46.950  82.306 0.0000000000
128568  -46.241  -50.499  80.542 0.0000000000
45937  -46.002  -49.717  80.876 0.0000000000
45957  -45.723  -50.242  80.378 0.0000000000
127144  -44.934  -49.453  79.559 0.0000000000
45048  -45.340  -50.826  79.216 0.0000000000
145534  -44.763  -50.915  77.747 0.0000000000
44085  -45.396  -51.593  78.622 0.0000000000
43109  -46.078  -52.431  77.341 0.0000000000
43120  -45.568  -52.408  76.764 0.0000000000
43121  -45.766  -52.362  76.238 0.0000000000
43130  -45.416  -52.319  75.090 0.0000000000
44124  -46.298  -51.952  75.785 0.0000000000
45987  -47.394  -50.008  77.669 0.0000000000
45059  -47.518  -50.729  77.664 0.0000000000
45994  -47.533  -50.294  76.914 0.0000000000
45102  -47.512  -50.206  74.544 0.0000000000
44148  -46.177  -51.391  73.914 0.0000000000
46036  -46.399  -50.244  72.958 0.0000000000
46035  -45.945  -50.051  72.371 0.0000000000
46900  -46.977  -48.486  72.536 0.0000000000
46913  -46.259  -48.547  72.043 0.0000000000
131234  -45.581  -47.194  71.213 0.0000000000
48587  -46.322  -46.923  71.563 0.0000000000
49438  -47.454  -45.465  74.474 0.0000000000
48560  -48.382  -46.069  74.971 0.0000000000
51394  -50.358  -44.041  74.577 0.0000000000
51416  -49.554  -43.982  74.188 0.0000000000
50377  -50.105  -44.717  74.824 0.0000000000
48548  -51.021  -47.145  75.191 0.0000000000
47741  -50.685  -47.466  74.650 0.0000000000
47722  -50.558  -47.628  75.156 0.0000000000
123552  -49.980  -47.732  74.102 0.0000000000
47750  -49.151  -47.926  73.482 0.0000000000
47751  -49.388  -47.160  73.337 0.0000000000
49468  -47.557  -45.580  71.549 0.0000000000
48589  -47.859  -46.302  72.141 0.0000000000
49467  -46.936  -45.643  71.280 0.0000000000
48599  -46.353  -46.031  71.231 0.0000000000
49477  -46.516  -45.298  70.917 0.0000000000
50427  -46.017  -44.823  70.458 0.0000000000
50428  -46.797  -44.569  70.557 0.0000000000
51473  -46.705  -43.550  69.490 0.0000000000
51488  -47.077  -43.038  68.839 0.0000000000
51506  -46.365  -42.988  68.383 0.0000000000
51446  -50.850  -43.540  70.950 0.0000000000
51445  -49.992  -43.643  70.895 0.0000000000
123122  -49.975  -43.376  70.086 0.0000000000
125438  -49.339  -42.565  68.345 0.0000000000
51491  -49.439  -42.900  68.998 0.0000000000
127280  -48.473  -42.454  68.059 0.0000000000
54408  -54.378  -40.358  74.574 0.0000000000
54427  -54.841  -40.574  74.050 0.0000000000
53499  -55.487  -42.521  72.012 0.0000000000
53493  -55.295  -42.104  72.951 0.0000000000
51465  -55.664  -43.650  70.425 0.0000000000
51466  -56.133  -43.251  70.698 0.0000000000
53506  -53.240  -41.789  70.631 0.0000000000
53497  -53.572  -41.557  71.495 0.0000000000
52445  -56.692  -42.763  69.662 0.0000000000
51496  -55.330  -43.517  69.369 0.0000000000
37575  -18.795  -58.400  86.478 0.0000000000
36662  -18.329  -58.554  87.136 0.0000000000
37574  -18.014  -58.244  85.940 0.0000000000
37633  -16.906  -58.042  82.855 0.0000000000
37610  -17.248  -58.194  84.570 0.0000000000
36729  -16.623  -59.242  80.679 0.0000000000
35740  -17.467  -60.301  79.433 0.0000000000
124459  -18.304  -61.489  79.046 0.0000000000
33758  -18.605  -62.078  78.725 0.0000000000
141545  -22.098  -59.261  85.716 0.0000000000
36692  -21.954  -58.961  84.308 0.0000000000
125338  -21.149  -58.356  82.033 0.0000000000
37647  -20.612  -58.157  81.549 0.0000000000
37646  -19.852  -58.130  81.836 0.0000000000
38595  -19.912  -57.954  80.988 0.0000000000
38642  -20.979  -57.811  77.173 0.0000000000
38628  -21.012  -57.737  78.072 0.0000000000
37696  -20.344  -58.114  77.040 0.0000000000
144202  -19.397  -59.986  76.767 0.0000000000
121355  -19.485  -58.864  77.093 0.0000000000
37694  -18.952  -58.732  77.687 0.0000000000
38625  -18.799  -57.831  78.874 0.0000000000
36762  -18.772  -59.518  77.675 0.0000000000
36753  -18.323  -59.163  78.195 0.0000000000
30248  -21.619  -66.112  73.050 0.0000000000
30227  -21.884  -66.259  73.723 0.0000000000
142864  -29.183  -60.237  84.492 0.0000000000
35715  -28.618  -60.596  84.158 0.0000000000
136670  -27.015  -61.313  80.858 0.0000000000
35720  -27.351  -61.270  81.806 0.0000000000
34699  -26.830  -61.873  80.669 0.0000000000
136126  -26.513  -62.086  79.288 0.0000000000
36756  -26.585  -60.023  78.363 0.0000000000
36741  -26.689  -60.484  79.099 0.0000000000
128235  -26.736  -60.604  77.669 0.0000000000
34742  -26.851  -61.932  76.121 0.0000000000
34732  -26.846  -62.054  76.914 0.0000000000
34731  -26.404  -62.359  76.712 0.0000000000
33762  -26.304  -62.451  77.644 0.0000000000
131986  -25.556  -62.310  76.584 0.0000000000
144496  -25.326  -61.615  73.759 0.0000000000
34759  -25.042  -61.683  74.012 0.0000000000
34768  -24.815  -61.630  73.163 0.0000000000
34758  -24.093  -61.205  73.709 0.0000000000
34779  -24.215  -61.898  72.315 0.0000000000
136968  -23.557  -59.503  70.025 0.0000000000
35866  -25.138  -59.845  71.341 0.0000000000
35886  -22.969  -60.117  70.269 0.0000000000
35884  -20.669  -60.905  68.989 0.0000000000
34832  -21.033  -61.177  69.882 0.0000000000
125235  -22.950  -61.824  70.703 0.0000000000
34810  -21.023  -61.790  70.358 0.0000000000
33823  -20.380  -62.744  70.612 0.0000000000
33824  -20.973  -62.439  70.726 0.0000000000
32951  -22.284  -63.197  71.291 0.0000000000
32950  -21.439  -63.217  71.173 0.0000000000
133870  -38.894  -44.434  82.649 0.0000000000
51284  -39.886  -43.718  83.828 0.0000000000
48433  -40.428  -47.107  85.703 0.0000000000
48442  -39.954  -47.575  84.923 0.0000000000
136950  -39.260  -46.783  84.332 0.0000000000
48465  -38.441  -46.616  82.803 0.0000000000
49315  -38.442  -45.793  83.171 0.0000000000
136886  -38.445  -45.044  82.863 0.0000000000
48619  -42.441  -46.444  68.654 0.0000000000
48618  -41.990  -45.903  68.175 0.0000000000
50457  -42.598  -44.124  67.629 0.0000000000
127935  -28.170  -61.726  86.026 0.0000000000
33698  -27.754  -61.719  84.612 0.0000000000
34677  -27.697  -61.526  83.876 0.0000000000
51458  -39.358  -43.934  70.540 0.0000000000
47716  -43.967  -47.316  75.998 0.0000000000
136284  -44.082  -47.360  75.205 0.0000000000
134798  -43.469  -50.351  73.566 0.0000000000
46014  -44.258  -49.730  74.699 0.0000000000
144591  -44.195  -50.772  75.007 0.0000000000
124865  -44.387  -51.442  75.645 0.0000000000
40336  -35.789  -55.301  86.544 0.0000000000
40353  -35.684  -55.066  86.057 0.0000000000
144349  -35.413  -54.689  85.546 0.0000000000
41224  -34.726  -54.346  84.592 0.0000000000
45983  -31.456  -49.203  77.484 0.0000000000
45057  -30.900  -49.778  78.039 0.0000000000
45982  -30.632  -49.544  77.258 0.0000000000
45989  -29.941  -49.447  76.242 0.0000000000
45999  -28.551  -49.622  75.474 0.0000000000
45088  -27.807  -49.924  75.022 0.0000000000
46011  -28.324  -49.121  74.770 0.0000000000
46022  -27.948  -48.670  74.021 0.0000000000
51422  -35.749  -43.520  72.462 0.0000000000
137754  -35.717  -43.413  71.693 0.0000000000
124319  -51.111  -41.046  73.975 0.0000000000
52423  -51.168  -41.829  74.126 0.0000000000
52409  -52.971  -42.500  74.962 0.0000000000
50381  -53.609  -44.262  74.785 0.0000000000
50394  -53.875  -44.353  74.240 0.0000000000
50382  -54.193  -43.892  74.255 0.0000000000
50395  -54.425  -43.883  73.717 0.0000000000
51418  -54.743  -43.272  73.720 0.0000000000
121703  -21.202  -59.368  87.025 0.0000000000
37594  -21.170  -58.883  85.587 0.0000000000
36794  -22.952  -59.906  74.916 0.0000000000
36793  -22.029  -59.676  74.857 0.0000000000
32909  -22.665  -64.147  72.411 0.0000000000
32054  -22.424  -64.913  72.107 0.0000000000
32070  -22.087  -64.842  71.751 0.0000000000
38629  -26.298  -57.142  78.068 0.0000000000
38643  -25.853  -57.679  77.443 0.0000000000
38650  -25.534  -57.619  76.733 0.0000000000
37724  -24.777  -58.213  74.003 0.0000000000
50341  -38.697  -43.655  76.794 0.0000000000
125508  -41.075  -43.977  80.784 0.0000000000
121481  -40.849  -44.030  79.925 0.0000000000
49375  -42.571  -45.207  79.079 0.0000000000
49363  -43.171  -45.071  79.946 0.0000000000
43986  -38.789  -50.793  86.845 0.0000000000
43985  -37.810  -51.131  86.410 0.0000000000
44025  -38.537  -50.330  85.215 0.0000000000
44967  -38.100  -50.027  84.184 0.0000000000
45914  -38.359  -49.114  81.607 0.0000000000
45899  -38.100  -49.509  81.992 0.0000000000
45913  -37.795  -49.240  81.353 0.0000000000
124445  -36.461  -48.923  80.741 0.0000000000
142506  -36.013  -48.775  80.299 0.0000000000
135929  -35.349  -48.822  80.107 0.0000000000
136884  -35.242  -48.587  79.564 0.0000000000
46848  -34.336  -47.996  77.900 0.0000000000
46857  -33.844  -47.835  77.146 0.0000000000
46849  -35.250  -47.789  78.141 0.0000000000
134545  -35.559  -47.287  77.628 0.0000000000
49386  -36.957  -45.327  78.315 0.0000000000
49400  -36.840  -44.827  77.530 0.0000000000
50340  -36.962  -44.383  76.849 0.0000000000
51366  -37.707  -43.770  76.521 0.0000000000
122737  -24.663  -60.601  86.975 0.0000000000
35694  -24.749  -60.712  85.258 0.0000000000
35706  -24.867  -60.762  84.410 0.0000000000
34684  -25.922  -62.113  82.205 0.0000000000
35732  -24.678  -61.154  80.230 0.0000000000
35755  -23.982  -60.561  78.761 0.0000000000
35772  -24.558  -61.474  76.509 0.0000000000
125723  -41.121  -44.274  73.826 0.0000000000
50387  -40.991  -44.133  72.934 0.0000000000
50388  -41.508  -44.609  73.247 0.0000000000
48586  -42.135  -45.856  72.019 0.0000000000
46910  -42.458  -48.404  72.175 0.0000000000
128955  -41.448  -49.292  71.124 0.0000000000
43170  -43.543  -52.449  71.897 0.0000000000
43181  -43.287  -52.414  71.172 0.0000000000
145175  -43.311  -50.236  70.078 0.0000000000
46062  -44.455  -49.415  70.872 0.0000000000
36682  -32.850  -59.575  85.858 0.0000000000
36681  -32.091  -59.776  85.711 0.0000000000
36698  -32.438  -59.101  85.266 0.0000000000
137559  -32.054  -58.725  84.774 0.0000000000
37630  -32.014  -58.214  84.234 0.0000000000
39539  -32.725  -56.230  83.345 0.0000000000
38591  -32.085  -56.628  83.188 0.0000000000
39538  -31.599  -56.194  82.714 0.0000000000
39547  -29.508  -56.338  81.505 0.0000000000
39554  -28.390  -56.358  80.362 0.0000000000
39555  -29.062  -55.909  80.815 0.0000000000
39563  -28.733  -55.552  80.060 0.0000000000
40410  -28.589  -55.309  79.223 0.0000000000
43051  -34.300  -52.702  83.983 0.0000000000
44036  -33.779  -52.111  83.441 0.0000000000
43062  -33.257  -52.509  82.897 0.0000000000
43061  -32.249  -52.553  81.779 0.0000000000
44083  -29.824  -52.152  78.225 0.0000000000
43091  -30.590  -52.470  79.469 0.0000000000
43108  -29.246  -52.429  77.588 0.0000000000
43099  -29.570  -52.806  78.227 0.0000000000
42165  -29.103  -53.252  77.913 0.0000000000
41279  -28.455  -53.910  77.723 0.0000000000
41288  -28.018  -53.600  77.062 0.0000000000
41287  -27.411  -53.847  76.697 0.0000000000
35646  -33.400  -60.191  88.863 0.0000000000
40298  -35.328  -55.822  89.973 0.0000000000
146377  -35.656  -55.819  89.322 0.0000000000
136305  -35.562  -55.381  89.612 0.0000000000
124059  -37.484  -50.508  89.182 0.0000000000
52261  -42.257  -41.846  87.509 0.0000000000
52260  -41.777  -42.036  86.650 0.0000000000
53289  -42.648  -41.355  86.867 0.0000000000
53290  -43.482  -41.144  86.117 0.0000000000
52288  -45.873  -42.837  84.389 0.0000000000
124792  -45.745  -44.093  83.378 0.0000000000
50226  -45.383  -44.384  82.949 0.0000000000
50227  -46.070  -44.686  83.136 0.0000000000
49328  -45.858  -45.933  82.348 0.0000000000
49329  -46.453  -45.904  82.670 0.0000000000
48495  -48.201  -46.077  81.202 0.0000000000
48482  -47.919  -46.466  81.675 0.0000000000
48481  -47.455  -47.432  81.801 0.0000000000
130963  -47.140  -47.725  82.004 0.0000000000
46798  -47.167  -49.208  81.457 0.0000000000
45938  -46.884  -49.963  80.969 0.0000000000
142059  -46.318  -51.106  80.094 0.0000000000
44086  -45.926  -51.930  78.752 0.0000000000
130833  -46.369  -51.545  79.445 0.0000000000
44101  -46.580  -52.144  78.048 0.0000000000
135723  -46.701  -52.068  77.395 0.0000000000
45995  -47.932  -49.694  76.128 0.0000000000
46004  -47.648  -50.297  76.375 0.0000000000
141817  -48.074  -49.740  75.559 0.0000000000
46015  -48.183  -49.695  74.847 0.0000000000
46024  -47.817  -49.697  74.163 0.0000000000
46037  -47.251  -49.468  73.357 0.0000000000
46901  -47.770  -48.627  73.112 0.0000000000
47749  -47.572  -47.878  72.577 0.0000000000
51413  -46.267  -43.600  73.041 0.0000000000
51414  -47.341  -44.038  73.460 0.0000000000
50375  -48.037  -44.724  74.122 0.0000000000
49429  -51.898  -46.268  75.067 0.0000000000
49428  -51.418  -46.412  75.303 0.0000000000
48562  -51.605  -46.703  74.935 0.0000000000
48571  -51.127  -46.930  74.556 0.0000000000
48580  -49.683  -46.331  73.117 0.0000000000
49469  -48.438  -45.465  71.960 0.0000000000
50429  -47.579  -44.277  70.667 0.0000000000
50430  -48.455  -43.936  70.784 0.0000000000
51460  -48.721  -43.480  70.076 0.0000000000
51463  -51.701  -43.483  70.384 0.0000000000
125609  -51.302  -43.332  69.663 0.0000000000
52452  -50.257  -42.784  68.572 0.0000000000
52466  -50.092  -42.360  67.889 0.0000000000
55419  -54.658  -39.637  73.699 0.0000000000
124641  -54.964  -41.278  73.478 0.0000000000
54446  -54.681  -40.536  73.382 0.0000000000
53498  -54.978  -41.933  71.890 0.0000000000
53526  -54.313  -41.500  69.091 0.0000000000
120647  -55.906  -41.821  69.523 0.0000000000
36661  -17.439  -58.560  87.015 0.0000000000
122083  -18.761  -58.156  84.875 0.0000000000
37591  -18.046  -58.171  85.149 0.0000000000
37611  -18.177  -58.114  84.348 0.0000000000
37645  -17.061  -58.052  81.403 0.0000000000
37657  -16.797  -58.583  80.834 0.0000000000
145263  -17.157  -58.518  80.321 0.0000000000
36738  -17.327  -59.329  79.470 0.0000000000
36752  -17.795  -59.704  78.718 0.0000000000
36693  -22.763  -59.246  84.047 0.0000000000
36705  -22.046  -58.898  83.500 0.0000000000
37638  -22.153  -58.806  82.793 0.0000000000
37648  -21.354  -58.252  81.341 0.0000000000
38607  -20.912  -57.849  79.849 0.0000000000
35779  -20.279  -60.431  75.565 0.0000000000
35778  -19.854  -60.970  76.003 0.0000000000
35770  -19.448  -60.777  76.826 0.0000000000
32021  -20.851  -64.364  76.494 0.0000000000
32022  -21.510  -65.137  75.944 0.0000000000
31149  -22.349  -65.898  75.477 0.0000000000
144338  -22.124  -66.861  74.826 0.0000000000
36716  -28.060  -59.986  82.878 0.0000000000
36724  -27.266  -60.280  81.563 0.0000000000
35733  -26.876  -60.942  79.927 0.0000000000
36776  -26.729  -60.497  76.123 0.0000000000
35783  -26.953  -61.132  75.704 0.0000000000
34751  -26.601  -61.573  75.270 0.0000000000
34750  -26.036  -62.139  75.020 0.0000000000
34780  -24.846  -61.537  72.479 0.0000000000
124847  -19.423  -62.932  67.621 0.0000000000
34830  -19.767  -61.978  69.004 0.0000000000
50295  -38.803  -43.901  79.288 0.0000000000
50255  -40.195  -43.927  81.402 0.0000000000
134748  -41.195  -43.842  81.384 0.0000000000
51319  -41.850  -43.727  81.714 0.0000000000
51304  -42.557  -43.614  82.128 0.0000000000
44952  -40.216  -50.013  86.138 0.0000000000
44951  -39.908  -50.163  85.633 0.0000000000
44970  -39.949  -49.925  85.285 0.0000000000
46776  -39.288  -49.109  83.027 0.0000000000
47639  -39.504  -48.564  83.419 0.0000000000
45901  -38.912  -49.168  82.460 0.0000000000
46795  -38.705  -48.799  81.795 0.0000000000
129481  -38.045  -48.449  80.663 0.0000000000
46824  -37.670  -48.275  80.124 0.0000000000
130237  -37.870  -47.492  80.162 0.0000000000
48503  -37.579  -46.724  79.697 0.0000000000
49361  -37.558  -45.658  79.955 0.0000000000
50276  -37.519  -44.973  79.551 0.0000000000
51502  -42.665  -43.482  67.014 0.0000000000
144236  -26.714  -61.635  85.995 0.0000000000
33685  -26.905  -61.807  85.405 0.0000000000
33705  -26.591  -61.844  83.819 0.0000000000
33686  -27.267  -61.850  85.337 0.0000000000
144239  -26.938  -61.929  83.841 0.0000000000
141718  -26.272  -62.045  83.139 0.0000000000
33716  -26.218  -62.263  82.565 0.0000000000
140043  -26.211  -62.322  81.990 0.0000000000
33730  -26.350  -62.266  80.636 0.0000000000
49435  -42.639  -45.618  74.648 0.0000000000
124828  -43.016  -46.061  73.972 0.0000000000
48557  -43.371  -46.785  73.766 0.0000000000
48569  -43.334  -47.393  73.256 0.0000000000
47738  -43.750  -47.727  73.768 0.0000000000
142818  -43.369  -48.032  73.096 0.0000000000
127088  -42.367  -49.348  72.093 0.0000000000
44166  -41.698  -52.103  71.588 0.0000000000
45121  -42.104  -51.704  72.107 0.0000000000
44156  -42.640  -52.187  72.395 0.0000000000
43158  -42.982  -52.552  72.071 0.0000000000
45100  -43.404  -51.332  73.541 0.0000000000
44157  -43.201  -52.371  72.704 0.0000000000
43159  -43.464  -52.430  72.455 0.0000000000
43160  -44.110  -52.387  72.693 0.0000000000
44159  -44.751  -51.979  72.722 0.0000000000
37599  -34.947  -57.567  86.477 0.0000000000
37618  -34.236  -57.780  85.403 0.0000000000
38554  -34.726  -57.374  85.796 0.0000000000
136431  -34.419  -57.103  85.199 0.0000000000
38583  -33.926  -56.741  84.569 0.0000000000
39514  -35.101  -55.907  85.515 0.0000000000
40387  -32.606  -55.647  83.094 0.0000000000
45013  -33.357  -50.173  81.775 0.0000000000
45012  -32.670  -50.702  81.389 0.0000000000
45025  -32.332  -50.430  80.685 0.0000000000
45046  -30.593  -50.985  78.942 0.0000000000
123045  -30.548  -50.470  78.357 0.0000000000
44098  -30.062  -51.188  78.206 0.0000000000
44110  -29.056  -51.664  77.077 0.0000000000
130043  -27.393  -52.029  75.542 0.0000000000
124724  -26.484  -51.924  74.584 0.0000000000
44129  -27.096  -51.563  75.072 0.0000000000
44151  -25.877  -51.184  73.298 0.0000000000
45096  -26.811  -50.007  74.017 0.0000000000
49447  -34.173  -44.828  73.843 0.0000000000
49446  -33.466  -45.183  73.477 0.0000000000
50384  -33.938  -44.618  73.026 0.0000000000
50398  -32.932  -44.543  71.782 0.0000000000
50411  -34.176  -43.874  71.917 0.0000000000
50410  -33.642  -44.071  71.304 0.0000000000
48507  -47.495  -47.203  80.333 0.0000000000
46840  -46.972  -49.117  78.917 0.0000000000
130729  -46.828  -48.377  79.084 0.0000000000
121263  -46.567  -48.454  78.251 0.0000000000
126500  -46.566  -48.538  77.435 0.0000000000
48520  -45.985  -46.900  77.232 0.0000000000
47706  -46.300  -47.814  76.963 0.0000000000
46859  -46.951  -48.634  76.684 0.0000000000
47720  -48.773  -48.188  75.551 0.0000000000
52430  -48.735  -42.121  72.733 0.0000000000
52420  -48.738  -42.834  73.051 0.0000000000
52421  -49.455  -42.624  73.296 0.0000000000
51417  -50.136  -43.257  73.979 0.0000000000
51395  -51.070  -43.740  74.735 0.0000000000
52407  -51.117  -42.802  74.366 0.0000000000
50379  -51.992  -44.415  75.282 0.0000000000
50360  -51.960  -45.511  75.330 0.0000000000
49442  -52.133  -46.047  74.871 0.0000000000
49461  -51.350  -45.480  73.531 0.0000000000
50403  -50.944  -44.610  72.743 0.0000000000
51447  -51.538  -43.658  71.397 0.0000000000
50405  -53.532  -44.291  73.139 0.0000000000
51430  -52.486  -43.791  71.794 0.0000000000
122284  -52.406  -43.592  70.984 0.0000000000
51464  -52.995  -43.595  70.339 0.0000000000
51479  -53.666  -43.654  69.727 0.0000000000
56383  -53.290  -38.497  72.363 0.0000000000
132896  -52.302  -40.090  71.821 0.0000000000
54462  -51.822  -40.553  71.248 0.0000000000
54480  -52.381  -41.269  71.050 0.0000000000
36635  -18.489  -58.873  88.532 0.0000000000
121023  -19.094  -58.710  87.119 0.0000000000
36663  -19.813  -58.725  86.702 0.0000000000
139439  -19.486  -58.331  85.989 0.0000000000
37612  -19.143  -58.218  84.112 0.0000000000
120662  -18.961  -58.083  83.014 0.0000000000
136273  -19.188  -58.038  82.182 0.0000000000
37668  -22.436  -58.504  79.160 0.0000000000
37682  -22.379  -58.480  78.248 0.0000000000
37706  -21.721  -58.211  76.760 0.0000000000
36783  -20.929  -58.927  75.709 0.0000000000
36784  -21.644  -59.121  75.354 0.0000000000
35780  -21.025  -59.782  75.150 0.0000000000
32033  -22.011  -64.683  73.847 0.0000000000
31172  -22.087  -65.935  73.015 0.0000000000
31194  -22.279  -65.411  72.666 0.0000000000
31193  -21.955  -65.697  72.515 0.0000000000
37661  -27.146  -58.777  80.510 0.0000000000
36767  -26.257  -59.550  77.623 0.0000000000
37699  -25.819  -58.592  77.120 0.0000000000
36766  -26.086  -59.624  76.681 0.0000000000
36788  -26.581  -60.455  75.354 0.0000000000
36796  -26.345  -60.274  73.881 0.0000000000
35821  -25.961  -60.423  73.100 0.0000000000
121437  -38.127  -43.201  73.126 0.0000000000
141482  -38.811  -43.297  73.392 0.0000000000
51410  -39.154  -43.472  74.065 0.0000000000
142824  -39.848  -43.662  74.051 0.0000000000
50371  -40.493  -43.980  74.452 0.0000000000
50358  -41.279  -44.717  75.696 0.0000000000
50308  -40.188  -43.866  78.117 0.0000000000
50309  -41.067  -44.511  77.860 0.0000000000
49416  -41.792  -45.255  76.100 0.0000000000
49424  -42.425  -45.632  75.687 0.0000000000
48541  -42.918  -46.133  76.100 0.0000000000
48518  -42.824  -46.201  77.765 0.0000000000
47704  -43.798  -47.356  76.900 0.0000000000
133714  -44.132  -48.000  77.286 0.0000000000
47692  -44.245  -48.288  78.190 0.0000000000
43010  -36.403  -52.778  86.666 0.0000000000
42083  -36.063  -53.450  85.870 0.0000000000
43033  -36.345  -52.599  85.824 0.0000000000
43043  -36.153  -52.188  85.377 0.0000000000
44005  -37.446  -51.223  85.911 0.0000000000
44022  -35.749  -51.593  84.845 0.0000000000
44038  -35.136  -51.055  84.336 0.0000000000
44981  -34.665  -50.716  83.727 0.0000000000
44968  -38.951  -49.960  84.402 0.0000000000
44984  -37.640  -49.972  83.490 0.0000000000
45898  -37.434  -49.498  81.905 0.0000000000
45001  -37.765  -49.774  82.641 0.0000000000
44983  -36.690  -49.934  83.462 0.0000000000
44999  -35.931  -49.685  82.834 0.0000000000
45014  -34.242  -49.713  82.075 0.0000000000
45930  -32.702  -49.658  80.250 0.0000000000
45951  -32.395  -49.383  79.386 0.0000000000
45953  -34.417  -48.787  79.784 0.0000000000
45969  -33.045  -48.889  79.008 0.0000000000
45968  -32.538  -49.042  78.505 0.0000000000
45984  -32.305  -48.944  77.701 0.0000000000
46002  -31.282  -48.808  75.772 0.0000000000
46867  -31.073  -48.528  75.273 0.0000000000
46868  -31.754  -48.438  75.617 0.0000000000
47713  -32.213  -47.758  75.420 0.0000000000
47700  -33.348  -47.569  76.366 0.0000000000
47727  -32.794  -46.975  75.189 0.0000000000
48538  -33.604  -46.516  75.406 0.0000000000
48554  -33.308  -46.190  74.719 0.0000000000
48555  -34.166  -45.860  75.068 0.0000000000
47683  -36.637  -47.289  78.330 0.0000000000
47690  -36.201  -47.008  77.762 0.0000000000
48530  -35.587  -46.260  76.738 0.0000000000
49422  -34.827  -45.500  75.345 0.0000000000
138299  -34.645  -45.096  74.619 0.0000000000
50369  -35.389  -44.528  74.480 0.0000000000
51388  -36.030  -43.970  74.116 0.0000000000
50354  -36.464  -44.361  75.852 0.0000000000
51407  -36.654  -43.538  73.538 0.0000000000
51408  -37.513  -43.401  73.779 0.0000000000
135876  -53.442  -39.833  74.798 0.0000000000
55401  -53.383  -39.075  74.765 0.0000000000
134481  -53.871  -38.619  74.718 0.0000000000
135904  -54.281  -38.950  74.441 0.0000000000
57275  -53.808  -36.960  74.892 0.0000000000
56371  -54.556  -38.768  73.957 0.0000000000
56385  -54.438  -38.130  73.491 0.0000000000
57301  -54.318  -37.555  73.254 0.0000000000
56384  -54.186  -38.112  72.900 0.0000000000
125015  -54.901  -34.012  75.019 0.0000000000
59924  -54.601  -34.934  74.195 0.0000000000
129644  -53.585  -37.690  72.490 0.0000000000
57299  -53.434  -37.091  72.412 0.0000000000
133233  -52.760  -36.765  72.065 0.0000000000
122100  -51.903  -36.908  71.517 0.0000000000
59004  -52.449  -35.388  71.901 0.0000000000
58155  -52.192  -36.153  71.717 0.0000000000
35680  -22.922  -59.854  87.179 0.0000000000
36667  -22.977  -59.763  85.825 0.0000000000
36680  -23.357  -59.763  85.010 0.0000000000
143084  -23.033  -59.497  84.576 0.0000000000
36706  -22.796  -59.064  83.162 0.0000000000
136708  -23.109  -59.034  80.685 0.0000000000
34654  -25.574  -61.243  84.845 0.0000000000
34675  -25.347  -61.212  82.612 0.0000000000
35713  -24.733  -60.561  83.026 0.0000000000
139343  -23.981  -59.788  82.222 0.0000000000
36723  -23.538  -59.478  81.092 0.0000000000
36731  -22.979  -58.903  79.920 0.0000000000
36739  -23.109  -58.999  79.174 0.0000000000
36764  -23.029  -59.053  77.920 0.0000000000
36774  -23.170  -59.101  76.967 0.0000000000
36765  -23.669  -60.091  77.620 0.0000000000
36775  -23.509  -59.903  76.568 0.0000000000
132416  -23.026  -59.302  76.222 0.0000000000
35799  -23.112  -60.921  73.618 0.0000000000
38672  -24.302  -57.280  73.655 0.0000000000
51443  -39.417  -43.635  71.215 0.0000000000
50412  -40.009  -44.100  70.894 0.0000000000
50401  -40.797  -44.233  72.123 0.0000000000
49465  -40.637  -44.437  71.370 0.0000000000
145609  -40.209  -45.062  70.268 0.0000000000
49458  -42.391  -45.746  72.751 0.0000000000
47757  -41.618  -47.533  71.350 0.0000000000
142622  -41.167  -47.326  70.834 0.0000000000
44193  -42.535  -51.852  69.745 0.0000000000
129990  -42.858  -47.911  69.434 0.0000000000
47783  -42.827  -47.073  69.191 0.0000000000
48608  -43.555  -46.613  69.635 0.0000000000
48609  -44.136  -46.172  69.986 0.0000000000
34657  -30.179  -61.169  86.597 0.0000000000
34669  -29.751  -60.925  85.837 0.0000000000
36695  -29.763  -59.925  84.696 0.0000000000
36709  -29.189  -59.698  84.038 0.0000000000
36717  -28.808  -59.257  83.288 0.0000000000
38570  -33.256  -57.724  84.588 0.0000000000
38590  -31.317  -56.992  82.943 0.0000000000
38580  -30.925  -57.730  83.298 0.0000000000
37652  -28.736  -57.841  82.270 0.0000000000
37662  -27.693  -58.030  81.040 0.0000000000
38608  -27.461  -57.728  80.242 0.0000000000
38618  -27.167  -57.403  79.538 0.0000000000
39561  -27.483  -56.474  79.065 0.0000000000
38630  -26.807  -57.171  78.844 0.0000000000
139037  -25.606  -56.665  76.755 0.0000000000
40434  -25.621  -56.000  76.353 0.0000000000
41205  -35.748  -53.891  85.605 0.0000000000
121890  -35.004  -53.894  84.675 0.0000000000
137286  -34.285  -53.473  83.886 0.0000000000
41222  -33.431  -54.324  83.258 0.0000000000
41247  -32.097  -54.595  82.322 0.0000000000
41255  -30.758  -54.510  81.326 0.0000000000
44056  -32.408  -51.541  81.676 0.0000000000
43071  -31.893  -51.922  81.287 0.0000000000
43070  -31.618  -52.618  81.097 0.0000000000
42148  -30.771  -52.884  80.154 0.0000000000
144556  -31.346  -53.736  81.264 0.0000000000
40412  -29.775  -54.575  80.138 0.0000000000
40411  -29.191  -54.938  79.701 0.0000000000
40415  -28.386  -55.053  78.517 0.0000000000
40427  -28.078  -54.718  77.925 0.0000000000
40414  -27.763  -55.362  78.192 0.0000000000
40425  -26.640  -55.517  77.326 0.0000000000
39593  -25.050  -56.086  75.650 0.0000000000
49445  -32.729  -45.527  73.078 0.0000000000
50212  -40.542  -44.533  86.063 0.0000000000
36620  -20.541  -59.803  89.585 0.0000000000
35638  -21.156  -60.053  90.185 0.0000000000
36621  -21.370  -59.920  89.359 0.0000000000
35655  -22.107  -59.880  89.224 0.0000000000
35656  -22.616  -59.897  88.743 0.0000000000
35640  -22.819  -59.995  89.560 0.0000000000
139639  -24.172  -60.338  88.385 0.0000000000
35659  -25.666  -61.093  88.118 0.0000000000
129239  -26.178  -61.396  87.464 0.0000000000
34617  -27.035  -61.469  88.604 0.0000000000
34631  -26.875  -61.580  87.561 0.0000000000
33666  -27.777  -61.729  87.073 0.0000000000
33667  -28.513  -61.673  87.286 0.0000000000
33680  -29.734  -61.535  87.248 0.0000000000
33681  -30.497  -61.368  87.617 0.0000000000
34647  -30.796  -61.127  87.251 0.0000000000
34659  -32.091  -60.547  86.866 0.0000000000
35683  -32.901  -60.385  86.999 0.0000000000
34649  -33.127  -60.442  87.505 0.0000000000
35698  -33.196  -59.904  86.561 0.0000000000
35685  -33.815  -59.589  86.827 0.0000000000
142368  -34.656  -58.412  86.965 0.0000000000
37568  -35.186  -58.285  87.863 0.0000000000
37580  -35.187  -57.729  87.256 0.0000000000
38537  -35.402  -57.080  86.789 0.0000000000
130486  -35.664  -56.707  87.026 0.0000000000
39485  -35.728  -56.201  86.865 0.0000000000
135604  -36.032  -56.068  88.181 0.0000000000
40320  -35.959  -55.916  87.418 0.0000000000
125174  -36.002  -54.919  87.133 0.0000000000
127126  -36.149  -53.846  86.942 0.0000000000
42989  -35.326  -52.576  89.271 0.0000000000
42064  -35.657  -52.852  88.355 0.0000000000
121615  -36.155  -52.824  87.392 0.0000000000
43959  -38.009  -50.612  88.502 0.0000000000
122358  -38.124  -50.846  87.781 0.0000000000
43972  -38.900  -50.656  87.437 0.0000000000
43988  -39.996  -50.186  87.176 0.0000000000
44916  -40.022  -49.932  88.128 0.0000000000
44927  -40.272  -49.861  87.449 0.0000000000
44940  -40.325  -49.933  86.927 0.0000000000
45848  -40.447  -49.655  86.715 0.0000000000
46753  -40.739  -48.516  86.676 0.0000000000
48434  -40.846  -47.574  86.587 0.0000000000
142522  -40.276  -43.592  85.078 0.0000000000
51271  -40.515  -43.285  84.403 0.0000000000
52269  -41.423  -42.325  85.582 0.0000000000
52284  -41.317  -42.603  84.668 0.0000000000
134295  -41.250  -42.924  83.866 0.0000000000
143667  -41.904  -42.859  83.383 0.0000000000
51287  -42.225  -43.174  82.744 0.0000000000
53303  -43.619  -41.557  85.181 0.0000000000
52270  -44.257  -42.156  84.525 0.0000000000
126167  -43.273  -43.418  82.581 0.0000000000
50258  -43.776  -44.586  81.415 0.0000000000
49364  -43.836  -45.701  80.253 0.0000000000
48504  -43.993  -46.476  79.821 0.0000000000
47674  -44.105  -47.258  79.417 0.0000000000
47686  -44.337  -48.130  79.198 0.0000000000
50229  -47.061  -44.748  83.116 0.0000000000
130714  -46.456  -46.815  82.345 0.0000000000
48480  -46.149  -47.333  81.989 0.0000000000
142643  -46.877  -48.378  81.854 0.0000000000
47656  -46.243  -48.094  81.720 0.0000000000
46825  -44.831  -48.820  79.800 0.0000000000
46839  -44.550  -48.967  78.987 0.0000000000
132214  -44.584  -49.306  78.173 0.0000000000
45986  -44.699  -50.061  77.594 0.0000000000
45065  -44.688  -51.173  77.160 0.0000000000
45076  -44.632  -51.935  76.459 0.0000000000
44099  -45.438  -52.081  78.011 0.0000000000
43128  -45.026  -52.300  76.578 0.0000000000
44123  -44.558  -52.218  75.502 0.0000000000
43139  -44.653  -52.376  74.773 0.0000000000
143684  -45.127  -52.238  73.663 0.0000000000
44147  -45.372  -51.833  73.350 0.0000000000
125990  -47.480  -50.725  78.447 0.0000000000
135022  -47.443  -51.282  78.135 0.0000000000
44113  -47.070  -51.600  76.991 0.0000000000
45077  -47.439  -50.814  76.210 0.0000000000
44136  -46.933  -51.175  75.502 0.0000000000
44125  -46.876  -51.569  76.281 0.0000000000
44135  -46.234  -51.670  74.803 0.0000000000
127704  -45.307  -51.500  72.783 0.0000000000
46048  -45.295  -50.377  71.830 0.0000000000
46911  -45.173  -49.240  71.401 0.0000000000
122823  -46.538  -49.289  72.569 0.0000000000
46912  -45.689  -48.650  71.648 0.0000000000
46928  -45.332  -48.372  71.327 0.0000000000
47772  -45.178  -47.767  71.075 0.0000000000
124644  -44.991  -47.047  70.797 0.0000000000
48597  -44.875  -46.107  70.492 0.0000000000
50376  -49.114  -44.695  74.457 0.0000000000
49427  -50.519  -46.397  75.439 0.0000000000
49426  -49.414  -46.245  75.279 0.0000000000
47730  -50.259  -47.958  75.014 0.0000000000
46883  -49.730  -48.300  74.773 0.0000000000
46892  -49.611  -48.252  74.229 0.0000000000
126068  -48.358  -48.070  73.069 0.0000000000
47761  -47.253  -47.022  72.171 0.0000000000
126973  -45.759  -45.645  70.767 0.0000000000
49490  -44.461  -45.452  69.875 0.0000000000
50441  -44.850  -44.630  69.557 0.0000000000
50450  -45.388  -43.824  69.096 0.0000000000
50443  -46.365  -44.113  70.023 0.0000000000
140038  -46.041  -43.810  69.479 0.0000000000
51487  -45.722  -43.323  68.535 0.0000000000
51505  -45.666  -42.936  68.020 0.0000000000
52462  -45.592  -42.502  67.356 0.0000000000
51461  -49.282  -43.569  70.425 0.0000000000
51475  -48.499  -43.137  69.409 0.0000000000
51489  -47.880  -42.919  68.967 0.0000000000
52451  -47.770  -42.696  68.423 0.0000000000
52464  -47.554  -42.336  67.727 0.0000000000
145483  -54.206  -40.783  74.836 0.0000000000
52424  -55.197  -42.567  73.338 0.0000000000
143743  -55.295  -43.099  73.032 0.0000000000
52431  -55.633  -42.965  72.253 0.0000000000
51434  -55.558  -43.406  71.755 0.0000000000
144298  -55.219  -43.791  70.782 0.0000000000
51495  -54.077  -43.542  69.206 0.0000000000
52434  -55.744  -42.573  71.201 0.0000000000
52438  -55.985  -42.368  70.388 0.0000000000
52439  -56.372  -42.910  70.310 0.0000000000
51482  -56.417  -43.234  70.178 0.0000000000
51481  -55.910  -43.580  69.986 0.0000000000
37573  -17.281  -58.426  86.258 0.0000000000
34695  -17.369  -60.942  80.295 0.0000000000
35730  -16.859  -59.903  80.199 0.0000000000
122500  -21.094  -58.755  84.529 0.0000000000
37626  -21.415  -58.764  83.779 0.0000000000
37625  -20.726  -58.548  83.668 0.0000000000
37635  -19.847  -58.175  82.647 0.0000000000
38594  -18.937  -57.924  81.326 0.0000000000
37667  -21.666  -58.083  79.509 0.0000000000
38617  -21.008  -57.696  78.960 0.0000000000
38616  -20.203  -57.659  79.237 0.0000000000
37704  -20.027  -58.613  76.753 0.0000000000
38640  -19.686  -57.843  77.946 0.0000000000
38606  -20.057  -57.786  80.107 0.0000000000
38615  -19.330  -57.686  79.433 0.0000000000
38614  -18.561  -57.804  79.675 0.0000000000
37666  -18.160  -58.118  79.264 0.0000000000
34722  -18.911  -61.941  77.813 0.0000000000
34721  -18.577  -61.221  78.367 0.0000000000
34668  -28.927  -61.346  85.580 0.0000000000
34667  -28.358  -61.350  84.635 0.0000000000
35721  -27.675  -61.051  82.622 0.0000000000
34686  -27.629  -61.401  83.168 0.0000000000
34685  -27.239  -61.780  82.324 0.0000000000
33718  -26.852  -62.161  81.823 0.0000000000
33731  -26.241  -62.353  79.734 0.0000000000
36742  -26.696  -59.650  79.899 0.0000000000
35744  -26.741  -61.480  79.158 0.0000000000
35764  -26.906  -61.385  77.261 0.0000000000
127181  -26.651  -61.878  78.544 0.0000000000
34724  -26.420  -62.286  78.451 0.0000000000
33761  -26.087  -62.617  78.447 0.0000000000
33760  -25.599  -62.643  78.542 0.0000000000
34723  -25.257  -62.529  78.179 0.0000000000
34749  -25.275  -61.871  74.829 0.0000000000
35782  -24.512  -61.382  75.483 0.0000000000
34767  -23.842  -61.630  72.984 0.0000000000
34778  -23.503  -62.311  72.352 0.0000000000
38673  -24.901  -58.362  72.308 0.0000000000
37733  -25.259  -58.823  73.034 0.0000000000
37770  -25.153  -58.784  71.353 0.0000000000
126556  -25.392  -59.369  71.883 0.0000000000
141920  -25.418  -59.738  71.777 0.0000000000
35844  -25.464  -60.398  72.053 0.0000000000
34833  -22.228  -60.385  70.059 0.0000000000
35864  -23.690  -60.353  70.640 0.0000000000
34813  -24.192  -61.042  71.156 0.0000000000
34796  -23.909  -61.928  71.368 0.0000000000
125362  -22.590  -62.403  70.941 0.0000000000
33810  -23.465  -62.536  71.660 0.0000000000
126024  -23.076  -63.320  71.904 0.0000000000
32930  -22.154  -64.050  71.513 0.0000000000
32929  -21.484  -64.102  71.466 0.0000000000
30205  -21.799  -66.823  74.577 0.0000000000
30228  -22.207  -65.812  73.610 0.0000000000
32053  -22.171  -65.308  72.148 0.0000000000
32908  -22.403  -63.472  72.851 0.0000000000
32928  -20.633  -64.012  71.457 0.0000000000
33723  -26.666  -62.054  81.032 0.0000000000
33747  -26.245  -62.404  79.017 0.0000000000
33782  -21.067  -62.578  74.373 0.0000000000
33825  -21.781  -62.464  70.826 0.0000000000
33844  -19.597  -62.534  69.654 0.0000000000
34618  -27.762  -61.532  88.497 0.0000000000
34634  -32.279  -60.803  88.232 0.0000000000
34730  -25.787  -62.612  77.423 0.0000000000
34761  -26.274  -61.266  73.849 0.0000000000
34798  -25.084  -61.059  72.089 0.0000000000
34811  -21.984  -61.452  70.428 0.0000000000
34812  -23.519  -61.509  70.859 0.0000000000
34853  -20.158  -61.432  68.481 0.0000000000
35714  -28.113  -60.829  83.357 0.0000000000
35843  -24.848  -60.652  71.555 0.0000000000
36714  -23.482  -59.371  82.673 0.0000000000
36763  -19.213  -59.414  77.183 0.0000000000
36782  -20.288  -59.578  75.839 0.0000000000
36824  -25.761  -59.995  72.458 0.0000000000
36840  -25.197  -59.251  71.262 0.0000000000
36847  -24.302  -59.451  70.388 0.0000000000
37554  -35.228  -58.306  88.304 0.0000000000
37597  -33.924  -58.496  85.713 0.0000000000
37628  -30.452  -58.413  83.729 0.0000000000
37636  -20.547  -58.295  82.331 0.0000000000
37644  -16.444  -58.494  81.668 0.0000000000
37649  -21.950  -58.531  82.018 0.0000000000
37665  -17.510  -58.460  79.785 0.0000000000
37680  -19.078  -57.993  78.076 0.0000000000
37695  -19.650  -58.291  77.427 0.0000000000
37697  -21.725  -58.083  77.714 0.0000000000
37705  -20.845  -58.344  76.445 0.0000000000
37725  -25.300  -58.930  74.640 0.0000000000
37749  -25.615  -59.478  72.670 0.0000000000
38511  -35.701  -57.268  88.240 0.0000000000
38627  -20.290  -57.682  78.409 0.0000000000
39471  -35.813  -56.630  87.471 0.0000000000
39540  -33.217  -55.713  83.483 0.0000000000
39598  -24.549  -56.259  74.812 0.0000000000
40426  -27.336  -55.027  77.504 0.0000000000
40442  -25.649  -55.243  75.869 0.0000000000
40443  -26.251  -54.638  76.127 0.0000000000
41190  -35.664  -54.503  85.794 0.0000000000
41271  -29.049  -53.973  78.412 0.0000000000
42127  -31.161  -53.274  80.854 0.0000000000
43119  -45.493  -52.290  77.381 0.0000000000
43124  -27.309  -52.714  75.770 0.0000000000
43125  -27.918  -52.146  76.022 0.0000000000
43140  -44.839  -52.461  74.011 0.0000000000
43151  -44.744  -52.245  73.299 0.0000000000
44007  -39.724  -50.432  85.971 0.0000000000
44073  -30.813  -51.633  79.505 0.0000000000
44087  -46.379  -51.916  78.784 0.0000000000
44088  -46.991  -51.684  78.712 0.0000000000
44097  -29.562  -51.676  77.697 0.0000000000
44102  -47.157  -51.717  77.771 0.0000000000
44140  -26.167  -51.516  73.909 0.0000000000
44146  -43.473  -52.170  73.359 0.0000000000
44158  -44.242  -52.187  72.169 0.0000000000
44167  -42.344  -52.449  71.755 0.0000000000
44969  -39.466  -49.911  84.819 0.0000000000
44986  -39.001  -49.699  83.834 0.0000000000
45024  -31.669  -50.938  80.348 0.0000000000
45027  -46.646  -49.959  80.934 0.0000000000
45028  -46.637  -50.512  80.565 0.0000000000
45038  -47.085  -50.896  80.152 0.0000000000
45047  -31.051  -50.169  78.789 0.0000000000
45049  -45.895  -51.480  79.452 0.0000000000
45058  -44.950  -51.583  77.884 0.0000000000
45087  -27.443  -50.756  75.055 0.0000000000
45111  -45.964  -51.092  73.200 0.0000000000
45862  -40.302  -49.680  85.885 0.0000000000
45884  -39.110  -49.417  83.365 0.0000000000
45915  -46.683  -49.405  81.361 0.0000000000
45916  -46.989  -49.575  81.342 0.0000000000
45936  -45.307  -49.555  80.215 0.0000000000
45939  -47.005  -50.338  80.673 0.0000000000
45954  -35.919  -48.620  79.759 0.0000000000
45956  -45.291  -50.152  79.758 0.0000000000
45967  -31.687  -49.429  78.391 0.0000000000
45972  -44.865  -49.882  78.891 0.0000000000
45990  -30.422  -49.388  76.584 0.0000000000
46010  -27.520  -49.507  74.360 0.0000000000
46786  -47.099  -48.777  81.691 0.0000000000
46796  -46.783  -48.872  81.662 0.0000000000
46810  -38.335  -48.648  81.169 0.0000000000
46812  -46.058  -48.892  81.355 0.0000000000
46813  -47.370  -49.244  81.253 0.0000000000
46827  -47.470  -49.517  80.688 0.0000000000
46841  -47.402  -49.770  79.713 0.0000000000
46846  -32.806  -48.646  77.185 0.0000000000
46852  -46.865  -49.206  77.998 0.0000000000
46880  -43.977  -48.498  73.979 0.0000000000
47627  -39.642  -47.911  84.173 0.0000000000
47647  -47.037  -48.092  81.940 0.0000000000
47648  -47.215  -48.249  81.700 0.0000000000
47665  -38.272  -48.286  80.790 0.0000000000
47667  -47.503  -48.602  81.296 0.0000000000
47703  -35.797  -46.732  77.293 0.0000000000
47714  -32.814  -47.545  75.781 0.0000000000
47715  -33.869  -46.789  76.070 0.0000000000
47721  -49.888  -47.856  75.282 0.0000000000
47731  -50.750  -47.560  74.988 0.0000000000
48453  -38.751  -46.679  83.484 0.0000000000
48466  -46.894  -46.539  82.631 0.0000000000
48494  -47.744  -47.141  81.425 0.0000000000
48539  -34.642  -45.933  75.672 0.0000000000
48561  -51.196  -47.167  74.966 0.0000000000
48585  -41.446  -46.648  71.124 0.0000000000
49317  -46.841  -45.602  82.883 0.0000000000
49344  -45.185  -45.775  81.826 0.0000000000
49441  -50.902  -45.596  75.415 0.0000000000
49452  -52.809  -45.295  74.624 0.0000000000
49476  -41.124  -45.182  71.167 0.0000000000
50218  -38.961  -44.958  84.080 0.0000000000
50228  -46.610  -44.764  83.122 0.0000000000
50242  -45.850  -45.186  82.709 0.0000000000
50259  -44.673  -45.051  81.874 0.0000000000
50361  -52.751  -44.852  75.300 0.0000000000
50393  -53.503  -44.723  74.090 0.0000000000
50400  -34.403  -44.072  72.606 0.0000000000
50424  -38.935  -44.125  69.998 0.0000000000
50426  -40.445  -44.764  70.682 0.0000000000
51256  -40.010  -44.210  85.322 0.0000000000
51272  -45.784  -43.521  83.802 0.0000000000
51273  -46.391  -43.465  83.963 0.0000000000
51396  -52.671  -43.973  75.245 0.0000000000
51397  -53.096  -43.371  75.047 0.0000000000
51398  -53.593  -43.490  74.873 0.0000000000
51399  -54.161  -43.389  74.492 0.0000000000
51433  -55.050  -43.566  72.796 0.0000000000
51450  -55.592  -43.572  71.094 0.0000000000
51456  -36.678  -43.475  70.143 0.0000000000
51459  -47.968  -43.625  70.113 0.0000000000
52410  -54.143  -42.033  74.895 0.0000000000
52429  -48.019  -42.675  72.711 0.0000000000
52463  -46.458  -42.503  67.726 0.0000000000
53470  -52.916  -41.602  74.882 0.0000000000
53472  -54.536  -41.239  74.561 0.0000000000
54406  -53.001  -40.578  74.820 0.0000000000
54407  -53.880  -40.384  74.872 0.0000000000
54425  -50.608  -40.544  73.587 0.0000000000
55418  -51.863  -39.548  74.300 0.0000000000
55432  -54.383  -39.710  73.027 0.0000000000
55447  -52.385  -39.169  71.963 0.0000000000
56355  -53.282  -38.203  74.857 0.0000000000
56356  -53.752  -37.788  74.734 0.0000000000
56357  -54.221  -38.263  74.371 0.0000000000
57276  -54.193  -37.503  74.351 0.0000000000
57300  -54.054  -37.292  72.871 0.0000000000
57313  -52.638  -37.648  71.952 0.0000000000
58123  -54.403  -36.071  74.179 0.0000000000
58139  -53.105  -36.101  72.323 0.0000000000
58963  -54.270  -35.363  75.295 0.0000000000
59923  -54.449  -34.473  73.619 0.0000000000
120776  -52.591  -43.129  74.978 0.0000000000
121440  -46.975  -47.397  82.269 0.0000000000
121710  -30.640  -49.093  75.994 0.0000000000
124590  -44.905  -50.704  78.320 0.0000000000
129984  -32.152  -54.004  82.015 0.0000000000
130327  -19.756  -60.181  76.182 0.0000000000
130374  -46.977  -49.227  77.279 0.0000000000
131660  -54.450  -38.022  73.961 0.0000000000
132868  -40.406  -49.599  87.628 0.0000000000
135769  -26.480  -60.406  74.585 0.0000000000
136789  -47.288  -48.767  81.494 0.0000000000
136969  -25.243  -58.846  72.095 0.0000000000
137191  -33.296  -48.691  78.454 0.0000000000
137915  -44.578  -41.098  86.188 0.0000000000
137947  -38.661  -49.111  82.004 0.0000000000
139922  -53.847  -35.791  72.843 0.0000000000
142799  -47.334  -49.888  80.761 0.0000000000
142813  -46.701  -51.558  79.369 0.0000000000
143761  -41.938  -45.321  72.392 0.0000000000
143788  -45.973  -52.472  76.824 0.0000000000
144907  -51.034  -43.107  69.039 0.0000000000
146330  -42.472  -41.440  86.137 0.0000000000
146332  -54.066  -36.333  75.192 0.0000000000
