#!ascii label  , from subject sub-01 vox2ras=TkReg
1153
97198  -52.543  8.638  66.059 0.0000000000
107025  -45.629  24.516  57.432 0.0000000000
120810  -44.012  18.912  66.701 0.0000000000
103770  -49.934  19.435  66.030 0.0000000000
104552  -51.472  20.913  55.031 0.0000000000
128009  -50.333  24.281  61.628 0.0000000000
103088  -50.696  18.992  59.878 0.0000000000
103049  -45.814  18.369  62.634 0.0000000000
95197  -44.707  6.649  63.439 0.0000000000
97183  -48.346  9.689  66.738 0.0000000000
110896  -44.998  31.674  57.206 0.0000000000
108699  -49.510  28.171  54.410 0.0000000000
103179  -47.622  18.856  53.076 0.0000000000
100371  -48.396  13.894  68.423 0.0000000000
121451  -44.753  22.315  65.253 0.0000000000
104433  -50.083  20.967  69.105 0.0000000000
124239  -53.087  14.798  65.084 0.0000000000
143421  -47.814  13.320  64.167 0.0000000000
99853  -42.985  13.736  60.289 0.0000000000
96528  -52.274  9.308  62.994 0.0000000000
102386  -52.344  16.846  54.916 0.0000000000
121659  -52.457  18.707  57.896 0.0000000000
144926  -49.827  17.882  56.421 0.0000000000
103851  -47.725  19.356  58.446 0.0000000000
96509  -47.347  8.932  64.174 0.0000000000
122285  -44.909  10.431  66.178 0.0000000000
136752  -42.146  32.744  58.813 0.0000000000
132965  -48.555  22.939  54.561 0.0000000000
99789  -46.010  13.264  67.960 0.0000000000
101608  -46.102  16.554  66.864 0.0000000000
107595  -42.439  25.691  58.408 0.0000000000
106393  -44.683  23.499  61.035 0.0000000000
105750  -51.014  22.477  63.692 0.0000000000
123284  -50.258  24.193  66.071 0.0000000000
104453  -51.962  20.260  67.080 0.0000000000
102245  -52.072  17.535  68.452 0.0000000000
102273  -51.760  17.430  66.406 0.0000000000
99804  -50.484  14.057  64.887 0.0000000000
101614  -48.744  16.290  65.760 0.0000000000
101058  -44.016  15.115  63.121 0.0000000000
106440  -48.699  23.272  56.601 0.0000000000
105761  -47.586  22.642  60.427 0.0000000000
104521  -50.557  20.899  58.837 0.0000000000
104490  -51.782  21.146  60.656 0.0000000000
103782  -49.307  20.045  62.379 0.0000000000
103043  -48.053  18.622  63.848 0.0000000000
103085  -47.807  19.006  60.762 0.0000000000
103808  -45.514  19.446  60.442 0.0000000000
95200  -48.442  5.750  63.585 0.0000000000
95857  -50.132  7.454  65.438 0.0000000000
96492  -51.362  8.630  68.786 0.0000000000
109783  -38.122  29.550  60.090 0.0000000000
109247  -41.655  29.009  57.691 0.0000000000
132460  -45.026  27.756  56.796 0.0000000000
108126  -49.389  26.831  56.256 0.0000000000
107054  -52.216  24.709  54.340 0.0000000000
104577  -51.248  19.990  53.832 0.0000000000
101756  -50.488  15.220  52.252 0.0000000000
101753  -47.738  16.089  50.684 0.0000000000
97838  -45.262  10.159  70.325 0.0000000000
137211  -48.303  10.498  70.423 0.0000000000
98555  -49.779  10.872  68.706 0.0000000000
130516  -45.441  22.837  70.522 0.0000000000
106361  -47.669  24.170  63.090 0.0000000000
136903  -47.186  23.113  68.160 0.0000000000
103743  -46.892  19.831  67.608 0.0000000000
102242  -49.473  16.953  68.282 0.0000000000
100397  -51.445  14.798  67.838 0.0000000000
98561  -51.119  11.097  64.886 0.0000000000
99205  -52.508  12.302  62.296 0.0000000000
99218  -50.264  12.401  60.498 0.0000000000
143849  -47.512  12.522  59.322 0.0000000000
101617  -46.490  16.282  64.224 0.0000000000
99846  -45.254  12.801  61.722 0.0000000000
99253  -44.618  12.702  58.239 0.0000000000
96494  -52.669  7.625  67.289 0.0000000000
132259  -53.078  7.490  64.943 0.0000000000
133305  -52.484  8.956  64.391 0.0000000000
101712  -51.090  15.867  54.385 0.0000000000
102384  -51.747  16.797  55.766 0.0000000000
102383  -49.546  17.223  55.396 0.0000000000
103153  -47.859  18.410  55.963 0.0000000000
136573  -45.342  18.002  66.777 0.0000000000
107023  -43.954  25.142  57.882 0.0000000000
105124  -50.616  21.634  64.929 0.0000000000
105725  -51.291  22.382  65.600 0.0000000000
104464  -51.605  19.884  66.567 0.0000000000
103026  -52.230  18.277  66.727 0.0000000000
103758  -50.923  18.946  66.419 0.0000000000
101615  -50.727  17.235  66.467 0.0000000000
103036  -49.751  18.619  66.106 0.0000000000
105177  -49.731  22.011  56.329 0.0000000000
105171  -49.387  21.161  57.920 0.0000000000
104540  -50.050  20.696  57.282 0.0000000000
103099  -51.967  18.809  59.310 0.0000000000
103814  -52.425  20.068  59.775 0.0000000000
103812  -51.212  19.406  60.247 0.0000000000
104489  -50.884  20.743  61.357 0.0000000000
103811  -50.125  19.377  60.503 0.0000000000
103790  -48.651  19.231  61.935 0.0000000000
103086  -48.668  19.097  60.516 0.0000000000
103850  -45.938  19.638  59.095 0.0000000000
97194  -47.494  9.871  65.794 0.0000000000
142160  -48.643  8.475  64.634 0.0000000000
96500  -49.166  8.831  65.567 0.0000000000
95847  -50.161  8.161  66.245 0.0000000000
97184  -49.461  9.143  67.815 0.0000000000
111441  -43.320  32.348  57.775 0.0000000000
110337  -41.809  30.607  57.759 0.0000000000
110339  -43.502  30.723  57.311 0.0000000000
109248  -42.801  28.184  57.448 0.0000000000
110351  -44.813  30.097  56.694 0.0000000000
109823  -50.109  29.977  54.792 0.0000000000
131472  -48.734  28.210  56.004 0.0000000000
133726  -50.750  28.078  55.062 0.0000000000
107622  -50.357  25.892  55.861 0.0000000000
107647  -51.782  25.904  54.700 0.0000000000
141821  -48.390  20.951  54.236 0.0000000000
138900  -50.860  21.897  53.803 0.0000000000
132619  -49.684  18.772  53.475 0.0000000000
102424  -50.996  17.440  53.060 0.0000000000
102438  -50.078  16.728  52.517 0.0000000000
101754  -49.166  14.988  51.300 0.0000000000
102436  -47.498  17.499  52.006 0.0000000000
99159  -41.331  12.565  68.271 0.0000000000
98544  -40.612  11.015  70.146 0.0000000000
98546  -42.618  10.924  70.600 0.0000000000
97837  -43.810  9.937  70.826 0.0000000000
99139  -44.245  11.717  70.157 0.0000000000
99765  -47.571  13.190  68.533 0.0000000000
99141  -46.528  11.871  70.000 0.0000000000
99143  -48.499  11.915  69.409 0.0000000000
98529  -49.482  10.298  70.069 0.0000000000
99144  -49.079  12.677  68.707 0.0000000000
105123  -43.641  22.282  66.094 0.0000000000
105699  -44.482  23.277  69.665 0.0000000000
105710  -44.821  22.612  67.652 0.0000000000
106397  -49.050  23.540  61.113 0.0000000000
106385  -47.585  23.836  61.719 0.0000000000
106965  -49.057  24.630  62.456 0.0000000000
105689  -50.024  23.357  69.278 0.0000000000
106326  -49.168  23.565  67.596 0.0000000000
105082  -48.001  23.479  70.170 0.0000000000
104430  -46.607  22.272  69.332 0.0000000000
139026  -48.206  20.576  68.321 0.0000000000
144812  -48.383  18.392  67.758 0.0000000000
120872  -49.659  18.960  68.494 0.0000000000
101001  -52.659  15.913  67.214 0.0000000000
137728  -51.655  16.008  68.376 0.0000000000
100411  -52.777  14.889  66.518 0.0000000000
99167  -51.815  13.469  66.192 0.0000000000
99805  -52.834  13.962  65.464 0.0000000000
99175  -52.628  12.767  63.672 0.0000000000
99814  -52.854  14.206  64.257 0.0000000000
99173  -49.278  12.940  63.866 0.0000000000
99185  -50.095  12.692  63.037 0.0000000000
99201  -48.558  12.423  62.246 0.0000000000
99232  -49.058  12.269  59.574 0.0000000000
99216  -47.561  12.509  61.301 0.0000000000
103041  -46.930  18.000  63.185 0.0000000000
102286  -47.452  17.228  64.471 0.0000000000
101621  -46.282  16.795  63.891 0.0000000000
100446  -43.451  14.226  62.153 0.0000000000
100435  -44.463  14.403  63.115 0.0000000000
99845  -44.406  13.240  61.509 0.0000000000
99228  -45.009  12.930  59.536 0.0000000000
99859  -43.376  13.317  59.447 0.0000000000
98612  -43.251  11.750  58.246 0.0000000000
94500  -52.423  5.370  65.832 0.0000000000
97219  -51.686  9.657  62.242 0.0000000000
103893  -52.419  18.249  55.573 0.0000000000
103881  -52.251  19.133  56.539 0.0000000000
102357  -52.420  17.701  56.615 0.0000000000
102355  -51.414  17.880  57.557 0.0000000000
103120  -50.400  18.333  57.847 0.0000000000
103107  -49.341  18.889  58.941 0.0000000000
103119  -48.867  18.789  57.403 0.0000000000
95866  -46.528  7.636  63.534 0.0000000000
97212  -45.808  9.207  64.008 0.0000000000
127946  -46.137  10.367  66.986 0.0000000000
111928  -45.733  34.086  58.242 0.0000000000
107644  -48.705  25.694  54.469 0.0000000000
104574  -46.817  20.491  53.463 0.0000000000
103190  -46.555  18.835  52.005 0.0000000000
99162  -44.468  12.525  68.632 0.0000000000
100394  -45.945  14.822  67.208 0.0000000000
100999  -47.345  15.460  67.562 0.0000000000
106359  -44.498  23.438  63.001 0.0000000000
106363  -51.158  23.985  63.311 0.0000000000
139726  -50.323  24.587  63.985 0.0000000000
106338  -51.285  23.469  65.035 0.0000000000
105706  -50.894  22.511  67.572 0.0000000000
136375  -50.761  21.214  68.776 0.0000000000
122952  -51.189  19.037  68.815 0.0000000000
103735  -52.165  18.643  67.889 0.0000000000
102253  -52.537  17.569  67.231 0.0000000000
101610  -52.470  16.340  66.054 0.0000000000
100418  -52.885  14.925  64.831 0.0000000000
101028  -51.801  15.259  65.388 0.0000000000
101027  -50.108  15.242  65.806 0.0000000000
100415  -48.239  15.009  65.208 0.0000000000
102289  -44.775  17.013  63.367 0.0000000000
103740  -43.394  19.640  66.895 0.0000000000
106428  -47.081  23.220  57.434 0.0000000000
105783  -46.378  22.702  58.641 0.0000000000
105164  -47.775  22.112  58.104 0.0000000000
105154  -48.990  21.679  59.364 0.0000000000
105763  -50.677  23.009  60.607 0.0000000000
104523  -52.056  20.048  58.367 0.0000000000
105778  -51.841  21.716  60.127 0.0000000000
105765  -51.522  22.682  61.026 0.0000000000
105139  -51.290  22.232  62.007 0.0000000000
104484  -50.182  21.414  63.134 0.0000000000
104480  -49.363  20.605  64.305 0.0000000000
103769  -49.001  19.151  65.278 0.0000000000
103781  -48.681  19.478  62.836 0.0000000000
132454  -47.955  18.767  62.051 0.0000000000
103067  -46.552  18.638  62.162 0.0000000000
103095  -48.158  19.226  59.958 0.0000000000
103809  -46.425  19.374  60.320 0.0000000000
95867  -47.634  7.470  63.627 0.0000000000
95856  -49.332  7.193  64.484 0.0000000000
124444  -50.912  6.122  65.149 0.0000000000
95849  -52.071  6.913  66.866 0.0000000000
95841  -51.992  7.755  67.921 0.0000000000
146293  -51.889  8.321  68.355 0.0000000000
108668  -38.199  27.594  59.767 0.0000000000
138413  -39.218  29.243  58.744 0.0000000000
108111  -39.978  27.084  58.836 0.0000000000
108112  -41.536  26.791  58.319 0.0000000000
134627  -43.323  26.654  57.537 0.0000000000
108118  -44.864  26.387  57.184 0.0000000000
110912  -47.620  31.923  56.894 0.0000000000
109802  -46.921  29.571  56.371 0.0000000000
133767  -46.502  27.839  56.479 0.0000000000
107619  -46.749  25.528  56.812 0.0000000000
107042  -48.204  25.019  56.547 0.0000000000
106441  -49.922  23.542  56.059 0.0000000000
135522  -52.056  22.675  54.256 0.0000000000
106468  -50.967  24.004  53.801 0.0000000000
105201  -51.939  22.463  53.924 0.0000000000
123212  -51.595  20.233  54.549 0.0000000000
103167  -52.054  18.071  54.306 0.0000000000
101731  -51.832  16.378  53.812 0.0000000000
100509  -49.153  14.167  52.173 0.0000000000
121087  -48.044  14.161  51.014 0.0000000000
102447  -46.948  17.639  50.841 0.0000000000
123685  -45.164  9.990  69.591 0.0000000000
97874  -46.571  10.185  68.678 0.0000000000
99125  -45.691  11.523  70.318 0.0000000000
98526  -46.639  10.529  70.543 0.0000000000
97876  -48.698  9.494  69.378 0.0000000000
97171  -49.851  9.337  69.869 0.0000000000
130808  -50.863  9.009  69.246 0.0000000000
97889  -51.451  9.352  67.270 0.0000000000
103741  -44.352  20.065  67.301 0.0000000000
120720  -46.247  23.175  60.827 0.0000000000
106374  -46.213  23.775  62.514 0.0000000000
140814  -46.383  23.083  64.249 0.0000000000
140325  -49.015  23.914  64.747 0.0000000000
105723  -47.186  22.740  65.400 0.0000000000
105722  -46.236  22.436  65.929 0.0000000000
105702  -45.874  23.126  69.229 0.0000000000
137729  -46.072  21.810  68.881 0.0000000000
103742  -45.632  19.582  67.293 0.0000000000
121511  -46.934  17.791  67.260 0.0000000000
101585  -47.788  16.250  67.643 0.0000000000
100983  -49.116  15.635  68.297 0.0000000000
125296  -51.070  17.225  68.745 0.0000000000
131615  -50.473  16.103  68.579 0.0000000000
99767  -49.622  13.913  68.402 0.0000000000
99165  -50.229  13.330  67.586 0.0000000000
98560  -50.412  11.145  66.144 0.0000000000
97898  -51.256  10.093  65.457 0.0000000000
97901  -51.844  10.663  64.028 0.0000000000
97904  -52.567  10.945  62.363 0.0000000000
97928  -52.084  11.108  60.976 0.0000000000
99826  -51.962  13.469  63.448 0.0000000000
99203  -51.676  12.454  61.595 0.0000000000
97944  -50.857  11.645  60.230 0.0000000000
97954  -49.108  11.935  59.268 0.0000000000
140536  -48.267  11.939  58.802 0.0000000000
102287  -48.031  17.648  64.976 0.0000000000
101025  -48.022  15.833  65.259 0.0000000000
100423  -46.867  14.493  64.403 0.0000000000
101043  -45.377  15.520  63.786 0.0000000000
100436  -45.314  14.444  63.583 0.0000000000
99839  -46.204  12.873  62.826 0.0000000000
99214  -45.930  12.565  60.942 0.0000000000
99242  -45.739  12.724  58.758 0.0000000000
96502  -53.143  7.820  66.483 0.0000000000
95859  -53.461  7.351  65.955 0.0000000000
96512  -53.000  8.073  65.332 0.0000000000
101710  -49.111  16.192  54.297 0.0000000000
102405  -49.606  16.593  54.820 0.0000000000
141459  -44.788  17.105  66.634 0.0000000000
103023  -44.450  18.080  66.634 0.0000000000
107024  -44.755  24.866  57.623 0.0000000000
107009  -44.297  24.356  58.177 0.0000000000
106425  -45.013  24.066  57.868 0.0000000000
140148  -49.906  21.050  65.056 0.0000000000
104471  -50.851  20.756  65.845 0.0000000000
103771  -50.883  19.848  66.291 0.0000000000
103759  -51.838  19.048  66.604 0.0000000000
105178  -50.249  21.292  56.286 0.0000000000
104541  -50.900  20.377  56.354 0.0000000000
103098  -51.175  18.623  59.257 0.0000000000
103833  -51.670  19.025  59.762 0.0000000000
103087  -49.619  19.081  60.154 0.0000000000
95198  -46.174  6.563  63.523 0.0000000000
97897  -47.468  10.022  66.718 0.0000000000
97206  -48.287  9.427  65.571 0.0000000000
97195  -49.112  9.259  66.466 0.0000000000
97887  -48.783  9.505  68.031 0.0000000000
111443  -44.529  32.371  57.557 0.0000000000
110895  -43.955  31.633  57.446 0.0000000000
110340  -44.392  30.852  57.017 0.0000000000
109797  -43.875  29.902  56.921 0.0000000000
110341  -45.360  30.980  56.817 0.0000000000
109274  -49.191  28.847  54.335 0.0000000000
109822  -49.405  29.947  54.431 0.0000000000
108700  -50.079  28.822  54.586 0.0000000000
109261  -50.508  28.857  55.033 0.0000000000
143366  -50.428  28.246  54.737 0.0000000000
108135  -51.544  26.747  54.982 0.0000000000
108146  -50.522  27.401  54.635 0.0000000000
129707  -48.249  19.339  53.528 0.0000000000
104575  -48.679  20.089  53.907 0.0000000000
103180  -48.658  18.708  53.316 0.0000000000
102423  -49.528  17.889  53.001 0.0000000000
103192  -48.090  18.037  52.738 0.0000000000
102437  -48.640  17.070  52.313 0.0000000000
99784  -40.830  13.351  67.533 0.0000000000
99160  -42.168  12.622  68.273 0.0000000000
99137  -41.873  11.780  69.497 0.0000000000
123493  -42.781  11.912  69.487 0.0000000000
99138  -43.480  11.320  70.462 0.0000000000
125234  -48.220  12.799  68.924 0.0000000000
99766  -48.842  13.196  68.688 0.0000000000
105734  -44.226  22.624  64.348 0.0000000000
105721  -43.891  22.297  65.278 0.0000000000
105119  -44.371  22.317  66.224 0.0000000000
106387  -49.489  24.324  61.628 0.0000000000
106980  -49.005  24.614  62.038 0.0000000000
106981  -49.731  24.665  62.188 0.0000000000
105084  -49.539  22.635  69.749 0.0000000000
106311  -48.506  23.664  69.908 0.0000000000
105083  -48.523  23.135  70.102 0.0000000000
105097  -48.186  22.532  69.726 0.0000000000
104432  -49.016  21.117  68.796 0.0000000000
103731  -48.965  19.838  68.278 0.0000000000
103732  -50.023  19.945  68.725 0.0000000000
100399  -52.809  15.622  66.264 0.0000000000
137955  -52.790  15.384  66.615 0.0000000000
99801  -53.059  14.631  65.632 0.0000000000
99806  -53.068  14.462  64.836 0.0000000000
99171  -52.842  13.594  64.421 0.0000000000
99824  -48.221  12.917  63.816 0.0000000000
99183  -47.892  12.590  63.108 0.0000000000
102303  -46.251  18.014  63.150 0.0000000000
102291  -46.414  17.436  63.571 0.0000000000
102302  -45.536  17.714  63.245 0.0000000000
100456  -43.069  14.045  61.315 0.0000000000
99844  -43.717  13.691  61.738 0.0000000000
120800  -43.661  13.528  60.950 0.0000000000
99854  -43.683  13.441  60.043 0.0000000000
99239  -42.991  12.946  58.973 0.0000000000
99858  -42.541  13.445  59.558 0.0000000000
95182  -52.800  6.050  66.714 0.0000000000
96527  -52.038  9.057  62.880 0.0000000000
97220  -52.169  9.924  62.194 0.0000000000
103154  -52.444  17.445  55.316 0.0000000000
103138  -52.527  17.780  56.213 0.0000000000
102369  -52.357  17.236  55.787 0.0000000000
138610  -50.490  17.354  56.055 0.0000000000
102367  -51.566  17.413  56.652 0.0000000000
103137  -50.360  17.966  56.944 0.0000000000
140939  -49.640  18.441  57.387 0.0000000000
120766  -49.518  18.728  58.085 0.0000000000
103136  -49.263  18.325  56.690 0.0000000000
103133  -47.080  18.844  56.162 0.0000000000
97211  -44.964  9.304  63.973 0.0000000000
97896  -46.724  10.146  66.251 0.0000000000
97884  -45.345  10.468  66.987 0.0000000000
121814  -44.472  33.834  58.606 0.0000000000
105198  -46.827  21.857  54.198 0.0000000000
104583  -46.365  20.564  52.743 0.0000000000
105206  -45.811  21.904  53.129 0.0000000000
101607  -45.411  16.390  66.750 0.0000000000
101020  -45.131  15.450  66.850 0.0000000000
101021  -46.002  15.791  66.930 0.0000000000
100395  -46.905  14.617  67.587 0.0000000000
100998  -46.577  15.385  67.272 0.0000000000
107594  -41.609  25.990  58.692 0.0000000000
106382  -44.765  23.668  61.824 0.0000000000
105751  -51.296  23.253  63.539 0.0000000000
106349  -51.258  23.789  64.254 0.0000000000
105738  -51.246  22.840  64.538 0.0000000000
105120  -51.530  21.117  66.511 0.0000000000
105716  -51.244  22.382  66.566 0.0000000000
105114  -51.467  21.383  67.211 0.0000000000
105099  -50.905  21.757  68.183 0.0000000000
104435  -51.464  20.635  67.909 0.0000000000
121656  -51.298  20.113  68.588 0.0000000000
103744  -51.958  19.516  67.714 0.0000000000
102274  -52.293  17.537  66.607 0.0000000000
102275  -52.363  17.814  66.757 0.0000000000
134683  -52.349  16.911  66.339 0.0000000000
145957  -52.406  16.764  66.322 0.0000000000
101023  -52.476  15.861  65.739 0.0000000000
101609  -51.986  16.710  66.003 0.0000000000
126711  -49.597  16.753  66.237 0.0000000000
128218  -49.749  15.956  66.118 0.0000000000
101026  -48.922  15.482  65.661 0.0000000000
100416  -49.193  14.749  65.405 0.0000000000
106439  -47.775  23.230  57.059 0.0000000000
105790  -46.807  22.743  57.977 0.0000000000
135195  -47.476  22.686  57.600 0.0000000000
134619  -49.612  21.184  58.690 0.0000000000
105165  -48.683  21.605  58.471 0.0000000000
105776  -49.915  22.069  60.040 0.0000000000
105155  -50.254  21.422  59.396 0.0000000000
103868  -52.433  19.085  57.383 0.0000000000
104524  -52.344  19.563  58.168 0.0000000000
104498  -52.324  20.541  60.121 0.0000000000
105157  -52.296  21.083  59.809 0.0000000000
105146  -52.221  21.349  60.061 0.0000000000
105764  -51.300  22.690  60.685 0.0000000000
128097  -51.662  21.969  60.505 0.0000000000
105758  -51.439  23.047  61.802 0.0000000000
105142  -51.593  22.039  61.071 0.0000000000
104486  -50.053  20.814  62.324 0.0000000000
104487  -50.731  21.511  62.202 0.0000000000
104483  -49.559  20.735  63.238 0.0000000000
104481  -49.910  21.295  64.119 0.0000000000
103780  -48.988  20.027  63.427 0.0000000000
103069  -48.236  18.918  61.302 0.0000000000
103051  -47.309  18.490  62.579 0.0000000000
103852  -48.638  19.092  58.242 0.0000000000
103832  -48.428  19.197  59.137 0.0000000000
103831  -47.529  19.393  59.337 0.0000000000
124001  -45.938  19.548  59.812 0.0000000000
103830  -46.670  19.499  59.572 0.0000000000
96519  -46.548  8.662  63.788 0.0000000000
121815  -47.207  8.240  63.743 0.0000000000
96511  -49.366  8.122  64.954 0.0000000000
95868  -48.580  7.778  64.169 0.0000000000
123317  -50.145  6.646  64.817 0.0000000000
95189  -51.021  6.861  65.732 0.0000000000
96501  -51.303  8.130  67.916 0.0000000000
123957  -51.841  8.316  68.439 0.0000000000
96493  -52.042  8.058  68.091 0.0000000000
109778  -38.369  29.650  61.012 0.0000000000
109229  -38.015  28.655  62.365 0.0000000000
109231  -37.538  28.267  61.191 0.0000000000
108663  -37.515  27.747  60.836 0.0000000000
109238  -37.992  28.295  59.773 0.0000000000
111426  -41.766  32.570  59.606 0.0000000000
110884  -40.712  31.461  58.624 0.0000000000
109794  -41.309  29.846  57.800 0.0000000000
109791  -40.576  30.012  58.139 0.0000000000
109246  -40.688  29.129  58.039 0.0000000000
108673  -39.882  27.893  58.563 0.0000000000
109242  -40.482  28.263  58.277 0.0000000000
108674  -40.783  27.452  58.395 0.0000000000
108677  -41.668  27.512  57.999 0.0000000000
109251  -44.011  28.693  56.900 0.0000000000
108679  -43.062  27.396  57.458 0.0000000000
108680  -43.813  27.270  57.266 0.0000000000
108117  -44.100  26.510  57.367 0.0000000000
108122  -45.283  27.019  56.890 0.0000000000
132020  -46.610  30.078  56.455 0.0000000000
110353  -47.583  30.247  56.321 0.0000000000
108686  -49.131  27.509  56.119 0.0000000000
133773  -47.551  28.081  56.315 0.0000000000
140076  -48.128  27.566  56.351 0.0000000000
108124  -47.010  26.406  56.627 0.0000000000
107620  -47.865  25.898  56.606 0.0000000000
107041  -47.267  25.047  56.776 0.0000000000
107621  -49.250  25.998  56.388 0.0000000000
135816  -52.055  25.564  54.746 0.0000000000
107044  -50.587  24.442  55.750 0.0000000000
106454  -51.515  23.890  55.239 0.0000000000
105807  -51.849  23.197  54.699 0.0000000000
106455  -52.426  24.109  54.248 0.0000000000
107064  -48.723  24.657  54.502 0.0000000000
107645  -50.017  25.416  54.335 0.0000000000
106467  -49.403  23.850  54.351 0.0000000000
104566  -51.235  21.157  53.857 0.0000000000
104567  -51.593  21.570  54.178 0.0000000000
104578  -51.425  20.341  54.143 0.0000000000
103905  -51.769  19.136  54.372 0.0000000000
141939  -51.559  19.481  54.101 0.0000000000
102439  -51.273  16.414  52.880 0.0000000000
102425  -51.843  16.941  53.539 0.0000000000
101745  -51.159  15.741  52.782 0.0000000000
136156  -50.381  14.912  53.387 0.0000000000
100511  -50.254  14.541  52.497 0.0000000000
143575  -49.991  14.350  52.087 0.0000000000
136959  -48.388  15.661  51.159 0.0000000000
101155  -48.602  14.603  51.195 0.0000000000
101760  -48.266  15.101  50.577 0.0000000000
100537  -47.654  14.573  50.342 0.0000000000
101164  -47.713  14.992  49.999 0.0000000000
103198  -46.880  18.022  51.593 0.0000000000
97859  -42.775  9.927  70.286 0.0000000000
98524  -44.335  10.291  70.655 0.0000000000
97861  -44.382  9.943  70.369 0.0000000000
97862  -45.977  10.007  69.812 0.0000000000
99163  -45.251  12.839  68.286 0.0000000000
99140  -45.064  12.119  69.698 0.0000000000
99763  -45.909  12.396  69.024 0.0000000000
99127  -48.002  11.169  70.327 0.0000000000
99126  -47.080  11.219  70.449 0.0000000000
98527  -47.573  10.549  70.534 0.0000000000
97864  -47.920  9.884  70.085 0.0000000000
97865  -48.926  9.729  70.201 0.0000000000
97162  -49.705  9.620  70.039 0.0000000000
97866  -50.158  9.742  69.800 0.0000000000
97877  -50.549  9.558  69.224 0.0000000000
124712  -50.885  9.511  68.153 0.0000000000
98558  -49.954  11.059  67.443 0.0000000000
105700  -44.770  23.289  69.667 0.0000000000
104450  -44.786  21.554  68.909 0.0000000000
105773  -46.479  22.556  59.421 0.0000000000
106394  -45.855  22.741  60.015 0.0000000000
105760  -46.705  22.648  60.250 0.0000000000
146345  -47.693  24.182  62.570 0.0000000000
145242  -47.085  23.865  62.219 0.0000000000
120968  -46.952  23.890  62.780 0.0000000000
106360  -46.211  23.714  63.130 0.0000000000
106344  -46.851  23.584  63.575 0.0000000000
106336  -50.229  24.420  65.328 0.0000000000
106946  -50.011  24.609  64.387 0.0000000000
106347  -49.687  24.271  65.052 0.0000000000
105714  -48.087  23.057  67.180 0.0000000000
105724  -48.127  22.939  65.932 0.0000000000
105713  -47.007  22.758  66.824 0.0000000000
105712  -46.007  22.639  67.339 0.0000000000
122628  -46.442  23.036  68.508 0.0000000000
104452  -46.524  21.004  68.243 0.0000000000
128113  -46.006  20.573  67.832 0.0000000000
137621  -46.185  19.383  67.357 0.0000000000
103005  -45.827  18.708  67.071 0.0000000000
103006  -46.669  18.618  67.312 0.0000000000
102997  -49.161  17.987  68.158 0.0000000000
102252  -47.911  17.904  67.539 0.0000000000
123152  -48.429  17.080  67.798 0.0000000000
101586  -48.763  16.246  68.079 0.0000000000
103000  -51.718  18.297  68.563 0.0000000000
102999  -51.142  18.344  68.843 0.0000000000
102244  -51.466  17.707  68.740 0.0000000000
100374  -51.335  15.301  68.220 0.0000000000
100985  -50.824  15.727  68.520 0.0000000000
100373  -50.227  14.888  68.480 0.0000000000
99768  -50.573  14.533  68.205 0.0000000000
99792  -49.860  13.596  68.156 0.0000000000
99793  -50.902  14.206  67.705 0.0000000000
99170  -51.757  12.787  65.183 0.0000000000
99169  -50.470  12.333  66.378 0.0000000000
99188  -52.554  12.614  62.983 0.0000000000
98570  -52.631  11.768  62.577 0.0000000000
98583  -52.604  11.583  61.899 0.0000000000
97912  -52.388  10.756  61.674 0.0000000000
99221  -52.371  12.036  61.580 0.0000000000
100425  -51.923  14.561  64.685 0.0000000000
99813  -52.629  14.083  64.001 0.0000000000
99812  -51.258  13.773  64.276 0.0000000000
127759  -50.857  12.460  61.310 0.0000000000
123733  -51.046  12.614  62.232 0.0000000000
99219  -51.181  12.286  60.706 0.0000000000
98603  -51.353  12.055  60.490 0.0000000000
99234  -50.707  12.149  60.059 0.0000000000
98601  -50.121  11.985  59.711 0.0000000000
99233  -49.908  12.194  59.780 0.0000000000
99231  -48.221  12.446  59.373 0.0000000000
99245  -48.560  12.146  59.067 0.0000000000
98609  -47.902  12.169  58.722 0.0000000000
97963  -47.433  12.018  58.531 0.0000000000
99256  -47.179  12.206  58.610 0.0000000000
143971  -48.469  19.102  64.375 0.0000000000
103039  -48.273  18.442  64.688 0.0000000000
102285  -46.848  16.973  64.123 0.0000000000
132889  -47.227  16.303  64.677 0.0000000000
101033  -47.415  15.253  64.837 0.0000000000
101032  -46.667  15.477  64.422 0.0000000000
101042  -44.490  15.960  63.440 0.0000000000
99821  -44.917  13.696  62.995 0.0000000000
120827  -45.696  13.524  63.319 0.0000000000
99198  -46.011  12.591  61.972 0.0000000000
99241  -44.833  12.952  58.668 0.0000000000
99254  -45.473  12.638  58.172 0.0000000000
98615  -45.926  12.316  57.943 0.0000000000
95843  -52.878  7.046  67.222 0.0000000000
95850  -53.497  6.733  66.361 0.0000000000
142662  -52.764  7.189  64.564 0.0000000000
101697  -51.793  16.361  54.941 0.0000000000
102385  -52.198  16.767  55.363 0.0000000000
101696  -50.717  16.535  55.109 0.0000000000
102366  -49.373  17.851  56.031 0.0000000000
103135  -48.663  18.264  56.163 0.0000000000
102382  -48.619  17.818  55.568 0.0000000000
124909  -45.732  17.187  66.781 0.0000000000
107596  -43.174  25.410  58.141 0.0000000000
107008  -43.544  24.634  58.504 0.0000000000
136480  -44.555  23.309  60.180 0.0000000000
105132  -50.940  22.165  64.411 0.0000000000
105133  -51.174  22.090  65.087 0.0000000000
105125  -51.235  21.399  65.776 0.0000000000
104472  -51.427  20.587  66.369 0.0000000000
104465  -51.898  19.963  66.770 0.0000000000
103761  -52.264  19.308  66.964 0.0000000000
103760  -52.126  19.089  66.777 0.0000000000
103025  -51.918  18.228  66.543 0.0000000000
103024  -50.814  18.081  66.463 0.0000000000
102283  -49.649  17.700  66.207 0.0000000000
102282  -48.707  17.188  65.710 0.0000000000
129278  -49.214  22.632  56.489 0.0000000000
142068  -48.931  21.943  56.979 0.0000000000
124011  -49.410  21.416  57.121 0.0000000000
104530  -50.190  20.630  58.134 0.0000000000
103100  -52.346  18.982  58.842 0.0000000000
103835  -52.398  19.726  59.262 0.0000000000
103834  -52.239  19.350  59.544 0.0000000000
103813  -52.102  19.643  60.055 0.0000000000
104497  -51.578  20.153  60.544 0.0000000000
105141  -51.307  21.547  61.398 0.0000000000
103792  -50.588  19.893  60.900 0.0000000000
144710  -50.024  20.257  61.649 0.0000000000
103791  -49.566  19.668  61.362 0.0000000000
103070  -49.086  19.213  60.938 0.0000000000
137617  -46.810  19.532  58.724 0.0000000000
95199  -47.646  6.387  63.504 0.0000000000
97205  -47.462  9.510  64.873 0.0000000000
96510  -48.160  9.003  64.729 0.0000000000
97196  -50.321  8.632  67.573 0.0000000000
128966  -50.525  8.835  69.156 0.0000000000
110306  -38.616  30.228  60.261 0.0000000000
110886  -42.464  32.302  57.960 0.0000000000
134925  -41.424  31.315  58.139 0.0000000000
110893  -42.150  31.414  57.788 0.0000000000
110338  -42.664  30.645  57.536 0.0000000000
109795  -42.287  29.778  57.548 0.0000000000
134247  -42.493  28.934  57.489 0.0000000000
109796  -43.320  29.063  57.196 0.0000000000
143578  -43.886  29.247  56.900 0.0000000000
109800  -45.245  29.325  56.565 0.0000000000
110382  -49.814  30.620  54.739 0.0000000000
109803  -48.735  29.830  55.831 0.0000000000
109256  -49.602  29.085  55.504 0.0000000000
108689  -49.977  28.235  55.571 0.0000000000
108687  -50.294  27.475  55.677 0.0000000000
108127  -50.579  26.696  55.713 0.0000000000
107632  -51.790  26.255  54.843 0.0000000000
107633  -52.025  25.160  54.660 0.0000000000
105199  -48.144  21.857  54.460 0.0000000000
105822  -49.754  22.366  54.303 0.0000000000
105200  -49.325  21.560  54.296 0.0000000000
104576  -50.274  20.135  53.820 0.0000000000
103920  -50.492  19.355  53.658 0.0000000000
103921  -51.354  19.078  53.801 0.0000000000
103181  -50.676  18.474  53.436 0.0000000000
101744  -50.457  15.752  52.313 0.0000000000
101755  -50.023  15.069  51.663 0.0000000000
101743  -49.339  15.887  51.731 0.0000000000
102449  -47.971  16.561  51.525 0.0000000000
100388  -40.321  14.118  67.160 0.0000000000
99783  -40.039  13.336  67.502 0.0000000000
99158  -40.507  12.566  68.159 0.0000000000
99136  -40.984  11.763  69.257 0.0000000000
97836  -43.442  10.001  70.783 0.0000000000
98523  -43.524  10.336  70.910 0.0000000000
99123  -44.046  10.859  70.798 0.0000000000
99124  -44.823  11.096  70.615 0.0000000000
99764  -46.724  12.708  68.720 0.0000000000
99142  -47.544  12.123  69.568 0.0000000000
98528  -48.789  10.804  70.222 0.0000000000
98547  -49.121  11.368  69.489 0.0000000000
99164  -49.332  12.162  68.394 0.0000000000
105118  -44.001  22.579  67.556 0.0000000000
105701  -45.348  23.246  69.586 0.0000000000
106395  -47.102  23.215  61.022 0.0000000000
106396  -48.028  23.313  61.129 0.0000000000
106964  -48.223  24.371  62.209 0.0000000000
106953  -48.404  24.476  62.703 0.0000000000
106321  -50.196  23.791  67.621 0.0000000000
122592  -49.800  24.020  66.110 0.0000000000
106320  -49.704  23.753  68.333 0.0000000000
106319  -48.754  23.663  69.235 0.0000000000
106310  -47.783  23.650  69.953 0.0000000000
105703  -46.816  23.381  69.626 0.0000000000
105096  -47.095  22.994  70.097 0.0000000000
104431  -47.729  21.684  68.935 0.0000000000
139376  -47.278  20.824  68.262 0.0000000000
103007  -47.698  18.788  67.590 0.0000000000
103730  -47.994  19.773  67.842 0.0000000000
103008  -48.671  18.929  67.977 0.0000000000
101579  -52.537  16.643  67.591 0.0000000000
101578  -52.033  16.554  68.417 0.0000000000
100986  -52.291  16.179  68.004 0.0000000000
100398  -52.295  15.241  67.455 0.0000000000
99794  -51.997  14.557  67.228 0.0000000000
99799  -51.354  13.876  67.007 0.0000000000
99800  -52.529  14.246  66.370 0.0000000000
99174  -52.276  12.479  64.280 0.0000000000
99828  -52.574  13.425  63.645 0.0000000000
99187  -52.417  12.876  62.916 0.0000000000
99811  -49.823  13.543  64.476 0.0000000000
99825  -50.594  13.195  63.718 0.0000000000
99202  -49.804  12.481  61.979 0.0000000000
146223  -49.460  12.417  60.088 0.0000000000
99217  -49.133  12.457  61.096 0.0000000000
127357  -48.477  12.471  60.394 0.0000000000
129106  -47.566  12.544  60.173 0.0000000000
103042  -47.538  18.259  63.400 0.0000000000
103038  -47.701  17.974  64.184 0.0000000000
102292  -47.168  17.629  63.789 0.0000000000
101057  -43.243  15.038  62.542 0.0000000000
100447  -43.854  14.490  62.710 0.0000000000
99837  -44.181  13.795  62.439 0.0000000000
99213  -45.108  12.817  60.674 0.0000000000
139998  -44.327  13.232  60.355 0.0000000000
99860  -44.186  13.208  59.365 0.0000000000
99240  -43.980  13.032  58.768 0.0000000000
99252  -43.673  12.554  58.443 0.0000000000
99251  -42.840  12.301  58.671 0.0000000000
94509  -51.425  5.200  65.105 0.0000000000
103892  -52.016  19.243  55.515 0.0000000000
104542  -51.620  19.803  55.868 0.0000000000
103882  -52.467  18.491  56.481 0.0000000000
103122  -52.512  18.249  57.038 0.0000000000
102368  -52.238  17.219  56.218 0.0000000000
102356  -52.206  17.661  57.117 0.0000000000
142056  -52.266  18.475  58.185 0.0000000000
103110  -51.898  18.495  58.721 0.0000000000
103109  -51.263  18.273  58.415 0.0000000000
103108  -50.299  18.576  58.713 0.0000000000
103097  -50.061  18.816  59.487 0.0000000000
103118  -47.895  19.134  57.431 0.0000000000
135305  -48.340  18.675  56.691 0.0000000000
103134  -47.629  18.879  56.625 0.0000000000
95865  -45.468  7.308  63.455 0.0000000000
144615  -45.128  7.978  63.438 0.0000000000
96518  -45.681  8.336  63.578 0.0000000000
97203  -45.296  9.817  64.622 0.0000000000
125983  -46.035  9.777  64.723 0.0000000000
97204  -46.667  9.396  64.375 0.0000000000
135705  -46.730  9.970  65.167 0.0000000000
111920  -42.902  33.345  59.074 0.0000000000
111442  -43.884  33.060  57.950 0.0000000000
111938  -44.989  33.336  57.794 0.0000000000
111444  -45.556  32.527  57.417 0.0000000000
127600  -49.188  27.232  54.396 0.0000000000
106466  -47.334  23.206  54.590 0.0000000000
141140  -47.610  20.428  53.902 0.0000000000
103918  -47.393  19.730  53.416 0.0000000000
103191  -47.119  18.383  52.366 0.0000000000
103917  -46.690  19.946  52.935 0.0000000000
103927  -46.461  19.725  52.322 0.0000000000
100393  -45.092  14.296  67.127 0.0000000000
133216  -45.728  14.028  67.432 0.0000000000
99790  -46.850  13.644  67.950 0.0000000000
99791  -47.529  14.047  68.037 0.0000000000
100396  -47.893  14.759  67.951 0.0000000000
105748  -44.144  23.048  63.562 0.0000000000
105749  -44.867  23.116  63.671 0.0000000000
127042  -51.051  24.033  62.321 0.0000000000
106966  -50.081  24.706  62.748 0.0000000000
106968  -50.751  24.389  63.130 0.0000000000
106348  -51.107  24.164  64.942 0.0000000000
106337  -50.648  24.209  65.546 0.0000000000
106329  -51.114  23.541  65.840 0.0000000000
106328  -50.448  23.909  66.478 0.0000000000
105705  -50.380  23.383  68.162 0.0000000000
105085  -50.390  22.355  69.136 0.0000000000
140250  -50.189  21.966  69.380 0.0000000000
103733  -50.729  19.877  68.910 0.0000000000
144849  -51.105  19.731  68.851 0.0000000000
103734  -51.548  19.151  68.508 0.0000000000
103001  -52.398  17.933  67.908 0.0000000000
103745  -52.362  18.823  67.199 0.0000000000
103009  -52.475  18.215  67.163 0.0000000000
102246  -52.504  17.281  67.762 0.0000000000
101587  -52.636  16.927  67.009 0.0000000000
101611  -52.589  16.338  66.428 0.0000000000
101024  -52.617  15.536  65.642 0.0000000000
100419  -52.963  14.664  64.688 0.0000000000
101029  -52.756  15.264  65.214 0.0000000000
101022  -51.127  15.881  66.058 0.0000000000
100417  -50.399  14.573  65.372 0.0000000000
99803  -49.398  14.087  65.026 0.0000000000
139621  -48.554  14.358  64.998 0.0000000000
102301  -44.736  17.735  63.053 0.0000000000
101619  -43.916  16.745  63.139 0.0000000000
101041  -43.578  15.911  63.007 0.0000000000
100445  -42.803  14.613  61.847 0.0000000000
142907  -42.623  14.446  61.316 0.0000000000
100462  -42.389  14.307  60.700 0.0000000000
106427  -46.359  23.655  57.517 0.0000000000
106426  -45.629  23.741  57.788 0.0000000000
105774  -47.304  22.340  59.653 0.0000000000
105153  -47.967  21.986  59.042 0.0000000000
105775  -48.156  22.157  59.850 0.0000000000
133605  -48.516  22.725  60.532 0.0000000000
105762  -49.582  22.885  60.556 0.0000000000
106398  -50.156  23.799  61.046 0.0000000000
104532  -51.815  19.556  57.188 0.0000000000
104531  -50.925  20.112  57.619 0.0000000000
104522  -51.393  20.508  58.665 0.0000000000
122440  -52.382  19.998  58.902 0.0000000000
104511  -52.162  20.571  59.240 0.0000000000
105156  -51.635  21.239  59.495 0.0000000000
105777  -51.152  22.085  60.059 0.0000000000
106388  -50.857  24.074  61.702 0.0000000000
105755  -51.283  22.814  62.778 0.0000000000
105137  -50.803  22.086  62.936 0.0000000000
127902  -50.510  21.854  63.861 0.0000000000
104470  -49.692  20.213  65.431 0.0000000000
103777  -48.883  19.803  64.433 0.0000000000
103779  -48.478  19.319  63.627 0.0000000000
103052  -48.127  18.793  62.864 0.0000000000
103050  -46.580  18.315  62.757 0.0000000000
103096  -49.068  19.013  59.745 0.0000000000
103810  -47.282  19.324  60.146 0.0000000000
103084  -46.941  19.097  60.904 0.0000000000
122163  -46.962  6.786  63.499 0.0000000000
96520  -47.952  8.383  64.054 0.0000000000
121904  -48.500  6.846  63.768 0.0000000000
120636  -50.262  5.753  64.460 0.0000000000
95181  -51.814  6.094  65.898 0.0000000000
95848  -51.134  7.524  66.769 0.0000000000
95842  -52.585  7.056  67.244 0.0000000000
135980  -52.340  7.575  67.588 0.0000000000
97186  -52.071  8.504  67.784 0.0000000000
110317  -38.557  29.956  59.619 0.0000000000
110327  -40.196  30.698  58.531 0.0000000000
109790  -39.815  29.820  58.501 0.0000000000
109786  -38.468  29.053  59.322 0.0000000000
109239  -38.565  28.010  59.253 0.0000000000
108669  -38.724  27.361  59.414 0.0000000000
108107  -39.284  26.792  59.392 0.0000000000
127308  -40.179  26.379  59.212 0.0000000000
128412  -40.812  26.597  58.744 0.0000000000
108113  -42.185  26.381  58.153 0.0000000000
108678  -42.360  27.494  57.696 0.0000000000
108116  -42.618  26.813  57.746 0.0000000000
107606  -42.856  26.120  57.885 0.0000000000
107607  -43.613  25.913  57.676 0.0000000000
107608  -44.427  25.724  57.478 0.0000000000
107609  -45.311  25.571  57.227 0.0000000000
110897  -46.273  31.814  57.041 0.0000000000
143146  -46.046  31.015  56.768 0.0000000000
109801  -46.158  29.389  56.447 0.0000000000
109253  -45.724  28.447  56.547 0.0000000000
109255  -48.114  28.890  56.049 0.0000000000
109254  -46.886  28.793  56.355 0.0000000000
108684  -45.699  27.584  56.659 0.0000000000
132641  -46.166  26.921  56.661 0.0000000000
107618  -46.091  25.989  56.859 0.0000000000
107610  -46.022  25.237  57.080 0.0000000000
107026  -46.502  24.658  57.087 0.0000000000
107027  -47.297  24.103  56.928 0.0000000000
133303  -48.407  24.099  56.602 0.0000000000
107043  -49.561  25.000  56.201 0.0000000000
135867  -49.366  24.083  56.318 0.0000000000
105796  -50.446  22.906  55.713 0.0000000000
105797  -50.948  22.236  55.453 0.0000000000
105179  -51.299  21.553  55.217 0.0000000000
107646  -51.012  25.913  54.429 0.0000000000
107066  -51.608  25.131  54.297 0.0000000000
106469  -51.967  24.338  53.892 0.0000000000
127141  -50.355  23.285  54.061 0.0000000000
128546  -51.958  23.670  53.732 0.0000000000
105824  -52.502  23.226  53.923 0.0000000000
105825  -52.336  22.916  53.951 0.0000000000
105188  -51.760  22.169  54.246 0.0000000000
104553  -51.607  20.336  54.889 0.0000000000
131757  -52.020  18.997  54.900 0.0000000000
103906  -52.259  18.150  54.773 0.0000000000
103168  -52.375  17.166  54.429 0.0000000000
103182  -51.566  18.032  53.688 0.0000000000
103184  -52.145  16.581  54.007 0.0000000000
102426  -52.126  16.528  54.103 0.0000000000
101107  -51.013  15.439  53.791 0.0000000000
101106  -50.423  15.272  53.784 0.0000000000
101156  -49.619  14.669  51.603 0.0000000000
100527  -48.565  14.232  51.634 0.0000000000
102448  -47.273  17.130  51.095 0.0000000000
97883  -44.458  10.503  67.223 0.0000000000
97860  -43.673  9.865  70.117 0.0000000000
97872  -44.426  10.002  69.110 0.0000000000
121792  -45.045  10.286  68.183 0.0000000000
97873  -45.794  10.280  68.233 0.0000000000
97885  -46.935  10.143  67.490 0.0000000000
97886  -47.932  9.901  67.743 0.0000000000
99161  -43.642  12.246  69.124 0.0000000000
98525  -45.604  10.527  70.520 0.0000000000
145631  -46.281  11.085  70.555 0.0000000000
97839  -46.252  10.208  70.273 0.0000000000
97863  -46.882  9.912  69.985 0.0000000000
97875  -47.497  9.977  68.893 0.0000000000
97178  -49.763  9.044  69.236 0.0000000000
97172  -50.269  9.224  69.872 0.0000000000
97173  -50.561  9.075  69.738 0.0000000000
97185  -51.640  8.457  68.570 0.0000000000
104449  -43.813  20.717  67.887 0.0000000000
106406  -45.007  23.266  58.924 0.0000000000
128681  -45.368  23.283  60.690 0.0000000000
106384  -46.666  23.571  61.598 0.0000000000
141589  -45.938  23.484  61.393 0.0000000000
106383  -45.388  23.590  61.560 0.0000000000
121446  -45.398  23.641  62.983 0.0000000000
106343  -45.801  23.248  63.787 0.0000000000
105735  -45.178  22.676  64.455 0.0000000000
106955  -49.887  24.701  63.387 0.0000000000
106945  -49.331  24.504  63.730 0.0000000000
129670  -48.687  24.107  64.126 0.0000000000
106335  -49.004  23.576  65.471 0.0000000000
106334  -48.169  23.352  64.799 0.0000000000
106345  -47.833  23.764  63.850 0.0000000000
105737  -47.130  23.182  64.430 0.0000000000
105736  -46.390  22.671  64.930 0.0000000000
132182  -45.608  22.433  65.206 0.0000000000
105711  -45.300  22.370  66.363 0.0000000000
143796  -45.452  22.692  67.894 0.0000000000
105112  -45.647  23.257  70.365 0.0000000000
142378  -46.319  23.251  69.539 0.0000000000
105113  -46.002  23.008  69.636 0.0000000000
104451  -45.588  22.190  69.623 0.0000000000
123854  -45.226  20.495  67.701 0.0000000000
137575  -44.992  19.107  66.880 0.0000000000
102272  -46.160  17.894  67.027 0.0000000000
102250  -46.515  17.126  67.027 0.0000000000
142977  -47.246  18.244  67.398 0.0000000000
102251  -47.364  17.045  67.383 0.0000000000
101584  -46.799  16.224  67.203 0.0000000000
101000  -48.271  15.533  67.963 0.0000000000
100372  -48.979  14.904  68.327 0.0000000000
122217  -50.650  19.045  68.828 0.0000000000
102998  -50.392  18.261  68.661 0.0000000000
102243  -50.319  17.489  68.574 0.0000000000
101577  -51.199  16.493  68.619 0.0000000000
101576  -50.434  16.730  68.583 0.0000000000
101575  -49.706  16.175  68.459 0.0000000000
100984  -49.912  15.446  68.550 0.0000000000
139103  -49.685  14.858  68.494 0.0000000000
125346  -49.371  14.269  68.477 0.0000000000
98557  -49.805  12.274  67.415 0.0000000000
99166  -50.611  13.118  66.865 0.0000000000
97888  -50.760  10.367  66.214 0.0000000000
97197  -51.789  9.301  66.302 0.0000000000
97207  -51.892  9.596  64.831 0.0000000000
134598  -52.284  9.939  63.547 0.0000000000
97213  -52.361  9.549  63.275 0.0000000000
98564  -52.488  11.837  63.285 0.0000000000
97902  -52.463  10.962  63.032 0.0000000000
97221  -52.395  10.154  62.462 0.0000000000
97233  -52.008  10.439  61.436 0.0000000000
100426  -52.961  14.522  64.480 0.0000000000
99827  -52.587  13.494  63.574 0.0000000000
128877  -51.292  12.978  62.995 0.0000000000
99186  -52.142  12.900  62.687 0.0000000000
99204  -52.253  12.493  62.036 0.0000000000
98594  -51.974  11.782  60.948 0.0000000000
97945  -51.495  11.631  60.524 0.0000000000
97926  -50.503  10.868  60.712 0.0000000000
97925  -49.266  10.657  60.584 0.0000000000
97942  -48.556  10.920  59.784 0.0000000000
99246  -49.392  12.035  59.439 0.0000000000
97953  -48.731  11.643  59.213 0.0000000000
103035  -48.798  18.139  65.551 0.0000000000
101613  -47.947  16.771  65.163 0.0000000000
100424  -47.777  14.417  64.752 0.0000000000
99809  -47.454  13.741  64.352 0.0000000000
102290  -45.670  16.926  63.629 0.0000000000
129432  -44.708  15.075  63.478 0.0000000000
100422  -46.053  14.936  64.081 0.0000000000
100437  -46.187  14.071  63.861 0.0000000000
99808  -46.810  13.696  64.093 0.0000000000
99823  -47.339  13.122  63.768 0.0000000000
99199  -46.819  12.568  62.159 0.0000000000
99215  -46.764  12.559  61.128 0.0000000000
99230  -46.773  12.603  59.998 0.0000000000
99229  -45.890  12.663  59.781 0.0000000000
99243  -46.791  12.517  58.985 0.0000000000
96495  -53.306  7.205  66.774 0.0000000000
97179  -50.535  9.064  69.760 0.0000000000
97187  -52.513  8.086  67.278 0.0000000000
97840  -47.248  10.153  70.334 0.0000000000
97841  -48.156  10.060  70.436 0.0000000000
97842  -48.944  10.085  70.372 0.0000000000
97943  -49.388  11.566  59.590 0.0000000000
98522  -43.000  10.275  70.705 0.0000000000
98563  -52.169  11.783  63.937 0.0000000000
98595  -52.354  11.458  61.371 0.0000000000
98602  -50.955  11.992  60.080 0.0000000000
99182  -47.001  12.682  63.040 0.0000000000
99184  -48.903  12.565  63.089 0.0000000000
99200  -47.637  12.489  62.280 0.0000000000
99220  -51.836  12.226  61.177 0.0000000000
99244  -47.785  12.394  58.881 0.0000000000
99810  -48.468  13.602  64.504 0.0000000000
99822  -46.498  13.288  63.534 0.0000000000
99838  -45.443  13.057  62.584 0.0000000000
100375  -52.119  15.745  67.939 0.0000000000
100412  -53.032  15.110  65.746 0.0000000000
100492  -50.086  14.454  52.963 0.0000000000
100510  -49.787  14.270  52.378 0.0000000000
100528  -50.170  14.650  51.921 0.0000000000
101030  -52.934  14.977  65.034 0.0000000000
101105  -49.660  15.304  53.768 0.0000000000
101108  -51.443  15.821  53.595 0.0000000000
101128  -50.796  15.025  53.167 0.0000000000
101144  -50.670  15.158  52.637 0.0000000000
101145  -51.413  15.785  53.216 0.0000000000
101698  -52.181  16.573  54.558 0.0000000000
101711  -50.144  15.919  54.369 0.0000000000
101713  -51.738  16.189  54.170 0.0000000000
101759  -47.625  15.557  49.898 0.0000000000
102406  -52.223  16.616  54.316 0.0000000000
102440  -51.718  16.236  53.516 0.0000000000
103027  -52.325  18.518  66.862 0.0000000000
103121  -52.387  18.136  57.442 0.0000000000
103183  -52.131  17.484  54.003 0.0000000000
103853  -52.410  19.374  58.450 0.0000000000
103919  -49.292  19.414  53.658 0.0000000000
103922  -51.790  18.584  54.108 0.0000000000
103928  -46.858  19.230  52.692 0.0000000000
104427  -50.008  21.733  69.437 0.0000000000
104434  -50.559  20.771  68.931 0.0000000000
104499  -52.411  20.744  59.852 0.0000000000
104512  -52.381  20.411  59.572 0.0000000000
104565  -49.824  20.915  54.095 0.0000000000
105094  -45.241  23.292  70.598 0.0000000000
105095  -46.576  23.150  69.896 0.0000000000
105098  -49.309  22.120  69.559 0.0000000000
105170  -48.677  21.735  57.669 0.0000000000
105189  -51.951  22.402  54.033 0.0000000000
105208  -47.214  21.068  54.126 0.0000000000
105677  -49.066  23.403  69.883 0.0000000000
105678  -49.901  22.870  69.664 0.0000000000
105688  -47.268  23.303  70.167 0.0000000000
105704  -47.924  23.438  68.736 0.0000000000
105715  -50.709  23.335  67.002 0.0000000000
105720  -43.092  22.307  65.446 0.0000000000
105756  -51.281  23.474  62.722 0.0000000000
105772  -45.666  22.842  59.008 0.0000000000
105784  -47.103  22.399  58.794 0.0000000000
105795  -48.255  22.391  57.247 0.0000000000
105823  -51.530  22.848  53.736 0.0000000000
106312  -49.359  23.655  69.347 0.0000000000
106313  -49.984  23.745  68.649 0.0000000000
106327  -50.007  23.912  67.000 0.0000000000
106346  -49.394  24.339  64.390 0.0000000000
106358  -43.661  23.264  63.096 0.0000000000
106362  -48.514  24.356  63.357 0.0000000000
106372  -44.847  23.628  62.474 0.0000000000
106373  -45.471  23.721  62.207 0.0000000000
106386  -48.539  24.182  61.694 0.0000000000
106389  -51.226  23.465  61.360 0.0000000000
106399  -50.894  23.709  61.120 0.0000000000
106416  -44.653  23.710  58.524 0.0000000000
106417  -45.307  23.443  58.337 0.0000000000
106418  -45.982  23.127  58.170 0.0000000000
106456  -52.526  23.989  54.018 0.0000000000
106947  -50.566  24.475  64.731 0.0000000000
106948  -50.801  24.388  64.001 0.0000000000
106954  -49.179  24.649  62.987 0.0000000000
106956  -50.361  24.604  63.329 0.0000000000
106967  -50.511  24.534  62.728 0.0000000000
106982  -50.469  24.503  62.210 0.0000000000
107053  -52.018  24.764  54.816 0.0000000000
107065  -50.417  24.605  54.129 0.0000000000
107067  -52.268  24.607  54.202 0.0000000000
107631  -51.087  25.328  55.541 0.0000000000
108115  -42.064  26.974  57.959 0.0000000000
108123  -45.517  26.369  56.954 0.0000000000
108125  -48.172  26.839  56.477 0.0000000000
108134  -51.447  26.709  55.102 0.0000000000
108136  -51.770  25.841  54.816 0.0000000000
108145  -49.901  26.425  54.376 0.0000000000
108664  -37.887  27.262  60.360 0.0000000000
108667  -37.753  27.825  60.176 0.0000000000
108672  -39.216  27.565  58.972 0.0000000000
108683  -44.563  27.137  57.096 0.0000000000
108685  -47.221  27.269  56.481 0.0000000000
108690  -51.111  27.297  55.138 0.0000000000
108691  -50.939  27.797  54.964 0.0000000000
109228  -37.591  28.116  62.022 0.0000000000
109232  -37.860  28.817  61.524 0.0000000000
109235  -37.655  28.344  60.454 0.0000000000
109241  -39.161  28.400  58.781 0.0000000000
109243  -41.219  28.248  57.972 0.0000000000
109249  -44.278  27.901  56.981 0.0000000000
109252  -44.754  28.548  56.708 0.0000000000
109262  -50.568  28.563  54.915 0.0000000000
109275  -49.761  29.397  54.498 0.0000000000
109782  -37.806  28.921  60.683 0.0000000000
109785  -37.857  28.866  59.983 0.0000000000
109787  -38.970  29.982  59.016 0.0000000000
109799  -44.403  29.303  56.720 0.0000000000
109812  -50.278  30.001  54.917 0.0000000000
110296  -38.975  30.386  60.972 0.0000000000
110318  -39.028  30.527  59.598 0.0000000000
110328  -40.998  30.658  58.109 0.0000000000
110352  -45.821  30.250  56.592 0.0000000000
110371  -50.110  30.572  54.963 0.0000000000
110885  -41.691  32.028  58.303 0.0000000000
110894  -43.007  31.491  57.588 0.0000000000
111425  -41.101  32.182  59.698 0.0000000000
111430  -41.198  32.197  58.936 0.0000000000
111431  -42.958  32.999  58.320 0.0000000000
111432  -43.512  33.447  58.653 0.0000000000
111939  -46.119  33.440  57.745 0.0000000000
121569  -46.124  23.700  61.951 0.0000000000
122112  -50.959  17.804  68.826 0.0000000000
122243  -51.858  18.049  57.972 0.0000000000
123470  -52.377  17.213  66.565 0.0000000000
123848  -51.716  17.089  68.646 0.0000000000
125724  -50.314  29.326  54.894 0.0000000000
128068  -39.708  26.166  59.689 0.0000000000
128358  -39.879  28.801  58.433 0.0000000000
129901  -43.092  29.933  57.309 0.0000000000
130839  -46.274  14.096  67.561 0.0000000000
132410  -43.549  28.076  57.204 0.0000000000
132461  -42.028  28.214  57.695 0.0000000000
133616  -52.266  17.014  68.311 0.0000000000
134202  -49.550  14.335  51.866 0.0000000000
135811  -51.073  26.525  54.662 0.0000000000
136465  -51.558  21.472  54.331 0.0000000000
136474  -50.097  11.493  60.038 0.0000000000
137343  -46.816  30.936  56.642 0.0000000000
137756  -50.567  22.749  68.546 0.0000000000
138084  -42.825  29.440  57.389 0.0000000000
138433  -47.671  23.281  70.277 0.0000000000
139670  -52.591  23.369  53.918 0.0000000000
139847  -45.858  22.767  64.520 0.0000000000
140511  -48.910  23.368  66.403 0.0000000000
140607  -48.971  22.220  60.049 0.0000000000
140958  -48.647  26.400  56.463 0.0000000000
141663  -47.589  29.450  56.221 0.0000000000
141886  -48.244  12.449  61.500 0.0000000000
141922  -49.615  24.702  62.723 0.0000000000
142126  -50.371  29.517  54.978 0.0000000000
142256  -52.495  10.324  62.851 0.0000000000
142520  -51.363  26.168  55.315 0.0000000000
142819  -43.920  32.306  57.651 0.0000000000
143984  -49.594  10.790  69.452 0.0000000000
145141  -44.801  13.250  62.312 0.0000000000
145248  -51.828  21.610  60.501 0.0000000000
145900  -50.564  16.475  66.318 0.0000000000
146165  -46.320  10.256  67.745 0.0000000000
146402  -41.226  31.772  58.516 0.0000000000
