#!ascii label  , from subject sub-01 vox2ras=TkReg
911
35617  -15.100  -60.007  90.677 0.0000000000
49276  -37.422  -45.072  88.961 0.0000000000
56262  -42.884  -38.654  85.057 0.0000000000
51367  -45.689  -43.859  76.615 0.0000000000
44898  -34.237  -50.189  89.071 0.0000000000
137353  -47.385  -41.127  81.338 0.0000000000
59886  -49.331  -34.586  75.491 0.0000000000
62745  -52.876  -30.880  77.109 0.0000000000
141057  -41.060  -45.005  89.537 0.0000000000
53272  -43.898  -40.478  88.414 0.0000000000
54248  -39.528  -40.356  87.990 0.0000000000
36540  -16.787  -59.459  95.626 0.0000000000
36557  -21.350  -58.838  94.180 0.0000000000
36583  -25.847  -59.084  92.668 0.0000000000
35629  -29.276  -60.540  90.097 0.0000000000
37539  -33.646  -58.854  89.427 0.0000000000
41136  -33.516  -54.108  91.657 0.0000000000
45797  -36.968  -49.178  91.800 0.0000000000
51274  -46.969  -43.378  84.077 0.0000000000
131682  -54.384  -30.082  76.034 0.0000000000
50165  -38.782  -44.524  90.453 0.0000000000
52218  -40.077  -42.522  90.577 0.0000000000
51229  -38.559  -42.900  87.767 0.0000000000
125133  -17.512  -57.481  92.822 0.0000000000
36549  -19.623  -59.320  95.126 0.0000000000
40307  -32.990  -55.635  88.550 0.0000000000
39429  -33.986  -56.404  90.623 0.0000000000
42050  -31.826  -53.645  90.626 0.0000000000
138651  -35.980  -47.604  88.623 0.0000000000
46685  -34.711  -48.621  92.032 0.0000000000
48392  -37.127  -47.003  91.469 0.0000000000
47575  -38.873  -47.502  90.456 0.0000000000
127087  -44.453  -38.222  87.891 0.0000000000
53292  -46.047  -40.762  86.392 0.0000000000
55271  -47.035  -38.799  86.018 0.0000000000
52372  -48.424  -42.422  78.245 0.0000000000
51327  -49.406  -43.582  80.838 0.0000000000
131808  -46.612  -45.993  78.917 0.0000000000
48543  -45.923  -46.377  75.959 0.0000000000
58138  -50.295  -36.819  72.897 0.0000000000
56394  -48.121  -38.164  71.574 0.0000000000
44911  -31.821  -51.727  88.201 0.0000000000
53432  -47.596  -41.266  77.330 0.0000000000
60872  -50.935  -32.799  74.779 0.0000000000
58105  -52.773  -35.833  75.057 0.0000000000
60892  -54.614  -33.839  73.884 0.0000000000
49292  -41.700  -45.424  87.769 0.0000000000
51204  -41.833  -43.007  89.466 0.0000000000
54237  -41.275  -40.055  89.973 0.0000000000
122013  -16.066  -60.119  94.247 0.0000000000
35621  -21.890  -60.055  90.719 0.0000000000
36568  -23.441  -58.819  93.201 0.0000000000
35624  -24.830  -60.047  90.644 0.0000000000
35644  -26.288  -60.758  90.015 0.0000000000
34602  -27.672  -61.347  89.342 0.0000000000
33655  -30.407  -61.418  88.714 0.0000000000
141757  -31.337  -60.180  89.698 0.0000000000
36640  -34.423  -59.411  88.348 0.0000000000
43920  -32.529  -51.789  91.830 0.0000000000
43921  -34.920  -50.999  92.378 0.0000000000
43946  -36.400  -51.046  89.136 0.0000000000
44901  -39.527  -49.791  88.445 0.0000000000
46712  -40.984  -48.306  87.920 0.0000000000
53327  -49.357  -40.904  83.360 0.0000000000
55441  -45.685  -39.766  71.727 0.0000000000
50389  -45.554  -43.748  73.504 0.0000000000
131214  -14.751  -60.473  92.810 0.0000000000
49268  -37.517  -45.198  89.995 0.0000000000
50189  -38.333  -43.872  89.272 0.0000000000
50188  -37.835  -44.339  88.389 0.0000000000
41160  -32.419  -54.471  88.305 0.0000000000
41153  -32.510  -54.746  89.490 0.0000000000
42057  -31.686  -53.586  89.719 0.0000000000
48413  -36.677  -46.346  88.771 0.0000000000
48397  -36.000  -46.833  90.343 0.0000000000
49257  -37.216  -45.758  90.462 0.0000000000
137213  -37.923  -45.627  90.747 0.0000000000
56229  -45.999  -38.449  87.166 0.0000000000
56252  -45.880  -38.142  85.877 0.0000000000
51356  -47.576  -43.016  77.346 0.0000000000
50311  -47.894  -43.894  78.828 0.0000000000
50330  -46.276  -44.739  77.771 0.0000000000
128995  -45.863  -46.176  77.434 0.0000000000
123158  -45.533  -45.265  76.456 0.0000000000
56369  -51.252  -38.024  73.942 0.0000000000
55416  -50.134  -39.210  73.139 0.0000000000
54426  -51.418  -40.345  74.117 0.0000000000
62733  -50.716  -31.604  77.429 0.0000000000
61858  -52.295  -31.746  76.191 0.0000000000
59905  -51.484  -33.985  73.801 0.0000000000
60873  -52.857  -33.015  74.913 0.0000000000
58962  -54.128  -35.382  75.457 0.0000000000
61860  -54.340  -32.465  75.644 0.0000000000
63670  -54.664  -31.384  75.182 0.0000000000
49277  -41.534  -45.515  88.572 0.0000000000
50197  -41.812  -43.973  88.760 0.0000000000
139814  -41.582  -44.313  89.266 0.0000000000
53271  -39.732  -40.979  89.419 0.0000000000
53249  -40.402  -41.285  90.519 0.0000000000
145373  -40.157  -39.891  88.859 0.0000000000
56214  -41.030  -38.853  88.450 0.0000000000
55258  -39.437  -39.311  87.095 0.0000000000
35583  -17.165  -59.890  92.852 0.0000000000
35560  -17.672  -59.999  94.971 0.0000000000
36556  -20.757  -58.943  94.649 0.0000000000
38469  -25.469  -58.065  92.744 0.0000000000
36570  -25.034  -58.623  92.923 0.0000000000
35604  -23.922  -59.400  92.084 0.0000000000
35605  -25.010  -59.722  91.542 0.0000000000
35643  -25.514  -60.518  89.803 0.0000000000
35590  -26.196  -59.841  92.109 0.0000000000
34586  -28.710  -60.959  90.020 0.0000000000
34603  -29.207  -61.349  89.482 0.0000000000
34587  -29.694  -60.985  89.850 0.0000000000
37553  -32.495  -58.380  88.581 0.0000000000
37552  -31.910  -58.923  88.716 0.0000000000
37538  -32.729  -59.275  89.300 0.0000000000
35645  -31.777  -60.724  89.293 0.0000000000
124734  -33.210  -59.702  89.254 0.0000000000
35660  -33.507  -60.223  88.399 0.0000000000
139423  -34.155  -59.494  89.007 0.0000000000
40285  -33.801  -55.164  91.287 0.0000000000
39431  -34.961  -56.359  90.172 0.0000000000
133019  -35.132  -55.316  90.372 0.0000000000
128470  -35.044  -53.918  90.278 0.0000000000
43945  -32.116  -52.018  89.654 0.0000000000
44897  -33.725  -50.444  89.951 0.0000000000
46681  -36.156  -48.584  92.414 0.0000000000
45787  -34.653  -49.713  92.637 0.0000000000
44876  -36.108  -49.985  92.015 0.0000000000
43933  -35.810  -51.100  90.252 0.0000000000
44886  -37.216  -49.927  90.840 0.0000000000
44887  -38.289  -49.402  90.134 0.0000000000
48402  -40.084  -46.284  89.602 0.0000000000
47584  -40.092  -47.832  89.194 0.0000000000
47585  -41.067  -46.951  88.360 0.0000000000
47600  -41.498  -47.210  87.958 0.0000000000
38435  -15.997  -58.162  93.898 0.0000000000
37457  -16.030  -59.133  95.668 0.0000000000
141067  -15.651  -59.935  95.725 0.0000000000
53279  -42.860  -41.361  87.783 0.0000000000
136276  -43.374  -41.003  87.081 0.0000000000
52273  -46.470  -41.950  85.163 0.0000000000
54304  -46.486  -39.701  82.308 0.0000000000
55317  -48.416  -39.157  82.883 0.0000000000
54321  -49.545  -40.340  82.067 0.0000000000
131901  -47.943  -46.635  80.812 0.0000000000
49345  -48.335  -45.337  81.429 0.0000000000
54443  -48.279  -40.603  72.226 0.0000000000
55443  -47.025  -39.194  71.333 0.0000000000
53496  -46.513  -41.156  71.640 0.0000000000
52427  -45.070  -41.985  72.437 0.0000000000
51429  -47.171  -43.190  72.770 0.0000000000
137132  -47.035  -44.751  73.937 0.0000000000
64585  -52.712  -29.054  76.761 0.0000000000
62747  -54.091  -30.857  76.216 0.0000000000
65552  -53.616  -27.415  75.910 0.0000000000
66486  -54.426  -26.902  75.637 0.0000000000
127269  -39.788  -44.622  90.420 0.0000000000
50167  -40.266  -43.948  90.450 0.0000000000
51185  -39.125  -43.753  90.470 0.0000000000
52229  -39.161  -42.587  89.761 0.0000000000
52250  -38.927  -41.872  87.611 0.0000000000
38430  -17.165  -58.205  95.230 0.0000000000
36548  -18.326  -59.269  95.392 0.0000000000
38441  -21.275  -57.951  94.431 0.0000000000
38509  -33.495  -57.437  89.351 0.0000000000
38499  -33.914  -57.902  89.640 0.0000000000
39444  -33.335  -56.538  89.546 0.0000000000
136534  -33.008  -55.461  90.925 0.0000000000
41140  -32.493  -53.952  91.623 0.0000000000
46709  -35.097  -49.134  88.934 0.0000000000
45811  -34.226  -49.786  89.993 0.0000000000
46702  -35.212  -48.373  89.760 0.0000000000
47566  -35.860  -47.690  91.894 0.0000000000
47567  -36.740  -47.690  91.865 0.0000000000
46688  -37.801  -48.319  91.436 0.0000000000
48393  -37.803  -46.963  91.287 0.0000000000
48400  -38.667  -45.799  90.622 0.0000000000
38461  -15.944  -57.813  92.077 0.0000000000
54250  -44.174  -39.889  88.853 0.0000000000
53281  -44.551  -40.444  87.641 0.0000000000
54261  -45.659  -39.477  87.560 0.0000000000
54273  -46.631  -40.110  86.413 0.0000000000
53308  -47.884  -40.783  84.913 0.0000000000
53393  -49.182  -41.856  79.925 0.0000000000
52356  -49.696  -41.645  80.738 0.0000000000
50312  -48.709  -43.729  79.587 0.0000000000
49378  -48.010  -44.774  79.689 0.0000000000
59921  -49.481  -34.723  72.807 0.0000000000
59002  -47.863  -35.958  72.396 0.0000000000
57297  -49.553  -37.330  72.422 0.0000000000
55430  -49.391  -39.418  72.635 0.0000000000
128075  -37.000  -45.704  87.545 0.0000000000
47599  -36.205  -47.750  87.002 0.0000000000
55285  -44.328  -38.646  84.173 0.0000000000
53369  -47.048  -41.692  80.614 0.0000000000
121504  -47.918  -41.704  78.422 0.0000000000
52382  -48.185  -42.036  77.526 0.0000000000
51368  -46.770  -42.908  76.669 0.0000000000
60854  -50.307  -33.385  75.545 0.0000000000
59904  -50.422  -34.484  73.118 0.0000000000
58974  -51.701  -35.563  73.884 0.0000000000
127455  -52.666  -37.814  74.835 0.0000000000
61861  -54.656  -32.299  75.407 0.0000000000
59906  -54.814  -34.232  74.579 0.0000000000
50205  -41.613  -44.372  87.543 0.0000000000
51231  -41.946  -43.106  88.635 0.0000000000
53260  -42.499  -41.501  89.298 0.0000000000
127341  -40.698  -42.558  90.571 0.0000000000
141402  -41.556  -41.694  90.250 0.0000000000
123954  -42.919  -39.925  89.648 0.0000000000
56198  -42.934  -38.867  89.401 0.0000000000
127670  -42.609  -38.327  87.435 0.0000000000
51241  -37.679  -43.749  86.674 0.0000000000
52259  -38.522  -42.297  86.636 0.0000000000
54284  -38.526  -39.792  85.945 0.0000000000
35581  -15.404  -60.164  92.313 0.0000000000
36578  -16.805  -59.637  91.983 0.0000000000
35655  -22.107  -59.880  89.224 0.0000000000
39398  -20.787  -57.168  92.693 0.0000000000
38454  -22.000  -57.657  93.953 0.0000000000
36559  -23.025  -58.609  93.802 0.0000000000
35623  -23.620  -59.802  90.868 0.0000000000
120713  -26.386  -61.386  88.169 0.0000000000
34617  -27.035  -61.469  88.604 0.0000000000
36622  -29.902  -59.749  89.690 0.0000000000
37537  -30.333  -59.297  88.983 0.0000000000
36609  -30.634  -60.288  89.782 0.0000000000
34589  -31.088  -60.824  89.465 0.0000000000
145579  -31.569  -61.239  88.736 0.0000000000
38500  -34.397  -57.787  89.544 0.0000000000
42988  -31.560  -52.976  89.511 0.0000000000
42960  -31.957  -52.947  91.746 0.0000000000
42941  -32.787  -52.398  92.289 0.0000000000
45802  -33.691  -49.917  91.906 0.0000000000
143190  -34.039  -51.292  92.728 0.0000000000
42943  -33.900  -52.613  92.193 0.0000000000
42976  -34.794  -52.426  91.067 0.0000000000
42990  -35.685  -51.753  88.986 0.0000000000
43974  -40.061  -50.038  87.592 0.0000000000
135101  -39.429  -48.824  89.360 0.0000000000
44902  -40.057  -49.296  88.528 0.0000000000
45834  -40.518  -49.458  87.378 0.0000000000
46736  -40.883  -48.326  87.515 0.0000000000
127190  -15.354  -60.203  94.457 0.0000000000
56277  -46.441  -38.363  84.093 0.0000000000
55287  -48.506  -39.463  84.343 0.0000000000
139366  -48.586  -41.655  84.010 0.0000000000
51320  -49.789  -42.713  81.386 0.0000000000
130941  -48.700  -43.694  82.445 0.0000000000
50230  -47.541  -44.581  82.964 0.0000000000
53457  -47.343  -41.065  76.210 0.0000000000
52398  -45.646  -42.698  75.594 0.0000000000
58135  -47.297  -36.300  73.013 0.0000000000
57283  -46.593  -37.599  73.500 0.0000000000
54424  -44.952  -40.715  73.176 0.0000000000
51392  -44.829  -42.791  73.938 0.0000000000
51378  -45.181  -44.097  74.954 0.0000000000
49436  -45.560  -45.015  74.884 0.0000000000
35597  -14.531  -60.476  91.097 0.0000000000
50180  -37.923  -44.578  89.587 0.0000000000
41168  -31.804  -54.072  87.318 0.0000000000
41159  -31.941  -53.966  89.166 0.0000000000
42063  -31.567  -53.448  88.727 0.0000000000
48406  -36.563  -46.255  89.860 0.0000000000
49275  -37.049  -45.694  89.412 0.0000000000
56250  -43.622  -38.268  86.125 0.0000000000
56251  -44.833  -38.062  85.998 0.0000000000
56263  -43.979  -38.472  85.062 0.0000000000
51355  -46.350  -43.825  77.298 0.0000000000
50329  -45.671  -44.599  77.011 0.0000000000
50345  -45.444  -44.531  76.330 0.0000000000
55418  -51.863  -39.548  74.300 0.0000000000
56370  -51.498  -38.765  74.088 0.0000000000
63639  -52.327  -30.468  77.602 0.0000000000
62760  -52.933  -31.292  76.593 0.0000000000
61877  -52.550  -32.299  75.296 0.0000000000
61859  -53.366  -31.834  75.929 0.0000000000
61878  -53.850  -32.872  75.694 0.0000000000
62761  -53.702  -31.453  76.256 0.0000000000
49270  -41.290  -45.546  89.027 0.0000000000
50182  -41.513  -44.934  89.167 0.0000000000
50168  -41.092  -44.282  89.804 0.0000000000
53270  -39.410  -41.225  88.512 0.0000000000
54235  -40.106  -40.408  89.664 0.0000000000
54249  -39.836  -40.424  88.752 0.0000000000
138364  -40.213  -39.433  88.506 0.0000000000
54258  -39.302  -39.854  87.253 0.0000000000
36546  -16.800  -59.786  95.568 0.0000000000
35553  -17.575  -59.739  95.303 0.0000000000
35563  -20.748  -59.391  94.453 0.0000000000
37504  -25.707  -58.350  92.736 0.0000000000
36582  -24.896  -59.079  92.551 0.0000000000
36597  -25.461  -59.544  92.130 0.0000000000
35606  -25.683  -60.088  91.422 0.0000000000
36607  -28.855  -59.865  90.384 0.0000000000
35628  -28.413  -60.284  90.512 0.0000000000
146039  -30.052  -60.706  89.887 0.0000000000
38498  -33.301  -58.304  89.301 0.0000000000
36625  -33.620  -59.851  89.063 0.0000000000
124489  -33.957  -59.300  89.322 0.0000000000
40286  -34.453  -55.260  90.944 0.0000000000
41142  -34.115  -54.658  91.333 0.0000000000
41147  -34.717  -54.521  90.844 0.0000000000
42044  -34.073  -53.685  91.595 0.0000000000
44913  -33.509  -50.744  89.018 0.0000000000
45790  -36.281  -48.992  92.370 0.0000000000
44870  -35.663  -49.492  92.584 0.0000000000
45796  -36.413  -49.464  92.120 0.0000000000
44885  -36.532  -50.325  91.195 0.0000000000
44877  -36.884  -49.754  91.568 0.0000000000
44899  -37.875  -49.930  90.001 0.0000000000
45804  -37.572  -49.420  91.001 0.0000000000
49269  -40.624  -45.521  89.589 0.0000000000
48407  -40.895  -46.226  88.974 0.0000000000
48408  -41.330  -46.179  88.408 0.0000000000
37478  -16.499  -58.392  95.198 0.0000000000
37466  -15.874  -58.807  95.438 0.0000000000
36539  -16.166  -59.864  95.818 0.0000000000
142663  -42.880  -41.261  88.632 0.0000000000
53280  -43.686  -40.828  87.801 0.0000000000
52290  -47.153  -42.501  84.582 0.0000000000
52289  -46.454  -42.713  84.510 0.0000000000
51273  -46.391  -43.465  83.963 0.0000000000
51290  -46.820  -44.097  83.544 0.0000000000
54319  -47.008  -40.488  81.832 0.0000000000
54305  -47.804  -39.686  82.349 0.0000000000
54320  -48.469  -40.486  81.754 0.0000000000
58959  -48.758  -35.222  75.371 0.0000000000
53491  -48.080  -41.422  72.307 0.0000000000
54460  -47.384  -40.871  71.804 0.0000000000
53489  -46.536  -41.931  71.897 0.0000000000
49259  -39.133  -44.936  90.505 0.0000000000
50166  -39.430  -44.157  90.519 0.0000000000
51218  -38.719  -43.135  88.970 0.0000000000
51202  -38.849  -43.411  90.013 0.0000000000
52241  -39.035  -42.269  88.682 0.0000000000
38449  -17.201  -57.713  93.578 0.0000000000
139547  -20.604  -57.585  94.072 0.0000000000
40319  -32.578  -55.099  87.464 0.0000000000
39470  -32.822  -56.132  87.576 0.0000000000
39460  -33.108  -56.723  88.404 0.0000000000
41152  -31.931  -54.096  90.203 0.0000000000
41146  -32.426  -54.843  90.604 0.0000000000
141074  -32.065  -54.191  90.923 0.0000000000
40283  -32.676  -54.701  91.227 0.0000000000
41139  -32.121  -53.749  91.380 0.0000000000
46710  -35.633  -48.419  88.561 0.0000000000
47582  -35.702  -47.596  89.536 0.0000000000
46694  -35.458  -47.587  90.850 0.0000000000
47574  -36.246  -47.088  91.316 0.0000000000
47568  -37.504  -47.709  91.624 0.0000000000
49258  -38.496  -45.169  90.544 0.0000000000
145653  -38.030  -46.301  90.967 0.0000000000
49260  -39.694  -45.443  90.193 0.0000000000
38462  -16.700  -57.656  92.619 0.0000000000
136069  -16.484  -57.869  93.496 0.0000000000
145575  -44.568  -38.888  88.583 0.0000000000
54251  -45.024  -39.644  88.132 0.0000000000
56218  -44.990  -38.649  88.155 0.0000000000
56240  -46.383  -38.365  86.550 0.0000000000
55270  -46.411  -38.665  86.724 0.0000000000
140483  -46.741  -39.190  86.477 0.0000000000
54285  -47.263  -40.526  85.635 0.0000000000
54274  -47.268  -39.522  85.852 0.0000000000
52373  -48.627  -42.152  79.153 0.0000000000
139002  -49.250  -42.334  79.751 0.0000000000
51344  -48.856  -42.753  79.239 0.0000000000
49390  -46.903  -44.923  78.872 0.0000000000
49377  -47.466  -45.980  79.853 0.0000000000
48521  -46.190  -46.694  78.197 0.0000000000
58988  -50.145  -35.821  72.660 0.0000000000
58137  -49.427  -36.323  72.264 0.0000000000
54444  -49.180  -40.326  72.638 0.0000000000
144809  -36.527  -46.881  87.211 0.0000000000
52355  -47.265  -41.882  79.559 0.0000000000
146038  -46.648  -41.252  78.002 0.0000000000
53433  -47.918  -41.721  77.018 0.0000000000
52381  -47.902  -42.253  77.023 0.0000000000
61829  -50.769  -32.249  77.536 0.0000000000
60842  -50.481  -33.044  77.457 0.0000000000
60841  -50.228  -33.734  77.218 0.0000000000
60871  -50.265  -33.421  74.252 0.0000000000
60889  -50.578  -33.764  73.559 0.0000000000
58960  -52.261  -34.799  74.312 0.0000000000
126220  -51.268  -34.795  73.530 0.0000000000
58122  -52.109  -36.618  74.535 0.0000000000
57273  -52.800  -37.034  75.086 0.0000000000
140923  -53.062  -36.392  75.293 0.0000000000
132359  -53.771  -29.932  76.674 0.0000000000
62762  -54.325  -31.651  75.868 0.0000000000
62763  -54.577  -31.506  75.600 0.0000000000
61899  -54.682  -33.172  74.072 0.0000000000
61880  -54.949  -33.059  74.922 0.0000000000
49291  -41.368  -46.006  87.127 0.0000000000
50204  -41.298  -44.957  86.879 0.0000000000
50183  -41.745  -43.850  89.148 0.0000000000
51219  -41.924  -43.223  89.085 0.0000000000
52242  -42.212  -42.357  89.158 0.0000000000
51187  -40.328  -43.126  90.568 0.0000000000
51188  -40.937  -43.367  90.316 0.0000000000
54227  -40.783  -40.789  90.333 0.0000000000
53250  -40.939  -41.411  90.590 0.0000000000
54228  -41.356  -40.899  90.290 0.0000000000
54229  -41.903  -41.076  89.953 0.0000000000
54238  -42.030  -40.348  89.856 0.0000000000
55232  -43.121  -39.336  89.558 0.0000000000
55231  -42.277  -39.447  89.695 0.0000000000
56224  -40.511  -38.852  87.553 0.0000000000
56225  -41.652  -38.560  87.786 0.0000000000
35568  -15.579  -60.211  93.372 0.0000000000
35599  -16.004  -59.845  91.754 0.0000000000
35582  -16.260  -60.023  92.618 0.0000000000
35570  -17.498  -59.990  93.911 0.0000000000
138271  -19.010  -59.102  95.369 0.0000000000
35562  -19.711  -59.646  94.917 0.0000000000
35620  -21.051  -60.149  91.094 0.0000000000
35639  -21.999  -60.044  89.900 0.0000000000
39406  -21.596  -57.231  92.813 0.0000000000
36567  -22.780  -59.093  93.373 0.0000000000
36580  -23.188  -59.167  92.916 0.0000000000
120673  -24.264  -59.617  91.479 0.0000000000
139733  -23.407  -59.656  91.760 0.0000000000
35641  -23.696  -60.087  89.992 0.0000000000
35657  -23.631  -60.113  89.043 0.0000000000
35625  -25.968  -60.479  90.659 0.0000000000
35659  -25.666  -61.093  88.118 0.0000000000
34600  -26.158  -60.958  89.035 0.0000000000
34585  -27.968  -61.067  89.906 0.0000000000
34584  -27.285  -60.897  90.102 0.0000000000
34618  -27.762  -61.532  88.497 0.0000000000
33642  -29.819  -61.407  89.106 0.0000000000
33653  -28.895  -61.580  88.138 0.0000000000
33654  -29.637  -61.542  88.390 0.0000000000
33668  -29.326  -61.601  87.580 0.0000000000
33669  -30.122  -61.530  87.944 0.0000000000
36639  -31.713  -59.700  89.344 0.0000000000
37551  -31.084  -59.035  88.519 0.0000000000
36623  -30.869  -59.819  89.458 0.0000000000
35630  -30.556  -60.618  89.715 0.0000000000
36610  -31.185  -60.483  89.560 0.0000000000
34606  -32.181  -60.858  89.067 0.0000000000
34621  -31.846  -61.177  88.927 0.0000000000
34633  -31.791  -61.104  88.446 0.0000000000
35661  -34.005  -59.775  88.094 0.0000000000
35671  -33.557  -60.224  87.762 0.0000000000
35672  -33.957  -59.739  87.490 0.0000000000
38489  -34.145  -57.108  90.002 0.0000000000
38490  -34.430  -56.797  90.137 0.0000000000
43944  -31.728  -52.593  89.337 0.0000000000
43931  -32.305  -51.948  90.750 0.0000000000
43919  -32.049  -52.553  91.422 0.0000000000
42940  -32.261  -52.868  92.061 0.0000000000
43907  -32.919  -51.678  92.298 0.0000000000
45803  -34.290  -49.278  91.229 0.0000000000
45795  -34.276  -49.351  92.311 0.0000000000
43910  -34.750  -50.574  92.715 0.0000000000
44868  -34.366  -50.553  92.722 0.0000000000
43909  -34.388  -51.181  92.706 0.0000000000
123311  -33.973  -51.855  92.655 0.0000000000
42963  -34.458  -51.908  92.260 0.0000000000
122362  -35.156  -51.538  91.292 0.0000000000
43932  -35.190  -51.995  90.025 0.0000000000
43947  -38.342  -50.120  88.918 0.0000000000
44915  -39.807  -50.115  87.889 0.0000000000
46695  -38.400  -48.293  90.799 0.0000000000
45806  -38.615  -48.910  90.125 0.0000000000
46696  -38.999  -48.313  90.025 0.0000000000
46705  -40.777  -47.909  88.442 0.0000000000
46704  -40.223  -48.550  88.826 0.0000000000
46711  -40.680  -48.787  88.167 0.0000000000
45821  -40.451  -49.447  88.232 0.0000000000
45822  -40.732  -48.930  87.744 0.0000000000
45835  -40.744  -48.785  87.612 0.0000000000
46720  -41.041  -48.099  87.798 0.0000000000
48420  -41.460  -46.478  87.917 0.0000000000
48425  -41.241  -47.059  87.348 0.0000000000
35559  -16.064  -60.065  95.269 0.0000000000
139794  -15.272  -60.091  95.225 0.0000000000
53291  -45.263  -40.760  86.680 0.0000000000
137915  -44.578  -41.098  86.188 0.0000000000
53304  -45.329  -41.503  85.690 0.0000000000
55298  -44.745  -38.871  83.355 0.0000000000
56276  -45.373  -38.440  84.114 0.0000000000
54296  -49.571  -39.902  82.939 0.0000000000
55302  -49.030  -39.331  83.583 0.0000000000
54291  -49.114  -39.983  83.857 0.0000000000
53318  -48.638  -40.842  84.254 0.0000000000
52314  -48.832  -42.166  83.446 0.0000000000
51328  -49.774  -42.817  80.851 0.0000000000
52357  -50.048  -42.014  81.034 0.0000000000
50261  -49.346  -43.573  81.300 0.0000000000
50243  -48.395  -44.496  82.189 0.0000000000
49319  -47.754  -45.111  82.542 0.0000000000
125032  -48.070  -43.830  83.065 0.0000000000
49330  -47.534  -46.070  82.500 0.0000000000
52399  -46.780  -41.828  75.811 0.0000000000
120748  -45.562  -42.070  75.174 0.0000000000
58153  -47.897  -36.562  71.829 0.0000000000
57309  -47.332  -37.272  71.755 0.0000000000
55442  -46.227  -39.532  71.487 0.0000000000
56392  -46.451  -38.608  71.552 0.0000000000
56380  -45.770  -39.096  71.861 0.0000000000
56368  -46.387  -38.422  73.790 0.0000000000
143321  -45.761  -39.029  72.790 0.0000000000
55398  -45.737  -39.912  73.701 0.0000000000
54442  -45.118  -40.517  72.357 0.0000000000
130253  -45.593  -43.235  72.914 0.0000000000
52419  -44.790  -42.404  73.234 0.0000000000
51412  -45.062  -43.131  73.383 0.0000000000
52406  -44.953  -43.069  74.798 0.0000000000
51393  -45.048  -43.532  74.144 0.0000000000
50373  -45.485  -44.349  74.201 0.0000000000
50164  -38.087  -44.943  90.411 0.0000000000
50181  -38.526  -44.192  90.191 0.0000000000
51217  -38.309  -43.615  88.349 0.0000000000
47583  -36.175  -46.916  89.197 0.0000000000
48398  -36.676  -46.418  90.860 0.0000000000
48399  -37.493  -46.329  91.074 0.0000000000
139459  -37.690  -45.368  90.487 0.0000000000
56238  -43.669  -38.147  87.322 0.0000000000
56228  -45.335  -38.329  87.510 0.0000000000
125295  -44.672  -38.028  87.040 0.0000000000
56239  -45.680  -38.095  86.847 0.0000000000
56253  -46.702  -38.267  85.680 0.0000000000
51343  -48.104  -43.057  78.007 0.0000000000
142010  -48.503  -43.101  78.690 0.0000000000
50310  -47.179  -43.901  78.028 0.0000000000
49404  -46.191  -45.669  78.060 0.0000000000
133832  -45.717  -45.470  77.220 0.0000000000
49403  -45.700  -46.134  76.669 0.0000000000
49418  -45.610  -45.695  76.019 0.0000000000
57284  -51.157  -37.235  73.801 0.0000000000
57298  -50.437  -37.788  73.227 0.0000000000
133589  -50.634  -38.629  73.496 0.0000000000
55417  -50.862  -39.574  73.707 0.0000000000
61842  -51.298  -31.947  77.274 0.0000000000
61876  -51.638  -32.339  75.400 0.0000000000
60890  -51.146  -33.239  74.017 0.0000000000
61898  -51.785  -32.744  74.605 0.0000000000
60891  -51.971  -33.322  74.323 0.0000000000
59888  -52.956  -34.011  74.837 0.0000000000
58961  -53.522  -35.241  75.332 0.0000000000
60874  -54.096  -33.756  75.549 0.0000000000
60875  -54.620  -34.059  75.278 0.0000000000
64586  -54.559  -29.659  75.602 0.0000000000
63661  -54.543  -30.710  75.605 0.0000000000
130610  -54.626  -30.461  75.238 0.0000000000
62794  -54.790  -32.095  74.814 0.0000000000
60911  -53.970  -33.221  73.039 0.0000000000
49284  -41.590  -45.606  88.387 0.0000000000
50196  -41.823  -44.756  88.373 0.0000000000
50190  -41.734  -44.760  88.789 0.0000000000
51203  -41.505  -43.603  89.688 0.0000000000
52230  -39.734  -42.133  90.224 0.0000000000
124607  -40.120  -41.785  90.554 0.0000000000
53259  -39.916  -41.228  90.126 0.0000000000
136914  -40.828  -39.663  89.644 0.0000000000
55230  -41.426  -39.298  89.519 0.0000000000
55246  -40.748  -39.252  89.005 0.0000000000
137793  -40.213  -39.104  88.119 0.0000000000
56223  -39.625  -39.073  87.135 0.0000000000
35569  -16.561  -60.048  93.576 0.0000000000
121319  -16.819  -60.061  94.611 0.0000000000
121318  -18.549  -59.975  94.389 0.0000000000
35602  -21.855  -59.991  91.676 0.0000000000
36581  -23.912  -59.097  92.593 0.0000000000
36596  -24.655  -59.348  92.086 0.0000000000
130002  -28.418  -61.321  89.562 0.0000000000
34619  -28.479  -61.538  88.859 0.0000000000
34604  -29.968  -61.176  89.576 0.0000000000
140372  -32.401  -57.738  87.860 0.0000000000
37567  -31.682  -58.242  87.853 0.0000000000
36624  -32.087  -60.169  89.415 0.0000000000
34607  -32.874  -60.561  88.789 0.0000000000
35647  -33.943  -59.749  88.660 0.0000000000
36626  -34.502  -59.262  88.695 0.0000000000
39416  -33.856  -55.788  91.040 0.0000000000
39430  -34.353  -56.146  90.662 0.0000000000
40291  -34.797  -55.784  90.570 0.0000000000
41154  -35.384  -54.720  89.973 0.0000000000
44912  -32.582  -51.459  88.751 0.0000000000
43957  -31.878  -52.065  88.878 0.0000000000
44896  -32.956  -51.225  90.038 0.0000000000
44883  -32.892  -51.296  91.233 0.0000000000
144248  -35.056  -48.424  92.239 0.0000000000
46679  -35.028  -48.934  92.570 0.0000000000
45788  -35.241  -49.389  92.707 0.0000000000
44875  -35.306  -50.251  92.499 0.0000000000
43922  -35.679  -50.747  91.724 0.0000000000
43934  -36.917  -50.426  90.149 0.0000000000
44900  -38.652  -49.726  89.148 0.0000000000
47577  -39.690  -47.159  89.712 0.0000000000
47576  -39.449  -47.839  89.782 0.0000000000
136597  -40.511  -47.078  89.039 0.0000000000
129847  -41.241  -47.586  88.005 0.0000000000
47592  -41.420  -46.849  88.016 0.0000000000
48414  -41.445  -46.290  88.137 0.0000000000
37492  -15.330  -58.499  94.177 0.0000000000
122084  -15.385  -58.655  95.082 0.0000000000
36538  -15.435  -59.441  95.691 0.0000000000
53305  -45.920  -41.437  85.819 0.0000000000
52272  -45.925  -42.106  85.058 0.0000000000
55315  -46.072  -39.061  82.738 0.0000000000
55299  -46.778  -38.670  83.366 0.0000000000
55316  -47.215  -39.097  82.813 0.0000000000
54307  -49.456  -39.908  82.564 0.0000000000
54308  -49.726  -40.440  82.252 0.0000000000
49366  -48.563  -45.005  80.938 0.0000000000
50283  -48.905  -44.327  81.159 0.0000000000
55444  -47.876  -38.942  71.539 0.0000000000
56393  -47.302  -38.128  71.440 0.0000000000
54461  -47.598  -39.948  71.685 0.0000000000
126864  -46.685  -40.249  71.492 0.0000000000
144142  -46.242  -40.652  71.553 0.0000000000
53488  -45.239  -41.124  71.948 0.0000000000
139174  -45.823  -41.681  71.855 0.0000000000
51428  -46.047  -42.676  72.338 0.0000000000
51413  -46.267  -43.600  73.041 0.0000000000
50390  -46.279  -44.319  73.653 0.0000000000
64567  -52.780  -30.065  77.600 0.0000000000
63651  -53.321  -30.421  77.012 0.0000000000
64568  -53.091  -29.993  77.496 0.0000000000
126152  -53.691  -28.946  76.603 0.0000000000
65544  -53.897  -27.981  76.158 0.0000000000
65545  -54.161  -28.478  76.220 0.0000000000
65553  -54.486  -28.525  75.826 0.0000000000
49261  -40.434  -44.767  90.046 0.0000000000
51186  -39.742  -43.372  90.536 0.0000000000
52217  -39.462  -42.979  90.384 0.0000000000
53258  -39.515  -41.723  89.540 0.0000000000
53278  -39.150  -40.861  87.451 0.0000000000
132220  -17.577  -58.790  95.534 0.0000000000
38431  -17.894  -57.984  95.312 0.0000000000
37468  -18.598  -58.381  95.437 0.0000000000
37480  -19.902  -58.260  95.022 0.0000000000
37481  -20.672  -58.439  94.759 0.0000000000
37482  -21.377  -58.357  94.363 0.0000000000
37526  -28.942  -59.643  90.169 0.0000000000
38508  -32.927  -57.601  88.464 0.0000000000
39445  -33.874  -56.991  90.080 0.0000000000
39428  -33.519  -56.171  90.505 0.0000000000
40297  -32.954  -55.648  90.051 0.0000000000
40290  -33.533  -55.729  91.010 0.0000000000
40284  -33.378  -55.288  91.215 0.0000000000
41141  -33.117  -54.584  91.541 0.0000000000
41135  -32.884  -53.889  91.791 0.0000000000
45819  -34.718  -49.735  88.294 0.0000000000
46701  -34.706  -49.108  89.981 0.0000000000
46693  -34.847  -48.422  90.993 0.0000000000
46686  -35.078  -48.016  91.836 0.0000000000
46680  -35.582  -48.372  92.373 0.0000000000
47563  -36.290  -48.129  92.293 0.0000000000
46687  -36.925  -48.456  91.941 0.0000000000
45798  -37.513  -48.856  91.473 0.0000000000
47569  -38.114  -47.606  91.189 0.0000000000
141754  -38.392  -46.770  90.844 0.0000000000
48401  -39.216  -46.478  90.301 0.0000000000
38436  -16.698  -58.001  94.463 0.0000000000
54260  -44.636  -40.093  88.182 0.0000000000
53282  -45.239  -40.091  87.600 0.0000000000
54272  -45.914  -40.112  87.017 0.0000000000
55260  -45.933  -38.843  87.377 0.0000000000
54262  -46.261  -39.309  87.022 0.0000000000
53306  -46.539  -41.140  85.820 0.0000000000
53307  -47.168  -41.541  85.221 0.0000000000
53350  -48.393  -41.339  80.892 0.0000000000
136653  -49.523  -41.113  81.314 0.0000000000
51333  -49.682  -42.212  80.381 0.0000000000
50297  -48.974  -44.049  80.543 0.0000000000
143418  -48.543  -44.619  80.301 0.0000000000
49365  -48.210  -45.535  80.552 0.0000000000
59902  -49.019  -34.448  74.245 0.0000000000
58972  -48.434  -35.027  73.816 0.0000000000
58986  -48.579  -35.216  72.750 0.0000000000
58136  -48.542  -35.897  72.053 0.0000000000
124759  -48.779  -37.784  71.913 0.0000000000
56382  -49.689  -38.428  72.713 0.0000000000
126330  -48.746  -38.747  72.069 0.0000000000
55429  -48.536  -39.681  72.136 0.0000000000
49282  -37.062  -45.718  88.389 0.0000000000
49283  -37.327  -45.081  87.890 0.0000000000
45820  -35.315  -49.190  88.034 0.0000000000
47590  -36.060  -47.975  87.888 0.0000000000
47591  -36.402  -47.145  88.062 0.0000000000
48419  -36.777  -46.345  87.798 0.0000000000
55283  -42.322  -39.008  84.232 0.0000000000
55284  -43.301  -38.893  84.223 0.0000000000
55297  -43.751  -39.188  83.459 0.0000000000
55314  -44.304  -39.469  82.645 0.0000000000
54318  -45.833  -40.450  81.759 0.0000000000
141929  -48.155  -41.786  80.055 0.0000000000
53392  -48.508  -41.915  79.217 0.0000000000
53413  -48.379  -41.921  78.219 0.0000000000
51357  -48.140  -42.470  77.549 0.0000000000
130553  -50.124  -33.869  77.979 0.0000000000
59875  -49.832  -34.400  76.611 0.0000000000
59903  -49.665  -34.054  73.549 0.0000000000
140911  -50.023  -35.076  72.644 0.0000000000
58973  -50.728  -35.296  73.079 0.0000000000
58121  -51.008  -36.247  73.420 0.0000000000
140664  -51.964  -38.149  74.425 0.0000000000
56354  -52.505  -38.725  74.592 0.0000000000
128571  -53.512  -36.480  75.316 0.0000000000
61879  -54.502  -33.474  75.392 0.0000000000
62777  -54.773  -32.373  75.212 0.0000000000
60876  -54.911  -33.654  75.084 0.0000000000
51230  -41.802  -43.716  88.108 0.0000000000
52251  -41.900  -42.647  87.813 0.0000000000
52252  -42.337  -42.191  88.442 0.0000000000
52220  -41.421  -42.646  90.146 0.0000000000
52219  -40.540  -41.899  90.637 0.0000000000
133023  -41.023  -42.014  90.569 0.0000000000
52231  -42.017  -42.176  89.694 0.0000000000
53251  -42.130  -41.507  89.751 0.0000000000
130646  -42.607  -40.769  89.550 0.0000000000
53261  -43.269  -40.671  89.056 0.0000000000
54239  -43.586  -39.548  89.344 0.0000000000
55233  -43.554  -39.082  89.399 0.0000000000
56217  -43.541  -38.646  89.008 0.0000000000
55247  -41.425  -38.873  89.071 0.0000000000
56226  -42.503  -38.329  88.316 0.0000000000
56227  -43.444  -38.221  88.328 0.0000000000
140602  -41.764  -38.690  85.029 0.0000000000
50195  -37.512  -44.413  87.281 0.0000000000
51228  -37.993  -43.703  87.539 0.0000000000
51242  -38.100  -43.138  86.905 0.0000000000
53287  -38.813  -41.392  86.852 0.0000000000
55268  -38.870  -39.271  86.468 0.0000000000
35598  -15.234  -60.089  91.459 0.0000000000
35618  -15.789  -59.735  90.973 0.0000000000
140644  -18.150  -59.605  95.243 0.0000000000
126639  -18.354  -59.765  95.084 0.0000000000
38453  -21.098  -57.421  93.600 0.0000000000
38442  -22.071  -57.986  94.414 0.0000000000
36558  -22.153  -58.902  93.771 0.0000000000
133010  -22.650  -59.774  92.198 0.0000000000
35589  -23.299  -59.462  92.476 0.0000000000
35603  -22.689  -59.875  91.257 0.0000000000
35622  -22.777  -59.994  90.363 0.0000000000
35642  -24.533  -60.280  89.527 0.0000000000
127693  -26.474  -60.318  91.350 0.0000000000
35626  -26.607  -60.672  90.450 0.0000000000
34601  -26.842  -61.059  89.620 0.0000000000
37536  -29.000  -59.296  89.741 0.0000000000
36608  -29.775  -60.250  89.976 0.0000000000
34588  -30.481  -60.873  89.648 0.0000000000
33643  -30.520  -61.199  89.319 0.0000000000
34605  -31.570  -61.017  89.207 0.0000000000
34620  -31.224  -61.272  89.018 0.0000000000
33656  -31.026  -61.319  88.351 0.0000000000
134623  -34.130  -58.602  89.488 0.0000000000
37540  -34.482  -58.851  89.161 0.0000000000
37541  -34.926  -58.612  88.684 0.0000000000
38501  -35.155  -57.212  89.491 0.0000000000
121501  -34.975  -58.132  89.163 0.0000000000
36627  -34.783  -58.861  88.305 0.0000000000
42056  -31.646  -53.316  89.117 0.0000000000
42049  -31.673  -53.391  89.941 0.0000000000
42975  -31.747  -53.230  90.492 0.0000000000
43930  -31.781  -52.710  90.342 0.0000000000
42043  -31.930  -53.311  91.254 0.0000000000
42034  -32.073  -53.283  91.742 0.0000000000
42035  -32.440  -53.380  91.927 0.0000000000
42037  -33.551  -53.224  92.004 0.0000000000
45810  -33.871  -50.021  90.833 0.0000000000
44884  -33.450  -50.667  91.034 0.0000000000
44874  -33.175  -50.815  92.112 0.0000000000
45786  -33.876  -50.113  92.484 0.0000000000
44867  -33.654  -50.991  92.541 0.0000000000
43908  -33.496  -51.797  92.537 0.0000000000
42942  -33.357  -52.563  92.366 0.0000000000
42051  -34.652  -53.432  91.008 0.0000000000
120873  -34.936  -52.941  90.063 0.0000000000
45805  -38.041  -48.905  90.906 0.0000000000
45812  -39.055  -49.363  89.262 0.0000000000
46703  -39.636  -48.289  89.424 0.0000000000
46753  -40.739  -48.516  86.676 0.0000000000
138528  -41.148  -47.621  87.789 0.0000000000
47616  -40.995  -47.840  87.250 0.0000000000
127399  -44.186  -40.803  86.914 0.0000000000
56264  -45.095  -38.139  84.999 0.0000000000
56265  -46.159  -38.063  84.933 0.0000000000
56254  -47.211  -38.515  85.421 0.0000000000
56278  -47.404  -38.426  84.094 0.0000000000
56267  -47.664  -38.581  84.562 0.0000000000
55277  -47.715  -39.029  85.045 0.0000000000
54286  -47.894  -39.861  85.079 0.0000000000
53317  -47.891  -41.699  84.581 0.0000000000
51275  -47.478  -43.157  84.011 0.0000000000
53371  -49.958  -41.416  81.416 0.0000000000
53337  -50.019  -41.062  81.886 0.0000000000
52315  -49.735  -41.690  82.460 0.0000000000
51307  -49.549  -42.741  82.050 0.0000000000
51306  -48.866  -42.910  82.859 0.0000000000
51292  -48.089  -43.156  83.588 0.0000000000
51291  -47.405  -43.894  83.503 0.0000000000
53445  -47.755  -41.357  76.718 0.0000000000
52391  -47.555  -41.869  76.457 0.0000000000
138119  -46.531  -42.483  76.075 0.0000000000
52390  -45.700  -43.269  76.072 0.0000000000
58971  -47.829  -35.620  73.317 0.0000000000
58958  -48.071  -35.777  74.605 0.0000000000
58120  -47.496  -36.293  74.054 0.0000000000
125417  -46.692  -37.804  71.778 0.0000000000
58134  -46.836  -36.969  72.764 0.0000000000
58103  -47.420  -36.952  74.635 0.0000000000
54403  -45.599  -40.688  74.193 0.0000000000
54423  -44.868  -41.193  72.553 0.0000000000
53479  -44.685  -41.612  73.121 0.0000000000
53468  -45.418  -41.473  74.575 0.0000000000
137720  -45.249  -43.467  75.442 0.0000000000
126693  -45.293  -44.057  75.852 0.0000000000
50359  -45.444  -44.944  75.666 0.0000000000
49425  -45.773  -45.732  75.436 0.0000000000
50374  -46.275  -45.016  74.244 0.0000000000
49437  -46.379  -45.768  74.795 0.0000000000
48558  -46.542  -46.483  75.359 0.0000000000
33641  -29.209  -61.528  88.839 0.0000000000
35552  -16.222  -59.895  95.800 0.0000000000
36547  -17.537  -59.535  95.429 0.0000000000
37467  -16.666  -58.791  95.542 0.0000000000
37469  -19.448  -58.626  95.297 0.0000000000
37477  -15.966  -58.350  94.821 0.0000000000
39417  -34.209  -55.687  90.954 0.0000000000
42036  -33.044  -53.304  92.075 0.0000000000
42961  -32.317  -52.405  92.050 0.0000000000
42962  -34.295  -52.821  91.682 0.0000000000
44869  -34.985  -49.976  92.752 0.0000000000
45789  -35.665  -48.952  92.656 0.0000000000
45849  -40.840  -48.997  86.870 0.0000000000
49318  -47.254  -45.421  82.811 0.0000000000
51427  -45.225  -42.760  72.784 0.0000000000
52291  -47.991  -42.491  84.150 0.0000000000
52342  -50.053  -41.840  81.589 0.0000000000
52405  -44.751  -42.016  73.821 0.0000000000
53328  -49.795  -40.675  82.468 0.0000000000
53351  -49.873  -40.891  81.828 0.0000000000
53370  -49.166  -41.629  80.236 0.0000000000
53480  -44.944  -41.296  73.768 0.0000000000
53495  -45.862  -40.894  71.619 0.0000000000
54226  -40.264  -40.715  90.227 0.0000000000
54236  -40.519  -40.175  89.972 0.0000000000
54259  -39.811  -39.678  87.989 0.0000000000
54287  -48.470  -40.142  84.507 0.0000000000
54306  -49.020  -39.668  82.442 0.0000000000
54458  -45.488  -40.394  71.796 0.0000000000
54459  -46.000  -40.269  71.530 0.0000000000
55229  -40.421  -39.752  89.338 0.0000000000
55248  -44.761  -39.220  88.487 0.0000000000
55259  -45.421  -39.081  87.954 0.0000000000
55286  -48.363  -38.916  84.155 0.0000000000
55300  -47.789  -38.799  83.457 0.0000000000
55301  -48.593  -39.004  83.504 0.0000000000
55318  -49.205  -39.346  82.935 0.0000000000
55428  -45.424  -39.756  72.138 0.0000000000
56197  -42.116  -38.794  89.285 0.0000000000
56215  -41.924  -38.552  88.733 0.0000000000
56216  -42.758  -38.386  88.926 0.0000000000
56241  -46.743  -38.506  86.140 0.0000000000
56266  -47.034  -38.243  84.822 0.0000000000
56279  -48.065  -38.660  83.997 0.0000000000
56381  -46.140  -38.329  72.075 0.0000000000
57285  -51.998  -37.510  74.505 0.0000000000
57295  -46.501  -37.626  72.421 0.0000000000
57296  -48.655  -36.811  71.841 0.0000000000
57308  -46.891  -37.234  72.061 0.0000000000
57310  -47.979  -37.399  71.593 0.0000000000
58106  -53.648  -35.904  75.494 0.0000000000
58119  -47.040  -36.880  73.737 0.0000000000
58152  -47.335  -36.686  72.231 0.0000000000
58987  -49.358  -35.439  72.438 0.0000000000
59887  -49.619  -33.893  74.794 0.0000000000
59889  -54.202  -34.614  75.387 0.0000000000
59920  -48.992  -34.607  73.294 0.0000000000
60855  -50.805  -32.735  76.159 0.0000000000
60856  -54.776  -33.029  75.217 0.0000000000
60893  -54.941  -33.730  74.782 0.0000000000
61841  -50.723  -32.538  77.466 0.0000000000
61857  -51.176  -32.343  76.879 0.0000000000
62734  -51.413  -31.497  77.407 0.0000000000
62735  -52.142  -30.874  77.594 0.0000000000
62746  -53.677  -31.022  76.420 0.0000000000
63640  -52.699  -30.334  77.537 0.0000000000
63652  -54.389  -30.630  75.976 0.0000000000
64576  -53.081  -29.524  77.225 0.0000000000
66475  -54.310  -27.688  75.929 0.0000000000
66485  -53.989  -26.804  75.822 0.0000000000
122693  -45.316  -39.970  72.780 0.0000000000
124303  -49.450  -43.058  80.106 0.0000000000
125445  -34.658  -49.659  89.204 0.0000000000
126695  -32.724  -52.889  92.200 0.0000000000
129535  -40.170  -49.910  87.634 0.0000000000
130413  -44.228  -38.565  88.526 0.0000000000
131120  -31.819  -53.001  91.122 0.0000000000
131489  -42.112  -42.752  88.927 0.0000000000
134234  -44.111  -39.130  88.990 0.0000000000
134888  -44.953  -42.306  74.474 0.0000000000
135380  -54.245  -29.279  76.251 0.0000000000
138921  -31.054  -61.016  89.372 0.0000000000
140404  -46.193  -38.155  72.896 0.0000000000
140466  -43.387  -40.149  89.343 0.0000000000
141322  -39.865  -39.336  87.733 0.0000000000
141870  -45.587  -38.674  87.627 0.0000000000
143011  -54.037  -34.010  73.133 0.0000000000
143569  -41.888  -38.506  87.108 0.0000000000
144114  -33.147  -55.337  91.147 0.0000000000
144414  -48.060  -44.377  82.690 0.0000000000
145269  -32.198  -53.557  91.701 0.0000000000
145725  -41.300  -47.153  87.939 0.0000000000
