#!ascii label  , from subject sub-01 vox2ras=TkReg
1561
121231  -38.008  -40.644  72.265 0.0000000000
67466  -50.346  -25.430  71.707 0.0000000000
143273  -46.269  -35.177  70.664 0.0000000000
36613  -10.895  -60.080  89.489 0.0000000000
53440  -33.512  -40.868  76.384 0.0000000000
138534  -25.664  -58.502  87.919 0.0000000000
43009  -30.795  -53.107  87.322 0.0000000000
48451  -34.401  -46.809  83.227 0.0000000000
51300  -36.381  -43.349  82.608 0.0000000000
40344  -17.261  -55.026  85.330 0.0000000000
121590  -21.508  -56.593  89.124 0.0000000000
40363  -21.721  -54.803  84.200 0.0000000000
43048  -27.318  -52.807  83.431 0.0000000000
46762  -30.291  -48.538  84.209 0.0000000000
54351  -39.917  -41.083  78.973 0.0000000000
121991  -43.289  -41.732  76.592 0.0000000000
64636  -48.188  -30.045  70.776 0.0000000000
55459  -42.078  -39.457  70.783 0.0000000000
64691  -49.353  -29.643  65.847 0.0000000000
126051  -8.165  -63.140  89.679 0.0000000000
56301  -35.877  -37.875  80.886 0.0000000000
55395  -34.460  -39.481  74.615 0.0000000000
39534  -25.301  -56.800  82.498 0.0000000000
38534  -29.604  -57.458  86.322 0.0000000000
56333  -46.993  -38.690  77.078 0.0000000000
67545  -56.850  -26.158  61.426 0.0000000000
48474  -31.482  -46.542  82.222 0.0000000000
135221  -33.068  -45.724  80.578 0.0000000000
41200  -19.094  -54.374  84.298 0.0000000000
46783  -28.657  -48.027  82.173 0.0000000000
48459  -29.690  -46.860  82.149 0.0000000000
47624  -31.514  -47.904  84.375 0.0000000000
53450  -38.573  -41.523  75.870 0.0000000000
122212  -41.674  -41.828  78.559 0.0000000000
53465  -40.559  -41.601  74.780 0.0000000000
132727  -48.730  -27.325  71.701 0.0000000000
63669  -50.702  -30.271  74.891 0.0000000000
67481  -52.632  -26.755  71.428 0.0000000000
35677  -10.148  -60.661  85.869 0.0000000000
34612  -9.711  -61.834  89.057 0.0000000000
52362  -34.996  -42.350  79.361 0.0000000000
127081  -36.525  -40.392  81.835 0.0000000000
53406  -35.215  -40.115  78.487 0.0000000000
55354  -36.148  -39.384  78.544 0.0000000000
134947  -33.520  -38.409  76.680 0.0000000000
38495  -23.868  -57.371  88.793 0.0000000000
38480  -24.565  -57.465  92.422 0.0000000000
37523  -26.258  -58.030  90.803 0.0000000000
144505  -27.734  -58.582  89.230 0.0000000000
40397  -22.776  -55.041  80.176 0.0000000000
41264  -25.267  -54.200  80.118 0.0000000000
43031  -28.759  -53.149  85.109 0.0000000000
40366  -28.714  -55.055  84.315 0.0000000000
41189  -30.982  -54.754  85.773 0.0000000000
37567  -31.682  -58.242  87.853 0.0000000000
38529  -13.470  -57.159  86.631 0.0000000000
38494  -15.270  -57.343  89.733 0.0000000000
145837  -15.412  -58.127  92.379 0.0000000000
57321  -44.544  -37.208  70.368 0.0000000000
145209  -44.292  -38.296  74.526 0.0000000000
58102  -45.354  -36.089  74.735 0.0000000000
69369  -58.748  -24.478  61.504 0.0000000000
35578  -9.915  -60.835  92.131 0.0000000000
48431  -36.479  -46.298  85.906 0.0000000000
50210  -37.012  -44.254  85.644 0.0000000000
49326  -35.263  -45.192  82.708 0.0000000000
50293  -34.035  -44.431  79.946 0.0000000000
40327  -17.424  -55.504  87.003 0.0000000000
120651  -19.835  -56.638  90.108 0.0000000000
120802  -19.287  -55.425  87.035 0.0000000000
40331  -21.380  -55.475  86.199 0.0000000000
39479  -23.404  -56.554  86.245 0.0000000000
43090  -25.842  -51.923  80.302 0.0000000000
45011  -27.280  -50.437  81.460 0.0000000000
44979  -28.668  -50.661  83.325 0.0000000000
44936  -30.983  -51.145  86.224 0.0000000000
46732  -31.995  -49.391  85.690 0.0000000000
46735  -34.985  -49.040  86.228 0.0000000000
40361  -15.367  -55.508  84.703 0.0000000000
55325  -41.125  -40.066  82.028 0.0000000000
141811  -45.211  -39.071  82.780 0.0000000000
53366  -43.685  -41.045  80.891 0.0000000000
53390  -45.638  -41.984  79.303 0.0000000000
60941  -47.793  -33.320  70.203 0.0000000000
60852  -46.662  -33.800  75.448 0.0000000000
62758  -48.666  -31.455  75.262 0.0000000000
29075  -3.607  -67.875  91.880 0.0000000000
54456  -40.216  -40.402  71.463 0.0000000000
124975  -41.200  -37.649  68.438 0.0000000000
60959  -44.429  -33.018  68.164 0.0000000000
63715  -44.401  -30.270  69.908 0.0000000000
65600  -45.021  -27.659  69.764 0.0000000000
66568  -47.409  -27.363  69.005 0.0000000000
65609  -49.901  -28.503  69.179 0.0000000000
65658  -46.305  -28.988  65.512 0.0000000000
33630  -8.540  -62.673  92.687 0.0000000000
137587  -6.472  -64.231  93.386 0.0000000000
31012  -4.530  -65.886  92.773 0.0000000000
56235  -40.050  -38.744  86.682 0.0000000000
136017  -37.924  -41.803  84.900 0.0000000000
55281  -37.863  -38.643  84.924 0.0000000000
56287  -39.086  -38.113  82.992 0.0000000000
55333  -38.188  -39.126  80.392 0.0000000000
54373  -36.964  -41.179  76.686 0.0000000000
121153  -35.918  -40.578  73.242 0.0000000000
39415  -22.299  -57.212  92.221 0.0000000000
137079  -23.262  -55.950  83.064 0.0000000000
38549  -25.681  -57.952  85.126 0.0000000000
129945  -27.041  -54.956  82.277 0.0000000000
38567  -27.292  -57.341  84.142 0.0000000000
37577  -27.359  -58.621  86.645 0.0000000000
145221  -29.380  -58.533  88.338 0.0000000000
36643  -11.351  -59.595  87.149 0.0000000000
37572  -12.158  -58.302  86.538 0.0000000000
37530  -11.927  -58.856  89.860 0.0000000000
54422  -42.391  -40.589  73.515 0.0000000000
55374  -44.899  -39.786  76.987 0.0000000000
145179  -46.322  -40.761  74.965 0.0000000000
58093  -48.282  -37.091  76.608 0.0000000000
65627  -52.430  -28.842  68.728 0.0000000000
65643  -54.707  -29.026  67.622 0.0000000000
65651  -56.733  -27.645  66.100 0.0000000000
65687  -55.587  -27.992  62.881 0.0000000000
66611  -58.251  -26.128  64.579 0.0000000000
145686  -30.142  -46.155  81.586 0.0000000000
49358  -30.695  -45.599  80.291 0.0000000000
122764  -29.910  -45.452  80.157 0.0000000000
48472  -28.530  -46.509  81.636 0.0000000000
48473  -29.151  -46.574  81.919 0.0000000000
48460  -30.127  -46.901  82.577 0.0000000000
54418  -37.976  -40.788  73.734 0.0000000000
53464  -39.653  -41.535  74.892 0.0000000000
54419  -39.385  -40.857  73.498 0.0000000000
66529  -48.801  -26.121  71.498 0.0000000000
66520  -50.828  -27.646  72.821 0.0000000000
142207  -50.825  -25.353  73.355 0.0000000000
68415  -51.289  -24.894  72.806 0.0000000000
67467  -50.944  -25.788  71.412 0.0000000000
34628  -10.421  -61.025  87.360 0.0000000000
141192  -9.935  -61.549  87.456 0.0000000000
34596  -10.159  -61.214  89.446 0.0000000000
52380  -34.551  -41.770  78.110 0.0000000000
53383  -35.012  -41.407  78.761 0.0000000000
53405  -34.821  -40.629  78.046 0.0000000000
55363  -34.271  -39.052  77.169 0.0000000000
54370  -33.646  -39.355  76.702 0.0000000000
39409  -17.017  -56.951  91.121 0.0000000000
38518  -24.230  -57.569  88.079 0.0000000000
38497  -25.219  -57.933  90.206 0.0000000000
141008  -25.703  -58.214  89.673 0.0000000000
125932  -27.166  -58.408  90.568 0.0000000000
125097  -26.557  -58.493  88.820 0.0000000000
43021  -29.846  -53.186  86.005 0.0000000000
41174  -29.795  -53.529  85.839 0.0000000000
41166  -30.835  -53.589  86.898 0.0000000000
41177  -32.129  -54.797  86.744 0.0000000000
39453  -16.473  -56.448  88.748 0.0000000000
39420  -16.045  -57.016  90.043 0.0000000000
137571  -16.301  -57.266  90.809 0.0000000000
139170  -42.891  -38.363  86.642 0.0000000000
133461  -45.410  -36.257  70.570 0.0000000000
58133  -45.089  -36.306  72.846 0.0000000000
125540  -45.627  -35.657  73.092 0.0000000000
48440  -35.391  -46.764  84.395 0.0000000000
49306  -35.692  -45.887  84.228 0.0000000000
48452  -35.119  -46.328  83.684 0.0000000000
50274  -33.668  -45.246  80.424 0.0000000000
121334  -33.042  -44.432  78.736 0.0000000000
51342  -33.383  -43.724  78.361 0.0000000000
40345  -17.229  -55.293  86.226 0.0000000000
40314  -18.402  -55.530  87.306 0.0000000000
40346  -18.204  -54.942  85.698 0.0000000000
41201  -20.083  -54.321  84.124 0.0000000000
41184  -20.255  -54.831  85.547 0.0000000000
40348  -21.635  -55.245  85.467 0.0000000000
39478  -22.770  -56.142  86.693 0.0000000000
40349  -22.355  -55.513  85.088 0.0000000000
45928  -26.852  -49.535  79.977 0.0000000000
45881  -29.155  -48.925  83.195 0.0000000000
45895  -28.569  -49.405  82.537 0.0000000000
44980  -29.199  -49.810  83.653 0.0000000000
44948  -29.911  -50.570  84.714 0.0000000000
45859  -30.317  -49.666  84.853 0.0000000000
45843  -31.165  -50.137  85.834 0.0000000000
46746  -31.131  -48.836  84.991 0.0000000000
47636  -32.994  -47.533  83.857 0.0000000000
47612  -32.726  -48.293  85.086 0.0000000000
46766  -34.365  -48.024  84.705 0.0000000000
47605  -35.988  -47.714  85.978 0.0000000000
40362  -16.245  -55.299  84.984 0.0000000000
54313  -40.808  -40.345  81.204 0.0000000000
54315  -42.529  -40.472  81.538 0.0000000000
54328  -41.431  -40.818  80.405 0.0000000000
53428  -42.819  -42.152  77.315 0.0000000000
53387  -43.209  -41.999  78.929 0.0000000000
53410  -44.623  -41.759  78.244 0.0000000000
53411  -46.087  -41.570  78.601 0.0000000000
53430  -45.208  -41.224  77.836 0.0000000000
61939  -48.520  -32.122  70.478 0.0000000000
135906  -48.655  -32.479  72.474 0.0000000000
61897  -49.183  -31.905  72.774 0.0000000000
63650  -51.644  -30.272  77.259 0.0000000000
62841  -44.302  -31.703  68.918 0.0000000000
63727  -43.209  -30.485  69.027 0.0000000000
65620  -44.076  -28.071  68.988 0.0000000000
66580  -44.536  -28.145  68.211 0.0000000000
121357  -45.684  -27.256  69.221 0.0000000000
133118  -45.569  -28.784  67.287 0.0000000000
65641  -46.466  -28.681  67.708 0.0000000000
33648  -8.512  -62.797  88.333 0.0000000000
31923  -7.290  -63.923  90.353 0.0000000000
34556  -8.780  -61.433  94.359 0.0000000000
34570  -8.989  -61.989  92.158 0.0000000000
33627  -8.184  -62.055  94.279 0.0000000000
32791  -6.438  -63.913  94.398 0.0000000000
31907  -5.688  -64.940  94.544 0.0000000000
31910  -5.396  -65.009  93.371 0.0000000000
31003  -5.333  -65.728  94.529 0.0000000000
30045  -4.489  -66.785  93.833 0.0000000000
51283  -36.679  -43.609  83.873 0.0000000000
51255  -37.342  -43.521  85.284 0.0000000000
52310  -37.341  -42.175  83.672 0.0000000000
55321  -35.925  -38.357  81.508 0.0000000000
54295  -37.068  -39.885  83.483 0.0000000000
56284  -36.594  -38.223  82.554 0.0000000000
56260  -37.953  -38.068  84.471 0.0000000000
56293  -37.899  -37.717  82.166 0.0000000000
56294  -38.781  -38.299  82.060 0.0000000000
56303  -37.571  -38.094  80.794 0.0000000000
55373  -35.041  -39.186  77.143 0.0000000000
54361  -36.217  -40.017  77.708 0.0000000000
54372  -36.262  -40.698  76.458 0.0000000000
122426  -36.323  -40.869  74.990 0.0000000000
54414  -34.873  -40.018  74.117 0.0000000000
39440  -20.357  -56.578  89.653 0.0000000000
39413  -20.723  -56.918  91.267 0.0000000000
121553  -22.104  -56.962  91.077 0.0000000000
40389  -23.805  -55.850  81.054 0.0000000000
127226  -23.361  -55.871  81.602 0.0000000000
39533  -24.566  -56.696  82.544 0.0000000000
39509  -24.335  -56.952  83.883 0.0000000000
38577  -25.695  -57.440  83.767 0.0000000000
43069  -26.793  -52.112  82.216 0.0000000000
42126  -26.333  -53.394  81.721 0.0000000000
42117  -27.025  -53.309  82.957 0.0000000000
39496  -29.513  -56.481  85.271 0.0000000000
39511  -28.432  -56.257  84.245 0.0000000000
38553  -29.143  -57.304  85.600 0.0000000000
38532  -27.839  -58.295  85.903 0.0000000000
38533  -28.712  -57.887  86.095 0.0000000000
37564  -28.742  -58.390  87.833 0.0000000000
38520  -30.115  -57.682  87.034 0.0000000000
44926  -33.126  -50.728  88.105 0.0000000000
38528  -12.799  -57.699  86.617 0.0000000000
37545  -12.892  -57.934  88.048 0.0000000000
37544  -12.188  -58.482  88.263 0.0000000000
37492  -15.330  -58.499  94.177 0.0000000000
55439  -41.604  -39.940  71.200 0.0000000000
54441  -41.176  -40.491  72.477 0.0000000000
55426  -42.504  -39.752  72.278 0.0000000000
57255  -44.734  -38.046  76.294 0.0000000000
56341  -44.421  -38.780  75.805 0.0000000000
55375  -45.816  -39.239  77.206 0.0000000000
54378  -46.973  -39.915  76.561 0.0000000000
54404  -46.614  -40.059  74.910 0.0000000000
58925  -49.189  -35.147  77.857 0.0000000000
58924  -47.890  -35.910  77.935 0.0000000000
58958  -48.071  -35.777  74.605 0.0000000000
64670  -49.629  -29.822  67.227 0.0000000000
65625  -50.694  -28.890  69.112 0.0000000000
129306  -50.501  -29.850  67.032 0.0000000000
64683  -53.183  -29.452  66.249 0.0000000000
64685  -54.732  -29.392  66.121 0.0000000000
65645  -56.388  -27.932  66.896 0.0000000000
64711  -55.122  -28.965  64.944 0.0000000000
67539  -55.174  -26.406  61.482 0.0000000000
66627  -54.919  -27.053  61.950 0.0000000000
66629  -56.719  -27.107  62.517 0.0000000000
66610  -57.336  -26.813  64.281 0.0000000000
67541  -58.054  -25.465  63.304 0.0000000000
68478  -58.559  -25.052  62.743 0.0000000000
67551  -59.308  -25.325  60.972 0.0000000000
48462  -32.357  -46.686  82.380 0.0000000000
48464  -34.182  -46.302  82.479 0.0000000000
49339  -32.695  -46.056  81.105 0.0000000000
49372  -32.140  -45.549  79.762 0.0000000000
123126  -17.967  -54.687  84.987 0.0000000000
47643  -28.284  -47.417  81.726 0.0000000000
47644  -29.066  -47.410  82.207 0.0000000000
47632  -29.904  -47.622  83.104 0.0000000000
47623  -30.994  -48.002  84.077 0.0000000000
47633  -30.520  -47.637  83.409 0.0000000000
48449  -31.486  -47.022  83.043 0.0000000000
53424  -38.877  -41.577  77.196 0.0000000000
53385  -40.736  -41.368  78.927 0.0000000000
133093  -40.395  -41.903  77.418 0.0000000000
53442  -40.901  -42.036  76.130 0.0000000000
53453  -41.798  -41.804  75.279 0.0000000000
64623  -48.646  -29.323  71.188 0.0000000000
63697  -50.202  -30.654  71.895 0.0000000000
64613  -50.704  -29.483  72.135 0.0000000000
64606  -52.231  -28.829  73.935 0.0000000000
67483  -54.958  -26.080  70.683 0.0000000000
33649  -9.172  -62.401  88.712 0.0000000000
33634  -8.672  -62.777  90.225 0.0000000000
51326  -35.833  -42.696  81.033 0.0000000000
52341  -36.374  -42.094  81.542 0.0000000000
52352  -35.953  -41.623  80.709 0.0000000000
53364  -35.956  -40.291  80.464 0.0000000000
55330  -35.646  -37.980  80.312 0.0000000000
56312  -36.235  -38.093  79.762 0.0000000000
55353  -35.438  -39.274  78.455 0.0000000000
55372  -34.421  -38.843  76.977 0.0000000000
55383  -34.055  -38.476  76.528 0.0000000000
39459  -23.092  -56.971  88.851 0.0000000000
38486  -23.255  -57.122  90.938 0.0000000000
125575  -23.827  -57.350  90.316 0.0000000000
38487  -25.486  -57.750  91.391 0.0000000000
37516  -27.984  -59.067  91.062 0.0000000000
40409  -24.082  -55.099  79.808 0.0000000000
40400  -25.147  -55.451  80.694 0.0000000000
43041  -28.289  -52.901  84.592 0.0000000000
126473  -28.110  -53.635  84.216 0.0000000000
42081  -28.825  -53.503  85.075 0.0000000000
40350  -29.695  -55.237  85.090 0.0000000000
39482  -30.843  -56.599  86.157 0.0000000000
38521  -31.108  -57.643  87.105 0.0000000000
39483  -31.663  -56.208  86.416 0.0000000000
39492  -14.858  -55.988  85.932 0.0000000000
39476  -14.586  -56.438  86.975 0.0000000000
38493  -14.402  -57.498  89.488 0.0000000000
38474  -14.653  -58.074  91.340 0.0000000000
122024  -15.208  -57.805  91.053 0.0000000000
56406  -43.274  -38.322  70.181 0.0000000000
56379  -43.448  -38.665  72.148 0.0000000000
57294  -44.366  -37.497  72.092 0.0000000000
58092  -44.950  -36.898  75.190 0.0000000000
122827  -45.625  -37.289  77.340 0.0000000000
121320  -48.474  -28.824  64.642 0.0000000000
64692  -50.174  -29.614  65.760 0.0000000000
65679  -49.996  -28.464  64.070 0.0000000000
138272  -56.483  -25.884  60.876 0.0000000000
68485  -58.460  -24.748  62.038 0.0000000000
69376  -57.305  -24.016  60.153 0.0000000000
70262  -58.191  -23.454  60.128 0.0000000000
137002  -10.886  -59.901  90.203 0.0000000000
35615  -10.471  -60.449  90.703 0.0000000000
49290  -37.044  -45.187  86.859 0.0000000000
125238  -36.747  -45.634  86.188 0.0000000000
144503  -36.274  -44.830  84.619 0.0000000000
50236  -36.048  -44.045  82.883 0.0000000000
49325  -34.661  -45.545  82.064 0.0000000000
50251  -34.823  -44.858  81.461 0.0000000000
51316  -35.619  -43.555  81.398 0.0000000000
52350  -34.947  -43.121  79.827 0.0000000000
145576  -34.179  -42.535  78.235 0.0000000000
40302  -17.014  -56.098  88.249 0.0000000000
39423  -18.450  -56.525  90.221 0.0000000000
40304  -18.256  -55.970  88.231 0.0000000000
40305  -19.728  -55.994  88.533 0.0000000000
127168  -20.279  -55.904  88.201 0.0000000000
41183  -19.202  -54.835  85.685 0.0000000000
121839  -20.113  -55.492  86.970 0.0000000000
39465  -21.849  -56.222  87.771 0.0000000000
39466  -22.529  -56.330  87.523 0.0000000000
139347  -23.956  -57.234  87.487 0.0000000000
122357  -24.609  -57.854  87.230 0.0000000000
44062  -26.761  -50.833  80.997 0.0000000000
44055  -27.078  -51.211  81.803 0.0000000000
45908  -27.696  -49.101  81.400 0.0000000000
44995  -27.691  -50.757  82.162 0.0000000000
44035  -28.121  -51.640  83.412 0.0000000000
44020  -28.564  -52.144  84.196 0.0000000000
44002  -29.658  -52.166  85.350 0.0000000000
43984  -30.623  -52.152  86.622 0.0000000000
43955  -31.248  -52.588  88.142 0.0000000000
44923  -31.157  -51.670  87.040 0.0000000000
44938  -31.994  -50.516  86.899 0.0000000000
45831  -33.539  -50.274  87.547 0.0000000000
47611  -31.840  -48.214  85.011 0.0000000000
46733  -32.809  -49.343  86.009 0.0000000000
45847  -34.398  -49.596  86.734 0.0000000000
46719  -35.711  -48.746  87.295 0.0000000000
40343  -15.565  -55.697  85.680 0.0000000000
55295  -41.878  -39.446  83.548 0.0000000000
55313  -43.267  -39.691  82.808 0.0000000000
137239  -44.385  -39.975  81.990 0.0000000000
53348  -45.327  -41.189  81.203 0.0000000000
144815  -42.901  -41.700  79.610 0.0000000000
132701  -44.035  -41.621  80.398 0.0000000000
59959  -47.290  -34.016  70.341 0.0000000000
59901  -46.375  -34.496  73.402 0.0000000000
128364  -47.580  -33.392  72.734 0.0000000000
61874  -47.490  -32.465  75.125 0.0000000000
60828  -49.433  -33.625  77.977 0.0000000000
133802  -49.304  -31.011  74.855 0.0000000000
62732  -50.205  -32.372  77.613 0.0000000000
121228  -36.852  -40.767  70.785 0.0000000000
121230  -38.896  -40.607  72.117 0.0000000000
54475  -38.627  -40.621  70.398 0.0000000000
55456  -39.826  -40.263  69.697 0.0000000000
55471  -41.258  -39.501  69.436 0.0000000000
56418  -41.777  -38.780  69.141 0.0000000000
57346  -42.982  -37.610  69.077 0.0000000000
132391  -44.134  -36.616  69.018 0.0000000000
59033  -45.065  -35.686  69.057 0.0000000000
59974  -46.163  -34.480  69.178 0.0000000000
61946  -46.294  -33.041  68.853 0.0000000000
62829  -46.642  -31.927  69.242 0.0000000000
63704  -46.757  -30.424  70.307 0.0000000000
64653  -43.087  -29.369  68.817 0.0000000000
64644  -44.240  -29.170  69.896 0.0000000000
64634  -46.256  -29.350  70.776 0.0000000000
65589  -46.439  -27.389  70.681 0.0000000000
67476  -46.944  -26.504  70.044 0.0000000000
67491  -48.741  -26.018  70.166 0.0000000000
125957  -49.833  -27.335  69.631 0.0000000000
65623  -48.341  -28.073  68.746 0.0000000000
64668  -47.817  -29.410  67.396 0.0000000000
64689  -47.610  -29.579  65.970 0.0000000000
65668  -47.571  -28.739  64.775 0.0000000000
34579  -9.689  -61.663  90.842 0.0000000000
140143  -9.227  -62.116  91.295 0.0000000000
32798  -8.319  -63.032  91.091 0.0000000000
32792  -6.936  -63.169  94.524 0.0000000000
124874  -7.191  -63.823  93.178 0.0000000000
122224  -7.640  -63.625  91.200 0.0000000000
132519  -6.163  -64.463  91.962 0.0000000000
31018  -5.140  -65.354  91.648 0.0000000000
145427  -4.758  -65.849  91.281 0.0000000000
132782  -4.066  -67.140  92.424 0.0000000000
56248  -41.495  -38.518  85.952 0.0000000000
53301  -38.534  -41.269  86.086 0.0000000000
131548  -37.279  -41.172  83.357 0.0000000000
127187  -37.862  -40.688  84.814 0.0000000000
56233  -38.737  -38.720  85.868 0.0000000000
122138  -40.002  -38.381  84.816 0.0000000000
56275  -40.785  -38.726  84.225 0.0000000000
55309  -39.742  -38.984  82.398 0.0000000000
55323  -39.404  -39.349  81.561 0.0000000000
55344  -38.849  -39.965  79.922 0.0000000000
55342  -36.887  -39.004  79.389 0.0000000000
55356  -37.690  -39.989  78.917 0.0000000000
132196  -38.356  -40.817  78.433 0.0000000000
53441  -37.754  -41.373  76.187 0.0000000000
54397  -37.310  -40.967  74.522 0.0000000000
121422  -36.772  -40.680  73.123 0.0000000000
54381  -31.981  -39.963  75.217 0.0000000000
55381  -32.793  -38.235  76.337 0.0000000000
56340  -32.734  -37.552  76.074 0.0000000000
55394  -33.832  -38.700  74.772 0.0000000000
55411  -33.742  -39.395  73.421 0.0000000000
54435  -34.450  -40.171  72.764 0.0000000000
121379  -34.822  -40.620  71.874 0.0000000000
121232  -36.573  -40.683  71.637 0.0000000000
38478  -22.871  -57.173  91.674 0.0000000000
41233  -21.220  -54.331  82.801 0.0000000000
41234  -22.051  -54.818  82.685 0.0000000000
40377  -22.234  -55.000  83.582 0.0000000000
39508  -23.756  -56.603  84.701 0.0000000000
39494  -24.135  -57.125  85.185 0.0000000000
38531  -25.437  -58.279  86.593 0.0000000000
42134  -25.579  -53.371  80.434 0.0000000000
41244  -25.873  -54.965  80.921 0.0000000000
39546  -26.080  -56.058  81.825 0.0000000000
40379  -27.918  -54.911  83.385 0.0000000000
39525  -27.719  -56.078  83.353 0.0000000000
39524  -26.453  -56.982  83.123 0.0000000000
140894  -26.904  -57.736  84.532 0.0000000000
37596  -26.934  -58.406  85.829 0.0000000000
37562  -26.832  -58.755  87.414 0.0000000000
37548  -28.110  -58.619  88.591 0.0000000000
37549  -28.862  -58.731  88.888 0.0000000000
36642  -10.930  -60.086  86.248 0.0000000000
35652  -11.126  -59.904  87.860 0.0000000000
146119  -12.468  -57.507  85.184 0.0000000000
38545  -11.807  -57.962  85.031 0.0000000000
37571  -11.571  -59.113  86.210 0.0000000000
36631  -11.538  -59.234  88.058 0.0000000000
36614  -11.302  -59.479  89.620 0.0000000000
36601  -11.384  -59.337  90.459 0.0000000000
37513  -14.024  -58.415  91.806 0.0000000000
54420  -40.413  -40.815  73.168 0.0000000000
120677  -41.896  -41.127  74.068 0.0000000000
53454  -42.924  -41.093  75.110 0.0000000000
55415  -43.425  -39.371  73.441 0.0000000000
142212  -43.923  -40.093  75.593 0.0000000000
54375  -43.838  -41.166  76.376 0.0000000000
54366  -47.276  -40.736  76.737 0.0000000000
58947  -46.172  -35.160  75.775 0.0000000000
58073  -47.277  -36.688  77.903 0.0000000000
56343  -47.594  -38.100  76.166 0.0000000000
66554  -51.621  -27.778  70.118 0.0000000000
66555  -52.522  -27.765  69.942 0.0000000000
66557  -54.504  -27.173  69.437 0.0000000000
64672  -52.175  -29.529  67.350 0.0000000000
64659  -53.773  -29.158  67.815 0.0000000000
66570  -55.046  -27.928  68.800 0.0000000000
66572  -56.927  -26.836  68.211 0.0000000000
66582  -57.178  -26.904  67.243 0.0000000000
65674  -54.668  -28.625  64.246 0.0000000000
65676  -56.667  -27.787  64.630 0.0000000000
66599  -57.611  -26.702  65.117 0.0000000000
68487  -59.134  -25.235  62.642 0.0000000000
132297  -30.071  -45.739  80.984 0.0000000000
49335  -28.699  -45.957  81.515 0.0000000000
49336  -29.510  -46.067  81.602 0.0000000000
122437  -37.623  -40.685  73.036 0.0000000000
136175  -38.678  -40.859  73.777 0.0000000000
123689  -38.587  -40.675  73.028 0.0000000000
137332  -49.420  -25.757  71.583 0.0000000000
67454  -49.600  -25.911  72.067 0.0000000000
68413  -49.943  -25.419  71.945 0.0000000000
68403  -50.924  -24.921  73.116 0.0000000000
68414  -50.688  -25.208  72.360 0.0000000000
68427  -51.039  -25.191  72.079 0.0000000000
35651  -10.776  -60.543  88.088 0.0000000000
34613  -10.255  -61.310  88.351 0.0000000000
35635  -10.655  -60.631  89.006 0.0000000000
53422  -33.811  -41.533  76.903 0.0000000000
53423  -34.391  -41.087  77.452 0.0000000000
54358  -34.038  -40.171  77.043 0.0000000000
54369  -33.120  -40.274  76.095 0.0000000000
39410  -17.705  -56.899  91.302 0.0000000000
39422  -17.624  -56.662  90.522 0.0000000000
38519  -25.001  -58.096  88.162 0.0000000000
38507  -25.068  -58.050  89.166 0.0000000000
132198  -25.792  -58.388  88.741 0.0000000000
37546  -26.311  -58.674  88.070 0.0000000000
42074  -30.401  -53.292  86.643 0.0000000000
42069  -31.082  -53.369  87.640 0.0000000000
41167  -31.608  -53.720  88.303 0.0000000000
39421  -16.781  -56.789  90.323 0.0000000000
59001  -45.838  -35.684  71.241 0.0000000000
122638  -45.458  -35.975  72.165 0.0000000000
58985  -45.972  -35.313  72.240 0.0000000000
140616  -34.803  -46.958  83.951 0.0000000000
50303  -32.368  -44.778  78.504 0.0000000000
50291  -32.728  -45.021  79.249 0.0000000000
145446  -17.640  -55.095  85.935 0.0000000000
41202  -21.015  -54.516  84.281 0.0000000000
41185  -21.086  -54.794  85.044 0.0000000000
146265  -21.393  -54.755  84.589 0.0000000000
121673  -21.759  -55.014  84.799 0.0000000000
46775  -29.799  -48.234  83.569 0.0000000000
45882  -29.684  -49.010  83.946 0.0000000000
45870  -29.708  -49.782  84.324 0.0000000000
146149  -30.080  -49.112  84.504 0.0000000000
45860  -30.931  -49.511  85.215 0.0000000000
45871  -30.634  -48.943  84.749 0.0000000000
124740  -33.638  -47.220  83.316 0.0000000000
47637  -34.119  -47.524  83.922 0.0000000000
48439  -34.930  -47.502  84.474 0.0000000000
41197  -16.784  -54.933  84.454 0.0000000000
54327  -40.504  -40.556  80.352 0.0000000000
54340  -40.894  -40.939  79.738 0.0000000000
53429  -43.612  -41.864  77.337 0.0000000000
53409  -43.662  -42.017  78.101 0.0000000000
122629  -44.279  -41.673  77.692 0.0000000000
53444  -44.364  -41.307  77.219 0.0000000000
141161  -48.599  -31.096  70.553 0.0000000000
62820  -49.059  -31.797  71.125 0.0000000000
62810  -49.487  -31.410  71.637 0.0000000000
62744  -52.150  -31.316  77.289 0.0000000000
63726  -42.481  -30.242  68.535 0.0000000000
65640  -45.124  -28.168  68.115 0.0000000000
123208  -44.684  -28.610  67.273 0.0000000000
65650  -45.006  -28.895  66.311 0.0000000000
32806  -7.941  -63.243  88.821 0.0000000000
32802  -7.615  -63.604  89.590 0.0000000000
141776  -8.020  -61.688  95.253 0.0000000000
30997  -5.629  -66.027  94.726 0.0000000000
140093  -36.447  -43.643  83.242 0.0000000000
138832  -37.193  -42.959  84.058 0.0000000000
52309  -36.856  -42.909  83.237 0.0000000000
55307  -36.253  -38.474  82.143 0.0000000000
57224  -36.578  -37.841  82.091 0.0000000000
56285  -36.855  -37.847  82.551 0.0000000000
56292  -36.501  -37.780  81.443 0.0000000000
120730  -37.248  -37.736  81.396 0.0000000000
56302  -36.517  -37.810  80.563 0.0000000000
55384  -34.767  -39.320  76.200 0.0000000000
54383  -35.520  -40.013  76.378 0.0000000000
120840  -35.549  -40.309  75.465 0.0000000000
54395  -35.005  -39.916  74.936 0.0000000000
39441  -20.939  -56.669  89.606 0.0000000000
39426  -21.599  -56.878  90.072 0.0000000000
39544  -24.764  -56.518  81.992 0.0000000000
39543  -24.041  -56.314  81.870 0.0000000000
39522  -25.051  -57.093  83.217 0.0000000000
43060  -26.906  -52.701  82.817 0.0000000000
42116  -26.597  -53.002  82.296 0.0000000000
39481  -29.983  -56.907  85.908 0.0000000000
39495  -28.760  -56.894  84.903 0.0000000000
37579  -29.182  -57.924  86.963 0.0000000000
44913  -33.509  -50.744  89.018 0.0000000000
37532  -13.187  -57.986  89.660 0.0000000000
55440  -42.240  -39.612  71.547 0.0000000000
56332  -45.245  -37.914  77.280 0.0000000000
138026  -45.452  -38.453  77.391 0.0000000000
55365  -46.125  -38.621  77.415 0.0000000000
55376  -47.102  -39.331  76.670 0.0000000000
55387  -47.062  -39.353  75.476 0.0000000000
58937  -49.445  -35.067  77.440 0.0000000000
58936  -49.018  -35.694  77.672 0.0000000000
64682  -49.025  -29.778  66.598 0.0000000000
136941  -50.296  -29.651  67.830 0.0000000000
124542  -49.874  -29.817  66.481 0.0000000000
64696  -54.448  -29.187  65.417 0.0000000000
64697  -55.262  -29.101  65.628 0.0000000000
67544  -55.965  -26.464  61.184 0.0000000000
66635  -55.581  -26.933  61.625 0.0000000000
67540  -57.263  -26.332  62.298 0.0000000000
66630  -57.437  -26.387  63.107 0.0000000000
67546  -57.890  -25.281  62.315 0.0000000000
141513  -32.813  -46.493  81.971 0.0000000000
48475  -32.378  -46.378  81.735 0.0000000000
49370  -30.518  -45.482  79.421 0.0000000000
49359  -31.483  -45.725  80.440 0.0000000000
49371  -31.312  -45.545  79.599 0.0000000000
48457  -27.791  -46.648  81.437 0.0000000000
124629  -29.109  -46.968  82.020 0.0000000000
48458  -28.614  -46.946  81.755 0.0000000000
48446  -29.579  -47.296  82.485 0.0000000000
143316  -29.536  -47.523  82.614 0.0000000000
48447  -30.021  -47.279  82.847 0.0000000000
49323  -30.600  -46.397  81.995 0.0000000000
48461  -30.731  -46.820  82.662 0.0000000000
48450  -32.732  -47.097  83.069 0.0000000000
53425  -39.628  -41.738  77.318 0.0000000000
133142  -39.305  -41.714  76.439 0.0000000000
53451  -40.160  -41.809  75.684 0.0000000000
53452  -41.101  -41.874  75.419 0.0000000000
53443  -41.746  -42.099  75.983 0.0000000000
65591  -48.166  -28.063  71.421 0.0000000000
65593  -49.950  -29.064  71.770 0.0000000000
135493  -49.518  -27.987  72.043 0.0000000000
64594  -52.275  -28.974  75.286 0.0000000000
139774  -52.606  -28.248  74.639 0.0000000000
67469  -53.383  -26.344  72.124 0.0000000000
67470  -54.686  -26.055  71.978 0.0000000000
67482  -53.752  -26.611  71.136 0.0000000000
34627  -9.602  -61.943  88.060 0.0000000000
33638  -9.266  -62.339  89.645 0.0000000000
52351  -35.463  -42.310  80.117 0.0000000000
53384  -35.450  -40.564  79.155 0.0000000000
53363  -35.638  -41.062  79.928 0.0000000000
54324  -35.720  -39.687  79.649 0.0000000000
54325  -35.692  -38.804  80.297 0.0000000000
54336  -35.532  -39.320  78.827 0.0000000000
54347  -35.306  -39.440  78.327 0.0000000000
55364  -34.881  -39.241  77.543 0.0000000000
39443  -23.077  -57.142  89.853 0.0000000000
145862  -23.619  -57.296  89.457 0.0000000000
37535  -27.821  -58.728  90.168 0.0000000000
37524  -27.755  -58.813  91.138 0.0000000000
41251  -24.838  -55.018  80.091 0.0000000000
40399  -24.334  -55.543  80.508 0.0000000000
42089  -28.398  -53.347  84.694 0.0000000000
41188  -30.112  -54.381  85.506 0.0000000000
40351  -30.450  -55.272  85.484 0.0000000000
39497  -30.291  -56.143  85.570 0.0000000000
39498  -31.040  -55.753  85.867 0.0000000000
39470  -32.822  -56.132  87.576 0.0000000000
135823  -14.593  -56.263  86.358 0.0000000000
39463  -15.192  -56.332  87.364 0.0000000000
38505  -15.002  -57.101  88.817 0.0000000000
38484  -14.670  -57.732  90.436 0.0000000000
38485  -15.564  -57.517  90.541 0.0000000000
38476  -16.550  -57.508  91.612 0.0000000000
57320  -43.984  -37.731  70.269 0.0000000000
57306  -43.842  -38.083  71.667 0.0000000000
57307  -44.347  -37.544  71.106 0.0000000000
58118  -45.201  -36.179  73.719 0.0000000000
58117  -44.797  -36.843  73.425 0.0000000000
58101  -44.947  -36.713  74.253 0.0000000000
120756  -45.479  -36.393  75.893 0.0000000000
66609  -49.031  -28.246  64.132 0.0000000000
68483  -55.655  -25.676  60.838 0.0000000000
69375  -55.927  -24.634  60.285 0.0000000000
68489  -56.745  -25.121  60.499 0.0000000000
36600  -10.839  -59.728  91.021 0.0000000000
35556  -9.595  -60.260  95.118 0.0000000000
49289  -36.727  -46.148  86.829 0.0000000000
49314  -35.458  -45.511  83.465 0.0000000000
49307  -36.148  -45.369  84.778 0.0000000000
50216  -35.943  -44.946  84.077 0.0000000000
50224  -36.193  -44.205  83.641 0.0000000000
50223  -35.759  -44.738  83.209 0.0000000000
49324  -33.860  -45.986  81.775 0.0000000000
49340  -33.460  -45.808  81.097 0.0000000000
50275  -34.417  -44.684  80.708 0.0000000000
51315  -35.033  -44.102  81.034 0.0000000000
139153  -34.700  -43.899  80.260 0.0000000000
51325  -35.298  -43.310  80.597 0.0000000000
51332  -34.359  -43.651  79.517 0.0000000000
51354  -33.657  -42.944  77.934 0.0000000000
40303  -17.630  -56.088  88.456 0.0000000000
40313  -17.572  -55.816  87.780 0.0000000000
136714  -19.094  -55.635  87.503 0.0000000000
120711  -19.017  -55.837  88.032 0.0000000000
40315  -19.717  -55.712  87.706 0.0000000000
130194  -18.688  -54.625  85.015 0.0000000000
40347  -21.010  -55.035  85.716 0.0000000000
40330  -20.575  -55.237  86.268 0.0000000000
121497  -20.945  -55.650  86.929 0.0000000000
40317  -21.235  -55.946  87.643 0.0000000000
40318  -21.881  -55.895  86.968 0.0000000000
144944  -22.922  -56.076  86.110 0.0000000000
39467  -23.324  -56.688  87.270 0.0000000000
39468  -24.020  -57.169  86.740 0.0000000000
45023  -26.978  -50.077  80.740 0.0000000000
45022  -26.562  -50.475  80.017 0.0000000000
46794  -27.946  -48.218  81.610 0.0000000000
45894  -28.301  -48.876  82.001 0.0000000000
133834  -28.753  -49.818  83.075 0.0000000000
44996  -28.268  -50.262  82.622 0.0000000000
44047  -28.029  -50.979  82.827 0.0000000000
44963  -28.845  -51.359  83.857 0.0000000000
129695  -30.040  -51.321  85.143 0.0000000000
44003  -30.362  -51.687  85.781 0.0000000000
43983  -30.011  -52.617  86.020 0.0000000000
45844  -31.679  -49.962  85.977 0.0000000000
44937  -31.441  -50.747  86.567 0.0000000000
45830  -32.751  -50.411  87.246 0.0000000000
45845  -32.392  -49.959  86.420 0.0000000000
46764  -31.329  -48.324  84.727 0.0000000000
46765  -33.810  -48.479  85.088 0.0000000000
46749  -33.226  -48.828  85.583 0.0000000000
46734  -33.867  -49.295  86.140 0.0000000000
45833  -35.002  -49.499  87.267 0.0000000000
47599  -36.205  -47.750  87.002 0.0000000000
48423  -36.395  -46.991  86.399 0.0000000000
40312  -16.819  -55.811  87.500 0.0000000000
55311  -41.470  -39.748  82.805 0.0000000000
55296  -42.776  -39.402  83.537 0.0000000000
55312  -42.351  -39.801  82.850 0.0000000000
54330  -43.128  -40.717  81.096 0.0000000000
54302  -43.665  -39.990  82.099 0.0000000000
54316  -43.894  -40.495  81.492 0.0000000000
54317  -44.819  -40.460  81.646 0.0000000000
53347  -44.419  -41.127  81.045 0.0000000000
53426  -40.958  -41.926  77.954 0.0000000000
53386  -41.553  -41.340  79.458 0.0000000000
140288  -42.356  -41.759  79.133 0.0000000000
122076  -44.105  -42.024  78.919 0.0000000000
53388  -43.642  -41.867  79.662 0.0000000000
53389  -44.651  -42.059  79.711 0.0000000000
53368  -45.866  -41.720  80.624 0.0000000000
52354  -46.315  -41.969  80.114 0.0000000000
52364  -46.217  -41.974  79.621 0.0000000000
120654  -48.000  -41.662  77.647 0.0000000000
60926  -47.639  -33.781  70.951 0.0000000000
60908  -47.556  -33.780  71.877 0.0000000000
60927  -48.071  -33.261  71.156 0.0000000000
61896  -48.470  -32.102  73.568 0.0000000000
61895  -47.587  -32.524  74.107 0.0000000000
61856  -48.154  -32.037  75.692 0.0000000000
60840  -48.465  -33.129  77.338 0.0000000000
133941  -48.549  -32.402  76.785 0.0000000000
63687  -50.766  -30.602  72.991 0.0000000000
62792  -50.171  -30.995  73.241 0.0000000000
62776  -49.991  -30.752  74.551 0.0000000000
126527  -3.540  -67.414  91.049 0.0000000000
28154  -3.339  -68.071  91.073 0.0000000000
55469  -39.305  -40.074  68.994 0.0000000000
55470  -40.296  -39.696  68.971 0.0000000000
56435  -41.290  -38.458  68.665 0.0000000000
57332  -41.800  -38.111  68.780 0.0000000000
57333  -42.409  -38.137  69.114 0.0000000000
121090  -42.217  -37.385  68.686 0.0000000000
58187  -43.512  -36.344  68.584 0.0000000000
129160  -43.903  -35.593  68.336 0.0000000000
58188  -44.373  -36.038  68.754 0.0000000000
145201  -44.250  -35.134  68.229 0.0000000000
60960  -45.017  -33.885  68.240 0.0000000000
60949  -45.891  -33.837  68.647 0.0000000000
61945  -45.390  -32.947  68.492 0.0000000000
62827  -44.755  -31.225  69.464 0.0000000000
62828  -45.688  -31.554  69.327 0.0000000000
63716  -45.241  -30.713  70.039 0.0000000000
63717  -46.229  -31.040  69.820 0.0000000000
65607  -44.387  -28.206  69.553 0.0000000000
64633  -45.411  -28.983  70.580 0.0000000000
65601  -45.303  -28.021  70.262 0.0000000000
65602  -46.730  -28.502  71.008 0.0000000000
123216  -45.696  -27.183  70.119 0.0000000000
66567  -46.375  -27.195  69.163 0.0000000000
66550  -46.147  -26.892  69.781 0.0000000000
66551  -46.912  -26.703  69.651 0.0000000000
67489  -47.383  -26.356  69.958 0.0000000000
134123  -47.573  -26.655  69.564 0.0000000000
66552  -48.237  -27.010  69.273 0.0000000000
64679  -46.503  -29.222  66.871 0.0000000000
64667  -47.102  -29.180  67.322 0.0000000000
64680  -47.314  -29.479  66.720 0.0000000000
64681  -48.147  -29.672  66.672 0.0000000000
31932  -6.739  -64.256  88.594 0.0000000000
35595  -9.984  -60.963  91.201 0.0000000000
34571  -9.591  -61.542  91.698 0.0000000000
33632  -8.713  -62.642  91.714 0.0000000000
139353  -8.873  -62.555  90.959 0.0000000000
32796  -8.009  -63.309  92.168 0.0000000000
32789  -7.024  -62.632  95.570 0.0000000000
135041  -7.298  -63.845  92.019 0.0000000000
32795  -6.671  -64.199  92.416 0.0000000000
31918  -6.845  -64.247  91.306 0.0000000000
140437  -4.844  -65.547  93.268 0.0000000000
31913  -5.553  -64.846  92.214 0.0000000000
31013  -4.947  -65.352  92.531 0.0000000000
31017  -4.584  -65.788  92.002 0.0000000000
30052  -4.261  -66.378  92.218 0.0000000000
30049  -4.351  -66.533  93.010 0.0000000000
29060  -5.260  -67.685  94.450 0.0000000000
56236  -41.185  -38.634  86.804 0.0000000000
56237  -42.089  -38.471  86.596 0.0000000000
138811  -40.672  -38.572  86.150 0.0000000000
50203  -37.248  -44.404  86.395 0.0000000000
50195  -37.512  -44.413  87.281 0.0000000000
134963  -37.437  -43.811  85.991 0.0000000000
52266  -37.761  -42.653  85.127 0.0000000000
52258  -37.937  -43.052  85.985 0.0000000000
52267  -38.227  -42.109  85.636 0.0000000000
52259  -38.522  -42.297  86.636 0.0000000000
53300  -38.197  -41.321  85.393 0.0000000000
53335  -36.718  -41.434  82.191 0.0000000000
142929  -36.978  -41.305  82.786 0.0000000000
53336  -36.837  -40.427  82.626 0.0000000000
139070  -37.431  -39.377  84.360 0.0000000000
54283  -37.978  -39.546  85.283 0.0000000000
55276  -38.371  -38.909  85.725 0.0000000000
133823  -38.468  -37.895  83.812 0.0000000000
56261  -38.759  -38.069  84.661 0.0000000000
56273  -39.448  -38.119  83.925 0.0000000000
56274  -40.302  -38.549  83.935 0.0000000000
55294  -40.958  -39.161  83.523 0.0000000000
56288  -40.057  -38.728  83.243 0.0000000000
55322  -38.539  -38.765  81.179 0.0000000000
55334  -39.104  -39.698  80.753 0.0000000000
55341  -36.037  -38.736  79.102 0.0000000000
135141  -36.427  -40.665  77.116 0.0000000000
54348  -36.710  -40.044  78.102 0.0000000000
54349  -37.460  -40.478  78.213 0.0000000000
54363  -38.112  -41.210  77.576 0.0000000000
54374  -37.629  -41.358  76.969 0.0000000000
54385  -36.933  -41.132  75.681 0.0000000000
54416  -36.407  -40.729  74.019 0.0000000000
54417  -37.227  -40.759  73.677 0.0000000000
55380  -32.272  -38.952  76.058 0.0000000000
140394  -31.241  -37.846  75.657 0.0000000000
56349  -32.313  -37.139  75.600 0.0000000000
56350  -33.037  -37.606  75.368 0.0000000000
56365  -32.502  -37.261  74.791 0.0000000000
55410  -33.067  -39.111  72.908 0.0000000000
54434  -33.603  -39.968  72.391 0.0000000000
54452  -35.703  -40.666  71.741 0.0000000000
39439  -19.110  -56.437  89.798 0.0000000000
39424  -19.178  -56.652  90.622 0.0000000000
39414  -21.473  -57.026  91.676 0.0000000000
144098  -22.686  -56.991  90.977 0.0000000000
38479  -23.689  -57.296  92.100 0.0000000000
40385  -23.321  -55.958  82.326 0.0000000000
40384  -22.742  -55.428  82.016 0.0000000000
128786  -22.737  -55.433  82.903 0.0000000000
40378  -22.860  -55.582  83.708 0.0000000000
40365  -23.031  -55.824  84.523 0.0000000000
39521  -23.586  -56.355  83.681 0.0000000000
38565  -25.306  -57.618  84.494 0.0000000000
38564  -24.523  -57.265  84.573 0.0000000000
38548  -24.772  -57.636  85.306 0.0000000000
123579  -25.316  -57.998  85.801 0.0000000000
43078  -25.821  -52.598  80.777 0.0000000000
41235  -26.762  -54.002  82.150 0.0000000000
41253  -26.216  -54.155  81.358 0.0000000000
41245  -26.456  -55.161  81.608 0.0000000000
40386  -26.725  -55.857  82.231 0.0000000000
41221  -28.299  -54.454  84.028 0.0000000000
41220  -27.875  -54.032  83.666 0.0000000000
38568  -28.019  -57.189  84.495 0.0000000000
120697  -28.064  -56.180  83.832 0.0000000000
39510  -27.773  -56.718  83.925 0.0000000000
38579  -27.109  -56.916  83.496 0.0000000000
38578  -26.485  -57.393  83.769 0.0000000000
37576  -26.422  -58.576  86.562 0.0000000000
37563  -27.748  -58.650  87.588 0.0000000000
43956  -31.543  -52.523  88.592 0.0000000000
35665  -10.866  -60.341  87.213 0.0000000000
39490  -13.713  -56.856  85.989 0.0000000000
128696  -13.593  -56.720  85.257 0.0000000000
38546  -12.389  -57.872  85.847 0.0000000000
37587  -11.891  -58.419  85.770 0.0000000000
37559  -11.851  -58.757  87.302 0.0000000000
123981  -11.621  -58.961  88.955 0.0000000000
38460  -14.804  -58.380  92.173 0.0000000000
136219  -45.739  -38.675  83.307 0.0000000000
121806  -39.637  -40.493  71.965 0.0000000000
54439  -39.528  -40.621  72.674 0.0000000000
54440  -40.315  -40.486  72.231 0.0000000000
55413  -42.055  -40.277  72.717 0.0000000000
54421  -41.514  -40.794  73.298 0.0000000000
53467  -42.208  -41.412  74.793 0.0000000000
135741  -42.694  -40.818  74.317 0.0000000000
123746  -43.670  -38.698  72.992 0.0000000000
55427  -43.138  -39.299  72.625 0.0000000000
56367  -43.939  -38.587  73.952 0.0000000000
55386  -44.369  -39.521  76.152 0.0000000000
55385  -43.991  -39.464  75.249 0.0000000000
54388  -44.215  -40.372  76.280 0.0000000000
54376  -44.790  -40.546  77.100 0.0000000000
54377  -46.118  -40.113  77.199 0.0000000000
54389  -47.074  -40.518  75.665 0.0000000000
146369  -47.368  -40.420  76.132 0.0000000000
53456  -46.548  -41.215  75.415 0.0000000000
60869  -46.609  -33.793  73.921 0.0000000000
133219  -46.206  -34.456  74.267 0.0000000000
59885  -46.262  -34.466  75.158 0.0000000000
145828  -48.633  -36.590  77.195 0.0000000000
58935  -46.934  -35.823  77.574 0.0000000000
58084  -48.170  -36.990  77.630 0.0000000000
57251  -47.426  -37.481  77.601 0.0000000000
57263  -47.738  -37.529  75.646 0.0000000000
66553  -50.761  -27.585  70.007 0.0000000000
136933  -50.499  -28.237  69.535 0.0000000000
65626  -51.538  -28.968  68.976 0.0000000000
65611  -52.025  -28.417  69.500 0.0000000000
65612  -52.938  -28.171  69.174 0.0000000000
66556  -53.499  -27.512  69.649 0.0000000000
128983  -51.433  -29.655  66.614 0.0000000000
64694  -52.011  -29.346  65.731 0.0000000000
64674  -54.147  -29.431  67.224 0.0000000000
64673  -53.227  -29.473  67.110 0.0000000000
65629  -54.370  -28.601  68.330 0.0000000000
65630  -55.379  -28.384  68.085 0.0000000000
66571  -56.006  -27.556  68.549 0.0000000000
66581  -56.240  -27.806  67.747 0.0000000000
142916  -56.943  -27.222  66.632 0.0000000000
142062  -57.543  -26.785  66.505 0.0000000000
66583  -58.003  -26.621  67.093 0.0000000000
66589  -57.640  -26.688  65.825 0.0000000000
143394  -54.966  -27.566  62.449 0.0000000000
124265  -54.617  -27.804  62.997 0.0000000000
65683  -54.059  -28.141  63.632 0.0000000000
65684  -55.220  -28.335  63.584 0.0000000000
65675  -55.781  -28.530  64.367 0.0000000000
65685  -56.349  -27.998  63.605 0.0000000000
66600  -58.295  -26.425  65.484 0.0000000000
67527  -58.726  -26.517  64.968 0.0000000000
68486  -58.866  -24.825  62.260 0.0000000000
49338  -31.664  -46.122  81.304 0.0000000000
49337  -30.766  -45.938  81.126 0.0000000000
49322  -29.790  -46.566  82.053 0.0000000000
54398  -38.313  -41.025  74.417 0.0000000000
139337  -39.306  -41.639  75.579 0.0000000000
53463  -38.808  -41.391  75.033 0.0000000000
54399  -39.133  -41.143  74.272 0.0000000000
54400  -40.017  -41.205  74.094 0.0000000000
65581  -49.385  -26.803  72.077 0.0000000000
67446  -50.634  -26.242  73.214 0.0000000000
68388  -52.092  -24.736  74.320 0.0000000000
68405  -52.480  -24.597  74.050 0.0000000000
68417  -53.092  -24.911  73.636 0.0000000000
68416  -52.054  -24.707  73.220 0.0000000000
140906  -52.520  -26.070  72.122 0.0000000000
66530  -51.724  -26.617  71.258 0.0000000000
136624  -10.462  -60.711  86.632 0.0000000000
34641  -9.848  -61.314  86.545 0.0000000000
34595  -9.714  -61.743  89.981 0.0000000000
132283  -34.613  -42.436  78.724 0.0000000000
52363  -35.337  -41.601  79.457 0.0000000000
54346  -34.856  -39.585  77.906 0.0000000000
54359  -34.587  -39.809  77.553 0.0000000000
38477  -17.399  -57.295  91.937 0.0000000000
38506  -24.478  -57.760  88.742 0.0000000000
38496  -24.349  -57.643  89.613 0.0000000000
37533  -26.399  -58.373  89.651 0.0000000000
37534  -27.152  -58.467  89.447 0.0000000000
42082  -29.252  -53.365  85.473 0.0000000000
41175  -30.501  -53.929  86.156 0.0000000000
41176  -31.383  -54.313  86.440 0.0000000000
40334  -31.685  -55.198  86.251 0.0000000000
40319  -32.578  -55.099  87.464 0.0000000000
39435  -15.859  -56.856  89.221 0.0000000000
129938  -44.886  -36.838  70.859 0.0000000000
58150  -44.735  -36.914  71.697 0.0000000000
58151  -45.257  -36.387  71.440 0.0000000000
58970  -45.574  -35.628  73.990 0.0000000000
48430  -36.116  -46.977  85.666 0.0000000000
49298  -35.964  -46.313  85.084 0.0000000000
49373  -32.936  -45.433  79.984 0.0000000000
50292  -33.393  -44.864  79.639 0.0000000000
50304  -33.664  -44.158  79.149 0.0000000000
141431  -17.936  -55.203  86.454 0.0000000000
40328  -18.776  -55.112  86.445 0.0000000000
137063  -19.638  -54.576  84.917 0.0000000000
141576  -20.428  -54.585  84.787 0.0000000000
40332  -22.280  -55.784  85.983 0.0000000000
40333  -23.112  -56.047  85.478 0.0000000000
46784  -28.824  -48.596  82.560 0.0000000000
44964  -29.298  -50.643  84.047 0.0000000000
44949  -30.609  -50.526  85.401 0.0000000000
45861  -31.340  -49.442  85.374 0.0000000000
46731  -31.617  -49.422  85.457 0.0000000000
47635  -31.928  -47.471  83.844 0.0000000000
47625  -32.302  -47.836  84.526 0.0000000000
47626  -33.415  -47.969  84.501 0.0000000000
46750  -34.678  -48.481  85.370 0.0000000000
46751  -35.420  -48.257  85.635 0.0000000000
47613  -35.057  -48.002  85.025 0.0000000000
47614  -35.600  -47.422  85.133 0.0000000000
126985  -16.493  -55.434  85.898 0.0000000000
54300  -41.975  -40.199  82.168 0.0000000000
54314  -41.680  -40.485  81.376 0.0000000000
54329  -42.346  -40.834  80.769 0.0000000000
53427  -41.906  -42.152  77.613 0.0000000000
53408  -42.658  -42.092  78.195 0.0000000000
133828  -45.069  -41.909  78.811 0.0000000000
141975  -45.626  -41.391  78.220 0.0000000000
53431  -46.516  -40.961  77.670 0.0000000000
60942  -48.260  -32.785  70.556 0.0000000000
60909  -48.117  -33.083  72.124 0.0000000000
61931  -48.639  -32.560  71.365 0.0000000000
62775  -48.861  -31.520  74.267 0.0000000000
129477  -50.990  -30.003  76.205 0.0000000000
63660  -50.370  -30.394  76.067 0.0000000000
63649  -50.850  -30.711  77.019 0.0000000000
67502  -57.939  -26.510  68.794 0.0000000000
58185  -41.551  -36.631  68.298 0.0000000000
61953  -43.880  -32.261  68.441 0.0000000000
61954  -44.622  -32.363  68.511 0.0000000000
62840  -43.497  -31.477  68.824 0.0000000000
62826  -43.940  -30.882  69.383 0.0000000000
66564  -43.849  -28.283  68.250 0.0000000000
66565  -44.482  -27.858  68.790 0.0000000000
66549  -45.405  -27.318  69.482 0.0000000000
66566  -45.073  -27.549  68.840 0.0000000000
65621  -45.795  -27.768  68.459 0.0000000000
65622  -46.799  -27.941  68.410 0.0000000000
64678  -45.906  -29.138  66.242 0.0000000000
31928  -6.987  -64.128  89.422 0.0000000000
31922  -6.560  -64.485  90.186 0.0000000000
34557  -9.254  -61.307  93.456 0.0000000000
34563  -8.803  -61.937  93.242 0.0000000000
133639  -8.277  -62.538  93.537 0.0000000000
32788  -6.614  -63.391  95.383 0.0000000000
31908  -6.195  -64.164  94.990 0.0000000000
31911  -5.934  -64.473  94.030 0.0000000000
31914  -6.012  -64.519  92.870 0.0000000000
31009  -5.069  -65.574  93.995 0.0000000000
31008  -4.596  -66.059  93.597 0.0000000000
30046  -4.816  -66.154  94.201 0.0000000000
30042  -4.978  -66.633  94.528 0.0000000000
51254  -36.824  -44.075  85.038 0.0000000000
51269  -36.975  -43.590  84.569 0.0000000000
143897  -37.413  -43.027  84.671 0.0000000000
52283  -37.601  -42.376  84.408 0.0000000000
54299  -36.356  -39.375  82.020 0.0000000000
55308  -36.613  -39.118  82.767 0.0000000000
55293  -36.938  -38.691  83.471 0.0000000000
56259  -37.453  -38.406  84.030 0.0000000000
56271  -37.025  -38.093  83.213 0.0000000000
56286  -38.157  -37.812  82.991 0.0000000000
143860  -38.519  -37.926  82.556 0.0000000000
134323  -38.025  -37.927  81.491 0.0000000000
55332  -37.122  -38.350  80.011 0.0000000000
54371  -35.765  -39.942  77.136 0.0000000000
54384  -36.107  -40.683  75.775 0.0000000000
54396  -35.745  -40.558  74.660 0.0000000000
54415  -35.486  -40.466  74.037 0.0000000000
40296  -19.764  -56.348  89.326 0.0000000000
39425  -20.658  -56.812  90.331 0.0000000000
121397  -21.286  -56.920  90.840 0.0000000000
40388  -22.893  -55.484  81.016 0.0000000000
39532  -23.850  -56.421  82.731 0.0000000000
136643  -24.268  -56.773  83.183 0.0000000000
38576  -25.005  -57.310  83.964 0.0000000000
144024  -26.069  -51.964  80.956 0.0000000000
43068  -26.240  -52.550  81.532 0.0000000000
39512  -29.088  -55.824  84.695 0.0000000000
145142  -27.549  -57.644  84.711 0.0000000000
38552  -28.216  -57.701  85.233 0.0000000000
37578  -28.275  -58.352  86.807 0.0000000000
37565  -29.682  -58.155  87.678 0.0000000000
38516  -13.948  -56.938  87.381 0.0000000000
38515  -13.186  -57.519  87.407 0.0000000000
37560  -12.512  -58.108  87.376 0.0000000000
131890  -12.172  -58.498  89.130 0.0000000000
144785  -15.572  -58.283  93.516 0.0000000000
38447  -15.102  -58.454  93.097 0.0000000000
55438  -40.924  -40.273  70.859 0.0000000000
54457  -41.015  -40.294  71.694 0.0000000000
55425  -41.748  -39.993  71.993 0.0000000000
55414  -42.790  -39.895  73.070 0.0000000000
56352  -44.485  -38.184  75.193 0.0000000000
56351  -44.128  -38.780  74.844 0.0000000000
56331  -44.849  -38.763  76.931 0.0000000000
122875  -47.237  -40.012  75.880 0.0000000000
123661  -47.822  -34.258  77.426 0.0000000000
59863  -47.339  -34.939  77.391 0.0000000000
59856  -48.528  -35.003  77.838 0.0000000000
58085  -48.626  -36.286  77.663 0.0000000000
58948  -48.575  -36.338  76.175 0.0000000000
64655  -49.382  -29.428  67.964 0.0000000000
137350  -50.065  -29.237  68.605 0.0000000000
64656  -50.955  -29.401  68.444 0.0000000000
64657  -51.869  -29.358  68.216 0.0000000000
64684  -54.023  -29.535  66.598 0.0000000000
64675  -54.885  -29.323  66.896 0.0000000000
65644  -55.596  -28.680  67.283 0.0000000000
140360  -55.712  -28.808  66.332 0.0000000000
65660  -56.070  -28.508  65.316 0.0000000000
68482  -54.710  -25.685  61.475 0.0000000000
66628  -55.767  -27.486  62.170 0.0000000000
65688  -56.328  -27.679  62.858 0.0000000000
66621  -57.040  -27.080  63.348 0.0000000000
66622  -57.819  -25.952  63.904 0.0000000000
67534  -58.348  -25.655  63.880 0.0000000000
69378  -58.762  -24.186  61.013 0.0000000000
68491  -58.965  -24.449  61.421 0.0000000000
48463  -33.271  -46.588  82.265 0.0000000000
48476  -33.113  -46.279  81.615 0.0000000000
49360  -32.355  -45.793  80.503 0.0000000000
144469  -20.141  -54.017  83.420 0.0000000000
41218  -20.760  -54.239  83.523 0.0000000000
47653  -27.486  -47.480  81.339 0.0000000000
47631  -29.251  -48.175  82.916 0.0000000000
46763  -30.868  -48.390  84.456 0.0000000000
47622  -30.455  -48.022  83.799 0.0000000000
47634  -31.121  -47.581  83.661 0.0000000000
48448  -30.589  -47.228  83.075 0.0000000000
54364  -39.027  -41.357  77.900 0.0000000000
53407  -39.960  -41.581  78.187 0.0000000000
121779  -40.270  -41.912  76.652 0.0000000000
122175  -41.189  -42.165  76.922 0.0000000000
122174  -42.259  -42.143  76.726 0.0000000000
143015  -42.568  -41.876  76.107 0.0000000000
63696  -49.681  -30.624  71.475 0.0000000000
64624  -49.474  -29.661  71.355 0.0000000000
63686  -50.639  -30.329  72.256 0.0000000000
64614  -51.259  -29.929  72.703 0.0000000000
65582  -50.441  -28.446  72.235 0.0000000000
64605  -51.776  -29.408  73.272 0.0000000000
144360  -51.362  -29.960  74.446 0.0000000000
141444  -51.490  -29.710  75.214 0.0000000000
64575  -52.447  -29.804  77.397 0.0000000000
120704  -54.367  -25.374  73.724 0.0000000000
67471  -55.900  -25.727  71.319 0.0000000000
33663  -8.947  -62.426  87.709 0.0000000000
33637  -8.649  -62.787  89.266 0.0000000000
51317  -36.143  -43.021  81.852 0.0000000000
52331  -36.643  -42.509  82.373 0.0000000000
53346  -36.388  -40.945  81.279 0.0000000000
54312  -36.061  -39.478  81.159 0.0000000000
55331  -35.721  -38.273  80.805 0.0000000000
56311  -35.798  -37.863  80.188 0.0000000000
129389  -35.709  -38.359  79.524 0.0000000000
135220  -35.685  -38.901  78.844 0.0000000000
55352  -35.154  -39.334  78.101 0.0000000000
54360  -35.389  -39.439  77.894 0.0000000000
123974  -34.243  -38.879  75.633 0.0000000000
39442  -22.327  -56.880  89.422 0.0000000000
39427  -22.494  -57.000  90.348 0.0000000000
124369  -24.144  -57.379  91.397 0.0000000000
136260  -24.632  -57.613  90.773 0.0000000000
140586  -24.896  -57.506  91.781 0.0000000000
38481  -25.445  -57.792  92.425 0.0000000000
40398  -23.538  -55.416  80.303 0.0000000000
40390  -24.695  -56.069  81.289 0.0000000000
39545  -25.391  -56.384  81.874 0.0000000000
42103  -27.881  -53.126  84.155 0.0000000000
41186  -28.620  -53.972  84.710 0.0000000000
41187  -29.218  -53.944  85.242 0.0000000000
41203  -29.071  -54.743  84.770 0.0000000000
38535  -30.525  -57.214  86.521 0.0000000000
38536  -31.428  -56.993  86.700 0.0000000000
38522  -32.019  -57.441  87.242 0.0000000000
40335  -32.360  -55.660  86.834 0.0000000000
39469  -32.278  -56.622  86.984 0.0000000000
140372  -32.401  -57.738  87.860 0.0000000000
39491  -14.253  -56.357  85.737 0.0000000000
39475  -14.080  -56.640  86.529 0.0000000000
140034  -14.625  -56.663  87.585 0.0000000000
38492  -13.616  -57.619  89.203 0.0000000000
38483  -13.783  -57.833  90.020 0.0000000000
137273  -15.308  -57.963  91.709 0.0000000000
38475  -15.830  -57.684  91.279 0.0000000000
38461  -15.944  -57.813  92.077 0.0000000000
38448  -15.841  -57.945  93.006 0.0000000000
56405  -42.602  -38.893  70.480 0.0000000000
56390  -42.568  -39.155  71.196 0.0000000000
56391  -43.205  -38.632  71.201 0.0000000000
57293  -43.986  -38.097  72.533 0.0000000000
138988  -44.144  -38.119  73.322 0.0000000000
58132  -44.708  -36.886  72.534 0.0000000000
139838  -44.446  -37.505  73.008 0.0000000000
57271  -44.565  -37.645  74.236 0.0000000000
57261  -44.757  -37.585  75.485 0.0000000000
57256  -45.123  -37.225  76.469 0.0000000000
57249  -46.082  -37.631  77.595 0.0000000000
64704  -48.885  -29.355  65.211 0.0000000000
125858  -49.359  -28.919  64.589 0.0000000000
65669  -50.062  -29.012  64.623 0.0000000000
65670  -50.724  -28.810  64.505 0.0000000000
68484  -57.376  -25.333  61.090 0.0000000000
68490  -58.085  -24.353  61.145 0.0000000000
135963  -56.172  -23.706  59.870 0.0000000000
69377  -58.530  -24.033  60.806 0.0000000000
132397  -10.543  -60.583  89.868 0.0000000000
35596  -10.424  -60.316  91.571 0.0000000000
35565  -9.297  -60.894  94.073 0.0000000000
50202  -36.857  -44.966  85.948 0.0000000000
49299  -36.473  -45.553  85.501 0.0000000000
50209  -36.567  -44.755  85.144 0.0000000000
50217  -36.467  -44.283  84.439 0.0000000000
49313  -34.848  -45.930  82.945 0.0000000000
49341  -34.175  -45.386  81.234 0.0000000000
141859  -35.157  -44.884  82.086 0.0000000000
50235  -35.583  -44.484  82.470 0.0000000000
51299  -35.856  -43.786  82.167 0.0000000000
138846  -34.631  -42.988  79.221 0.0000000000
125318  -34.065  -43.214  78.745 0.0000000000
123387  -33.991  -42.126  77.611 0.0000000000
122324  -17.848  -56.408  89.693 0.0000000000
39455  -18.058  -56.160  89.005 0.0000000000
40295  -18.917  -56.206  88.909 0.0000000000
39456  -20.601  -56.254  88.886 0.0000000000
40306  -20.807  -55.992  88.159 0.0000000000
40329  -19.699  -55.085  86.348 0.0000000000
40316  -20.516  -55.775  87.609 0.0000000000
39457  -21.375  -56.253  88.347 0.0000000000
39458  -22.232  -56.575  88.429 0.0000000000
120805  -22.956  -56.682  88.030 0.0000000000
38517  -23.554  -57.072  88.083 0.0000000000
128488  -25.306  -58.306  87.417 0.0000000000
44054  -26.294  -51.308  80.570 0.0000000000
132022  -26.524  -51.637  81.354 0.0000000000
142102  -27.093  -52.258  82.932 0.0000000000
45929  -27.165  -49.286  80.765 0.0000000000
136634  -27.376  -49.792  81.233 0.0000000000
125707  -27.946  -49.843  81.875 0.0000000000
44046  -27.432  -51.566  82.653 0.0000000000
44034  -27.492  -52.170  83.283 0.0000000000
43049  -27.895  -52.534  83.860 0.0000000000
44001  -28.904  -52.552  84.963 0.0000000000
44021  -29.373  -51.576  84.558 0.0000000000
43032  -29.323  -52.923  85.546 0.0000000000
43022  -30.399  -52.923  86.732 0.0000000000
42062  -31.265  -53.188  88.151 0.0000000000
121877  -30.957  -52.615  87.589 0.0000000000
43970  -31.261  -52.017  87.874 0.0000000000
44924  -31.683  -51.308  87.365 0.0000000000
44925  -32.317  -51.033  87.735 0.0000000000
45818  -33.993  -50.308  88.243 0.0000000000
46747  -31.594  -48.868  85.198 0.0000000000
46748  -32.256  -48.783  85.432 0.0000000000
45846  -33.480  -49.906  86.764 0.0000000000
45832  -34.250  -49.948  87.433 0.0000000000
45820  -35.315  -49.190  88.034 0.0000000000
47598  -35.751  -48.391  86.375 0.0000000000
47590  -36.060  -47.975  87.888 0.0000000000
40342  -14.779  -55.877  85.227 0.0000000000
39477  -15.238  -56.033  86.568 0.0000000000
40325  -15.987  -55.734  86.417 0.0000000000
55284  -43.301  -38.893  84.223 0.0000000000
54301  -42.841  -40.108  82.178 0.0000000000
55314  -44.304  -39.469  82.645 0.0000000000
54303  -45.275  -39.694  82.241 0.0000000000
53365  -42.269  -41.319  79.963 0.0000000000
120940  -43.121  -41.336  80.343 0.0000000000
53349  -46.354  -41.202  81.293 0.0000000000
53391  -46.680  -41.766  78.955 0.0000000000
59958  -46.743  -34.624  70.534 0.0000000000
59938  -46.502  -34.901  71.474 0.0000000000
59919  -46.986  -34.372  72.002 0.0000000000
60887  -46.933  -33.943  72.886 0.0000000000
60870  -46.869  -33.139  74.643 0.0000000000
61915  -47.908  -32.778  73.115 0.0000000000
60888  -47.205  -33.219  73.570 0.0000000000
60853  -47.195  -33.185  75.747 0.0000000000
60839  -47.748  -33.483  76.875 0.0000000000
131460  -49.436  -34.432  77.947 0.0000000000
59864  -49.902  -34.380  77.653 0.0000000000
62811  -49.936  -31.110  71.895 0.0000000000
130221  -49.657  -31.162  73.892 0.0000000000
63648  -50.068  -30.974  76.641 0.0000000000
62759  -49.309  -31.141  75.969 0.0000000000
62742  -48.851  -31.734  76.401 0.0000000000
61828  -49.885  -33.093  77.865 0.0000000000
30056  -3.913  -66.840  90.858 0.0000000000
54453  -37.445  -40.692  71.532 0.0000000000
54454  -38.347  -40.654  71.383 0.0000000000
54455  -39.307  -40.538  71.222 0.0000000000
54492  -39.033  -40.485  69.649 0.0000000000
54477  -40.084  -40.384  70.626 0.0000000000
55457  -40.683  -40.007  69.967 0.0000000000
55458  -41.471  -39.785  70.346 0.0000000000
56404  -41.997  -39.238  69.924 0.0000000000
56417  -40.946  -39.067  68.751 0.0000000000
56419  -42.539  -38.620  69.662 0.0000000000
125225  -42.974  -38.112  69.492 0.0000000000
57334  -43.563  -37.731  69.572 0.0000000000
138109  -42.965  -36.991  68.754 0.0000000000
57347  -43.603  -37.055  69.050 0.0000000000
57335  -44.241  -37.115  69.642 0.0000000000
58160  -44.916  -36.684  70.054 0.0000000000
58172  -45.341  -36.038  69.751 0.0000000000
59034  -45.738  -35.311  69.439 0.0000000000
59987  -44.557  -34.658  68.212 0.0000000000
59049  -45.379  -34.788  68.663 0.0000000000
59016  -46.302  -34.947  69.933 0.0000000000
59975  -46.775  -34.245  69.762 0.0000000000
60950  -46.586  -33.646  69.198 0.0000000000
61947  -47.066  -32.800  69.334 0.0000000000
61944  -45.129  -31.996  68.860 0.0000000000
144037  -46.521  -32.541  69.047 0.0000000000
61938  -47.875  -32.542  69.869 0.0000000000
62830  -47.407  -32.024  69.527 0.0000000000
62818  -47.182  -31.293  69.710 0.0000000000
63705  -47.709  -30.717  70.229 0.0000000000
63714  -43.715  -29.782  69.506 0.0000000000
64643  -43.766  -28.768  69.310 0.0000000000
64645  -44.909  -29.671  70.321 0.0000000000
64635  -47.231  -29.721  70.794 0.0000000000
64622  -47.701  -28.901  71.133 0.0000000000
65590  -47.256  -27.652  71.105 0.0000000000
66536  -46.534  -26.785  70.199 0.0000000000
66528  -47.870  -26.726  71.165 0.0000000000
67464  -48.123  -26.069  70.877 0.0000000000
67478  -48.391  -25.943  70.571 0.0000000000
67479  -49.221  -25.735  70.688 0.0000000000
66539  -50.085  -26.445  70.293 0.0000000000
123153  -48.880  -26.627  69.626 0.0000000000
65608  -49.088  -27.731  69.148 0.0000000000
65624  -49.199  -28.745  68.630 0.0000000000
128581  -47.639  -28.295  68.424 0.0000000000
64654  -48.344  -29.044  68.100 0.0000000000
64669  -48.713  -29.637  67.365 0.0000000000
64690  -48.488  -29.634  65.911 0.0000000000
64703  -48.003  -29.318  65.281 0.0000000000
34580  -10.043  -61.066  90.339 0.0000000000
33635  -9.306  -62.238  90.498 0.0000000000
32800  -7.948  -63.340  90.365 0.0000000000
33623  -7.550  -62.069  95.883 0.0000000000
33626  -7.607  -62.589  94.398 0.0000000000
33629  -7.796  -63.065  93.377 0.0000000000
31917  -5.989  -64.940  91.105 0.0000000000
31021  -4.325  -66.348  91.442 0.0000000000
130117  -3.912  -66.975  91.659 0.0000000000
29068  -4.227  -67.239  93.122 0.0000000000
56249  -42.451  -38.503  85.871 0.0000000000
51228  -37.993  -43.703  87.539 0.0000000000
53326  -37.028  -41.955  82.921 0.0000000000
53316  -37.626  -41.500  84.183 0.0000000000
54290  -37.432  -40.558  84.059 0.0000000000
128872  -38.305  -40.535  85.594 0.0000000000
143614  -38.563  -40.521  86.047 0.0000000000
55269  -39.022  -38.953  86.484 0.0000000000
56234  -39.239  -38.731  86.269 0.0000000000
56246  -38.350  -38.414  85.230 0.0000000000
56247  -39.029  -38.379  85.498 0.0000000000
121270  -39.903  -38.546  85.860 0.0000000000
121169  -40.805  -38.578  85.435 0.0000000000
134276  -40.986  -38.687  84.726 0.0000000000
55282  -41.469  -38.938  84.179 0.0000000000
55310  -40.607  -39.493  82.656 0.0000000000
55324  -40.284  -39.777  81.829 0.0000000000
55335  -39.949  -40.091  81.027 0.0000000000
54326  -39.694  -40.309  80.173 0.0000000000
54338  -39.428  -40.620  79.431 0.0000000000
55343  -37.881  -39.519  79.664 0.0000000000
55355  -36.765  -39.629  78.725 0.0000000000
54337  -38.591  -40.372  79.186 0.0000000000
54350  -39.224  -41.003  78.686 0.0000000000
128882  -38.372  -41.527  76.715 0.0000000000
54386  -37.956  -41.259  75.264 0.0000000000
54438  -37.126  -40.653  72.355 0.0000000000
52397  -32.813  -41.504  75.799 0.0000000000
55370  -32.983  -39.144  76.339 0.0000000000
55382  -33.434  -38.121  76.074 0.0000000000
56366  -33.152  -38.338  74.134 0.0000000000
55412  -34.390  -39.733  73.815 0.0000000000
120760  -35.079  -40.300  73.392 0.0000000000
131415  -34.096  -40.463  71.948 0.0000000000
54436  -35.393  -40.535  72.573 0.0000000000
54437  -36.267  -40.625  72.447 0.0000000000
39412  -19.305  -56.867  91.506 0.0000000000
121433  -19.965  -56.804  90.949 0.0000000000
41232  -20.508  -53.966  82.833 0.0000000000
41219  -21.511  -54.581  83.529 0.0000000000
40364  -22.336  -55.249  84.325 0.0000000000
39493  -23.694  -56.685  85.506 0.0000000000
39480  -24.102  -57.162  85.878 0.0000000000
38530  -24.679  -57.728  86.249 0.0000000000
42145  -25.160  -53.470  79.714 0.0000000000
42135  -25.933  -53.335  81.141 0.0000000000
41252  -25.738  -54.138  80.725 0.0000000000
144638  -25.413  -54.798  80.458 0.0000000000
40391  -25.638  -55.784  81.285 0.0000000000
39535  -26.087  -56.652  82.443 0.0000000000
42102  -27.599  -53.427  83.612 0.0000000000
41236  -27.406  -54.200  82.984 0.0000000000
39526  -28.256  -55.476  83.836 0.0000000000
39536  -27.370  -55.407  82.788 0.0000000000
121280  -26.914  -56.411  82.868 0.0000000000
39523  -25.869  -57.154  83.075 0.0000000000
38566  -26.138  -57.752  84.418 0.0000000000
38551  -27.335  -58.009  85.206 0.0000000000
38550  -26.515  -58.045  85.134 0.0000000000
37595  -26.044  -58.327  85.789 0.0000000000
37561  -25.986  -58.582  87.311 0.0000000000
37547  -27.190  -58.661  88.417 0.0000000000
137677  -28.358  -58.852  89.592 0.0000000000
37566  -30.676  -58.231  87.678 0.0000000000
135446  -30.105  -58.648  88.335 0.0000000000
36630  -11.118  -59.811  88.736 0.0000000000
38547  -13.077  -57.289  85.781 0.0000000000
37491  -14.478  -58.699  93.957 0.0000000000
54401  -40.983  -41.215  74.003 0.0000000000
53466  -41.441  -41.563  74.703 0.0000000000
130634  -42.414  -41.702  75.493 0.0000000000
53455  -43.140  -41.456  75.829 0.0000000000
55396  -43.138  -40.112  73.860 0.0000000000
55397  -43.687  -39.449  74.342 0.0000000000
54402  -43.459  -40.296  74.821 0.0000000000
54387  -43.610  -40.805  75.615 0.0000000000
54365  -45.915  -40.623  77.572 0.0000000000
59917  -46.081  -35.043  73.005 0.0000000000
59900  -45.915  -35.055  73.741 0.0000000000
58946  -45.756  -35.724  75.509 0.0000000000
141976  -46.562  -35.216  76.745 0.0000000000
58934  -46.096  -35.859  76.608 0.0000000000
58072  -46.342  -37.036  77.678 0.0000000000
57250  -46.954  -37.321  77.828 0.0000000000
56334  -47.445  -38.228  76.960 0.0000000000
57262  -47.372  -38.160  75.275 0.0000000000
56342  -47.390  -38.718  76.006 0.0000000000
55399  -46.415  -39.233  74.285 0.0000000000
66540  -51.073  -26.746  70.710 0.0000000000
66541  -52.119  -27.298  70.742 0.0000000000
65610  -51.200  -28.404  69.588 0.0000000000
66542  -53.097  -27.238  70.528 0.0000000000
66543  -54.169  -26.773  70.123 0.0000000000
67492  -55.190  -26.380  69.915 0.0000000000
123682  -50.594  -29.721  66.334 0.0000000000
64671  -51.218  -29.660  67.614 0.0000000000
126544  -52.447  -29.509  66.502 0.0000000000
64658  -52.807  -29.197  67.945 0.0000000000
65628  -53.360  -28.674  68.491 0.0000000000
66569  -53.909  -27.991  68.964 0.0000000000
66558  -55.666  -27.056  69.256 0.0000000000
67500  -56.706  -26.663  69.024 0.0000000000
67501  -57.539  -26.509  68.703 0.0000000000
67507  -57.791  -26.527  67.968 0.0000000000
65673  -53.822  -28.549  64.264 0.0000000000
65661  -56.925  -27.443  65.383 0.0000000000
66590  -58.203  -26.570  66.212 0.0000000000
68479  -58.856  -25.135  62.781 0.0000000000
68492  -59.274  -25.127  61.966 0.0000000000
29059  -4.711  -67.410  94.096 0.0000000000
35547  -9.451  -60.472  95.804 0.0000000000
39402  -18.071  -57.004  91.774 0.0000000000
39438  -18.479  -56.351  89.528 0.0000000000
40408  -23.323  -54.952  79.638 0.0000000000
42999  -31.364  -52.969  88.523 0.0000000000
50252  -35.358  -44.284  81.767 0.0000000000
52353  -45.542  -42.071  80.025 0.0000000000
53367  -44.929  -41.742  80.527 0.0000000000
53412  -47.245  -41.438  78.121 0.0000000000
54271  -38.832  -40.399  86.584 0.0000000000
54339  -40.213  -40.790  79.590 0.0000000000
54362  -37.050  -40.830  77.502 0.0000000000
54476  -39.391  -40.512  70.319 0.0000000000
55371  -34.027  -38.535  76.916 0.0000000000
56272  -37.650  -37.933  83.607 0.0000000000
56291  -36.124  -37.963  81.801 0.0000000000
56324  -45.834  -38.116  77.559 0.0000000000
56325  -46.638  -38.019  77.598 0.0000000000
56378  -42.849  -39.219  71.837 0.0000000000
57217  -37.393  -37.792  82.764 0.0000000000
57230  -37.068  -37.658  82.038 0.0000000000
57257  -47.878  -37.681  76.900 0.0000000000
58074  -48.099  -36.529  77.940 0.0000000000
58075  -48.634  -35.831  77.875 0.0000000000
58082  -45.731  -36.652  77.065 0.0000000000
58083  -46.446  -36.394  77.492 0.0000000000
58104  -47.922  -36.674  75.292 0.0000000000
58171  -44.711  -36.388  69.356 0.0000000000
58926  -49.651  -34.531  77.773 0.0000000000
58949  -49.096  -35.922  77.072 0.0000000000
58957  -45.838  -35.198  74.724 0.0000000000
59015  -45.872  -35.621  70.234 0.0000000000
59048  -44.648  -35.339  68.501 0.0000000000
59872  -46.617  -34.559  76.174 0.0000000000
59873  -47.133  -33.976  76.538 0.0000000000
59874  -49.430  -35.147  76.574 0.0000000000
59918  -46.515  -34.715  72.519 0.0000000000
59939  -47.170  -34.287  71.199 0.0000000000
60827  -48.584  -34.001  77.780 0.0000000000
60829  -50.370  -32.937  77.698 0.0000000000
60951  -47.230  -33.524  69.686 0.0000000000
61840  -49.383  -32.319  77.386 0.0000000000
61855  -47.837  -32.710  76.222 0.0000000000
61875  -48.075  -31.890  74.644 0.0000000000
61916  -49.663  -31.516  72.248 0.0000000000
61932  -49.200  -32.011  71.897 0.0000000000
62743  -49.726  -31.664  77.088 0.0000000000
62790  -49.188  -31.656  73.510 0.0000000000
62791  -49.714  -31.428  73.021 0.0000000000
62803  -50.208  -31.001  72.470 0.0000000000
62819  -47.933  -31.602  69.921 0.0000000000
63638  -51.624  -31.018  77.598 0.0000000000
63659  -49.872  -30.669  75.461 0.0000000000
63680  -51.277  -30.152  73.698 0.0000000000
63695  -49.001  -30.304  70.988 0.0000000000
63703  -45.764  -30.098  70.443 0.0000000000
63706  -49.205  -31.081  71.138 0.0000000000
64584  -51.826  -29.494  76.509 0.0000000000
64593  -51.798  -29.577  74.215 0.0000000000
64625  -50.198  -29.982  71.705 0.0000000000
64632  -44.800  -28.571  70.139 0.0000000000
64705  -49.721  -29.365  65.137 0.0000000000
64710  -54.139  -28.880  64.795 0.0000000000
65583  -51.322  -28.949  72.575 0.0000000000
65592  -49.079  -28.619  71.599 0.0000000000
65642  -47.364  -28.841  67.899 0.0000000000
66519  -49.992  -26.527  72.627 0.0000000000
66527  -47.081  -26.845  70.710 0.0000000000
66537  -47.144  -26.539  70.344 0.0000000000
66538  -49.353  -26.304  70.025 0.0000000000
66548  -44.739  -27.656  69.207 0.0000000000
66608  -47.100  -28.044  64.551 0.0000000000
66636  -56.370  -26.885  61.753 0.0000000000
67447  -51.294  -24.935  73.832 0.0000000000
67455  -50.367  -25.556  72.640 0.0000000000
67463  -47.549  -26.446  70.674 0.0000000000
67465  -48.885  -25.732  71.117 0.0000000000
67468  -51.697  -25.866  71.820 0.0000000000
67477  -47.646  -26.284  70.313 0.0000000000
67480  -50.145  -25.719  70.991 0.0000000000
67490  -48.069  -26.213  69.911 0.0000000000
68404  -51.620  -24.766  73.558 0.0000000000
68406  -53.607  -24.862  74.458 0.0000000000
68426  -49.660  -25.606  71.348 0.0000000000
68428  -51.757  -25.132  72.485 0.0000000000
120857  -33.695  -46.869  82.802 0.0000000000
122005  -47.648  -37.032  77.941 0.0000000000
128588  -3.519  -67.173  90.399 0.0000000000
129152  -45.889  -28.166  70.661 0.0000000000
129600  -53.832  -29.387  65.840 0.0000000000
134618  -43.222  -40.360  81.672 0.0000000000
134758  -7.564  -62.133  95.154 0.0000000000
135335  -45.992  -32.345  68.880 0.0000000000
135561  -45.013  -36.474  72.144 0.0000000000
136301  -47.555  -33.064  69.704 0.0000000000
138285  -33.223  -44.631  79.189 0.0000000000
140357  -50.461  -30.697  73.851 0.0000000000
141621  -43.742  -38.084  70.889 0.0000000000
142524  -49.139  -32.876  77.658 0.0000000000
142706  -46.462  -33.879  74.676 0.0000000000
144606  -38.741  -38.949  86.097 0.0000000000
144698  -43.181  -42.097  77.691 0.0000000000
145409  -34.150  -48.859  85.658 0.0000000000
