#!ascii label  , from subject sub-01 vox2ras=TkReg
1603
134413  -40.281  -4.123  60.822 0.0000000000
81006  -54.767  -11.801  52.321 0.0000000000
93089  -45.765  3.339  62.070 0.0000000000
82673  -48.577  -9.370  60.602 0.0000000000
80838  -47.283  -11.273  70.269 0.0000000000
90128  -45.893  -1.038  53.088 0.0000000000
95963  -51.582  8.241  52.745 0.0000000000
97284  -45.062  10.051  57.680 0.0000000000
79869  -38.013  -12.605  74.752 0.0000000000
84440  -44.445  -7.120  60.109 0.0000000000
87719  -48.328  -3.777  59.111 0.0000000000
89306  -43.444  -1.442  58.378 0.0000000000
125419  -51.556  4.109  64.548 0.0000000000
121048  -51.305  3.704  57.774 0.0000000000
94543  -50.886  5.359  60.809 0.0000000000
138388  -47.488  6.504  56.778 0.0000000000
97231  -49.774  9.961  61.612 0.0000000000
86192  -52.374  -5.694  51.128 0.0000000000
88472  -37.803  -2.648  63.714 0.0000000000
92348  -40.631  2.534  59.517 0.0000000000
85253  -54.237  -5.161  65.015 0.0000000000
83470  -47.308  -8.411  65.344 0.0000000000
145793  -42.896  -10.854  64.059 0.0000000000
79923  -40.872  -12.169  69.497 0.0000000000
87762  -52.713  -3.268  54.902 0.0000000000
90907  -51.721  0.959  49.672 0.0000000000
93165  -45.384  3.704  56.181 0.0000000000
93923  -48.303  4.876  52.029 0.0000000000
94663  -48.834  5.366  47.591 0.0000000000
95325  -44.369  7.044  49.774 0.0000000000
126812  -41.671  7.628  53.261 0.0000000000
86100  -41.923  -5.731  60.450 0.0000000000
87708  -44.368  -3.703  60.279 0.0000000000
88486  -41.941  -2.387  60.257 0.0000000000
95177  -52.969  6.486  67.037 0.0000000000
126799  -53.211  3.554  63.007 0.0000000000
95203  -52.784  6.297  64.459 0.0000000000
129647  -49.450  7.248  62.188 0.0000000000
84520  -54.396  -7.945  51.526 0.0000000000
145153  -39.073  -1.954  65.611 0.0000000000
91579  -37.182  1.124  63.121 0.0000000000
82585  -47.916  -9.675  67.784 0.0000000000
81786  -44.951  -10.036  64.695 0.0000000000
80879  -44.640  -11.842  67.173 0.0000000000
80806  -39.590  -10.981  71.457 0.0000000000
81762  -37.766  -10.434  66.803 0.0000000000
84400  -38.970  -8.286  65.957 0.0000000000
84386  -36.877  -7.806  67.148 0.0000000000
82699  -49.552  -9.344  58.277 0.0000000000
134169  -47.290  -2.493  55.693 0.0000000000
88526  -50.078  -3.270  56.555 0.0000000000
88570  -49.094  -2.548  53.138 0.0000000000
89360  -51.482  -1.680  51.974 0.0000000000
90156  -48.703  -0.375  50.756 0.0000000000
93105  -43.276  3.969  60.320 0.0000000000
93151  -42.893  3.281  57.794 0.0000000000
93870  -45.651  4.500  58.591 0.0000000000
94586  -52.714  5.926  55.556 0.0000000000
93905  -50.037  4.545  54.625 0.0000000000
94617  -51.148  6.447  52.415 0.0000000000
94648  -50.608  5.889  49.089 0.0000000000
96016  -50.116  7.394  49.378 0.0000000000
94647  -46.654  6.139  48.649 0.0000000000
95991  -47.942  7.456  50.716 0.0000000000
95911  -45.646  7.965  57.947 0.0000000000
95934  -45.300  7.070  55.437 0.0000000000
96588  -43.757  8.412  56.431 0.0000000000
138004  -40.426  7.825  54.943 0.0000000000
97281  -42.867  9.392  57.423 0.0000000000
83515  -46.518  -8.763  60.557 0.0000000000
85287  -48.112  -6.577  59.373 0.0000000000
86109  -46.219  -5.195  59.791 0.0000000000
137236  -46.231  -2.589  58.639 0.0000000000
89331  -44.643  -1.055  55.341 0.0000000000
93059  -48.083  3.418  62.979 0.0000000000
93110  -48.482  3.725  60.727 0.0000000000
131662  -51.593  2.789  61.382 0.0000000000
93862  -53.436  4.169  59.261 0.0000000000
95255  -52.081  6.501  57.089 0.0000000000
95291  -49.165  6.817  54.283 0.0000000000
125451  -49.291  6.339  58.199 0.0000000000
95895  -47.492  7.318  59.989 0.0000000000
97261  -46.935  10.051  59.883 0.0000000000
87013  -50.227  -4.279  50.270 0.0000000000
131491  -38.526  -3.087  62.163 0.0000000000
139796  -39.806  -0.737  60.325 0.0000000000
90059  -38.062  0.095  61.499 0.0000000000
93084  -40.706  3.069  61.740 0.0000000000
93070  -43.597  2.944  63.007 0.0000000000
93820  -42.908  3.999  63.546 0.0000000000
94516  -46.095  4.307  63.537 0.0000000000
83487  -51.607  -8.569  63.505 0.0000000000
85250  -50.425  -6.350  65.757 0.0000000000
82628  -48.026  -9.366  63.117 0.0000000000
82641  -45.782  -9.530  62.717 0.0000000000
82657  -43.005  -9.466  61.852 0.0000000000
81691  -45.319  -10.390  72.875 0.0000000000
80769  -40.228  -11.580  75.725 0.0000000000
80795  -42.343  -11.148  72.446 0.0000000000
79911  -44.134  -12.195  70.184 0.0000000000
79036  -41.819  -13.117  66.884 0.0000000000
84430  -38.839  -7.101  62.236 0.0000000000
83560  -54.620  -9.190  54.949 0.0000000000
133699  -49.715  -5.789  57.284 0.0000000000
86150  -52.202  -5.527  55.769 0.0000000000
85336  -55.023  -6.553  54.239 0.0000000000
87784  -54.325  -3.483  52.344 0.0000000000
88604  -53.003  -1.997  49.772 0.0000000000
89406  -50.664  -0.824  48.628 0.0000000000
90089  -41.631  -0.255  58.459 0.0000000000
91627  -43.434  1.375  55.931 0.0000000000
91634  -45.157  1.840  53.872 0.0000000000
121183  -48.388  4.341  57.339 0.0000000000
93189  -47.509  4.060  54.321 0.0000000000
129574  -46.277  2.087  51.897 0.0000000000
92425  -48.559  2.602  49.712 0.0000000000
92436  -51.371  3.039  48.690 0.0000000000
90931  -48.518  1.127  47.805 0.0000000000
95299  -46.703  6.719  53.249 0.0000000000
95973  -42.970  7.501  51.412 0.0000000000
94602  -41.292  5.641  52.733 0.0000000000
94600  -39.425  7.023  52.922 0.0000000000
95940  -37.714  7.443  54.737 0.0000000000
86099  -41.124  -5.671  60.610 0.0000000000
86922  -42.171  -4.099  60.434 0.0000000000
133584  -41.187  -4.101  60.600 0.0000000000
95191  -53.461  6.541  65.604 0.0000000000
95871  -52.475  7.905  64.109 0.0000000000
137881  -54.442  -10.051  51.686 0.0000000000
81730  -48.004  -10.692  68.966 0.0000000000
80881  -46.299  -11.144  67.810 0.0000000000
80871  -46.005  -11.995  69.226 0.0000000000
81753  -36.731  -9.680  67.938 0.0000000000
83453  -37.305  -8.780  66.985 0.0000000000
82663  -49.836  -9.639  61.038 0.0000000000
82687  -49.179  -9.292  59.461 0.0000000000
131222  -46.391  -2.104  54.363 0.0000000000
88546  -47.734  -2.622  54.291 0.0000000000
89349  -47.243  -2.055  53.184 0.0000000000
89357  -48.513  -2.000  52.352 0.0000000000
90137  -47.155  -1.073  51.933 0.0000000000
93107  -44.998  3.671  61.289 0.0000000000
93125  -44.190  4.112  59.987 0.0000000000
93847  -45.802  3.940  60.927 0.0000000000
95951  -52.415  7.269  54.210 0.0000000000
94606  -52.130  6.277  53.374 0.0000000000
95313  -52.063  7.348  52.221 0.0000000000
134410  -50.745  7.299  50.392 0.0000000000
95993  -50.605  7.993  50.872 0.0000000000
127803  -48.867  7.696  50.371 0.0000000000
121314  -50.062  7.893  52.360 0.0000000000
97274  -45.596  8.892  58.381 0.0000000000
145117  -44.926  8.176  56.817 0.0000000000
124879  -44.859  9.378  57.450 0.0000000000
96577  -43.369  8.963  56.883 0.0000000000
97283  -44.420  9.865  57.369 0.0000000000
84441  -45.266  -7.620  60.125 0.0000000000
84452  -45.873  -7.035  59.818 0.0000000000
85277  -44.780  -6.199  59.964 0.0000000000
88496  -43.895  -2.456  59.723 0.0000000000
88498  -45.612  -2.903  59.606 0.0000000000
89308  -44.982  -1.909  58.230 0.0000000000
89315  -45.390  -1.830  57.477 0.0000000000
89314  -43.986  -1.014  56.773 0.0000000000
93060  -49.430  3.673  63.139 0.0000000000
137300  -50.529  3.077  62.550 0.0000000000
122097  -51.791  3.041  63.485 0.0000000000
93840  -52.335  4.597  62.006 0.0000000000
93842  -53.450  3.573  61.145 0.0000000000
94545  -52.864  4.882  59.934 0.0000000000
94563  -53.042  5.726  58.018 0.0000000000
94561  -51.526  5.679  58.814 0.0000000000
125204  -50.331  6.272  57.873 0.0000000000
95230  -50.367  5.793  59.303 0.0000000000
96537  -49.206  8.897  62.174 0.0000000000
95882  -48.240  7.581  61.290 0.0000000000
96536  -48.331  8.524  61.694 0.0000000000
97245  -47.299  9.495  60.599 0.0000000000
97246  -48.043  10.021  60.826 0.0000000000
130052  -51.035  -4.589  50.569 0.0000000000
88473  -38.031  -2.967  62.898 0.0000000000
89281  -38.547  -1.581  61.840 0.0000000000
128370  -37.394  -0.682  62.663 0.0000000000
92298  -38.388  2.369  63.600 0.0000000000
92307  -38.697  2.404  62.493 0.0000000000
141797  -40.555  2.677  62.943 0.0000000000
125623  -42.084  2.943  62.649 0.0000000000
93068  -41.879  2.896  63.162 0.0000000000
94512  -42.219  5.677  63.512 0.0000000000
94514  -44.355  4.737  63.476 0.0000000000
125637  -45.885  5.464  63.571 0.0000000000
94517  -46.997  4.676  63.461 0.0000000000
122163  -46.962  6.786  63.499 0.0000000000
83489  -53.464  -7.784  62.732 0.0000000000
84414  -52.610  -6.786  64.287 0.0000000000
84396  -49.957  -6.858  66.485 0.0000000000
84401  -48.485  -7.637  65.452 0.0000000000
83478  -49.155  -8.190  64.387 0.0000000000
83483  -47.790  -8.757  64.038 0.0000000000
82642  -46.461  -9.566  62.401 0.0000000000
82616  -46.535  -9.047  64.107 0.0000000000
80909  -43.824  -10.898  64.933 0.0000000000
81795  -43.914  -10.148  63.689 0.0000000000
81803  -43.048  -9.875  62.622 0.0000000000
79870  -38.726  -12.238  75.191 0.0000000000
121420  -40.965  -11.296  72.335 0.0000000000
80833  -41.481  -11.353  70.911 0.0000000000
121367  -42.805  -11.369  71.137 0.0000000000
79925  -42.386  -12.285  69.746 0.0000000000
139545  -42.703  -13.061  68.347 0.0000000000
79025  -41.768  -13.207  68.271 0.0000000000
130861  -38.484  -6.920  62.822 0.0000000000
132508  -38.550  -7.991  64.268 0.0000000000
81850  -54.397  -11.221  55.807 0.0000000000
133882  -48.433  -5.689  59.221 0.0000000000
85298  -48.884  -6.573  58.335 0.0000000000
86119  -49.414  -4.754  58.556 0.0000000000
88537  -51.355  -3.294  55.437 0.0000000000
86956  -51.377  -4.174  56.913 0.0000000000
86962  -52.856  -4.064  55.864 0.0000000000
137673  -53.816  -5.792  54.934 0.0000000000
138286  -54.317  -3.988  54.725 0.0000000000
136654  -54.889  -4.425  53.665 0.0000000000
87774  -53.862  -3.001  53.840 0.0000000000
90148  -51.474  -0.440  50.781 0.0000000000
89375  -53.060  -1.091  50.958 0.0000000000
124401  -52.970  -0.143  49.760 0.0000000000
125522  -52.525  -0.784  49.348 0.0000000000
90926  -52.193  0.945  49.213 0.0000000000
90845  -39.666  0.694  59.783 0.0000000000
90080  -40.675  -0.511  59.480 0.0000000000
91609  -41.142  1.552  58.545 0.0000000000
93153  -44.327  3.754  57.182 0.0000000000
92368  -42.706  2.060  56.881 0.0000000000
92370  -43.970  2.898  55.917 0.0000000000
91628  -44.082  1.499  55.130 0.0000000000
92379  -45.115  2.884  54.901 0.0000000000
122430  -50.006  3.917  58.704 0.0000000000
93143  -49.125  4.163  58.711 0.0000000000
93157  -49.941  3.984  57.150 0.0000000000
93914  -48.903  4.635  53.497 0.0000000000
93190  -48.451  4.250  54.867 0.0000000000
93198  -47.522  4.004  53.063 0.0000000000
93197  -46.929  3.525  53.107 0.0000000000
93212  -47.109  3.433  51.770 0.0000000000
92417  -47.099  2.262  50.682 0.0000000000
93219  -48.060  3.839  50.068 0.0000000000
94659  -50.771  5.793  48.181 0.0000000000
93227  -51.125  4.417  48.224 0.0000000000
93241  -50.889  3.995  47.669 0.0000000000
90932  -49.526  1.665  47.716 0.0000000000
127607  -48.030  2.800  47.405 0.0000000000
91671  -47.463  1.622  47.971 0.0000000000
93233  -47.596  3.438  47.674 0.0000000000
95334  -45.204  6.846  49.376 0.0000000000
132079  -45.678  5.480  49.114 0.0000000000
95264  -47.995  6.358  56.074 0.0000000000
95300  -47.548  6.734  53.631 0.0000000000
95276  -46.785  6.486  55.130 0.0000000000
95945  -43.115  7.447  54.297 0.0000000000
95959  -44.398  7.174  53.556 0.0000000000
95957  -42.028  7.565  52.489 0.0000000000
95987  -41.838  7.087  51.593 0.0000000000
95971  -41.270  7.138  52.225 0.0000000000
94601  -40.422  6.407  52.708 0.0000000000
95955  -39.856  7.567  52.864 0.0000000000
95910  -40.715  7.984  56.726 0.0000000000
95930  -39.527  7.874  54.775 0.0000000000
95918  -39.222  7.919  55.635 0.0000000000
96585  -37.580  8.027  55.405 0.0000000000
85276  -43.103  -6.717  60.352 0.0000000000
86103  -44.471  -5.384  60.118 0.0000000000
86923  -42.948  -4.667  60.301 0.0000000000
88488  -43.361  -2.829  60.193 0.0000000000
88495  -43.239  -2.195  59.762 0.0000000000
93048  -52.574  3.595  64.462 0.0000000000
93810  -53.051  4.659  65.541 0.0000000000
94521  -53.115  5.098  64.549 0.0000000000
94524  -51.489  5.695  63.181 0.0000000000
127579  -50.426  5.680  61.559 0.0000000000
95201  -50.834  6.428  63.056 0.0000000000
96526  -51.055  8.680  62.992 0.0000000000
85358  -53.979  -6.778  51.168 0.0000000000
88464  -37.869  -1.951  64.814 0.0000000000
134493  -36.968  -0.682  63.524 0.0000000000
90048  -37.070  -0.570  65.236 0.0000000000
82593  -47.539  -9.283  67.099 0.0000000000
145261  -46.183  -9.323  65.443 0.0000000000
81766  -46.189  -10.039  66.531 0.0000000000
81764  -44.827  -10.881  65.924 0.0000000000
80888  -43.653  -11.811  66.117 0.0000000000
80792  -39.077  -11.743  72.524 0.0000000000
120634  -38.602  -10.569  70.427 0.0000000000
82606  -38.601  -10.010  65.774 0.0000000000
83468  -38.700  -8.763  65.042 0.0000000000
83461  -38.638  -9.151  65.936 0.0000000000
84392  -38.090  -8.156  66.673 0.0000000000
88515  -47.981  -2.732  57.217 0.0000000000
87732  -49.368  -3.597  58.239 0.0000000000
122456  -49.191  -3.060  56.253 0.0000000000
88535  -49.778  -3.070  55.604 0.0000000000
88549  -50.421  -2.920  54.171 0.0000000000
134818  -52.045  -2.597  53.404 0.0000000000
88571  -50.079  -2.490  52.862 0.0000000000
89372  -49.867  -1.434  51.545 0.0000000000
90157  -49.779  -0.131  50.585 0.0000000000
93122  -41.764  3.527  59.809 0.0000000000
93137  -41.985  3.329  58.911 0.0000000000
93124  -43.358  4.095  59.251 0.0000000000
93869  -44.731  4.331  58.474 0.0000000000
93879  -45.875  4.357  57.524 0.0000000000
93887  -52.244  4.654  56.374 0.0000000000
93170  -50.631  4.179  56.450 0.0000000000
93907  -51.643  4.893  55.159 0.0000000000
94604  -50.420  5.593  53.132 0.0000000000
93924  -49.166  5.461  51.955 0.0000000000
93933  -48.941  5.275  50.986 0.0000000000
94627  -50.120  6.290  50.909 0.0000000000
137282  -50.641  6.520  48.940 0.0000000000
95343  -49.031  6.610  48.246 0.0000000000
94656  -47.371  5.742  48.132 0.0000000000
95336  -48.476  6.807  48.713 0.0000000000
135556  -47.128  7.001  49.503 0.0000000000
95976  -46.676  7.125  50.975 0.0000000000
95237  -46.275  7.303  58.147 0.0000000000
95262  -46.048  6.728  55.730 0.0000000000
95923  -45.402  7.439  56.715 0.0000000000
95922  -44.083  7.887  55.868 0.0000000000
141449  -42.493  7.633  54.961 0.0000000000
134035  -41.390  7.742  55.020 0.0000000000
95920  -42.232  7.867  55.893 0.0000000000
96586  -42.035  8.264  56.651 0.0000000000
97280  -42.030  9.059  57.751 0.0000000000
83516  -47.507  -8.800  60.433 0.0000000000
83526  -47.948  -8.260  59.924 0.0000000000
84443  -47.105  -8.064  60.053 0.0000000000
86110  -47.152  -5.531  59.577 0.0000000000
87718  -47.643  -3.875  59.414 0.0000000000
86931  -45.631  -4.497  59.981 0.0000000000
129926  -46.344  -3.254  59.550 0.0000000000
88507  -47.016  -2.834  58.617 0.0000000000
88514  -46.888  -2.290  57.034 0.0000000000
89333  -45.770  -1.905  55.816 0.0000000000
89341  -45.119  -1.212  54.584 0.0000000000
93073  -46.934  3.237  62.710 0.0000000000
93109  -47.569  3.816  60.873 0.0000000000
92325  -48.541  3.264  62.088 0.0000000000
93094  -49.848  3.341  61.353 0.0000000000
136178  -51.249  3.483  59.824 0.0000000000
92314  -52.827  2.611  62.832 0.0000000000
93114  -53.056  2.890  60.206 0.0000000000
93146  -52.886  3.690  58.253 0.0000000000
94579  -53.088  5.590  56.860 0.0000000000
95269  -52.652  6.444  56.405 0.0000000000
95937  -51.775  7.682  54.363 0.0000000000
95935  -50.149  7.400  53.905 0.0000000000
95266  -50.521  6.599  56.333 0.0000000000
128835  -49.383  6.462  56.615 0.0000000000
95251  -47.743  6.573  57.564 0.0000000000
95219  -49.121  6.376  60.726 0.0000000000
95228  -48.165  6.721  59.582 0.0000000000
125611  -47.118  6.841  58.304 0.0000000000
95894  -46.456  8.062  59.560 0.0000000000
96566  -46.078  8.793  59.233 0.0000000000
138834  -46.213  10.632  58.507 0.0000000000
86918  -39.366  -4.154  61.301 0.0000000000
88482  -40.396  -2.505  60.723 0.0000000000
89282  -39.397  -1.555  61.210 0.0000000000
90061  -39.274  -0.715  60.797 0.0000000000
91602  -39.285  1.448  60.339 0.0000000000
90828  -37.451  0.959  62.322 0.0000000000
91588  -38.896  1.861  60.963 0.0000000000
126931  -40.303  2.773  60.342 0.0000000000
93103  -41.572  3.479  60.785 0.0000000000
93087  -43.196  3.434  61.513 0.0000000000
93088  -44.748  3.232  62.252 0.0000000000
93052  -41.415  3.220  63.519 0.0000000000
93054  -43.268  3.190  63.247 0.0000000000
93056  -44.929  3.193  63.130 0.0000000000
136268  -45.694  3.195  63.102 0.0000000000
93058  -47.171  3.316  63.008 0.0000000000
93826  -48.466  4.008  63.292 0.0000000000
94519  -49.436  5.363  63.774 0.0000000000
82647  -51.574  -9.443  62.075 0.0000000000
82645  -49.650  -9.768  62.342 0.0000000000
86067  -52.178  -5.317  66.743 0.0000000000
124744  -52.409  -5.329  65.348 0.0000000000
84413  -51.494  -7.106  64.606 0.0000000000
83485  -49.607  -9.003  63.794 0.0000000000
82644  -48.613  -9.718  62.198 0.0000000000
82661  -46.970  -9.577  61.788 0.0000000000
82671  -45.754  -9.122  60.950 0.0000000000
82670  -44.918  -8.881  60.880 0.0000000000
82626  -45.144  -9.575  63.255 0.0000000000
82658  -44.440  -9.248  61.465 0.0000000000
83512  -43.672  -8.091  60.577 0.0000000000
84438  -42.606  -7.309  60.538 0.0000000000
80758  -41.852  -11.034  76.532 0.0000000000
121073  -40.328  -11.683  73.219 0.0000000000
80783  -41.394  -11.305  73.914 0.0000000000
81669  -42.807  -10.657  74.640 0.0000000000
81689  -43.880  -10.648  72.876 0.0000000000
80811  -44.422  -11.176  71.657 0.0000000000
80836  -45.601  -11.728  70.799 0.0000000000
79943  -44.303  -12.554  68.540 0.0000000000
79951  -43.418  -12.703  67.304 0.0000000000
79970  -42.059  -12.282  65.488 0.0000000000
86096  -39.540  -5.767  61.326 0.0000000000
135824  -38.616  -5.087  62.105 0.0000000000
134428  -38.369  -4.872  62.842 0.0000000000
143762  -38.249  -4.302  63.348 0.0000000000
87693  -38.822  -4.060  64.627 0.0000000000
80031  -54.834  -13.102  56.368 0.0000000000
80975  -55.235  -12.055  55.313 0.0000000000
81868  -55.465  -10.624  54.377 0.0000000000
142712  -48.751  -8.314  58.960 0.0000000000
84465  -49.010  -7.530  57.799 0.0000000000
86947  -50.597  -4.252  57.498 0.0000000000
85316  -51.093  -5.841  56.123 0.0000000000
84489  -51.169  -7.408  55.640 0.0000000000
84492  -53.595  -7.840  55.008 0.0000000000
83566  -55.029  -8.316  54.592 0.0000000000
83574  -55.458  -8.647  53.360 0.0000000000
85353  -55.191  -7.083  52.583 0.0000000000
86183  -54.747  -6.131  51.794 0.0000000000
144109  -54.042  -5.379  50.899 0.0000000000
129442  -52.984  -2.305  52.426 0.0000000000
87793  -53.749  -3.058  50.545 0.0000000000
87015  -52.819  -4.274  50.374 0.0000000000
87814  -51.646  -3.061  49.742 0.0000000000
88602  -50.334  -2.273  49.278 0.0000000000
89394  -49.118  -1.508  49.031 0.0000000000
89286  -41.388  -1.709  60.194 0.0000000000
89296  -41.785  -1.403  59.637 0.0000000000
90090  -42.367  -0.565  58.160 0.0000000000
92361  -41.975  2.200  57.775 0.0000000000
90864  -42.511  0.659  57.010 0.0000000000
90098  -43.302  -0.539  57.150 0.0000000000
90111  -43.714  0.419  55.572 0.0000000000
90118  -44.594  -0.088  54.441 0.0000000000
90883  -45.143  0.588  53.385 0.0000000000
93127  -47.511  4.257  59.753 0.0000000000
93141  -46.725  4.418  58.149 0.0000000000
93166  -46.886  4.142  56.521 0.0000000000
143535  -49.059  4.334  56.226 0.0000000000
93179  -48.153  4.199  55.562 0.0000000000
93178  -46.601  3.763  55.272 0.0000000000
92387  -46.145  3.090  53.973 0.0000000000
92400  -45.925  2.239  52.661 0.0000000000
90891  -46.144  0.337  51.947 0.0000000000
135598  -46.814  0.586  51.224 0.0000000000
91663  -50.610  2.174  49.328 0.0000000000
93220  -49.221  4.719  49.558 0.0000000000
92427  -51.274  3.009  48.949 0.0000000000
91664  -51.868  2.294  49.080 0.0000000000
90924  -50.851  1.630  48.434 0.0000000000
132335  -49.478  0.153  48.284 0.0000000000
93225  -46.822  4.258  48.345 0.0000000000
95948  -49.304  7.330  53.302 0.0000000000
95311  -47.640  7.035  52.719 0.0000000000
95975  -45.683  7.118  51.609 0.0000000000
95288  -45.893  6.762  53.848 0.0000000000
95960  -44.707  7.145  52.726 0.0000000000
95989  -43.598  7.333  50.699 0.0000000000
130328  -42.829  6.701  50.720 0.0000000000
94615  -42.261  5.700  51.913 0.0000000000
93195  -41.963  4.013  54.019 0.0000000000
145800  -39.824  7.811  54.136 0.0000000000
95286  -38.371  7.154  54.060 0.0000000000
98616  -46.624  12.116  58.286 0.0000000000
98621  -44.894  11.562  57.693 0.0000000000
97960  -43.594  11.063  57.840 0.0000000000
97272  -42.390  9.816  58.063 0.0000000000
97270  -40.688  9.241  58.637 0.0000000000
86920  -40.718  -4.928  60.709 0.0000000000
87704  -40.760  -3.274  60.673 0.0000000000
81891  -54.804  -10.790  51.988 0.0000000000
125165  -47.873  -10.784  70.788 0.0000000000
81713  -48.573  -10.380  70.442 0.0000000000
81712  -48.021  -10.814  69.849 0.0000000000
80860  -47.370  -11.180  69.330 0.0000000000
80859  -46.658  -11.668  69.677 0.0000000000
121388  -49.246  -9.525  60.657 0.0000000000
140746  -50.066  -9.624  60.389 0.0000000000
82686  -48.891  -9.335  60.040 0.0000000000
89348  -46.462  -1.794  53.491 0.0000000000
88545  -47.043  -2.388  53.904 0.0000000000
89355  -46.716  -1.452  52.683 0.0000000000
89356  -47.613  -1.726  52.492 0.0000000000
90136  -46.385  -0.659  52.284 0.0000000000
95950  -52.118  7.720  53.845 0.0000000000
139362  -52.197  7.530  52.597 0.0000000000
96599  -51.887  8.147  52.220 0.0000000000
95994  -51.229  8.083  51.362 0.0000000000
95980  -51.431  8.303  52.008 0.0000000000
95979  -50.829  8.286  51.683 0.0000000000
95962  -50.973  8.323  52.528 0.0000000000
97961  -45.628  10.082  58.180 0.0000000000
144629  -45.255  9.389  57.833 0.0000000000
138672  -45.166  -6.859  59.885 0.0000000000
89298  -44.277  -2.231  59.251 0.0000000000
89307  -44.217  -1.796  58.499 0.0000000000
129087  -44.497  -1.542  57.599 0.0000000000
89313  -43.723  -1.237  57.698 0.0000000000
93814  -50.441  4.084  63.732 0.0000000000
93061  -50.975  3.526  63.508 0.0000000000
94536  -51.441  5.115  61.637 0.0000000000
93848  -52.514  4.596  61.026 0.0000000000
94544  -51.853  5.076  60.424 0.0000000000
94553  -52.289  5.405  59.387 0.0000000000
94552  -51.109  5.441  59.871 0.0000000000
97230  -48.618  9.548  61.510 0.0000000000
97229  -47.744  9.092  61.274 0.0000000000
85351  -52.889  -6.891  51.791 0.0000000000
85356  -52.172  -6.135  51.751 0.0000000000
86191  -51.402  -5.425  51.219 0.0000000000
86199  -51.604  -5.099  50.800 0.0000000000
88476  -37.701  -2.155  63.005 0.0000000000
89277  -37.395  -1.395  63.198 0.0000000000
132657  -39.211  2.696  63.216 0.0000000000
131038  -41.169  2.839  62.650 0.0000000000
93067  -41.045  2.850  63.287 0.0000000000
139164  -45.429  6.332  63.504 0.0000000000
95198  -46.174  6.563  63.523 0.0000000000
85260  -54.857  -5.826  64.246 0.0000000000
84415  -53.846  -6.336  63.763 0.0000000000
128923  -53.819  -5.570  64.489 0.0000000000
83477  -48.292  -8.116  64.626 0.0000000000
83476  -47.558  -8.390  64.656 0.0000000000
136424  -47.189  -8.756  64.226 0.0000000000
83469  -46.914  -8.680  64.763 0.0000000000
140007  -43.120  -11.175  64.643 0.0000000000
130124  -43.103  -10.363  63.460 0.0000000000
81802  -42.362  -10.245  62.974 0.0000000000
81794  -42.326  -10.771  63.670 0.0000000000
143889  -41.057  -11.387  70.631 0.0000000000
80857  -41.456  -11.716  70.150 0.0000000000
80834  -42.224  -11.583  70.638 0.0000000000
79924  -41.631  -12.418  69.438 0.0000000000
79941  -42.112  -12.884  68.966 0.0000000000
79940  -41.290  -12.809  68.844 0.0000000000
83475  -38.582  -8.703  64.003 0.0000000000
83482  -38.547  -8.082  63.458 0.0000000000
82725  -51.982  -9.194  55.633 0.0000000000
86934  -48.400  -4.240  59.256 0.0000000000
86112  -48.862  -4.724  59.073 0.0000000000
86939  -48.960  -4.004  58.997 0.0000000000
87752  -52.205  -3.421  55.558 0.0000000000
87743  -52.262  -3.765  56.102 0.0000000000
87753  -53.003  -3.605  55.414 0.0000000000
86963  -53.446  -3.896  55.397 0.0000000000
86974  -53.795  -3.591  54.964 0.0000000000
87765  -54.256  -3.497  54.322 0.0000000000
88551  -53.130  -3.127  54.299 0.0000000000
90159  -52.166  0.260  50.064 0.0000000000
90149  -52.392  -0.330  50.461 0.0000000000
90908  -52.401  0.589  49.572 0.0000000000
133804  -52.438  0.513  49.595 0.0000000000
90916  -52.153  1.008  49.332 0.0000000000
137128  -40.218  1.103  59.332 0.0000000000
90852  -40.691  0.857  58.815 0.0000000000
91608  -40.577  1.706  59.113 0.0000000000
93164  -44.503  3.481  56.389 0.0000000000
93163  -43.726  3.184  56.691 0.0000000000
92378  -44.382  2.507  55.288 0.0000000000
93176  -44.772  3.214  55.647 0.0000000000
93144  -50.968  3.561  58.708 0.0000000000
142736  -49.749  4.062  57.989 0.0000000000
121184  -50.460  3.831  57.872 0.0000000000
145049  -48.720  4.922  52.688 0.0000000000
93913  -48.158  4.473  52.920 0.0000000000
93204  -47.120  3.598  52.522 0.0000000000
93205  -47.580  4.199  52.128 0.0000000000
93213  -47.603  4.025  51.093 0.0000000000
94664  -50.235  5.336  47.715 0.0000000000
93966  -50.681  4.610  47.607 0.0000000000
93965  -49.326  4.631  47.481 0.0000000000
134437  -48.850  3.106  47.313 0.0000000000
93239  -48.373  3.798  47.362 0.0000000000
136655  -47.785  4.247  47.587 0.0000000000
94645  -44.621  6.578  49.531 0.0000000000
94635  -43.819  6.793  49.984 0.0000000000
95277  -47.707  6.405  55.288 0.0000000000
95263  -46.906  6.473  56.143 0.0000000000
128316  -42.592  7.532  53.393 0.0000000000
95956  -41.268  7.424  52.585 0.0000000000
95970  -40.558  7.364  52.648 0.0000000000
122575  -40.602  7.735  53.128 0.0000000000
96574  -40.442  8.263  57.437 0.0000000000
95909  -39.854  7.936  56.641 0.0000000000
86101  -42.856  -5.734  60.302 0.0000000000
87706  -42.499  -3.041  60.366 0.0000000000
87707  -43.075  -3.697  60.332 0.0000000000
88487  -42.661  -2.295  60.076 0.0000000000
94502  -52.992  5.120  65.938 0.0000000000
95183  -53.079  5.888  66.589 0.0000000000
95858  -53.224  6.694  64.929 0.0000000000
95190  -53.397  5.901  65.105 0.0000000000
94520  -52.343  5.570  63.751 0.0000000000
146183  -51.984  5.318  63.282 0.0000000000
95202  -51.763  6.342  63.691 0.0000000000
140522  -52.231  8.598  63.516 0.0000000000
96521  -51.821  8.075  63.537 0.0000000000
83579  -53.956  -8.817  51.642 0.0000000000
84514  -53.530  -8.265  51.779 0.0000000000
135833  -54.136  -7.494  51.361 0.0000000000
126709  -38.408  -1.956  65.295 0.0000000000
89272  -37.313  -1.321  64.668 0.0000000000
89267  -37.743  -1.349  65.323 0.0000000000
82586  -48.542  -9.271  67.964 0.0000000000
82592  -46.861  -9.610  66.821 0.0000000000
81757  -47.290  -10.027  67.536 0.0000000000
80880  -45.452  -11.499  67.493 0.0000000000
81755  -45.890  -10.770  67.029 0.0000000000
80890  -45.130  -11.193  66.671 0.0000000000
80899  -44.113  -11.199  65.657 0.0000000000
80889  -44.383  -11.520  66.395 0.0000000000
80877  -37.610  -11.040  67.472 0.0000000000
81763  -38.373  -10.600  66.268 0.0000000000
82599  -38.226  -9.830  66.359 0.0000000000
88523  -47.405  -2.481  56.573 0.0000000000
88524  -48.829  -3.095  56.991 0.0000000000
123886  -48.194  -2.756  56.154 0.0000000000
88559  -48.389  -2.630  53.834 0.0000000000
88547  -48.433  -2.732  54.597 0.0000000000
88548  -49.382  -2.849  54.399 0.0000000000
121190  -50.437  -3.203  55.018 0.0000000000
136735  -49.876  -2.737  53.575 0.0000000000
88560  -50.554  -2.696  53.467 0.0000000000
140725  -48.515  -0.973  51.236 0.0000000000
89371  -48.912  -1.554  51.627 0.0000000000
90146  -49.304  -0.893  51.048 0.0000000000
90147  -50.385  -0.690  50.962 0.0000000000
93104  -42.415  3.718  60.592 0.0000000000
93123  -42.558  3.848  59.570 0.0000000000
93858  -44.889  4.370  59.312 0.0000000000
93857  -44.102  4.250  58.855 0.0000000000
93878  -44.958  4.228  57.749 0.0000000000
93896  -52.209  5.021  55.653 0.0000000000
145094  -51.555  4.660  55.632 0.0000000000
94594  -52.337  5.606  54.938 0.0000000000
94605  -51.536  5.945  53.312 0.0000000000
93925  -49.466  5.202  52.895 0.0000000000
94616  -50.179  6.177  52.057 0.0000000000
94628  -50.826  6.881  51.099 0.0000000000
95327  -50.515  7.325  49.826 0.0000000000
95338  -50.524  7.039  49.118 0.0000000000
95344  -50.388  6.557  48.545 0.0000000000
95337  -49.749  7.098  48.773 0.0000000000
96015  -49.087  7.287  49.187 0.0000000000
121299  -48.830  7.658  51.195 0.0000000000
96004  -48.271  7.426  49.786 0.0000000000
124464  -47.210  7.232  50.170 0.0000000000
95977  -47.758  7.370  51.715 0.0000000000
95912  -45.820  7.259  57.361 0.0000000000
137491  -45.375  7.887  57.268 0.0000000000
96589  -44.388  8.198  56.479 0.0000000000
95932  -43.606  7.604  55.142 0.0000000000
95921  -43.209  7.893  55.862 0.0000000000
96576  -42.500  8.739  57.125 0.0000000000
96575  -41.713  8.546  57.329 0.0000000000
85285  -46.472  -6.265  59.662 0.0000000000
86933  -47.019  -4.547  59.636 0.0000000000
133081  -44.368  -4.540  60.247 0.0000000000
86924  -44.947  -4.766  60.094 0.0000000000
87709  -45.041  -4.031  60.161 0.0000000000
142510  -45.781  -2.590  59.024 0.0000000000
142592  -45.851  -3.617  59.879 0.0000000000
88499  -46.365  -2.890  59.228 0.0000000000
87724  -47.018  -3.260  59.334 0.0000000000
88513  -46.364  -2.348  57.806 0.0000000000
89323  -45.258  -1.676  56.496 0.0000000000
89324  -46.103  -1.967  56.829 0.0000000000
89332  -45.206  -1.561  55.253 0.0000000000
89342  -45.741  -1.818  54.854 0.0000000000
93074  -47.554  3.293  62.719 0.0000000000
92310  -47.608  3.252  62.323 0.0000000000
92311  -48.278  3.318  62.538 0.0000000000
126316  -51.259  2.733  62.070 0.0000000000
126940  -50.157  3.111  61.974 0.0000000000
92326  -50.759  3.023  61.398 0.0000000000
93112  -50.457  3.417  60.575 0.0000000000
92338  -51.405  3.098  60.785 0.0000000000
93049  -53.197  3.953  64.514 0.0000000000
92303  -52.678  2.889  63.440 0.0000000000
93077  -53.320  3.036  62.682 0.0000000000
93850  -53.450  3.795  60.190 0.0000000000
93115  -53.316  2.966  60.834 0.0000000000
124680  -53.231  3.373  59.710 0.0000000000
93132  -53.026  3.369  59.120 0.0000000000
93133  -53.256  3.829  58.674 0.0000000000
93147  -53.125  4.047  57.985 0.0000000000
93871  -53.303  4.557  58.006 0.0000000000
95243  -52.619  6.154  57.545 0.0000000000
95256  -52.676  6.388  56.897 0.0000000000
95268  -52.292  6.678  56.317 0.0000000000
95281  -52.082  7.215  55.485 0.0000000000
95267  -51.727  6.828  56.253 0.0000000000
95280  -51.051  7.064  55.327 0.0000000000
95253  -49.886  6.412  57.279 0.0000000000
95252  -48.784  6.402  57.532 0.0000000000
144441  -49.587  6.657  61.958 0.0000000000
94534  -49.640  6.225  61.412 0.0000000000
95213  -48.972  6.888  61.555 0.0000000000
95881  -47.565  7.797  60.717 0.0000000000
95888  -48.064  7.118  60.463 0.0000000000
95227  -47.394  6.966  59.179 0.0000000000
95238  -46.656  7.376  58.968 0.0000000000
146252  -46.970  7.512  59.607 0.0000000000
96543  -46.618  8.900  60.089 0.0000000000
97260  -46.399  9.582  59.443 0.0000000000
97275  -46.025  9.737  58.827 0.0000000000
97952  -46.747  10.657  59.015 0.0000000000
87002  -49.899  -4.619  50.740 0.0000000000
87804  -49.508  -3.734  49.784 0.0000000000
87701  -39.192  -3.181  61.505 0.0000000000
88480  -38.963  -2.326  61.724 0.0000000000
90056  -38.053  -0.717  61.838 0.0000000000
124777  -38.770  -1.007  61.358 0.0000000000
90060  -38.574  -0.311  61.153 0.0000000000
90837  -39.041  0.627  60.394 0.0000000000
138430  -38.735  1.174  60.699 0.0000000000
90053  -36.664  -0.069  63.938 0.0000000000
90054  -36.981  0.210  63.037 0.0000000000
92323  -39.339  2.487  61.638 0.0000000000
92322  -38.567  2.018  61.712 0.0000000000
92336  -39.587  2.310  60.666 0.0000000000
92337  -40.098  2.881  61.201 0.0000000000
93102  -40.784  3.240  60.935 0.0000000000
138220  -42.634  2.906  62.660 0.0000000000
93086  -42.351  3.267  61.822 0.0000000000
123705  -43.094  2.949  62.575 0.0000000000
123704  -43.877  3.120  62.397 0.0000000000
93071  -44.415  3.031  62.916 0.0000000000
141015  -42.632  5.031  63.456 0.0000000000
133455  -41.509  3.726  63.798 0.0000000000
93053  -42.272  3.340  63.424 0.0000000000
94515  -45.226  4.551  63.531 0.0000000000
93822  -44.657  3.708  63.434 0.0000000000
93823  -45.449  3.622  63.391 0.0000000000
139015  -46.070  3.514  63.315 0.0000000000
93057  -46.441  3.242  63.068 0.0000000000
93824  -46.697  3.676  63.328 0.0000000000
126756  -47.555  5.493  63.470 0.0000000000
140783  -47.940  4.737  63.434 0.0000000000
95200  -48.442  5.750  63.585 0.0000000000
94518  -48.743  4.868  63.509 0.0000000000
84426  -54.872  -7.556  61.853 0.0000000000
83488  -52.582  -8.170  63.170 0.0000000000
83495  -52.091  -8.866  62.675 0.0000000000
82646  -50.580  -9.669  62.245 0.0000000000
82631  -51.064  -9.262  62.893 0.0000000000
85244  -50.486  -6.246  66.110 0.0000000000
85245  -51.290  -5.788  66.330 0.0000000000
121467  -51.049  -5.838  65.857 0.0000000000
86082  -52.008  -5.254  65.966 0.0000000000
85251  -51.601  -5.696  65.561 0.0000000000
85257  -51.916  -6.090  64.920 0.0000000000
84404  -50.924  -6.382  65.272 0.0000000000
83484  -48.652  -8.926  63.888 0.0000000000
82629  -49.122  -9.582  63.144 0.0000000000
82643  -47.724  -9.626  62.274 0.0000000000
121544  -47.842  -9.570  61.531 0.0000000000
82660  -45.946  -9.461  61.732 0.0000000000
82659  -45.207  -9.283  61.400 0.0000000000
82607  -45.644  -9.556  64.997 0.0000000000
129115  -45.931  -9.283  64.374 0.0000000000
82615  -45.345  -9.559  64.158 0.0000000000
82640  -43.869  -9.574  62.207 0.0000000000
82625  -44.348  -9.739  63.036 0.0000000000
139576  -43.606  -9.137  61.415 0.0000000000
83505  -44.071  -8.697  60.909 0.0000000000
83504  -43.292  -8.578  60.951 0.0000000000
83511  -42.938  -7.995  60.666 0.0000000000
144884  -42.939  -8.980  61.350 0.0000000000
131998  -45.959  -10.366  72.652 0.0000000000
123559  -40.469  -11.682  76.236 0.0000000000
80757  -41.286  -11.530  76.548 0.0000000000
80746  -42.129  -11.302  76.933 0.0000000000
80770  -40.990  -11.147  75.980 0.0000000000
80793  -39.613  -11.883  73.179 0.0000000000
121434  -40.085  -11.469  72.324 0.0000000000
123365  -41.690  -11.255  72.088 0.0000000000
80794  -41.609  -11.266  72.819 0.0000000000
123569  -42.037  -11.117  73.272 0.0000000000
80784  -42.067  -11.002  74.193 0.0000000000
80785  -42.666  -10.895  73.365 0.0000000000
81679  -43.441  -10.631  73.540 0.0000000000
80796  -43.211  -10.868  72.608 0.0000000000
132907  -43.723  -11.459  71.197 0.0000000000
80835  -44.704  -11.678  70.942 0.0000000000
80812  -45.177  -11.246  71.592 0.0000000000
79912  -45.140  -12.166  70.174 0.0000000000
79928  -45.458  -12.232  69.548 0.0000000000
79927  -44.731  -12.419  69.421 0.0000000000
79030  -42.220  -13.211  67.640 0.0000000000
122256  -43.511  -12.844  68.037 0.0000000000
79950  -42.680  -12.936  67.061 0.0000000000
79962  -43.196  -12.454  66.557 0.0000000000
79961  -42.351  -12.633  66.301 0.0000000000
84425  -39.110  -7.889  62.195 0.0000000000
83494  -39.384  -8.638  62.324 0.0000000000
84431  -39.541  -7.307  61.675 0.0000000000
85272  -39.179  -6.490  61.741 0.0000000000
86095  -38.832  -5.760  61.886 0.0000000000
85269  -38.423  -6.370  63.135 0.0000000000
86093  -38.515  -5.687  62.599 0.0000000000
84408  -38.880  -7.937  65.275 0.0000000000
86089  -39.323  -5.721  64.893 0.0000000000
86909  -38.769  -4.874  64.340 0.0000000000
87687  -38.885  -3.320  65.072 0.0000000000
80030  -54.680  -13.060  56.939 0.0000000000
139024  -54.684  -12.687  56.905 0.0000000000
82728  -54.601  -10.254  55.306 0.0000000000
81859  -55.302  -10.978  55.118 0.0000000000
80983  -55.360  -11.699  54.322 0.0000000000
82735  -55.278  -9.968  54.922 0.0000000000
84455  -48.338  -7.642  59.339 0.0000000000
83527  -48.626  -8.742  59.577 0.0000000000
131658  -49.299  -5.665  58.056 0.0000000000
87740  -50.143  -3.575  57.404 0.0000000000
87733  -49.942  -3.770  58.108 0.0000000000
86948  -50.477  -3.900  57.660 0.0000000000
86141  -51.736  -4.780  56.397 0.0000000000
86140  -50.881  -4.952  56.801 0.0000000000
85324  -50.884  -6.786  55.834 0.0000000000
85325  -51.552  -6.563  55.627 0.0000000000
84491  -52.645  -7.485  55.253 0.0000000000
85326  -52.483  -6.533  55.359 0.0000000000
85335  -54.431  -6.365  54.615 0.0000000000
84500  -54.408  -7.447  54.728 0.0000000000
84501  -55.026  -7.313  54.416 0.0000000000
133983  -55.434  -7.995  54.134 0.0000000000
84502  -55.350  -7.261  54.053 0.0000000000
84509  -55.408  -7.709  53.198 0.0000000000
85344  -55.303  -6.774  53.549 0.0000000000
86992  -54.692  -4.048  53.053 0.0000000000
128021  -54.882  -5.106  52.705 0.0000000000
128458  -54.585  -5.399  51.563 0.0000000000
86194  -54.258  -5.980  51.185 0.0000000000
133742  -54.361  -4.022  51.382 0.0000000000
88573  -52.252  -2.116  52.486 0.0000000000
88562  -52.842  -2.746  53.420 0.0000000000
89382  -53.160  -0.870  50.237 0.0000000000
89376  -53.302  -1.574  50.808 0.0000000000
88593  -53.476  -2.215  50.536 0.0000000000
134720  -53.563  -3.883  50.458 0.0000000000
128878  -53.139  -3.404  50.075 0.0000000000
87806  -52.222  -3.718  50.045 0.0000000000
87815  -52.703  -2.799  49.743 0.0000000000
89407  -51.680  -0.691  48.883 0.0000000000
89396  -51.509  -1.585  49.163 0.0000000000
135839  -50.763  -1.404  48.925 0.0000000000
89395  -49.945  -1.612  48.874 0.0000000000
141716  -49.784  -1.022  48.620 0.0000000000
89283  -40.120  -1.765  60.721 0.0000000000
143530  -40.750  -1.862  60.510 0.0000000000
90069  -40.483  -1.154  60.198 0.0000000000
90847  -40.908  -0.001  58.808 0.0000000000
90081  -41.337  -0.748  59.161 0.0000000000
90082  -42.055  -1.051  58.899 0.0000000000
92356  -42.187  2.985  58.088 0.0000000000
92362  -42.492  2.484  57.447 0.0000000000
92369  -43.322  2.255  56.378 0.0000000000
91621  -42.830  1.391  56.595 0.0000000000
138278  -42.948  0.091  56.799 0.0000000000
90865  -43.114  0.609  56.351 0.0000000000
90103  -43.452  -0.184  56.362 0.0000000000
91633  -44.650  1.338  54.302 0.0000000000
90870  -44.302  0.597  54.728 0.0000000000
90877  -44.757  0.602  54.029 0.0000000000
90126  -44.995  -0.090  53.819 0.0000000000
91639  -44.984  1.181  53.692 0.0000000000
125370  -48.133  4.009  60.070 0.0000000000
121386  -48.364  4.330  58.208 0.0000000000
93156  -47.624  4.344  57.720 0.0000000000
139182  -46.838  4.300  57.221 0.0000000000
93167  -47.724  4.282  56.816 0.0000000000
93894  -50.224  4.422  55.288 0.0000000000
93169  -49.687  4.258  56.254 0.0000000000
93181  -49.750  4.343  55.617 0.0000000000
122286  -47.466  4.041  55.087 0.0000000000
123362  -47.390  4.055  55.930 0.0000000000
93188  -46.743  3.691  54.526 0.0000000000
93187  -45.966  3.249  54.695 0.0000000000
92401  -46.580  2.949  52.381 0.0000000000
91644  -45.825  1.339  52.221 0.0000000000
91650  -46.384  1.269  51.534 0.0000000000
92418  -47.840  2.824  49.967 0.0000000000
91655  -47.758  1.782  50.083 0.0000000000
91662  -49.060  1.912  49.736 0.0000000000
93940  -49.318  5.328  49.961 0.0000000000
93948  -50.608  4.744  48.822 0.0000000000
93235  -51.200  3.709  48.252 0.0000000000
93228  -51.176  3.532  48.485 0.0000000000
92428  -51.370  2.967  48.731 0.0000000000
139058  -51.732  2.466  48.939 0.0000000000
91672  -51.744  2.259  48.796 0.0000000000
91676  -48.431  1.620  47.639 0.0000000000
138382  -49.842  0.906  48.103 0.0000000000
90923  -48.911  0.667  47.949 0.0000000000
90174  -48.487  -0.158  48.351 0.0000000000
90173  -47.615  0.017  48.326 0.0000000000
93955  -47.213  4.964  48.104 0.0000000000
93947  -46.755  5.293  48.455 0.0000000000
93938  -45.540  4.679  49.567 0.0000000000
93218  -45.798  3.552  49.353 0.0000000000
95279  -50.000  6.971  54.821 0.0000000000
95310  -46.678  6.979  52.206 0.0000000000
95298  -45.695  6.886  52.768 0.0000000000
95275  -45.956  6.723  54.816 0.0000000000
95947  -45.059  7.081  54.431 0.0000000000
129222  -43.758  7.411  52.578 0.0000000000
95974  -44.089  7.430  51.719 0.0000000000
142076  -43.086  6.989  50.419 0.0000000000
96001  -42.898  7.186  50.712 0.0000000000
126478  -41.668  5.874  52.188 0.0000000000
94603  -42.257  5.066  52.834 0.0000000000
93912  -41.750  4.780  53.511 0.0000000000
93911  -40.879  5.341  53.422 0.0000000000
94592  -39.998  5.909  53.457 0.0000000000
93901  -39.888  5.346  54.451 0.0000000000
94591  -39.255  6.258  53.803 0.0000000000
95931  -40.537  7.780  54.083 0.0000000000
95929  -38.646  7.830  54.687 0.0000000000
95942  -39.153  7.713  53.893 0.0000000000
95941  -38.371  7.509  54.331 0.0000000000
95274  -37.902  6.801  54.557 0.0000000000
98614  -45.189  12.332  57.864 0.0000000000
98620  -44.261  11.159  57.667 0.0000000000
98613  -44.216  11.976  57.927 0.0000000000
97959  -42.711  10.791  58.310 0.0000000000
97271  -41.550  9.441  58.385 0.0000000000
139929  -42.289  -5.049  60.407 0.0000000000
86921  -41.566  -4.940  60.531 0.0000000000
87705  -41.632  -3.208  60.489 0.0000000000
95184  -53.388  6.031  66.311 0.0000000000
95870  -52.153  7.217  64.095 0.0000000000
126154  -52.474  8.542  64.084 0.0000000000
97213  -52.361  9.549  63.275 0.0000000000
83588  -54.632  -8.510  51.674 0.0000000000
89269  -39.651  -1.676  65.963 0.0000000000
90049  -37.793  -0.698  65.855 0.0000000000
82569  -48.717  -10.212  69.451 0.0000000000
81747  -47.027  -10.752  68.022 0.0000000000
80873  -47.378  -10.919  68.647 0.0000000000
80872  -46.694  -11.418  68.708 0.0000000000
125453  -45.805  -11.774  68.360 0.0000000000
81754  -37.219  -10.080  67.402 0.0000000000
82598  -37.546  -9.609  66.869 0.0000000000
82591  -36.922  -9.330  67.406 0.0000000000
123348  -51.118  -9.654  61.339 0.0000000000
139792  -49.573  -9.497  59.824 0.0000000000
120924  -49.699  -9.483  59.044 0.0000000000
88532  -47.115  -2.502  54.765 0.0000000000
88533  -47.908  -2.688  55.130 0.0000000000
88558  -47.686  -2.426  53.644 0.0000000000
88569  -48.086  -2.275  53.086 0.0000000000
89370  -48.041  -1.367  51.776 0.0000000000
90145  -47.774  -0.562  51.210 0.0000000000
93106  -44.133  3.612  61.228 0.0000000000
145791  -44.581  3.890  60.711 0.0000000000
93846  -45.021  4.138  60.346 0.0000000000
93859  -45.777  4.408  59.795 0.0000000000
94595  -52.600  6.387  54.896 0.0000000000
94607  -52.332  6.219  54.218 0.0000000000
95303  -52.359  6.692  53.541 0.0000000000
94618  -52.025  6.627  52.558 0.0000000000
95312  -51.700  7.148  51.880 0.0000000000
135098  -51.142  7.553  51.192 0.0000000000
95320  -50.721  7.683  50.588 0.0000000000
96006  -50.323  7.621  50.098 0.0000000000
96005  -49.495  7.629  49.802 0.0000000000
95992  -49.732  7.791  50.566 0.0000000000
95978  -49.862  7.892  51.445 0.0000000000
96579  -45.199  8.682  57.479 0.0000000000
96578  -44.350  8.975  56.963 0.0000000000
97282  -43.704  9.649  57.235 0.0000000000
83514  -45.514  -8.464  60.484 0.0000000000
84442  -46.148  -7.916  60.075 0.0000000000
85284  -45.611  -6.157  59.808 0.0000000000
88489  -44.220  -3.001  60.127 0.0000000000
87716  -44.998  -3.244  60.076 0.0000000000
88497  -44.692  -2.677  59.718 0.0000000000
88505  -45.047  -2.303  59.031 0.0000000000
88506  -45.634  -2.277  58.376 0.0000000000
121105  -44.717  -1.469  56.890 0.0000000000
89322  -44.582  -1.255  56.176 0.0000000000
93075  -48.942  3.472  62.714 0.0000000000
93076  -49.994  3.304  62.867 0.0000000000
138941  -50.960  3.071  63.038 0.0000000000
92301  -51.538  2.791  62.862 0.0000000000
93831  -52.986  4.169  62.752 0.0000000000
93832  -53.321  3.506  62.128 0.0000000000
93841  -53.114  4.055  61.567 0.0000000000
93849  -53.301  4.254  60.520 0.0000000000
93861  -53.329  4.624  59.628 0.0000000000
94555  -53.322  5.035  58.791 0.0000000000
94554  -53.001  5.298  59.000 0.0000000000
94562  -52.491  5.744  58.392 0.0000000000
95242  -51.894  6.065  57.915 0.0000000000
136685  -51.280  6.180  57.620 0.0000000000
95241  -50.851  5.940  58.313 0.0000000000
95240  -49.801  6.201  58.746 0.0000000000
96525  -49.944  8.099  62.556 0.0000000000
95883  -48.905  7.814  62.060 0.0000000000
141775  -47.751  8.305  61.226 0.0000000000
96553  -46.963  7.981  60.216 0.0000000000
97941  -47.631  10.329  60.158 0.0000000000
86198  -50.732  -4.871  50.808 0.0000000000
88477  -38.247  -2.279  62.382 0.0000000000
89278  -37.828  -1.496  62.483 0.0000000000
132864  -37.453  1.680  63.748 0.0000000000
91581  -37.827  1.870  62.723 0.0000000000
92308  -39.678  2.678  62.648 0.0000000000
92324  -40.212  2.844  62.173 0.0000000000
93069  -42.751  2.845  63.049 0.0000000000
94513  -43.472  4.887  63.436 0.0000000000
93821  -43.821  3.796  63.476 0.0000000000
144756  -46.437  5.070  63.528 0.0000000000
125636  -46.806  5.800  63.498 0.0000000000
84420  -54.297  -7.167  62.719 0.0000000000
85264  -54.788  -6.480  63.114 0.0000000000
84419  -53.167  -7.356  63.459 0.0000000000
84418  -52.117  -7.778  63.974 0.0000000000
84395  -49.124  -7.245  66.225 0.0000000000
84402  -49.306  -7.211  65.427 0.0000000000
84411  -49.591  -7.450  64.803 0.0000000000
84410  -48.923  -7.626  64.891 0.0000000000
121562  -47.144  -9.529  62.727 0.0000000000
82617  -47.189  -9.153  63.572 0.0000000000
82627  -46.486  -9.404  63.219 0.0000000000
81785  -44.231  -10.348  64.459 0.0000000000
82614  -44.641  -9.863  63.895 0.0000000000
144909  -43.649  -9.923  63.010 0.0000000000
82639  -42.348  -9.737  62.295 0.0000000000
80832  -39.993  -10.724  70.948 0.0000000000
80807  -40.487  -11.139  71.565 0.0000000000
139287  -40.807  -11.140  70.999 0.0000000000
80808  -41.277  -11.250  71.555 0.0000000000
80809  -42.120  -11.309  71.499 0.0000000000
80810  -43.002  -11.160  71.816 0.0000000000
79910  -43.098  -11.880  70.447 0.0000000000
79926  -43.326  -12.471  69.568 0.0000000000
79942  -43.464  -12.779  68.776 0.0000000000
123443  -42.815  -12.784  69.073 0.0000000000
79029  -41.347  -13.291  67.547 0.0000000000
82624  -39.370  -9.701  63.132 0.0000000000
82636  -38.975  -9.050  62.870 0.0000000000
83493  -38.793  -8.356  62.788 0.0000000000
84424  -38.590  -7.585  62.812 0.0000000000
128510  -38.424  -7.205  63.553 0.0000000000
80966  -54.097  -11.641  56.522 0.0000000000
82727  -53.339  -10.291  55.641 0.0000000000
130472  -53.731  -9.616  55.305 0.0000000000
85297  -48.555  -6.570  59.037 0.0000000000
86118  -48.892  -5.583  58.779 0.0000000000
88536  -50.714  -3.269  56.011 0.0000000000
87741  -50.857  -3.667  56.898 0.0000000000
87751  -51.558  -3.553  56.196 0.0000000000
86957  -52.087  -4.114  56.417 0.0000000000
86151  -52.998  -4.819  55.668 0.0000000000
132015  -53.135  -5.726  55.314 0.0000000000
86152  -53.603  -5.021  55.207 0.0000000000
86153  -54.193  -5.265  54.750 0.0000000000
86160  -54.723  -5.651  54.355 0.0000000000
86161  -55.115  -6.024  53.880 0.0000000000
86982  -54.706  -4.203  54.270 0.0000000000
135940  -54.672  -3.819  53.853 0.0000000000
87775  -54.318  -3.356  53.490 0.0000000000
89374  -51.870  -0.954  51.240 0.0000000000
145915  -52.230  -1.454  51.657 0.0000000000
135269  -52.618  -0.895  51.011 0.0000000000
90150  -52.947  -0.386  50.322 0.0000000000
89397  -53.054  -1.147  49.718 0.0000000000
88603  -52.375  -1.963  49.431 0.0000000000
90167  -52.438  -0.015  49.228 0.0000000000
90176  -51.634  0.247  48.658 0.0000000000
90079  -40.004  -0.303  59.802 0.0000000000
90846  -40.339  0.270  59.311 0.0000000000
90853  -41.325  0.633  58.320 0.0000000000
93152  -43.584  3.513  57.477 0.0000000000
92363  -43.113  2.789  57.105 0.0000000000
92377  -43.761  2.145  55.678 0.0000000000
92385  -44.754  2.142  54.555 0.0000000000
93129  -49.508  3.911  59.428 0.0000000000
93128  -48.816  3.981  59.756 0.0000000000
121185  -49.121  4.251  57.689 0.0000000000
93904  -49.154  4.413  54.343 0.0000000000
93191  -49.466  4.329  55.064 0.0000000000
93199  -48.143  4.313  53.872 0.0000000000
141809  -47.371  3.946  53.638 0.0000000000
129605  -46.811  3.608  53.790 0.0000000000
92408  -46.761  2.645  51.483 0.0000000000
130579  -46.628  1.931  51.276 0.0000000000
92409  -47.330  3.153  50.844 0.0000000000
93949  -50.930  5.407  48.292 0.0000000000
93957  -51.011  5.040  47.888 0.0000000000
93234  -51.064  4.312  47.839 0.0000000000
92444  -51.107  3.538  47.997 0.0000000000
91677  -50.916  2.592  48.297 0.0000000000
92443  -50.047  2.999  47.558 0.0000000000
92442  -48.695  2.309  47.440 0.0000000000
90930  -47.915  1.291  47.893 0.0000000000
92441  -47.916  1.980  47.658 0.0000000000
92435  -47.340  2.413  47.891 0.0000000000
129427  -46.037  6.592  49.031 0.0000000000
132714  -46.139  5.674  48.774 0.0000000000
94646  -45.557  6.277  49.066 0.0000000000
94637  -45.029  5.750  49.479 0.0000000000
95278  -48.843  6.472  55.256 0.0000000000
123951  -48.317  6.572  54.630 0.0000000000
95290  -47.558  6.551  54.475 0.0000000000
95289  -46.728  6.577  54.209 0.0000000000
95946  -44.058  7.333  54.403 0.0000000000
131082  -43.491  7.376  53.503 0.0000000000
95958  -42.835  7.546  52.494 0.0000000000
95988  -42.341  7.216  51.290 0.0000000000
95972  -41.810  7.317  51.873 0.0000000000
145023  -41.351  6.929  52.010 0.0000000000
94613  -40.752  6.967  52.378 0.0000000000
95297  -40.081  7.160  52.567 0.0000000000
95919  -40.177  7.788  55.829 0.0000000000
95928  -37.879  7.780  54.857 0.0000000000
95917  -38.266  8.041  55.462 0.0000000000
123077  -37.852  8.277  56.313 0.0000000000
133443  -43.723  -7.029  60.262 0.0000000000
139645  -43.851  -6.209  60.163 0.0000000000
86102  -43.688  -5.140  60.257 0.0000000000
128830  -43.704  -4.192  60.334 0.0000000000
145510  -43.768  -3.433  60.303 0.0000000000
89297  -43.509  -1.881  59.137 0.0000000000
93047  -51.845  3.242  64.234 0.0000000000
94501  -52.457  4.581  65.359 0.0000000000
93816  -52.829  4.005  64.938 0.0000000000
93817  -53.083  4.409  64.978 0.0000000000
124562  -53.413  5.727  65.709 0.0000000000
94510  -53.260  5.138  65.396 0.0000000000
93828  -53.080  4.083  63.931 0.0000000000
94525  -52.704  4.829  63.542 0.0000000000
93830  -51.871  5.088  62.742 0.0000000000
94523  -50.936  5.688  62.451 0.0000000000
94535  -50.167  6.208  62.206 0.0000000000
95205  -50.076  6.980  62.547 0.0000000000
95869  -51.399  7.109  63.601 0.0000000000
95874  -50.774  7.548  63.179 0.0000000000
97218  -50.377  9.312  62.392 0.0000000000
97232  -51.017  10.248  61.592 0.0000000000
85357  -53.120  -6.454  51.390 0.0000000000
128892  -37.583  -1.957  64.207 0.0000000000
89275  -37.178  -1.357  63.944 0.0000000000
90051  -36.854  -0.671  64.362 0.0000000000
137121  -36.782  0.766  64.023 0.0000000000
90038  -37.306  -0.108  65.894 0.0000000000
91577  -36.817  0.858  65.016 0.0000000000
143517  -37.158  1.407  64.547 0.0000000000
83462  -47.941  -8.592  66.730 0.0000000000
82601  -47.176  -8.819  66.219 0.0000000000
82609  -46.690  -8.883  65.465 0.0000000000
82600  -46.445  -9.351  66.060 0.0000000000
81776  -45.846  -9.803  65.789 0.0000000000
81756  -46.603  -10.373  67.312 0.0000000000
81765  -45.511  -10.486  66.220 0.0000000000
81775  -45.242  -10.259  65.453 0.0000000000
81774  -44.547  -10.608  65.192 0.0000000000
79882  -38.095  -12.444  73.520 0.0000000000
79893  -38.166  -12.120  72.216 0.0000000000
80831  -39.108  -10.560  70.933 0.0000000000
80856  -39.500  -10.930  70.375 0.0000000000
133768  -38.704  -9.512  65.288 0.0000000000
134455  -38.667  -8.486  66.243 0.0000000000
83460  -38.173  -9.039  66.513 0.0000000000
87726  -48.692  -3.570  58.621 0.0000000000
88509  -48.714  -3.237  57.831 0.0000000000
88525  -49.550  -3.305  56.973 0.0000000000
88534  -48.803  -2.837  55.354 0.0000000000
144603  -51.100  -3.123  54.692 0.0000000000
88550  -51.900  -3.148  54.838 0.0000000000
120902  -52.364  -3.023  54.134 0.0000000000
88561  -51.377  -2.878  53.945 0.0000000000
88572  -51.165  -2.398  52.871 0.0000000000
89359  -50.486  -1.902  52.155 0.0000000000
89358  -49.473  -2.067  52.241 0.0000000000
89373  -50.907  -1.196  51.450 0.0000000000
90158  -51.074  0.194  50.447 0.0000000000
90906  -50.523  0.745  50.163 0.0000000000
92349  -41.290  2.956  59.206 0.0000000000
92354  -40.990  2.277  58.877 0.0000000000
93138  -42.717  3.647  58.622 0.0000000000
93139  -43.450  3.857  58.299 0.0000000000
93140  -44.163  4.025  57.983 0.0000000000
93154  -45.170  3.954  56.944 0.0000000000
141661  -51.523  4.102  56.926 0.0000000000
93158  -50.760  3.903  57.197 0.0000000000
93886  -51.487  4.477  56.108 0.0000000000
93895  -50.945  4.478  55.633 0.0000000000
93906  -50.893  4.722  54.856 0.0000000000
94593  -51.695  5.511  54.310 0.0000000000
93916  -50.693  5.182  54.092 0.0000000000
93915  -49.780  4.793  53.840 0.0000000000
93932  -48.061  4.603  51.367 0.0000000000
94638  -49.929  6.034  50.100 0.0000000000
94639  -50.618  6.856  49.622 0.0000000000
94649  -50.793  6.086  48.566 0.0000000000
94658  -49.646  6.059  47.936 0.0000000000
93956  -47.758  5.099  47.732 0.0000000000
94657  -48.252  6.011  47.857 0.0000000000
95342  -47.771  6.342  48.339 0.0000000000
96014  -48.042  6.969  49.153 0.0000000000
95335  -47.135  6.572  48.915 0.0000000000
96013  -46.017  6.883  49.295 0.0000000000
96003  -46.175  7.200  49.840 0.0000000000
95326  -45.101  7.209  49.652 0.0000000000
95250  -46.692  6.762  57.274 0.0000000000
95924  -45.991  6.840  56.597 0.0000000000
124351  -45.496  7.095  56.137 0.0000000000
120643  -44.840  7.564  56.116 0.0000000000
95933  -44.505  7.429  55.262 0.0000000000
95944  -42.297  7.547  54.067 0.0000000000
125128  -41.487  7.665  54.107 0.0000000000
96587  -42.902  8.359  56.517 0.0000000000
123390  -41.220  7.854  56.019 0.0000000000
125042  -41.385  8.163  56.846 0.0000000000
142625  -41.114  8.309  57.340 0.0000000000
96565  -41.135  8.708  57.948 0.0000000000
121512  -47.974  -9.330  60.809 0.0000000000
83517  -48.261  -8.995  60.254 0.0000000000
84454  -47.623  -7.359  59.614 0.0000000000
84453  -46.740  -7.206  59.719 0.0000000000
85286  -47.343  -6.457  59.537 0.0000000000
86111  -47.852  -5.828  59.455 0.0000000000
135185  -47.965  -4.909  59.447 0.0000000000
86104  -45.266  -5.365  59.949 0.0000000000
86932  -46.313  -4.260  59.809 0.0000000000
87717  -46.723  -3.731  59.619 0.0000000000
87725  -47.794  -3.340  58.973 0.0000000000
88508  -47.916  -3.041  58.174 0.0000000000
130094  -47.255  -2.624  57.652 0.0000000000
88522  -46.663  -2.220  56.230 0.0000000000
136595  -46.477  -2.229  55.297 0.0000000000
90119  -45.740  -1.530  53.971 0.0000000000
93090  -46.751  3.260  62.275 0.0000000000
93108  -46.660  3.616  61.434 0.0000000000
93091  -47.341  3.352  61.796 0.0000000000
93092  -48.063  3.385  61.628 0.0000000000
93093  -48.933  3.435  61.438 0.0000000000
92312  -49.350  3.312  62.367 0.0000000000
140209  -49.338  3.273  61.892 0.0000000000
93111  -49.454  3.664  60.424 0.0000000000
93130  -50.242  3.690  59.613 0.0000000000
92302  -52.367  2.763  63.229 0.0000000000
92313  -52.268  2.581  62.497 0.0000000000
93095  -53.471  2.940  61.785 0.0000000000
92341  -53.207  2.620  61.627 0.0000000000
92339  -52.390  2.758  60.934 0.0000000000
93113  -52.078  3.224  60.306 0.0000000000
93145  -52.080  3.573  58.561 0.0000000000
93171  -52.405  4.321  57.059 0.0000000000
93888  -52.840  4.943  56.694 0.0000000000
93897  -52.739  5.452  56.203 0.0000000000
94571  -53.132  5.839  57.394 0.0000000000
95257  -52.978  6.217  56.853 0.0000000000
94578  -52.824  6.129  56.246 0.0000000000
123565  -52.558  6.910  54.770 0.0000000000
95938  -52.232  7.355  54.760 0.0000000000
95949  -51.178  8.037  53.488 0.0000000000
95936  -50.901  7.490  54.384 0.0000000000
95265  -49.794  6.692  55.745 0.0000000000
140408  -48.869  6.432  56.101 0.0000000000
127385  -48.355  6.424  56.822 0.0000000000
94551  -50.004  5.745  60.517 0.0000000000
95229  -49.313  6.201  59.740 0.0000000000
95218  -48.533  6.843  60.880 0.0000000000
122073  -48.624  6.600  60.174 0.0000000000
137631  -48.896  6.430  59.081 0.0000000000
95239  -48.166  6.540  58.517 0.0000000000
95901  -45.978  8.024  58.787 0.0000000000
87702  -39.912  -3.278  60.938 0.0000000000
88481  -39.695  -2.422  61.130 0.0000000000
89285  -39.846  -1.196  60.640 0.0000000000
90068  -39.427  -0.085  60.239 0.0000000000
92347  -39.953  1.878  59.800 0.0000000000
90055  -37.506  0.105  62.060 0.0000000000
90829  -37.893  0.769  61.599 0.0000000000
146247  -38.266  2.030  62.204 0.0000000000
131960  -37.996  1.558  61.913 0.0000000000
91587  -38.379  1.330  61.254 0.0000000000
93121  -41.003  3.201  60.053 0.0000000000
93055  -44.122  3.199  63.146 0.0000000000
93072  -45.256  3.104  62.812 0.0000000000
121329  -46.134  3.198  62.718 0.0000000000
93825  -47.522  3.804  63.295 0.0000000000
93827  -49.492  4.427  63.524 0.0000000000
94508  -50.481  4.835  64.126 0.0000000000
95188  -49.338  6.285  64.067 0.0000000000
82648  -52.601  -8.903  61.768 0.0000000000
82664  -52.097  -9.356  61.293 0.0000000000
123706  -50.164  -9.749  61.614 0.0000000000
122400  -49.340  -9.702  61.524 0.0000000000
83480  -51.086  -8.067  64.221 0.0000000000
84412  -50.462  -7.266  64.730 0.0000000000
83479  -50.076  -8.187  64.306 0.0000000000
83486  -50.573  -8.851  63.675 0.0000000000
82630  -50.076  -9.545  63.082 0.0000000000
82662  -48.583  -9.554  61.222 0.0000000000
82672  -47.196  -9.313  60.976 0.0000000000
134430  -46.474  -9.304  61.149 0.0000000000
83513  -44.534  -8.109  60.441 0.0000000000
82608  -46.301  -9.077  64.868 0.0000000000
124587  -45.865  -9.374  63.658 0.0000000000
125709  -44.958  -9.536  62.203 0.0000000000
137170  -43.934  -7.576  60.353 0.0000000000
84439  -43.326  -7.461  60.446 0.0000000000
132635  -42.282  -6.527  60.444 0.0000000000
85275  -41.472  -6.396  60.600 0.0000000000
86097  -40.334  -5.705  60.859 0.0000000000
80814  -47.057  -11.047  71.316 0.0000000000
79835  -42.956  -11.559  77.273 0.0000000000
81647  -42.778  -10.837  77.247 0.0000000000
81660  -43.341  -10.337  76.996 0.0000000000
79883  -38.808  -12.204  73.939 0.0000000000
80781  -39.486  -11.886  74.296 0.0000000000
80782  -40.385  -11.587  74.395 0.0000000000
121767  -40.997  -11.444  73.257 0.0000000000
122965  -40.861  -11.323  75.020 0.0000000000
80771  -41.891  -10.863  75.507 0.0000000000
81670  -43.258  -10.380  75.657 0.0000000000
122982  -43.699  -10.328  74.641 0.0000000000
81680  -44.291  -10.347  73.688 0.0000000000
81690  -44.514  -10.564  72.843 0.0000000000
80797  -43.899  -10.839  72.135 0.0000000000
81700  -44.787  -10.811  72.262 0.0000000000
81701  -45.584  -10.747  72.188 0.0000000000
80813  -46.063  -11.224  71.451 0.0000000000
80837  -46.457  -11.591  70.611 0.0000000000
80858  -45.954  -12.113  70.039 0.0000000000
79944  -45.257  -12.240  68.848 0.0000000000
79953  -44.937  -12.151  67.984 0.0000000000
79952  -44.137  -12.463  67.635 0.0000000000
79963  -43.948  -12.224  66.836 0.0000000000
79971  -42.905  -12.103  65.793 0.0000000000
80897  -42.616  -11.722  65.042 0.0000000000
79024  -40.876  -13.159  68.190 0.0000000000
79028  -40.465  -13.246  67.471 0.0000000000
79035  -40.884  -13.185  66.797 0.0000000000
79968  -40.624  -12.377  65.480 0.0000000000
79960  -41.342  -12.743  66.025 0.0000000000
79969  -41.307  -12.280  65.276 0.0000000000
80907  -41.711  -11.777  64.748 0.0000000000
80916  -41.646  -11.175  64.033 0.0000000000
85273  -40.085  -6.577  61.151 0.0000000000
135441  -39.867  -4.964  61.039 0.0000000000
135443  -39.093  -5.063  61.523 0.0000000000
86917  -38.784  -4.554  61.759 0.0000000000
87700  -38.661  -3.890  61.850 0.0000000000
85271  -38.643  -6.388  62.384 0.0000000000
86916  -38.509  -4.469  62.250 0.0000000000
87695  -38.091  -3.563  63.529 0.0000000000
123520  -38.612  -7.226  64.502 0.0000000000
86912  -38.407  -4.927  63.699 0.0000000000
123197  -38.318  -4.170  64.038 0.0000000000
87692  -38.229  -3.300  64.388 0.0000000000
88470  -37.952  -2.517  64.433 0.0000000000
88465  -38.348  -2.637  64.934 0.0000000000
88466  -38.972  -2.593  65.381 0.0000000000
126471  -39.751  -3.989  65.146 0.0000000000
127320  -39.775  -3.129  65.409 0.0000000000
131883  -39.809  -2.293  65.645 0.0000000000
79119  -54.668  -13.262  55.782 0.0000000000
80967  -54.943  -12.360  56.205 0.0000000000
80044  -54.986  -12.869  55.763 0.0000000000
80043  -54.700  -13.203  54.987 0.0000000000
80057  -55.058  -12.693  54.497 0.0000000000
80991  -55.097  -12.247  53.350 0.0000000000
81879  -55.290  -11.169  53.172 0.0000000000
83528  -49.116  -9.010  58.898 0.0000000000
84464  -48.704  -7.540  58.657 0.0000000000
83534  -49.038  -8.505  58.196 0.0000000000
87727  -49.506  -3.891  58.571 0.0000000000
86946  -49.953  -4.086  58.269 0.0000000000
86130  -49.858  -4.876  57.847 0.0000000000
137896  -51.061  -3.957  57.233 0.0000000000
136479  -50.371  -6.677  56.283 0.0000000000
84480  -50.541  -7.496  56.036 0.0000000000
83557  -51.676  -8.166  55.488 0.0000000000
83558  -52.697  -8.494  55.303 0.0000000000
83559  -53.657  -8.781  55.099 0.0000000000
85327  -53.547  -6.729  55.020 0.0000000000
83565  -54.339  -8.278  54.829 0.0000000000
134596  -55.197  -9.215  54.614 0.0000000000
82745  -55.437  -9.507  53.473 0.0000000000
81880  -55.218  -10.171  52.695 0.0000000000
82752  -55.227  -9.297  52.479 0.0000000000
83589  -55.020  -8.401  51.890 0.0000000000
84521  -54.717  -7.891  51.684 0.0000000000
86173  -55.158  -6.132  52.915 0.0000000000
85352  -54.924  -6.775  52.020 0.0000000000
85359  -54.465  -7.116  51.501 0.0000000000
86193  -53.492  -5.777  50.982 0.0000000000
124367  -53.402  -2.769  53.187 0.0000000000
88583  -53.951  -2.806  52.073 0.0000000000
89362  -53.224  -1.833  51.605 0.0000000000
88582  -53.605  -2.407  51.322 0.0000000000
87794  -54.086  -3.261  51.356 0.0000000000
87016  -54.103  -3.969  50.791 0.0000000000
86201  -53.690  -4.763  50.666 0.0000000000
86200  -52.596  -5.098  50.696 0.0000000000
87014  -51.845  -4.534  50.430 0.0000000000
87805  -51.169  -3.936  50.212 0.0000000000
136695  -50.467  -3.299  49.765 0.0000000000
136889  -51.205  -2.439  49.520 0.0000000000
137181  -49.641  -3.051  49.463 0.0000000000
88485  -41.173  -2.451  60.511 0.0000000000
90070  -41.147  -1.122  59.785 0.0000000000
89287  -42.118  -1.877  59.983 0.0000000000
129185  -42.608  -1.723  59.498 0.0000000000
89305  -42.803  -1.313  58.638 0.0000000000
90091  -43.021  -0.918  57.879 0.0000000000
92355  -41.594  2.444  58.439 0.0000000000
91615  -41.678  1.446  57.951 0.0000000000
91616  -42.251  1.432  57.291 0.0000000000
90858  -42.031  0.456  57.704 0.0000000000
90097  -42.636  -0.155  57.389 0.0000000000
90104  -44.074  -0.563  55.867 0.0000000000
90112  -44.261  -0.238  55.091 0.0000000000
89340  -44.664  -0.664  54.747 0.0000000000
143851  -44.934  -0.609  54.284 0.0000000000
138850  -45.332  -0.834  53.829 0.0000000000
90127  -45.404  -0.220  53.196 0.0000000000
93126  -46.686  4.174  60.363 0.0000000000
93860  -46.672  4.486  59.230 0.0000000000
121266  -48.273  4.275  59.202 0.0000000000
93142  -47.560  4.418  58.703 0.0000000000
93155  -46.039  4.141  56.698 0.0000000000
93168  -49.032  4.313  56.807 0.0000000000
93180  -49.024  4.309  55.668 0.0000000000
139269  -48.397  4.280  56.243 0.0000000000
123421  -46.299  3.856  56.003 0.0000000000
93177  -45.663  3.477  55.445 0.0000000000
92386  -45.458  2.563  54.215 0.0000000000
92395  -46.298  2.998  53.209 0.0000000000
92394  -45.673  2.381  53.466 0.0000000000
91643  -45.411  1.465  53.102 0.0000000000
90890  -45.542  0.523  52.687 0.0000000000
90135  -45.811  -0.260  52.604 0.0000000000
90144  -46.844  -0.254  51.542 0.0000000000
90897  -47.329  0.143  51.027 0.0000000000
91654  -46.955  1.402  50.830 0.0000000000
90915  -51.339  1.519  49.524 0.0000000000
93939  -48.389  4.632  50.464 0.0000000000
93226  -49.091  3.652  49.420 0.0000000000
125875  -50.718  3.795  48.841 0.0000000000
92426  -49.743  2.906  49.267 0.0000000000
140450  -52.265  1.589  49.287 0.0000000000
91665  -52.012  1.764  49.205 0.0000000000
90925  -51.847  1.365  48.772 0.0000000000
133427  -50.680  0.669  48.387 0.0000000000
90175  -50.221  -0.269  48.449 0.0000000000
89405  -49.221  -0.633  48.606 0.0000000000
93946  -46.177  4.602  48.867 0.0000000000
93231  -46.345  3.204  48.643 0.0000000000
129837  -50.378  7.860  53.105 0.0000000000
95961  -48.815  7.512  52.284 0.0000000000
95301  -48.363  6.811  53.907 0.0000000000
140349  -48.330  7.056  53.177 0.0000000000
95990  -45.314  7.375  50.338 0.0000000000
138424  -45.179  6.967  53.483 0.0000000000
136872  -44.984  7.300  52.016 0.0000000000
122398  -44.646  7.369  51.073 0.0000000000
122058  -44.311  7.281  50.119 0.0000000000
96002  -43.599  7.057  50.245 0.0000000000
94626  -43.441  6.284  50.471 0.0000000000
94625  -42.985  6.068  51.001 0.0000000000
94624  -42.453  7.048  51.003 0.0000000000
120934  -42.491  6.338  51.267 0.0000000000
93921  -42.930  4.915  52.347 0.0000000000
93202  -42.940  4.156  52.961 0.0000000000
93902  -40.591  4.967  54.217 0.0000000000
95943  -39.772  7.793  53.380 0.0000000000
95954  -39.351  7.514  53.257 0.0000000000
95287  -38.845  7.016  53.490 0.0000000000
95927  -37.214  7.536  55.130 0.0000000000
97927  -51.509  11.004  60.783 0.0000000000
97953  -48.731  11.643  59.213 0.0000000000
128690  -47.819  11.172  59.254 0.0000000000
121499  -47.451  11.606  58.706 0.0000000000
97962  -46.693  11.541  58.405 0.0000000000
127559  -46.015  11.088  58.179 0.0000000000
99255  -46.281  12.401  58.341 0.0000000000
97972  -46.089  11.817  57.961 0.0000000000
97971  -45.432  11.033  57.847 0.0000000000
97970  -44.656  10.682  57.617 0.0000000000
97969  -43.962  10.458  57.466 0.0000000000
97273  -43.221  10.192  57.683 0.0000000000
98612  -43.251  11.750  58.246 0.0000000000
79845  -40.528  -12.221  76.459 0.0000000000
80898  -43.390  -11.502  65.355 0.0000000000
80908  -42.400  -11.285  64.339 0.0000000000
81659  -42.556  -10.619  76.249 0.0000000000
81748  -47.676  -10.370  68.240 0.0000000000
81784  -43.505  -10.604  64.232 0.0000000000
81869  -55.434  -10.250  53.635 0.0000000000
82736  -55.418  -9.713  54.341 0.0000000000
82751  -54.866  -9.789  51.895 0.0000000000
82757  -54.471  -9.202  51.695 0.0000000000
83496  -53.047  -8.323  62.301 0.0000000000
83497  -54.054  -7.886  62.021 0.0000000000
83556  -50.867  -8.134  55.818 0.0000000000
83567  -55.432  -8.882  54.214 0.0000000000
83578  -53.554  -9.039  51.902 0.0000000000
83580  -54.921  -8.980  51.810 0.0000000000
83581  -55.232  -8.490  52.360 0.0000000000
83587  -54.314  -8.508  51.596 0.0000000000
84403  -50.008  -6.797  65.342 0.0000000000
84490  -51.852  -7.236  55.425 0.0000000000
84515  -55.137  -7.829  52.128 0.0000000000
84519  -53.911  -8.026  51.503 0.0000000000
85234  -50.744  -6.481  66.782 0.0000000000
85243  -49.824  -6.692  65.881 0.0000000000
85360  -54.906  -7.347  51.859 0.0000000000
86142  -52.433  -4.580  56.069 0.0000000000
86172  -55.063  -5.132  53.907 0.0000000000
86202  -54.310  -4.906  51.039 0.0000000000
86940  -49.394  -4.202  58.707 0.0000000000
86964  -53.953  -4.325  55.053 0.0000000000
87003  -54.576  -4.489  51.985 0.0000000000
87742  -51.599  -3.891  56.739 0.0000000000
87763  -53.355  -3.359  54.860 0.0000000000
87764  -53.729  -3.196  54.438 0.0000000000
87816  -53.294  -2.529  50.030 0.0000000000
88516  -49.483  -3.431  57.653 0.0000000000
88563  -53.501  -2.978  53.891 0.0000000000
88574  -53.466  -2.473  52.301 0.0000000000
88575  -53.840  -2.931  52.945 0.0000000000
89268  -38.602  -1.367  65.835 0.0000000000
89361  -52.765  -1.605  51.659 0.0000000000
89383  -53.315  -1.670  50.125 0.0000000000
90047  -36.677  0.102  64.707 0.0000000000
90067  -38.915  0.000  60.633 0.0000000000
90160  -52.757  0.210  49.879 0.0000000000
90822  -36.911  0.312  65.487 0.0000000000
90836  -38.478  0.532  60.988 0.0000000000
90922  -48.088  0.622  48.067 0.0000000000
92304  -52.966  2.831  63.194 0.0000000000
92327  -52.305  2.582  61.677 0.0000000000
92328  -52.971  2.428  62.027 0.0000000000
92329  -53.159  2.632  62.345 0.0000000000
92340  -53.045  2.580  61.197 0.0000000000
93062  -52.445  3.178  63.833 0.0000000000
93063  -52.685  3.375  64.037 0.0000000000
93064  -53.017  3.391  63.572 0.0000000000
93085  -41.414  3.221  61.770 0.0000000000
93131  -52.218  3.398  59.538 0.0000000000
93159  -52.735  4.026  57.655 0.0000000000
93182  -50.245  4.327  55.861 0.0000000000
93240  -49.722  3.858  47.435 0.0000000000
93242  -51.157  3.959  47.903 0.0000000000
93809  -52.918  4.421  65.340 0.0000000000
93815  -52.567  3.959  64.877 0.0000000000
93880  -53.071  4.661  57.367 0.0000000000
93922  -42.914  5.521  51.614 0.0000000000
93964  -48.248  4.642  47.494 0.0000000000
94503  -53.187  5.330  66.024 0.0000000000
94564  -53.312  5.273  58.045 0.0000000000
94570  -52.958  6.153  57.280 0.0000000000
94629  -51.129  6.852  51.620 0.0000000000
95254  -50.991  6.327  57.027 0.0000000000
95282  -52.570  6.721  55.588 0.0000000000
95285  -37.889  7.236  54.511 0.0000000000
95292  -52.493  6.798  54.203 0.0000000000
95296  -38.888  7.388  53.649 0.0000000000
95302  -52.302  6.922  52.823 0.0000000000
95844  -53.230  6.511  66.862 0.0000000000
95964  -52.141  8.005  52.852 0.0000000000
95965  -52.348  7.311  53.374 0.0000000000
95981  -52.038  7.888  52.155 0.0000000000
95995  -51.694  7.782  51.769 0.0000000000
96544  -47.267  8.559  60.753 0.0000000000
96608  -51.735  8.085  51.867 0.0000000000
98622  -45.579  11.935  57.773 0.0000000000
121419  -50.426  -9.673  60.973 0.0000000000
124463  -52.155  3.828  57.683 0.0000000000
126298  -47.366  4.215  47.963 0.0000000000
127736  -41.453  -11.137  74.914 0.0000000000
128937  -51.762  8.037  53.453 0.0000000000
129303  -53.880  -9.746  51.682 0.0000000000
131523  -54.530  -4.718  54.562 0.0000000000
132947  -53.391  -4.368  55.463 0.0000000000
133187  -37.520  -1.907  63.607 0.0000000000
133794  -54.930  -12.923  56.535 0.0000000000
135067  -45.041  -1.557  55.792 0.0000000000
135599  -42.752  -11.263  77.269 0.0000000000
137600  -47.389  -2.493  57.112 0.0000000000
139099  -39.114  7.252  53.265 0.0000000000
139204  -51.583  3.497  59.128 0.0000000000
139676  -53.262  5.250  57.512 0.0000000000
140629  -42.924  -13.029  67.685 0.0000000000
141806  -42.319  7.449  51.776 0.0000000000
142537  -44.006  -12.580  69.282 0.0000000000
143025  -42.214  0.833  57.321 0.0000000000
143267  -48.388  4.338  56.799 0.0000000000
144409  -48.738  6.479  59.637 0.0000000000
144568  -53.365  4.576  58.574 0.0000000000
