#!ascii label  , from subject sub-01 vox2ras=TkReg
1899
51160  -31.626  -42.861  92.923 0.0000000000
64566  -46.070  -28.522  77.461 0.0000000000
59808  -34.704  -33.538  83.979 0.0000000000
42093  -6.465  -53.318  83.981 0.0000000000
133241  -18.876  -49.755  90.811 0.0000000000
53242  -10.179  -40.939  90.013 0.0000000000
51128  -5.295  -43.900  95.610 0.0000000000
59829  -41.472  -34.545  79.439 0.0000000000
54288  -4.647  -40.730  84.481 0.0000000000
131304  -1.856  -57.166  89.924 0.0000000000
54281  -33.130  -39.768  85.321 0.0000000000
46708  -27.031  -46.805  89.990 0.0000000000
138406  -25.808  -49.534  91.567 0.0000000000
69249  -47.733  -24.787  77.691 0.0000000000
61751  -38.641  -32.115  82.381 0.0000000000
44904  -13.926  -49.414  88.628 0.0000000000
57154  -4.038  -37.405  89.243 0.0000000000
47608  -7.202  -47.440  85.478 0.0000000000
122799  -8.853  -45.875  81.810 0.0000000000
43085  -7.258  -52.345  79.875 0.0000000000
39382  -7.317  -55.048  95.109 0.0000000000
131204  -4.591  -53.299  94.641 0.0000000000
59760  -32.362  -34.382  87.122 0.0000000000
43892  -24.803  -49.912  94.439 0.0000000000
123211  -20.705  -49.775  87.884 0.0000000000
51153  -7.630  -43.623  92.658 0.0000000000
47587  -3.790  -47.956  88.530 0.0000000000
61818  -43.904  -32.299  79.300 0.0000000000
41126  -8.860  -53.104  93.553 0.0000000000
42048  -11.511  -51.260  91.064 0.0000000000
54278  -7.918  -40.653  85.574 0.0000000000
50265  -4.405  -44.687  80.635 0.0000000000
48326  -5.322  -46.867  97.280 0.0000000000
44863  -3.330  -50.264  91.337 0.0000000000
134649  -3.040  -54.858  86.693 0.0000000000
129650  -33.023  -40.801  92.154 0.0000000000
51182  -31.182  -42.157  90.705 0.0000000000
52227  -32.510  -41.491  89.311 0.0000000000
49256  -29.290  -45.235  91.916 0.0000000000
50178  -28.159  -44.249  89.834 0.0000000000
47565  -29.207  -46.706  92.738 0.0000000000
67409  -47.075  -26.655  77.445 0.0000000000
143636  -43.188  -29.322  75.875 0.0000000000
66482  -44.409  -27.400  76.179 0.0000000000
68373  -45.200  -25.516  76.165 0.0000000000
130971  -36.447  -32.485  82.972 0.0000000000
60764  -33.046  -33.282  82.930 0.0000000000
60786  -33.974  -32.462  82.365 0.0000000000
61785  -35.373  -31.641  80.574 0.0000000000
44955  -6.652  -50.519  84.663 0.0000000000
44971  -8.224  -50.529  83.027 0.0000000000
42120  -7.864  -54.008  81.864 0.0000000000
40407  -5.926  -55.144  79.951 0.0000000000
39541  -6.896  -56.741  81.164 0.0000000000
39396  -6.706  -55.387  92.874 0.0000000000
37473  -5.946  -56.324  93.163 0.0000000000
59740  -31.518  -34.351  88.769 0.0000000000
57176  -32.427  -37.978  88.251 0.0000000000
57210  -32.181  -37.735  84.599 0.0000000000
58016  -30.123  -36.951  87.730 0.0000000000
59746  -29.761  -35.109  86.662 0.0000000000
47526  -27.125  -47.368  94.972 0.0000000000
43020  -23.249  -50.307  87.184 0.0000000000
122432  -22.484  -50.369  88.392 0.0000000000
71891  -46.478  -21.331  75.391 0.0000000000
73573  -46.992  -19.408  74.763 0.0000000000
51147  -6.015  -44.051  93.924 0.0000000000
49247  -5.549  -45.786  90.392 0.0000000000
49213  -4.131  -45.990  92.212 0.0000000000
59848  -43.025  -34.551  79.084 0.0000000000
60818  -39.191  -33.737  78.116 0.0000000000
58922  -40.301  -35.199  77.757 0.0000000000
125406  -41.480  -34.018  76.703 0.0000000000
40257  -11.090  -53.309  95.923 0.0000000000
41118  -11.877  -52.119  95.020 0.0000000000
56170  -9.548  -38.609  90.669 0.0000000000
56185  -7.501  -38.315  89.467 0.0000000000
54253  -10.023  -40.267  87.343 0.0000000000
46800  -6.594  -48.166  79.762 0.0000000000
50267  -7.141  -44.789  80.393 0.0000000000
47669  -4.298  -47.371  79.452 0.0000000000
46624  -6.736  -48.887  97.313 0.0000000000
40273  -2.226  -54.860  93.099 0.0000000000
43894  -3.759  -51.726  92.901 0.0000000000
131300  -1.731  -53.958  90.678 0.0000000000
42991  -2.263  -52.171  88.609 0.0000000000
39462  -2.153  -56.419  87.697 0.0000000000
140343  -33.592  -39.326  87.981 0.0000000000
142193  -28.271  -47.433  95.238 0.0000000000
46672  -29.190  -47.391  94.020 0.0000000000
45808  -26.732  -48.375  90.796 0.0000000000
146170  -47.703  -22.349  77.908 0.0000000000
70149  -45.652  -23.575  75.598 0.0000000000
61790  -40.419  -32.629  80.275 0.0000000000
61815  -37.761  -32.226  78.474 0.0000000000
136621  -17.515  -48.007  88.211 0.0000000000
44891  -16.648  -49.211  90.489 0.0000000000
129148  -4.649  -38.797  87.318 0.0000000000
128953  -8.591  -44.654  87.512 0.0000000000
51245  -9.734  -43.605  85.679 0.0000000000
48443  -8.529  -46.583  83.831 0.0000000000
45902  -8.440  -49.565  80.839 0.0000000000
44065  -5.035  -51.063  79.428 0.0000000000
42865  -7.545  -52.439  97.341 0.0000000000
43870  -6.420  -51.498  96.655 0.0000000000
127148  -5.362  -54.289  95.469 0.0000000000
38432  -3.191  -55.872  93.404 0.0000000000
59791  -33.699  -34.237  84.832 0.0000000000
60698  -31.085  -33.817  84.817 0.0000000000
42935  -21.425  -50.644  92.251 0.0000000000
42924  -25.251  -50.157  93.033 0.0000000000
42971  -21.429  -50.546  90.630 0.0000000000
43951  -19.379  -49.551  89.388 0.0000000000
55195  -9.637  -39.356  92.816 0.0000000000
54193  -9.178  -40.532  94.883 0.0000000000
52200  -8.879  -42.772  91.314 0.0000000000
50170  -7.576  -44.807  89.506 0.0000000000
130097  -5.225  -48.115  87.055 0.0000000000
136815  -4.566  -51.047  85.707 0.0000000000
63631  -44.852  -30.474  78.218 0.0000000000
61854  -41.804  -32.045  76.064 0.0000000000
41996  -9.310  -53.221  98.008 0.0000000000
142701  -8.119  -53.887  94.182 0.0000000000
40282  -7.345  -54.610  91.559 0.0000000000
43938  -15.218  -49.734  91.151 0.0000000000
42928  -14.351  -50.599  92.802 0.0000000000
42025  -12.389  -51.174  93.870 0.0000000000
42029  -10.153  -52.287  92.457 0.0000000000
41144  -8.222  -53.192  90.499 0.0000000000
57142  -5.022  -37.678  91.123 0.0000000000
139759  -5.701  -39.290  88.280 0.0000000000
132203  -5.549  -41.336  85.169 0.0000000000
52297  -9.253  -42.942  83.572 0.0000000000
52319  -6.890  -42.697  82.478 0.0000000000
52316  -3.895  -42.471  82.429 0.0000000000
49181  -4.543  -45.055  96.284 0.0000000000
44836  -5.399  -50.470  95.566 0.0000000000
46641  -4.062  -47.653  94.322 0.0000000000
133595  -3.612  -46.076  93.728 0.0000000000
46697  -2.471  -48.952  89.483 0.0000000000
136837  -3.143  -51.326  86.937 0.0000000000
41192  -4.543  -54.306  85.313 0.0000000000
121002  -1.734  -59.435  87.552 0.0000000000
38539  -1.948  -58.519  85.859 0.0000000000
38573  -6.354  -57.723  83.501 0.0000000000
52199  -32.232  -41.874  92.713 0.0000000000
52188  -31.871  -42.194  93.188 0.0000000000
51169  -31.245  -42.633  91.658 0.0000000000
51184  -32.146  -41.745  90.734 0.0000000000
50150  -30.552  -43.779  92.005 0.0000000000
50163  -30.015  -43.536  91.436 0.0000000000
50132  -31.440  -42.959  93.224 0.0000000000
50139  -30.652  -43.992  92.818 0.0000000000
65535  -46.308  -27.769  77.246 0.0000000000
64574  -44.493  -28.802  76.613 0.0000000000
65550  -43.622  -28.414  75.882 0.0000000000
65542  -45.201  -27.954  76.723 0.0000000000
67414  -45.648  -26.897  76.663 0.0000000000
60768  -35.866  -32.763  83.451 0.0000000000
59811  -36.898  -33.346  84.347 0.0000000000
59795  -36.157  -33.640  84.669 0.0000000000
60785  -33.258  -32.534  82.386 0.0000000000
60766  -34.361  -32.785  83.035 0.0000000000
60767  -35.107  -32.713  83.133 0.0000000000
44011  -6.259  -51.959  84.396 0.0000000000
43045  -7.528  -52.394  83.178 0.0000000000
41226  -7.548  -54.012  82.739 0.0000000000
40383  -7.492  -55.520  81.684 0.0000000000
40382  -7.314  -55.578  82.569 0.0000000000
39408  -6.497  -55.788  91.382 0.0000000000
37499  -5.918  -56.479  91.699 0.0000000000
57162  -31.384  -37.239  89.800 0.0000000000
126818  -30.760  -37.412  88.076 0.0000000000
58001  -30.751  -36.602  89.559 0.0000000000
58856  -30.359  -35.460  88.622 0.0000000000
72693  -47.100  -20.714  76.458 0.0000000000
72701  -46.385  -20.733  74.760 0.0000000000
74501  -47.863  -18.610  76.943 0.0000000000
51137  -5.537  -43.811  95.269 0.0000000000
50127  -5.513  -44.546  93.706 0.0000000000
50126  -4.792  -44.787  94.142 0.0000000000
59839  -42.339  -34.713  79.333 0.0000000000
59824  -43.854  -34.508  80.940 0.0000000000
60812  -40.486  -34.184  79.125 0.0000000000
59854  -39.444  -34.778  77.623 0.0000000000
58908  -41.140  -34.886  78.830 0.0000000000
58916  -41.238  -35.013  78.428 0.0000000000
130146  -12.681  -52.275  96.311 0.0000000000
124752  -12.926  -51.908  95.565 0.0000000000
120907  -19.623  -50.208  91.741 0.0000000000
43915  -18.456  -49.882  91.377 0.0000000000
55273  -5.111  -39.379  85.095 0.0000000000
55213  -9.973  -39.505  90.626 0.0000000000
55223  -10.095  -39.709  89.181 0.0000000000
54241  -10.308  -40.491  88.778 0.0000000000
131722  -4.206  -49.172  79.162 0.0000000000
46799  -5.494  -47.683  79.655 0.0000000000
125828  -3.711  -48.800  78.826 0.0000000000
47504  -7.871  -47.134  97.592 0.0000000000
46625  -7.373  -48.780  96.944 0.0000000000
39407  -1.437  -56.381  91.295 0.0000000000
145015  -1.586  -54.854  91.857 0.0000000000
40287  -1.202  -55.487  90.553 0.0000000000
41148  -1.481  -54.418  89.448 0.0000000000
39448  -1.756  -56.477  88.791 0.0000000000
54225  -33.734  -40.026  90.435 0.0000000000
53269  -33.371  -40.725  88.668 0.0000000000
56196  -33.685  -39.402  89.667 0.0000000000
56195  -33.422  -38.924  89.230 0.0000000000
47572  -28.447  -46.805  91.718 0.0000000000
46692  -28.125  -47.653  91.969 0.0000000000
46699  -27.266  -47.424  90.636 0.0000000000
45817  -25.139  -48.352  88.942 0.0000000000
70121  -48.035  -23.424  77.877 0.0000000000
68374  -45.885  -25.146  76.448 0.0000000000
69282  -45.370  -24.543  75.920 0.0000000000
70136  -46.726  -23.783  76.647 0.0000000000
71024  -46.801  -22.928  76.516 0.0000000000
61772  -39.513  -31.990  81.240 0.0000000000
61753  -40.759  -32.253  82.443 0.0000000000
142579  -39.971  -32.391  83.309 0.0000000000
61770  -37.338  -31.762  81.542 0.0000000000
132759  -36.673  -31.535  80.108 0.0000000000
61788  -37.881  -31.751  80.530 0.0000000000
61804  -39.404  -32.603  79.484 0.0000000000
58002  -3.916  -36.718  88.551 0.0000000000
56219  -4.354  -38.111  87.372 0.0000000000
56199  -4.226  -37.866  88.332 0.0000000000
49286  -7.852  -46.095  86.785 0.0000000000
49294  -8.401  -45.700  85.413 0.0000000000
48435  -7.655  -46.898  85.171 0.0000000000
44051  -8.443  -51.827  81.359 0.0000000000
45886  -8.601  -49.615  81.598 0.0000000000
124238  -7.759  -51.000  80.287 0.0000000000
139520  -7.345  -50.258  79.966 0.0000000000
43084  -6.282  -52.264  79.637 0.0000000000
123513  -5.552  -52.956  79.663 0.0000000000
41099  -7.737  -53.380  97.232 0.0000000000
42004  -6.871  -52.484  96.781 0.0000000000
39374  -6.382  -54.522  95.653 0.0000000000
36563  -5.033  -57.415  92.555 0.0000000000
120642  -4.567  -56.702  93.640 0.0000000000
36561  -3.818  -57.838  92.706 0.0000000000
122413  -2.652  -57.276  92.275 0.0000000000
121164  -33.054  -34.289  86.330 0.0000000000
59759  -31.190  -34.468  86.824 0.0000000000
59772  -30.107  -34.232  85.234 0.0000000000
120679  -32.086  -34.250  86.119 0.0000000000
60720  -32.820  -34.016  84.530 0.0000000000
45769  -24.346  -49.181  94.855 0.0000000000
42906  -21.955  -50.675  93.680 0.0000000000
42936  -22.144  -50.684  92.463 0.0000000000
44862  -27.586  -48.974  93.508 0.0000000000
44857  -27.164  -49.208  94.034 0.0000000000
43905  -25.669  -49.974  92.343 0.0000000000
43003  -21.483  -50.125  87.582 0.0000000000
42983  -21.926  -50.469  90.000 0.0000000000
42982  -20.920  -50.230  89.485 0.0000000000
42969  -20.559  -50.331  90.341 0.0000000000
125375  -19.887  -49.606  88.665 0.0000000000
44920  -19.145  -48.934  87.483 0.0000000000
123263  -7.775  -42.599  94.556 0.0000000000
52172  -8.503  -42.018  94.312 0.0000000000
53223  -8.705  -42.161  92.852 0.0000000000
51154  -8.294  -43.220  91.965 0.0000000000
50155  -8.364  -44.238  90.048 0.0000000000
50144  -7.470  -44.523  91.031 0.0000000000
49271  -4.615  -46.754  89.416 0.0000000000
49272  -5.325  -46.579  89.178 0.0000000000
47594  -4.666  -47.893  87.688 0.0000000000
45852  -4.705  -49.512  85.967 0.0000000000
46737  -4.006  -49.311  86.645 0.0000000000
62721  -44.453  -31.407  78.984 0.0000000000
63625  -46.203  -30.784  79.449 0.0000000000
61806  -44.604  -32.345  79.843 0.0000000000
60826  -42.445  -33.709  77.902 0.0000000000
60837  -41.487  -33.031  76.109 0.0000000000
62729  -42.639  -32.111  77.201 0.0000000000
62741  -43.196  -30.629  76.657 0.0000000000
42867  -10.283  -52.513  97.735 0.0000000000
40272  -10.054  -53.018  94.415 0.0000000000
40261  -9.590  -53.625  95.138 0.0000000000
40270  -8.452  -53.596  94.074 0.0000000000
123338  -7.660  -54.213  93.073 0.0000000000
40279  -8.044  -53.769  93.013 0.0000000000
44889  -14.416  -49.423  89.428 0.0000000000
144777  -15.651  -49.433  90.696 0.0000000000
43937  -14.497  -49.654  90.229 0.0000000000
42965  -12.132  -50.863  90.507 0.0000000000
42967  -13.592  -50.445  91.468 0.0000000000
42946  -13.032  -50.784  91.854 0.0000000000
42033  -13.293  -50.847  93.336 0.0000000000
128617  -12.469  -51.160  92.284 0.0000000000
42024  -11.710  -51.642  93.668 0.0000000000
42041  -10.730  -51.746  91.665 0.0000000000
41145  -8.883  -52.682  90.035 0.0000000000
57130  -6.040  -37.595  91.921 0.0000000000
55252  -8.411  -39.314  87.372 0.0000000000
56184  -6.583  -38.554  89.231 0.0000000000
54265  -6.653  -39.893  86.899 0.0000000000
54252  -5.634  -40.011  87.011 0.0000000000
54277  -6.829  -40.841  85.655 0.0000000000
49310  -9.185  -45.096  83.114 0.0000000000
51259  -9.592  -43.625  83.994 0.0000000000
50232  -9.148  -44.120  82.582 0.0000000000
50266  -5.867  -44.656  80.534 0.0000000000
51311  -7.005  -43.417  81.205 0.0000000000
50247  -6.103  -43.567  81.039 0.0000000000
52318  -5.775  -42.692  82.472 0.0000000000
51293  -4.237  -43.066  81.631 0.0000000000
51309  -3.057  -42.996  81.266 0.0000000000
48325  -4.552  -46.177  96.942 0.0000000000
43882  -5.614  -51.951  95.596 0.0000000000
131538  -5.739  -50.442  96.304 0.0000000000
43887  -5.031  -52.081  94.937 0.0000000000
43901  -3.512  -51.191  92.351 0.0000000000
44855  -4.157  -50.191  93.292 0.0000000000
46674  -3.706  -48.746  92.948 0.0000000000
47530  -3.662  -47.132  93.817 0.0000000000
46677  -3.359  -48.215  92.019 0.0000000000
47564  -3.032  -47.656  91.361 0.0000000000
45799  -2.618  -49.477  90.241 0.0000000000
42065  -2.419  -53.084  87.707 0.0000000000
124750  -2.385  -51.644  87.753 0.0000000000
42070  -3.032  -53.156  87.146 0.0000000000
43025  -3.714  -52.665  86.164 0.0000000000
127377  -3.642  -54.991  85.716 0.0000000000
35673  -1.305  -60.463  86.275 0.0000000000
37569  -1.408  -58.927  85.916 0.0000000000
54213  -33.828  -39.784  92.203 0.0000000000
51213  -30.581  -41.757  88.648 0.0000000000
127272  -31.604  -41.586  88.262 0.0000000000
51200  -32.025  -41.669  89.467 0.0000000000
52216  -33.113  -41.110  90.412 0.0000000000
48395  -28.389  -46.055  91.411 0.0000000000
130197  -28.536  -44.629  90.502 0.0000000000
51197  -29.364  -42.680  89.860 0.0000000000
48391  -29.242  -45.947  92.373 0.0000000000
67416  -46.845  -26.015  77.230 0.0000000000
144800  -42.892  -27.501  75.427 0.0000000000
66495  -43.128  -26.842  75.427 0.0000000000
135543  -43.158  -25.397  75.055 0.0000000000
67422  -44.464  -26.674  75.987 0.0000000000
68360  -45.774  -26.078  76.576 0.0000000000
60769  -37.178  -32.526  83.144 0.0000000000
60770  -37.972  -32.636  83.267 0.0000000000
121784  -37.447  -33.072  83.928 0.0000000000
128760  -37.917  -33.525  84.779 0.0000000000
61734  -30.945  -32.748  82.936 0.0000000000
61764  -31.672  -32.026  81.645 0.0000000000
61765  -32.788  -32.103  81.606 0.0000000000
137084  -33.905  -31.731  80.766 0.0000000000
145560  -34.064  -31.460  79.764 0.0000000000
61767  -34.713  -31.873  81.200 0.0000000000
143174  -36.375  -32.264  82.414 0.0000000000
45854  -6.508  -48.712  85.294 0.0000000000
46767  -7.631  -48.810  83.810 0.0000000000
44956  -7.543  -50.511  83.864 0.0000000000
43053  -8.379  -52.224  82.029 0.0000000000
42130  -8.191  -53.266  80.903 0.0000000000
42142  -7.111  -53.787  80.221 0.0000000000
41248  -7.414  -54.535  80.656 0.0000000000
39552  -6.773  -56.060  80.663 0.0000000000
38434  -6.787  -55.272  93.472 0.0000000000
38427  -6.408  -55.602  94.145 0.0000000000
38445  -6.246  -55.959  93.214 0.0000000000
59741  -32.305  -34.212  88.122 0.0000000000
56231  -32.983  -38.205  86.622 0.0000000000
56269  -33.002  -38.110  84.202 0.0000000000
57205  -31.956  -37.715  85.676 0.0000000000
57196  -30.422  -37.309  86.326 0.0000000000
57195  -29.804  -36.946  86.013 0.0000000000
58861  -29.598  -35.687  87.092 0.0000000000
59739  -30.705  -34.759  88.116 0.0000000000
46656  -25.767  -48.657  94.712 0.0000000000
43942  -24.288  -49.890  89.668 0.0000000000
42987  -23.969  -50.172  90.170 0.0000000000
43006  -22.881  -50.388  87.968 0.0000000000
144227  -21.886  -50.365  86.971 0.0000000000
71902  -46.016  -20.963  74.185 0.0000000000
73580  -46.451  -19.728  73.479 0.0000000000
73590  -46.883  -18.941  73.012 0.0000000000
74548  -47.869  -18.496  72.491 0.0000000000
51148  -6.665  -43.743  93.951 0.0000000000
50143  -6.796  -44.703  91.680 0.0000000000
50135  -6.349  -44.616  92.641 0.0000000000
49231  -5.397  -45.604  91.151 0.0000000000
122671  -3.761  -47.075  89.797 0.0000000000
60813  -43.463  -34.218  79.402 0.0000000000
59841  -43.951  -34.374  80.170 0.0000000000
58931  -38.684  -35.192  76.437 0.0000000000
58090  -39.219  -35.640  75.627 0.0000000000
59883  -40.227  -34.755  75.042 0.0000000000
58945  -40.511  -35.200  76.530 0.0000000000
142411  -41.818  -34.450  77.639 0.0000000000
42868  -10.996  -52.362  97.614 0.0000000000
41999  -12.086  -52.401  97.448 0.0000000000
40263  -11.103  -53.027  95.067 0.0000000000
41121  -10.545  -52.805  94.440 0.0000000000
42992  -11.913  -51.059  88.335 0.0000000000
42047  -10.571  -51.580  90.500 0.0000000000
57132  -8.340  -37.621  91.810 0.0000000000
56156  -7.045  -37.843  90.777 0.0000000000
56169  -8.780  -37.989  90.356 0.0000000000
121275  -9.127  -39.072  87.987 0.0000000000
54267  -9.314  -40.168  86.207 0.0000000000
47659  -7.876  -47.389  80.500 0.0000000000
126474  -8.481  -45.515  80.871 0.0000000000
131771  -6.189  -46.959  79.999 0.0000000000
48484  -5.619  -46.120  80.188 0.0000000000
48497  -4.147  -46.438  79.760 0.0000000000
48323  -8.261  -46.330  98.223 0.0000000000
47500  -7.591  -46.736  98.116 0.0000000000
47501  -5.967  -47.812  97.310 0.0000000000
41119  -2.851  -54.594  93.338 0.0000000000
127378  -4.027  -52.197  93.513 0.0000000000
41125  -2.650  -53.990  93.036 0.0000000000
42926  -2.872  -52.609  92.039 0.0000000000
121996  -2.854  -52.192  91.247 0.0000000000
43923  -2.464  -51.703  89.714 0.0000000000
138671  -2.174  -52.977  89.630 0.0000000000
143700  -1.934  -53.737  88.299 0.0000000000
138729  -2.658  -55.379  86.890 0.0000000000
53298  -32.589  -40.920  85.713 0.0000000000
52248  -32.191  -41.322  88.158 0.0000000000
53286  -32.993  -40.699  87.080 0.0000000000
55267  -33.474  -39.609  86.981 0.0000000000
56211  -33.228  -38.376  87.735 0.0000000000
57163  -32.220  -37.637  89.866 0.0000000000
135089  -27.895  -48.639  92.966 0.0000000000
47562  -29.076  -47.262  93.214 0.0000000000
45794  -28.323  -47.858  92.542 0.0000000000
45800  -26.571  -48.804  91.215 0.0000000000
44909  -24.880  -49.024  88.996 0.0000000000
70158  -44.531  -23.425  74.516 0.0000000000
71039  -46.233  -21.952  75.277 0.0000000000
71025  -46.999  -21.925  76.591 0.0000000000
60801  -40.977  -33.844  79.703 0.0000000000
60772  -42.523  -33.295  81.581 0.0000000000
61774  -41.547  -32.696  81.471 0.0000000000
61800  -35.299  -31.545  79.532 0.0000000000
61816  -38.696  -32.876  78.380 0.0000000000
145762  -39.906  -33.425  79.059 0.0000000000
146344  -18.295  -48.983  89.674 0.0000000000
44879  -17.521  -49.722  91.031 0.0000000000
44907  -17.395  -48.743  89.796 0.0000000000
45814  -15.672  -48.401  88.820 0.0000000000
56230  -4.681  -38.492  86.711 0.0000000000
55272  -4.880  -39.884  85.771 0.0000000000
139381  -9.703  -43.024  88.782 0.0000000000
52232  -9.882  -42.899  87.793 0.0000000000
50192  -9.158  -44.164  87.055 0.0000000000
49295  -9.103  -45.199  84.929 0.0000000000
135162  -8.876  -46.530  82.864 0.0000000000
46768  -8.071  -48.109  83.454 0.0000000000
138807  -8.356  -48.243  82.661 0.0000000000
133565  -8.353  -48.069  80.802 0.0000000000
130144  -7.306  -48.861  80.058 0.0000000000
44825  -7.129  -50.817  97.025 0.0000000000
42876  -7.249  -51.941  97.033 0.0000000000
42873  -6.002  -52.667  96.005 0.0000000000
42007  -4.874  -53.779  95.138 0.0000000000
38421  -5.532  -55.531  94.949 0.0000000000
39379  -4.267  -55.012  94.564 0.0000000000
41111  -3.828  -54.648  94.178 0.0000000000
39390  -2.599  -55.215  93.113 0.0000000000
38457  -1.952  -56.702  91.749 0.0000000000
38471  -2.028  -57.503  90.509 0.0000000000
59792  -34.269  -34.140  84.513 0.0000000000
59794  -35.176  -33.832  84.837 0.0000000000
121398  -34.903  -34.114  85.247 0.0000000000
56283  -31.911  -38.714  83.192 0.0000000000
60739  -30.160  -33.119  83.458 0.0000000000
60721  -33.596  -34.019  84.049 0.0000000000
122906  -21.032  -50.641  92.664 0.0000000000
42952  -20.037  -50.204  91.214 0.0000000000
47527  -27.732  -47.323  95.272 0.0000000000
138436  -26.560  -48.799  94.607 0.0000000000
43898  -25.044  -50.205  94.082 0.0000000000
134041  -23.839  -50.447  91.299 0.0000000000
42956  -23.112  -50.592  91.701 0.0000000000
121247  -22.675  -50.627  92.126 0.0000000000
42954  -21.291  -50.596  91.186 0.0000000000
139925  -20.079  -50.156  90.608 0.0000000000
43940  -19.131  -49.727  90.168 0.0000000000
44908  -18.903  -49.066  89.155 0.0000000000
74549  -49.088  -18.215  72.427 0.0000000000
74568  -50.726  -18.703  71.894 0.0000000000
73610  -51.294  -19.055  71.470 0.0000000000
55205  -9.797  -39.156  91.987 0.0000000000
145906  -9.742  -40.486  91.686 0.0000000000
54202  -9.389  -40.401  93.981 0.0000000000
126666  -9.548  -40.878  92.257 0.0000000000
125048  -9.620  -41.683  90.841 0.0000000000
51189  -9.047  -43.611  89.662 0.0000000000
50184  -7.925  -45.104  87.970 0.0000000000
49285  -7.193  -46.601  87.207 0.0000000000
49248  -6.311  -45.481  90.129 0.0000000000
48411  -6.734  -46.410  88.044 0.0000000000
47603  -6.629  -47.563  86.099 0.0000000000
45853  -5.668  -49.357  85.588 0.0000000000
44954  -5.765  -51.012  85.097 0.0000000000
132920  -5.554  -52.273  84.741 0.0000000000
141840  -45.447  -28.986  77.381 0.0000000000
59884  -40.586  -33.902  74.857 0.0000000000
61873  -40.918  -32.378  74.761 0.0000000000
62773  -41.135  -31.556  74.961 0.0000000000
63645  -42.845  -30.415  76.186 0.0000000000
63647  -44.149  -29.483  76.750 0.0000000000
41995  -8.568  -52.994  98.046 0.0000000000
40250  -8.529  -53.832  96.734 0.0000000000
41102  -10.074  -53.525  97.352 0.0000000000
39377  -8.754  -53.888  95.355 0.0000000000
39387  -7.673  -54.464  94.457 0.0000000000
40281  -7.031  -55.235  91.940 0.0000000000
43913  -17.050  -49.841  91.523 0.0000000000
42949  -16.541  -50.156  92.054 0.0000000000
42929  -15.599  -50.419  92.698 0.0000000000
43924  -14.084  -50.110  90.925 0.0000000000
42947  -13.975  -50.517  92.102 0.0000000000
130508  -14.981  -50.582  93.257 0.0000000000
42912  -14.183  -50.768  93.599 0.0000000000
42021  -14.242  -51.161  94.549 0.0000000000
42015  -13.352  -51.360  94.862 0.0000000000
41123  -11.717  -51.990  94.619 0.0000000000
41129  -11.179  -52.264  93.856 0.0000000000
41133  -9.469  -52.619  93.132 0.0000000000
145942  -10.197  -51.825  91.074 0.0000000000
42039  -8.992  -52.551  91.044 0.0000000000
41132  -8.558  -53.075  92.644 0.0000000000
41143  -7.692  -53.830  91.027 0.0000000000
57141  -4.527  -37.453  90.446 0.0000000000
141735  -6.189  -38.119  90.639 0.0000000000
135949  -5.203  -38.364  89.574 0.0000000000
56201  -4.949  -38.663  88.953 0.0000000000
55249  -5.305  -39.463  87.638 0.0000000000
54263  -4.975  -40.129  86.160 0.0000000000
53293  -4.891  -41.139  84.967 0.0000000000
52254  -10.157  -42.302  86.653 0.0000000000
53297  -9.616  -41.389  85.544 0.0000000000
53296  -8.698  -41.160  85.104 0.0000000000
51296  -8.450  -43.345  81.931 0.0000000000
52320  -7.981  -42.716  82.453 0.0000000000
53312  -7.149  -41.624  84.528 0.0000000000
53311  -6.078  -41.745  84.604 0.0000000000
53320  -4.727  -42.003  83.828 0.0000000000
53319  -4.113  -41.601  83.468 0.0000000000
53338  -3.181  -41.884  82.366 0.0000000000
139255  -6.324  -50.178  96.858 0.0000000000
46623  -5.645  -48.829  96.919 0.0000000000
46631  -5.004  -48.545  95.934 0.0000000000
142778  -4.472  -50.638  93.932 0.0000000000
45775  -4.532  -49.778  93.946 0.0000000000
124188  -4.545  -47.530  95.750 0.0000000000
48335  -4.254  -45.944  95.240 0.0000000000
48334  -4.084  -45.739  94.795 0.0000000000
126922  -4.150  -45.183  94.420 0.0000000000
136754  -3.616  -46.240  93.188 0.0000000000
48389  -3.231  -46.962  91.129 0.0000000000
134529  -3.142  -48.325  89.147 0.0000000000
142123  -2.292  -50.116  89.220 0.0000000000
45823  -2.398  -50.273  88.324 0.0000000000
45837  -3.183  -50.116  87.353 0.0000000000
126249  -3.616  -51.437  86.303 0.0000000000
43035  -4.678  -52.645  85.176 0.0000000000
126580  -5.252  -53.858  84.828 0.0000000000
37527  -2.166  -58.482  89.599 0.0000000000
121041  -1.812  -60.269  88.141 0.0000000000
141564  -2.134  -58.783  88.459 0.0000000000
38512  -2.094  -57.433  87.255 0.0000000000
139281  -2.263  -57.203  86.403 0.0000000000
39473  -2.550  -56.777  86.077 0.0000000000
38541  -2.830  -57.771  85.630 0.0000000000
39487  -3.318  -56.786  85.587 0.0000000000
39501  -4.119  -56.049  85.411 0.0000000000
39502  -4.849  -55.936  84.954 0.0000000000
40369  -6.046  -55.442  84.115 0.0000000000
135373  -6.640  -57.001  83.152 0.0000000000
37643  -6.296  -58.437  81.371 0.0000000000
51161  -31.919  -42.344  92.836 0.0000000000
52189  -32.167  -41.802  93.031 0.0000000000
52198  -31.761  -42.478  93.143 0.0000000000
51170  -31.629  -42.548  92.330 0.0000000000
50151  -31.101  -43.337  92.502 0.0000000000
50140  -31.245  -43.373  92.962 0.0000000000
65530  -47.059  -28.134  78.038 0.0000000000
141265  -45.209  -28.484  76.937 0.0000000000
124102  -44.729  -28.304  76.610 0.0000000000
65534  -45.714  -28.032  76.974 0.0000000000
66474  -45.738  -27.535  76.846 0.0000000000
59819  -35.281  -33.193  83.799 0.0000000000
59810  -36.030  -33.239  84.133 0.0000000000
59809  -35.297  -33.586  84.434 0.0000000000
60741  -34.157  -33.384  83.500 0.0000000000
59818  -34.702  -33.116  83.520 0.0000000000
43044  -6.779  -52.580  83.879 0.0000000000
41208  -6.887  -54.043  83.524 0.0000000000
41225  -7.221  -54.839  83.102 0.0000000000
38482  -6.116  -56.391  90.548 0.0000000000
51136  -4.913  -44.116  95.055 0.0000000000
50118  -5.366  -44.137  94.595 0.0000000000
131870  -4.622  -44.480  94.855 0.0000000000
131183  -42.118  -34.575  79.886 0.0000000000
141167  -43.094  -34.677  80.301 0.0000000000
60803  -42.540  -34.299  80.554 0.0000000000
141569  -41.006  -34.523  79.290 0.0000000000
59837  -40.972  -34.760  79.037 0.0000000000
59838  -41.663  -34.720  79.211 0.0000000000
42878  -14.162  -51.364  96.369 0.0000000000
142902  -13.238  -52.030  95.912 0.0000000000
42005  -13.796  -51.712  95.665 0.0000000000
43916  -19.292  -49.999  91.425 0.0000000000
42951  -18.784  -50.017  91.833 0.0000000000
55278  -4.847  -40.127  84.842 0.0000000000
124614  -4.585  -40.012  83.847 0.0000000000
54230  -10.279  -40.335  89.578 0.0000000000
53253  -10.274  -41.205  89.382 0.0000000000
45751  -7.117  -49.743  97.029 0.0000000000
144650  -1.434  -56.734  90.851 0.0000000000
137518  -1.242  -56.279  90.827 0.0000000000
39418  -1.518  -56.696  90.381 0.0000000000
39432  -1.615  -56.601  89.632 0.0000000000
129823  -34.070  -39.444  91.070 0.0000000000
55228  -33.725  -39.646  90.044 0.0000000000
56180  -34.033  -39.111  90.657 0.0000000000
144798  -27.570  -46.893  90.732 0.0000000000
136397  -26.493  -47.318  89.538 0.0000000000
70120  -47.804  -23.989  77.615 0.0000000000
68362  -47.018  -25.260  77.227 0.0000000000
69263  -46.563  -24.748  76.751 0.0000000000
69264  -47.191  -24.318  77.181 0.0000000000
70137  -47.337  -23.380  77.194 0.0000000000
61771  -38.589  -31.883  81.263 0.0000000000
61752  -39.693  -32.112  82.412 0.0000000000
137089  -38.029  -31.815  81.203 0.0000000000
57996  -4.153  -36.489  89.810 0.0000000000
57995  -3.823  -36.952  89.201 0.0000000000
56181  -4.292  -37.832  88.933 0.0000000000
48426  -7.343  -46.855  85.786 0.0000000000
49293  -7.841  -46.176  85.903 0.0000000000
44059  -8.175  -51.737  80.594 0.0000000000
139028  -8.322  -51.033  80.925 0.0000000000
44058  -7.529  -51.680  79.999 0.0000000000
44067  -6.844  -51.739  79.673 0.0000000000
126493  -6.761  -53.053  79.804 0.0000000000
39370  -7.547  -53.933  95.999 0.0000000000
39369  -7.138  -54.200  95.982 0.0000000000
39375  -7.009  -54.695  95.538 0.0000000000
36562  -4.458  -57.794  92.528 0.0000000000
140163  -33.299  -34.315  87.029 0.0000000000
54289  -32.839  -39.963  84.616 0.0000000000
59773  -31.090  -34.226  85.753 0.0000000000
139813  -24.915  -49.273  94.753 0.0000000000
44851  -24.515  -49.538  94.698 0.0000000000
43896  -23.346  -50.478  94.111 0.0000000000
42908  -23.569  -50.607  93.467 0.0000000000
130906  -26.326  -49.533  92.227 0.0000000000
43906  -26.486  -49.584  92.777 0.0000000000
43918  -25.431  -50.022  91.797 0.0000000000
143997  -21.257  -50.120  88.462 0.0000000000
42994  -20.440  -49.950  88.988 0.0000000000
43966  -19.861  -49.378  87.650 0.0000000000
44933  -19.729  -49.144  86.661 0.0000000000
120812  -7.469  -43.327  93.405 0.0000000000
52181  -8.099  -42.609  93.663 0.0000000000
52190  -8.161  -42.904  92.758 0.0000000000
51163  -7.767  -44.098  91.773 0.0000000000
140032  -4.215  -47.416  88.870 0.0000000000
48409  -4.641  -47.166  88.842 0.0000000000
47593  -4.062  -48.175  87.845 0.0000000000
46723  -4.187  -48.803  86.884 0.0000000000
47601  -3.989  -48.568  87.400 0.0000000000
62720  -43.568  -31.876  78.518 0.0000000000
61827  -42.893  -32.662  78.064 0.0000000000
127331  -42.459  -32.886  77.378 0.0000000000
62730  -43.239  -31.391  77.377 0.0000000000
40276  -9.066  -53.114  93.984 0.0000000000
40271  -9.350  -53.165  94.284 0.0000000000
40275  -8.294  -53.667  93.705 0.0000000000
43950  -13.526  -49.898  89.141 0.0000000000
42945  -12.332  -51.044  91.499 0.0000000000
42042  -11.676  -51.436  92.057 0.0000000000
57119  -5.856  -37.361  92.672 0.0000000000
55263  -7.792  -39.710  86.745 0.0000000000
55251  -7.345  -39.419  87.519 0.0000000000
128025  -7.213  -40.297  86.210 0.0000000000
140395  -9.059  -45.715  82.706 0.0000000000
49320  -9.023  -45.030  82.178 0.0000000000
50246  -4.948  -43.761  81.029 0.0000000000
50245  -3.932  -43.918  81.038 0.0000000000
50264  -3.612  -44.667  80.452 0.0000000000
47498  -6.330  -47.079  97.851 0.0000000000
42890  -5.092  -52.699  95.072 0.0000000000
42889  -4.703  -52.682  94.629 0.0000000000
44864  -3.380  -50.710  91.887 0.0000000000
44859  -3.686  -50.163  92.381 0.0000000000
45783  -3.512  -49.667  91.913 0.0000000000
46673  -3.521  -48.390  92.541 0.0000000000
127632  -3.467  -48.872  92.141 0.0000000000
45792  -3.148  -48.962  91.579 0.0000000000
45791  -3.022  -49.685  90.902 0.0000000000
41171  -2.795  -53.909  87.307 0.0000000000
41179  -3.244  -54.065  86.615 0.0000000000
41180  -3.516  -54.347  85.985 0.0000000000
40337  -3.280  -55.297  86.037 0.0000000000
126608  -1.532  -62.106  85.658 0.0000000000
34650  -1.426  -61.179  85.784 0.0000000000
134318  -33.489  -40.354  91.734 0.0000000000
51199  -31.089  -41.814  89.744 0.0000000000
51214  -31.314  -41.680  88.706 0.0000000000
129248  -31.693  -41.771  89.802 0.0000000000
53239  -32.625  -41.415  92.034 0.0000000000
52207  -32.621  -41.461  91.072 0.0000000000
53240  -33.114  -40.970  91.383 0.0000000000
122763  -33.517  -40.513  90.864 0.0000000000
146221  -28.809  -45.462  91.536 0.0000000000
49255  -28.466  -45.302  90.971 0.0000000000
138969  -29.132  -44.438  91.215 0.0000000000
51181  -30.435  -42.575  90.751 0.0000000000
51180  -29.592  -43.181  90.672 0.0000000000
51198  -30.154  -42.268  89.995 0.0000000000
52226  -30.020  -42.062  89.362 0.0000000000
49243  -29.811  -44.855  92.364 0.0000000000
48396  -28.782  -46.093  91.946 0.0000000000
68348  -47.586  -25.782  77.711 0.0000000000
67410  -47.912  -26.492  78.136 0.0000000000
125682  -42.715  -29.665  75.745 0.0000000000
64592  -42.160  -29.494  75.431 0.0000000000
64582  -43.023  -28.991  75.675 0.0000000000
124676  -44.080  -27.994  76.138 0.0000000000
65549  -43.004  -28.178  75.532 0.0000000000
66481  -43.609  -27.639  75.743 0.0000000000
67421  -43.883  -26.977  75.766 0.0000000000
66466  -46.339  -27.129  77.103 0.0000000000
67415  -46.333  -26.466  76.968 0.0000000000
59796  -37.221  -33.545  84.716 0.0000000000
59812  -37.699  -33.408  84.548 0.0000000000
60763  -32.060  -32.912  83.029 0.0000000000
61750  -32.473  -32.521  82.351 0.0000000000
61766  -33.497  -32.106  81.633 0.0000000000
61783  -33.070  -31.738  80.824 0.0000000000
140866  -34.159  -32.124  81.663 0.0000000000
133733  -35.779  -32.406  82.492 0.0000000000
60788  -36.909  -32.139  82.376 0.0000000000
45865  -6.587  -49.541  85.049 0.0000000000
45866  -7.264  -49.609  84.254 0.0000000000
42107  -8.028  -53.033  82.341 0.0000000000
44039  -8.050  -52.092  82.620 0.0000000000
43063  -8.348  -52.719  81.439 0.0000000000
42121  -8.163  -53.425  81.477 0.0000000000
128951  -7.788  -53.730  80.667 0.0000000000
41240  -8.016  -54.005  81.082 0.0000000000
39553  -7.347  -55.427  80.926 0.0000000000
39542  -7.274  -56.063  81.216 0.0000000000
128337  -6.076  -56.680  80.500 0.0000000000
38602  -6.334  -57.338  80.838 0.0000000000
133141  -6.699  -55.348  93.149 0.0000000000
38446  -6.408  -55.787  92.814 0.0000000000
57188  -32.803  -38.044  87.270 0.0000000000
57198  -32.237  -37.881  86.574 0.0000000000
57187  -31.591  -37.736  87.488 0.0000000000
57186  -30.594  -37.389  87.185 0.0000000000
57185  -29.882  -37.037  86.872 0.0000000000
58025  -29.511  -36.444  86.527 0.0000000000
58015  -29.706  -36.384  87.368 0.0000000000
59732  -30.868  -34.884  89.156 0.0000000000
47545  -26.031  -47.904  94.720 0.0000000000
47525  -26.333  -48.159  94.757 0.0000000000
43008  -23.796  -50.143  88.319 0.0000000000
43007  -23.315  -50.320  87.964 0.0000000000
135111  -22.983  -50.417  87.475 0.0000000000
71896  -46.099  -21.413  74.676 0.0000000000
71901  -45.636  -21.392  73.974 0.0000000000
73564  -46.692  -20.096  75.152 0.0000000000
73572  -46.564  -19.985  74.350 0.0000000000
74524  -47.554  -18.668  74.436 0.0000000000
74512  -47.471  -18.832  75.297 0.0000000000
51152  -6.515  -44.165  93.326 0.0000000000
50134  -6.075  -44.452  93.308 0.0000000000
50133  -4.782  -45.532  92.482 0.0000000000
50141  -5.334  -45.431  91.950 0.0000000000
49230  -4.602  -45.959  91.457 0.0000000000
49262  -4.063  -46.674  90.126 0.0000000000
49245  -4.117  -46.442  90.673 0.0000000000
59840  -43.254  -34.717  79.703 0.0000000000
59853  -39.008  -34.269  77.497 0.0000000000
58921  -39.750  -35.154  77.496 0.0000000000
58920  -39.116  -34.939  77.064 0.0000000000
58932  -39.450  -35.328  76.779 0.0000000000
58080  -39.681  -35.524  76.341 0.0000000000
58081  -40.168  -35.443  76.641 0.0000000000
58071  -40.396  -35.306  77.331 0.0000000000
59847  -42.375  -34.755  79.050 0.0000000000
58917  -41.833  -34.841  78.442 0.0000000000
122326  -42.440  -34.565  78.528 0.0000000000
60819  -43.008  -33.960  78.647 0.0000000000
42869  -12.366  -51.825  97.451 0.0000000000
41113  -11.720  -52.473  95.158 0.0000000000
127691  -11.611  -52.848  95.611 0.0000000000
40267  -11.353  -52.771  95.013 0.0000000000
41117  -10.858  -52.978  94.822 0.0000000000
41122  -11.191  -52.548  94.561 0.0000000000
42061  -11.337  -51.333  88.870 0.0000000000
56157  -9.056  -37.922  91.255 0.0000000000
57143  -8.082  -37.701  90.976 0.0000000000
54240  -9.909  -39.831  88.160 0.0000000000
55239  -9.569  -39.302  88.674 0.0000000000
55253  -9.373  -39.583  87.340 0.0000000000
55265  -9.595  -39.994  86.794 0.0000000000
47658  -7.067  -47.498  79.985 0.0000000000
134716  -7.237  -46.812  80.272 0.0000000000
144640  -6.347  -47.602  79.807 0.0000000000
48498  -5.003  -46.801  79.845 0.0000000000
48483  -4.533  -46.158  80.128 0.0000000000
137589  -3.758  -47.519  79.128 0.0000000000
47503  -7.240  -47.720  97.564 0.0000000000
47502  -6.664  -47.868  97.600 0.0000000000
47499  -7.019  -47.060  98.094 0.0000000000
41124  -2.437  -54.503  93.230 0.0000000000
131365  -2.907  -54.108  93.352 0.0000000000
133535  -1.956  -54.585  92.816 0.0000000000
130388  -1.787  -54.184  91.582 0.0000000000
42028  -2.226  -53.747  92.072 0.0000000000
42925  -2.501  -52.981  91.681 0.0000000000
42944  -2.447  -52.756  90.839 0.0000000000
42964  -2.327  -52.522  90.019 0.0000000000
42045  -2.050  -53.216  90.334 0.0000000000
122931  -1.881  -55.568  88.397 0.0000000000
40300  -1.472  -54.861  88.933 0.0000000000
40309  -1.946  -54.491  88.151 0.0000000000
127804  -2.301  -55.401  87.509 0.0000000000
52282  -32.040  -41.268  85.302 0.0000000000
52265  -32.218  -41.306  86.059 0.0000000000
51227  -31.803  -41.553  88.533 0.0000000000
143465  -31.575  -41.842  88.100 0.0000000000
52239  -32.358  -41.449  88.812 0.0000000000
122367  -33.637  -39.815  88.240 0.0000000000
53277  -33.147  -40.612  87.969 0.0000000000
123431  -33.570  -39.818  87.742 0.0000000000
54270  -33.259  -40.198  86.589 0.0000000000
55257  -33.563  -39.372  87.571 0.0000000000
55266  -33.524  -38.917  86.978 0.0000000000
56212  -33.421  -38.879  88.232 0.0000000000
57164  -33.093  -38.221  89.798 0.0000000000
49266  -27.414  -44.816  89.475 0.0000000000
47546  -29.040  -47.410  94.551 0.0000000000
45782  -28.321  -48.377  93.581 0.0000000000
46675  -28.602  -48.082  93.645 0.0000000000
120908  -29.488  -46.567  93.226 0.0000000000
46691  -27.732  -47.758  91.503 0.0000000000
46684  -27.905  -47.990  92.082 0.0000000000
45801  -27.460  -48.186  91.530 0.0000000000
124531  -27.586  -48.416  92.085 0.0000000000
44895  -26.013  -48.830  90.269 0.0000000000
44894  -25.241  -49.152  89.821 0.0000000000
44910  -25.421  -48.733  89.554 0.0000000000
44921  -24.406  -49.459  87.479 0.0000000000
121847  -47.364  -22.124  77.306 0.0000000000
68372  -44.517  -25.854  75.805 0.0000000000
68387  -43.892  -25.206  75.326 0.0000000000
69281  -44.637  -24.882  75.615 0.0000000000
69296  -44.926  -23.937  75.244 0.0000000000
70159  -45.319  -23.072  74.832 0.0000000000
71038  -45.622  -22.127  74.545 0.0000000000
70160  -45.954  -22.701  75.345 0.0000000000
139941  -47.158  -22.561  76.918 0.0000000000
145021  -46.789  -22.305  76.381 0.0000000000
71886  -47.230  -21.428  76.943 0.0000000000
60790  -41.282  -33.131  80.520 0.0000000000
61736  -40.819  -32.411  83.676 0.0000000000
60744  -38.850  -33.048  84.085 0.0000000000
60771  -38.947  -32.577  83.539 0.0000000000
61784  -34.644  -31.547  80.191 0.0000000000
126032  -34.599  -31.500  79.127 0.0000000000
122856  -36.794  -31.614  79.177 0.0000000000
127761  -36.745  -31.913  78.152 0.0000000000
61789  -39.472  -32.239  80.239 0.0000000000
60800  -40.210  -33.052  79.505 0.0000000000
45815  -16.909  -48.267  89.035 0.0000000000
58009  -4.119  -36.526  87.804 0.0000000000
55261  -4.900  -39.428  86.665 0.0000000000
51220  -9.032  -44.019  87.831 0.0000000000
129908  -9.440  -43.453  88.080 0.0000000000
49302  -8.516  -45.961  84.485 0.0000000000
50198  -8.950  -45.042  85.839 0.0000000000
49309  -8.947  -45.900  83.536 0.0000000000
143613  -8.523  -46.978  83.404 0.0000000000
45874  -7.947  -49.664  83.455 0.0000000000
126239  -8.210  -48.893  83.055 0.0000000000
132806  -8.464  -48.864  82.121 0.0000000000
46787  -8.519  -48.822  81.161 0.0000000000
134012  -8.493  -47.933  81.743 0.0000000000
46802  -8.177  -48.829  80.556 0.0000000000
45919  -7.800  -49.565  80.288 0.0000000000
120933  -5.816  -50.735  79.587 0.0000000000
45032  -6.271  -50.155  79.727 0.0000000000
41259  -6.514  -54.531  80.109 0.0000000000
41258  -5.412  -54.535  79.752 0.0000000000
40406  -4.898  -55.316  79.729 0.0000000000
43872  -7.493  -51.723  97.145 0.0000000000
41107  -5.912  -53.277  95.803 0.0000000000
42003  -6.284  -52.618  96.284 0.0000000000
42002  -5.771  -53.039  95.700 0.0000000000
42013  -5.648  -52.739  95.589 0.0000000000
42001  -5.311  -53.581  95.418 0.0000000000
37454  -5.775  -55.787  94.362 0.0000000000
37460  -5.226  -56.224  93.972 0.0000000000
37471  -3.873  -56.883  93.625 0.0000000000
38425  -4.236  -55.825  94.296 0.0000000000
39386  -3.870  -55.380  94.239 0.0000000000
40258  -4.073  -54.706  94.386 0.0000000000
135859  -3.502  -55.105  93.956 0.0000000000
40269  -3.137  -54.814  93.655 0.0000000000
39391  -2.906  -55.542  93.130 0.0000000000
37497  -2.479  -57.710  91.566 0.0000000000
37496  -2.281  -57.041  92.004 0.0000000000
121766  -2.052  -57.327  91.273 0.0000000000
146211  -34.641  -34.058  84.829 0.0000000000
121225  -34.393  -34.291  85.125 0.0000000000
123259  -32.604  -38.454  83.701 0.0000000000
57216  -32.502  -37.983  83.879 0.0000000000
60718  -30.246  -33.624  84.318 0.0000000000
140083  -21.654  -50.710  92.716 0.0000000000
42919  -21.326  -50.642  93.238 0.0000000000
42934  -20.704  -50.596  92.177 0.0000000000
122299  -20.339  -50.459  91.690 0.0000000000
43900  -26.529  -49.598  93.809 0.0000000000
44854  -26.862  -49.051  94.459 0.0000000000
121712  -26.401  -49.471  94.289 0.0000000000
43899  -25.841  -49.955  93.952 0.0000000000
42923  -24.551  -50.434  92.832 0.0000000000
42986  -23.540  -50.295  89.837 0.0000000000
42973  -23.669  -50.372  90.682 0.0000000000
42985  -23.084  -50.394  89.577 0.0000000000
42972  -22.852  -50.607  91.049 0.0000000000
121246  -22.088  -50.621  90.949 0.0000000000
122433  -23.371  -50.639  92.293 0.0000000000
42955  -22.540  -50.598  91.557 0.0000000000
121248  -21.888  -50.604  91.779 0.0000000000
43952  -19.857  -49.812  89.394 0.0000000000
121923  -19.615  -49.863  89.854 0.0000000000
43941  -19.570  -49.933  90.377 0.0000000000
44893  -18.713  -49.408  89.921 0.0000000000
45840  -18.654  -48.438  86.946 0.0000000000
45829  -18.457  -48.435  87.873 0.0000000000
128771  -48.487  -18.151  73.133 0.0000000000
74569  -51.565  -18.650  72.151 0.0000000000
56137  -9.470  -38.671  93.397 0.0000000000
132847  -9.858  -39.738  91.463 0.0000000000
54214  -9.687  -40.027  92.217 0.0000000000
53190  -8.740  -41.230  95.481 0.0000000000
52191  -8.737  -42.466  92.065 0.0000000000
53224  -9.174  -41.332  92.908 0.0000000000
52192  -9.245  -41.699  92.164 0.0000000000
53232  -9.652  -41.212  91.437 0.0000000000
52209  -9.421  -42.349  90.679 0.0000000000
51174  -9.606  -42.688  89.836 0.0000000000
52208  -9.084  -43.119  90.538 0.0000000000
144200  -8.004  -44.543  89.758 0.0000000000
50171  -8.331  -44.382  89.235 0.0000000000
126937  -7.696  -44.921  88.777 0.0000000000
49278  -7.545  -45.836  87.618 0.0000000000
49274  -7.158  -45.603  88.451 0.0000000000
50152  -6.123  -45.228  90.974 0.0000000000
50153  -6.853  -44.920  90.664 0.0000000000
48410  -5.686  -46.964  88.344 0.0000000000
47595  -5.660  -47.555  87.488 0.0000000000
48416  -6.411  -47.004  87.551 0.0000000000
124251  -6.088  -47.826  86.784 0.0000000000
46740  -5.885  -48.602  85.741 0.0000000000
47606  -5.778  -48.257  86.319 0.0000000000
44943  -5.149  -50.408  85.627 0.0000000000
44953  -5.184  -51.289  85.336 0.0000000000
44010  -5.534  -51.710  84.952 0.0000000000
44009  -4.873  -51.723  85.357 0.0000000000
63637  -45.179  -29.658  77.734 0.0000000000
64560  -46.003  -29.390  78.087 0.0000000000
63632  -45.637  -30.166  78.555 0.0000000000
59777  -35.664  -33.882  85.092 0.0000000000
59871  -40.595  -34.719  75.839 0.0000000000
136938  -40.260  -34.220  74.336 0.0000000000
122209  -41.056  -33.978  75.862 0.0000000000
61853  -41.283  -32.417  75.434 0.0000000000
125149  -40.776  -32.078  74.463 0.0000000000
62756  -41.406  -31.676  75.398 0.0000000000
62774  -41.692  -30.933  75.464 0.0000000000
62757  -42.125  -31.079  75.852 0.0000000000
63635  -43.762  -30.314  77.033 0.0000000000
63636  -44.459  -29.955  77.414 0.0000000000
64565  -44.817  -29.160  77.074 0.0000000000
128125  -8.943  -52.676  97.870 0.0000000000
41100  -8.294  -53.549  97.461 0.0000000000
41101  -8.926  -53.605  97.601 0.0000000000
41103  -10.886  -53.193  97.497 0.0000000000
41997  -10.586  -52.871  97.743 0.0000000000
41109  -10.621  -53.474  96.728 0.0000000000
39389  -8.929  -53.605  94.666 0.0000000000
39388  -8.162  -53.920  94.408 0.0000000000
39384  -8.164  -54.043  94.816 0.0000000000
39393  -7.628  -54.347  94.094 0.0000000000
141304  -7.688  -54.233  93.880 0.0000000000
40278  -7.447  -54.520  92.467 0.0000000000
39401  -7.067  -55.033  92.738 0.0000000000
40288  -6.804  -55.203  91.058 0.0000000000
43925  -16.441  -49.673  91.199 0.0000000000
43912  -15.942  -50.017  91.632 0.0000000000
42948  -15.197  -50.379  92.131 0.0000000000
125259  -13.456  -50.132  90.049 0.0000000000
42980  -13.302  -50.424  90.732 0.0000000000
42026  -13.242  -50.892  94.084 0.0000000000
42020  -13.271  -51.149  94.550 0.0000000000
42019  -12.396  -51.349  94.422 0.0000000000
42014  -12.395  -51.588  94.806 0.0000000000
42030  -10.998  -51.945  92.735 0.0000000000
42023  -11.135  -52.157  93.524 0.0000000000
41134  -10.379  -52.438  93.388 0.0000000000
127616  -9.990  -51.869  89.764 0.0000000000
130509  -9.429  -52.299  89.642 0.0000000000
41138  -9.180  -52.529  92.111 0.0000000000
41137  -8.277  -53.012  91.592 0.0000000000
57128  -4.978  -37.327  92.083 0.0000000000
123155  -4.616  -37.216  91.379 0.0000000000
125696  -7.790  -37.899  90.159 0.0000000000
56168  -6.811  -38.221  90.029 0.0000000000
55236  -6.362  -39.076  88.525 0.0000000000
56183  -5.633  -38.825  88.965 0.0000000000
55235  -5.084  -39.042  88.378 0.0000000000
142667  -5.967  -40.972  85.607 0.0000000000
143763  -5.287  -40.245  86.406 0.0000000000
54276  -5.310  -40.669  85.677 0.0000000000
52243  -9.878  -42.860  86.954 0.0000000000
52244  -10.240  -42.278  87.363 0.0000000000
52253  -10.022  -42.811  86.056 0.0000000000
52275  -9.638  -42.754  84.474 0.0000000000
52262  -9.854  -42.290  85.331 0.0000000000
53313  -9.315  -41.835  84.745 0.0000000000
52274  -8.936  -42.147  83.953 0.0000000000
49350  -7.733  -45.395  80.454 0.0000000000
50249  -8.050  -44.624  80.743 0.0000000000
51295  -6.430  -42.976  81.712 0.0000000000
127173  -7.496  -43.039  81.746 0.0000000000
125237  -7.342  -42.338  83.171 0.0000000000
53323  -7.844  -41.901  83.800 0.0000000000
53322  -6.736  -41.946  83.838 0.0000000000
52295  -6.227  -42.415  83.246 0.0000000000
52317  -4.683  -42.641  82.486 0.0000000000
52294  -5.175  -42.439  83.260 0.0000000000
52293  -4.313  -42.237  83.120 0.0000000000
52292  -3.634  -41.896  82.836 0.0000000000
143153  -3.407  -42.274  82.332 0.0000000000
142629  -4.827  -44.543  96.399 0.0000000000
44824  -6.607  -50.875  96.870 0.0000000000
45742  -6.678  -49.967  96.985 0.0000000000
44823  -6.126  -50.769  96.641 0.0000000000
45750  -5.459  -49.614  96.088 0.0000000000
43895  -4.239  -51.279  93.516 0.0000000000
45774  -4.014  -49.202  93.363 0.0000000000
46661  -4.270  -48.714  94.140 0.0000000000
46642  -4.566  -48.165  94.922 0.0000000000
140319  -4.155  -47.300  95.038 0.0000000000
47513  -4.242  -46.610  95.531 0.0000000000
48359  -3.503  -46.777  93.281 0.0000000000
48345  -3.625  -46.217  94.111 0.0000000000
49196  -3.977  -45.535  94.371 0.0000000000
128185  -3.732  -45.805  93.778 0.0000000000
49202  -3.548  -46.392  93.254 0.0000000000
46690  -2.835  -48.151  90.780 0.0000000000
124791  -3.002  -47.475  90.974 0.0000000000
47571  -3.126  -47.872  90.239 0.0000000000
47579  -3.137  -48.157  89.646 0.0000000000
47578  -2.812  -48.541  89.300 0.0000000000
43935  -2.268  -51.594  88.891 0.0000000000
44888  -2.282  -50.868  89.201 0.0000000000
43975  -2.636  -51.277  87.422 0.0000000000
44917  -2.323  -50.956  87.948 0.0000000000
44928  -2.503  -51.037  87.613 0.0000000000
45824  -2.902  -49.785  87.968 0.0000000000
44929  -2.971  -50.839  87.210 0.0000000000
45850  -3.455  -50.307  86.780 0.0000000000
42084  -4.238  -53.640  85.522 0.0000000000
43026  -4.220  -52.838  85.548 0.0000000000
42085  -4.633  -53.307  85.179 0.0000000000
41193  -5.074  -54.691  84.960 0.0000000000
36611  -2.273  -59.159  89.389 0.0000000000
35662  -1.499  -60.304  87.219 0.0000000000
138968  -2.202  -57.891  88.353 0.0000000000
130958  -1.893  -58.446  87.387 0.0000000000
121813  -1.861  -58.196  86.335 0.0000000000
142540  -2.336  -57.745  86.011 0.0000000000
38540  -2.392  -58.062  85.844 0.0000000000
38556  -3.533  -57.511  85.336 0.0000000000
134240  -3.889  -56.838  85.347 0.0000000000
141125  -5.127  -56.521  84.738 0.0000000000
39515  -5.878  -56.914  84.167 0.0000000000
127813  -5.570  -56.030  84.383 0.0000000000
39516  -6.374  -56.221  83.679 0.0000000000
53230  -32.519  -41.250  92.645 0.0000000000
53221  -32.042  -41.623  93.195 0.0000000000
51183  -31.751  -41.865  90.474 0.0000000000
134956  -31.756  -42.149  91.457 0.0000000000
51171  -32.152  -41.968  91.934 0.0000000000
127183  -29.799  -44.411  91.840 0.0000000000
51168  -30.724  -42.903  91.457 0.0000000000
50124  -30.770  -43.785  93.316 0.0000000000
49244  -30.430  -44.137  92.466 0.0000000000
51146  -31.554  -42.546  93.349 0.0000000000
66467  -47.023  -27.375  77.594 0.0000000000
66468  -47.608  -27.038  77.979 0.0000000000
64573  -43.857  -29.180  76.319 0.0000000000
64583  -43.561  -29.005  75.981 0.0000000000
65551  -44.142  -28.501  76.288 0.0000000000
65541  -44.615  -27.942  76.450 0.0000000000
66473  -45.123  -27.461  76.546 0.0000000000
66483  -44.977  -26.999  76.361 0.0000000000
60742  -36.652  -32.903  83.729 0.0000000000
60765  -33.699  -33.036  83.015 0.0000000000
60787  -34.799  -32.402  82.194 0.0000000000
139724  -6.187  -51.321  84.633 0.0000000000
44012  -6.960  -51.298  84.138 0.0000000000
44026  -7.067  -51.953  83.816 0.0000000000
42094  -7.300  -53.246  83.297 0.0000000000
131221  -7.581  -54.802  82.245 0.0000000000
39531  -7.289  -56.263  81.947 0.0000000000
39400  -6.692  -55.588  91.985 0.0000000000
38459  -6.336  -55.986  92.354 0.0000000000
38472  -6.221  -56.220  91.557 0.0000000000
37509  -5.822  -56.819  90.800 0.0000000000
127893  -31.809  -37.670  89.098 0.0000000000
57175  -31.446  -37.657  88.390 0.0000000000
57174  -31.005  -37.311  88.934 0.0000000000
58008  -30.418  -36.834  88.576 0.0000000000
145042  -30.360  -36.163  88.919 0.0000000000
58007  -29.932  -36.147  88.160 0.0000000000
58849  -30.626  -35.701  89.494 0.0000000000
48356  -27.004  -46.639  94.815 0.0000000000
43019  -22.839  -50.403  86.964 0.0000000000
71892  -46.839  -21.337  76.140 0.0000000000
72692  -46.718  -20.741  75.622 0.0000000000
73565  -47.019  -20.053  75.923 0.0000000000
120811  -5.982  -43.816  94.696 0.0000000000
133980  -4.847  -45.136  93.360 0.0000000000
132540  -42.771  -34.740  79.436 0.0000000000
59831  -43.525  -34.657  80.179 0.0000000000
59830  -42.926  -34.761  79.731 0.0000000000
59836  -39.859  -34.077  78.630 0.0000000000
59845  -39.678  -34.563  78.130 0.0000000000
59846  -40.336  -34.683  78.614 0.0000000000
58914  -40.107  -34.976  78.166 0.0000000000
58915  -40.684  -35.035  78.344 0.0000000000
58923  -40.765  -35.206  77.850 0.0000000000
58909  -41.772  -34.835  78.937 0.0000000000
122913  -12.785  -52.001  97.165 0.0000000000
41114  -12.206  -52.377  95.634 0.0000000000
42933  -19.884  -50.356  92.263 0.0000000000
56243  -5.542  -38.480  85.200 0.0000000000
55279  -5.059  -39.558  84.343 0.0000000000
55214  -10.123  -39.737  89.887 0.0000000000
54254  -10.263  -40.779  87.970 0.0000000000
45941  -4.987  -49.092  79.510 0.0000000000
46816  -5.604  -48.601  79.636 0.0000000000
123808  -4.662  -48.341  79.405 0.0000000000
46815  -3.878  -48.183  79.118 0.0000000000
46626  -7.731  -47.999  97.106 0.0000000000
39399  -1.737  -55.862  91.959 0.0000000000
40277  -1.769  -55.158  92.476 0.0000000000
40280  -1.366  -55.643  91.469 0.0000000000
131302  -1.394  -54.819  91.050 0.0000000000
131301  -1.372  -54.600  90.184 0.0000000000
40292  -1.242  -55.241  89.732 0.0000000000
129457  -1.483  -55.811  89.264 0.0000000000
52228  -33.049  -41.249  89.546 0.0000000000
52240  -32.981  -41.288  88.991 0.0000000000
131187  -33.531  -40.545  89.119 0.0000000000
55245  -33.650  -39.841  89.084 0.0000000000
56213  -33.574  -39.474  88.685 0.0000000000
51196  -28.530  -43.128  89.530 0.0000000000
47573  -28.794  -46.816  92.245 0.0000000000
141743  -28.411  -47.362  92.089 0.0000000000
46700  -27.989  -47.269  91.453 0.0000000000
46698  -26.630  -47.925  90.136 0.0000000000
124010  -26.058  -48.432  89.756 0.0000000000
125414  -25.901  -47.875  89.293 0.0000000000
71012  -47.617  -22.780  77.557 0.0000000000
69283  -46.082  -24.157  76.239 0.0000000000
70150  -46.290  -23.239  76.037 0.0000000000
61773  -40.567  -32.337  81.318 0.0000000000
61801  -36.015  -31.601  79.874 0.0000000000
61787  -36.996  -31.571  80.807 0.0000000000
61802  -37.485  -31.684  79.741 0.0000000000
61803  -38.517  -32.239  79.359 0.0000000000
126313  -38.669  -31.990  80.312 0.0000000000
57179  -4.239  -37.367  87.558 0.0000000000
57178  -4.024  -37.300  88.150 0.0000000000
145857  -4.209  -37.827  87.887 0.0000000000
138894  -4.404  -38.371  87.890 0.0000000000
49279  -8.213  -45.373  87.174 0.0000000000
50191  -8.800  -44.879  86.714 0.0000000000
49287  -8.321  -45.546  86.302 0.0000000000
48427  -7.940  -46.376  85.200 0.0000000000
48436  -8.073  -46.725  84.592 0.0000000000
44987  -8.540  -50.419  82.093 0.0000000000
45875  -8.409  -49.675  82.594 0.0000000000
125084  -8.422  -50.982  81.576 0.0000000000
45003  -8.539  -50.311  81.212 0.0000000000
45016  -8.135  -50.295  80.566 0.0000000000
45015  -6.866  -50.999  79.667 0.0000000000
44066  -5.983  -51.450  79.562 0.0000000000
43083  -5.026  -52.000  79.520 0.0000000000
41994  -7.820  -52.855  97.686 0.0000000000
41993  -7.271  -52.721  97.150 0.0000000000
142437  -6.979  -53.109  96.810 0.0000000000
146178  -6.801  -53.000  96.707 0.0000000000
40253  -5.817  -54.173  95.621 0.0000000000
37486  -5.444  -56.918  92.844 0.0000000000
37472  -5.364  -56.630  93.410 0.0000000000
36552  -4.915  -57.253  93.084 0.0000000000
36551  -4.195  -57.383  93.203 0.0000000000
37485  -3.407  -57.224  93.256 0.0000000000
122039  -3.067  -56.443  93.119 0.0000000000
36560  -3.115  -57.638  92.449 0.0000000000
36571  -3.008  -58.173  91.712 0.0000000000
59775  -33.811  -34.393  85.701 0.0000000000
59761  -33.936  -34.334  86.520 0.0000000000
123255  -31.102  -37.471  84.586 0.0000000000
59758  -30.281  -34.580  86.279 0.0000000000
140239  -31.987  -33.702  84.410 0.0000000000
60699  -31.985  -34.028  85.188 0.0000000000
59774  -32.906  -34.203  85.442 0.0000000000
122295  -23.001  -50.144  94.677 0.0000000000
42920  -22.165  -50.790  93.060 0.0000000000
45777  -28.008  -48.602  94.038 0.0000000000
45776  -27.514  -48.777  94.264 0.0000000000
44858  -27.711  -48.855  93.910 0.0000000000
43902  -26.555  -49.616  93.279 0.0000000000
42939  -25.110  -50.314  92.497 0.0000000000
42995  -21.873  -50.318  88.528 0.0000000000
42984  -22.560  -50.404  89.334 0.0000000000
123696  -21.555  -50.353  89.384 0.0000000000
122404  -21.149  -50.426  90.149 0.0000000000
43965  -19.372  -49.241  88.475 0.0000000000
72728  -45.829  -20.011  72.096 0.0000000000
126835  -8.791  -41.431  94.795 0.0000000000
53202  -9.036  -41.231  94.199 0.0000000000
53214  -8.800  -41.776  93.571 0.0000000000
51164  -8.473  -43.501  91.166 0.0000000000
51172  -8.120  -44.169  90.813 0.0000000000
50154  -7.662  -44.631  90.249 0.0000000000
49264  -5.109  -46.283  89.817 0.0000000000
145550  -5.699  -45.881  89.975 0.0000000000
121971  -4.891  -47.477  88.158 0.0000000000
46724  -4.799  -48.580  86.637 0.0000000000
47602  -4.415  -48.354  87.251 0.0000000000
46738  -4.397  -49.068  86.338 0.0000000000
128758  -4.230  -50.211  86.048 0.0000000000
62722  -45.253  -30.827  79.033 0.0000000000
62714  -45.351  -31.519  79.705 0.0000000000
60838  -42.003  -33.453  77.065 0.0000000000
61839  -42.172  -32.461  76.695 0.0000000000
62740  -42.573  -31.394  76.526 0.0000000000
62731  -44.095  -30.903  77.855 0.0000000000
132949  -9.948  -52.986  98.006 0.0000000000
40262  -10.402  -53.374  95.088 0.0000000000
40256  -10.183  -53.570  95.811 0.0000000000
122548  -9.896  -53.308  94.665 0.0000000000
129176  -9.401  -53.261  94.403 0.0000000000
40274  -7.956  -53.975  93.673 0.0000000000
41131  -7.782  -53.758  92.089 0.0000000000
44890  -15.376  -49.206  89.975 0.0000000000
42979  -12.719  -50.527  89.967 0.0000000000
42966  -12.836  -50.709  91.064 0.0000000000
42927  -13.249  -50.813  92.531 0.0000000000
42032  -12.458  -51.174  93.105 0.0000000000
42031  -11.728  -51.534  92.929 0.0000000000
41150  -8.233  -53.387  89.490 0.0000000000
41149  -7.590  -53.917  89.932 0.0000000000
57129  -5.400  -37.588  91.768 0.0000000000
55238  -8.059  -38.867  88.165 0.0000000000
56202  -7.291  -38.675  88.739 0.0000000000
55237  -7.003  -39.194  88.175 0.0000000000
55250  -6.243  -39.571  87.762 0.0000000000
54264  -6.039  -40.508  86.257 0.0000000000
50213  -9.503  -44.449  84.441 0.0000000000
122549  -9.765  -43.650  84.838 0.0000000000
50220  -9.399  -44.392  83.568 0.0000000000
51277  -9.315  -43.664  83.292 0.0000000000
49349  -6.632  -45.519  80.253 0.0000000000
50248  -7.063  -44.082  80.688 0.0000000000
51294  -5.320  -43.036  81.685 0.0000000000
52333  -3.500  -42.715  81.806 0.0000000000
51310  -3.566  -43.300  81.304 0.0000000000
42883  -6.156  -51.778  96.347 0.0000000000
44837  -5.746  -51.268  96.211 0.0000000000
127899  -5.272  -51.337  95.292 0.0000000000
44860  -3.917  -50.675  92.800 0.0000000000
45780  -3.828  -49.672  92.841 0.0000000000
46660  -3.873  -48.181  93.562 0.0000000000
47549  -3.568  -47.780  93.098 0.0000000000
47548  -3.389  -47.545  92.570 0.0000000000
48358  -3.310  -46.967  92.626 0.0000000000
47561  -3.218  -47.557  91.944 0.0000000000
46683  -3.047  -48.156  91.409 0.0000000000
46689  -2.611  -48.883  90.193 0.0000000000
41162  -2.098  -53.206  88.250 0.0000000000
140000  -2.242  -51.752  88.168 0.0000000000
133651  -2.218  -52.382  88.077 0.0000000000
43012  -2.635  -52.335  87.499 0.0000000000
43013  -3.254  -52.452  86.890 0.0000000000
43989  -3.410  -51.896  86.573 0.0000000000
42076  -3.492  -53.351  86.426 0.0000000000
42077  -3.868  -53.531  85.827 0.0000000000
41191  -3.937  -54.329  85.629 0.0000000000
129024  -1.340  -59.601  86.476 0.0000000000
37556  -1.355  -58.970  86.426 0.0000000000
143786  -1.177  -59.173  86.046 0.0000000000
36653  -1.377  -59.524  85.875 0.0000000000
37582  -1.683  -59.048  85.685 0.0000000000
37602  -4.105  -58.026  84.909 0.0000000000
122614  -31.171  -41.636  87.983 0.0000000000
51215  -31.790  -41.633  88.994 0.0000000000
51216  -32.092  -41.597  89.093 0.0000000000
51201  -32.174  -41.649  89.717 0.0000000000
47580  -27.432  -46.324  90.386 0.0000000000
48405  -27.899  -45.849  90.752 0.0000000000
49267  -27.960  -45.131  90.273 0.0000000000
50179  -28.883  -43.754  90.273 0.0000000000
51212  -29.408  -42.104  88.940 0.0000000000
48374  -29.844  -45.736  93.204 0.0000000000
49227  -30.000  -44.830  92.772 0.0000000000
48388  -29.651  -45.816  92.781 0.0000000000
47581  -27.967  -46.564  91.133 0.0000000000
65559  -42.287  -28.624  75.326 0.0000000000
133422  -42.304  -27.809  75.223 0.0000000000
66494  -42.342  -27.079  75.197 0.0000000000
144032  -43.716  -26.180  75.507 0.0000000000
67423  -45.107  -26.384  76.293 0.0000000000
68361  -46.398  -25.695  76.849 0.0000000000
60789  -37.754  -32.049  82.226 0.0000000000
60743  -38.174  -33.006  83.979 0.0000000000
61798  -32.563  -31.419  79.916 0.0000000000
61799  -33.422  -31.452  79.867 0.0000000000
61768  -35.518  -31.974  81.540 0.0000000000
61769  -36.418  -31.916  81.756 0.0000000000
57140  -4.128  -37.157  89.811 0.0000000000
47617  -7.224  -48.112  85.136 0.0000000000
46754  -7.114  -48.778  84.618 0.0000000000
44027  -7.761  -51.463  83.323 0.0000000000
44040  -8.328  -51.366  82.333 0.0000000000
43073  -8.258  -52.499  80.779 0.0000000000
42129  -7.757  -53.019  80.299 0.0000000000
40396  -6.713  -55.287  80.414 0.0000000000
41239  -7.704  -54.753  81.370 0.0000000000
40395  -5.783  -55.905  80.130 0.0000000000
39551  -5.202  -56.607  80.096 0.0000000000
38424  -7.356  -54.986  94.517 0.0000000000
38423  -6.913  -55.322  94.654 0.0000000000
38428  -6.851  -55.310  94.260 0.0000000000
38433  -6.177  -55.898  93.597 0.0000000000
38458  -6.086  -56.237  92.436 0.0000000000
37487  -5.794  -56.511  92.576 0.0000000000
36564  -5.258  -57.124  92.022 0.0000000000
59749  -33.176  -34.189  87.755 0.0000000000
55274  -33.238  -39.180  85.500 0.0000000000
56258  -33.168  -38.655  84.767 0.0000000000
56245  -33.135  -38.559  85.461 0.0000000000
56257  -32.868  -38.014  85.040 0.0000000000
57197  -31.249  -37.604  86.523 0.0000000000
57204  -31.318  -37.502  85.240 0.0000000000
57203  -30.431  -37.265  85.421 0.0000000000
57202  -29.743  -36.885  85.286 0.0000000000
57208  -29.443  -36.574  84.802 0.0000000000
58033  -29.348  -36.405  85.596 0.0000000000
58869  -29.365  -35.697  86.198 0.0000000000
58862  -29.993  -35.377  87.756 0.0000000000
143949  -29.880  -35.199  87.199 0.0000000000
59747  -30.349  -34.821  87.206 0.0000000000
144035  -30.889  -34.591  87.485 0.0000000000
44852  -25.263  -49.415  94.627 0.0000000000
43943  -24.881  -49.577  90.201 0.0000000000
43928  -24.448  -49.938  90.615 0.0000000000
42998  -23.859  -50.110  89.236 0.0000000000
42997  -23.444  -50.249  88.905 0.0000000000
42996  -22.987  -50.365  88.665 0.0000000000
43018  -22.402  -50.371  86.807 0.0000000000
124416  -22.201  -50.406  87.170 0.0000000000
141862  -22.238  -50.341  87.828 0.0000000000
43004  -21.878  -50.273  87.729 0.0000000000
43979  -21.338  -50.085  86.903 0.0000000000
43978  -20.510  -49.601  86.803 0.0000000000
72707  -45.751  -20.830  73.505 0.0000000000
72708  -46.193  -20.442  73.912 0.0000000000
72717  -45.953  -20.202  73.058 0.0000000000
73589  -46.343  -19.510  72.564 0.0000000000
133626  -47.021  -18.924  72.046 0.0000000000
74535  -47.649  -18.531  73.501 0.0000000000
51139  -7.277  -43.202  94.195 0.0000000000
126945  -7.049  -43.869  93.250 0.0000000000
51162  -7.023  -44.244  92.619 0.0000000000
50142  -5.982  -45.125  91.892 0.0000000000
49246  -4.719  -46.230  90.428 0.0000000000
49263  -4.329  -46.680  89.781 0.0000000000
123968  -3.780  -47.534  89.209 0.0000000000
61817  -43.406  -32.998  79.003 0.0000000000
61805  -44.006  -33.347  79.734 0.0000000000
59832  -44.203  -34.401  80.762 0.0000000000
136599  -38.856  -34.561  77.128 0.0000000000
59862  -38.392  -34.689  76.628 0.0000000000
58956  -39.749  -35.307  75.145 0.0000000000
58944  -40.151  -35.350  75.890 0.0000000000
126705  -41.088  -34.773  76.813 0.0000000000
59855  -41.298  -35.068  77.746 0.0000000000
138095  -11.735  -51.280  97.419 0.0000000000
41998  -11.363  -52.641  97.528 0.0000000000
130864  -11.307  -53.245  96.854 0.0000000000
143857  -12.246  -52.584  97.018 0.0000000000
41110  -11.842  -52.829  96.397 0.0000000000
40266  -10.433  -53.094  94.654 0.0000000000
41120  -10.051  -52.890  94.286 0.0000000000
43964  -13.067  -49.857  88.075 0.0000000000
43949  -12.755  -50.315  88.417 0.0000000000
42993  -12.483  -50.665  88.819 0.0000000000
42978  -12.025  -50.926  89.377 0.0000000000
42055  -11.375  -51.195  89.945 0.0000000000
42054  -10.600  -51.582  89.369 0.0000000000
132479  -7.657  -37.495  92.293 0.0000000000
57131  -7.147  -37.632  91.648 0.0000000000
56186  -8.344  -38.181  89.705 0.0000000000
56187  -9.140  -38.588  89.673 0.0000000000
56203  -8.227  -38.544  89.067 0.0000000000
55264  -8.809  -39.688  86.685 0.0000000000
54266  -8.361  -39.992  86.032 0.0000000000
48469  -8.517  -46.347  81.094 0.0000000000
132509  -8.010  -46.658  80.656 0.0000000000
48485  -7.449  -46.106  80.329 0.0000000000
140096  -6.639  -46.294  80.170 0.0000000000
143496  -5.736  -45.480  80.341 0.0000000000
49348  -4.752  -45.496  80.389 0.0000000000
49347  -3.912  -45.763  80.116 0.0000000000
126430  -3.859  -45.262  80.333 0.0000000000
125619  -7.882  -46.206  98.580 0.0000000000
139414  -3.969  -53.780  94.103 0.0000000000
42899  -4.139  -52.995  93.926 0.0000000000
42017  -3.432  -53.697  93.547 0.0000000000
42898  -3.464  -52.811  93.188 0.0000000000
126426  -3.042  -53.180  92.674 0.0000000000
126054  -2.228  -54.120  92.749 0.0000000000
42022  -2.625  -53.449  92.412 0.0000000000
139932  -3.325  -52.228  92.428 0.0000000000
43904  -3.167  -51.719  91.856 0.0000000000
43903  -3.166  -51.217  91.254 0.0000000000
44871  -3.046  -50.631  90.659 0.0000000000
124126  -2.820  -51.490  90.543 0.0000000000
42052  -2.245  -52.983  89.055 0.0000000000
131299  -1.837  -53.679  89.716 0.0000000000
137572  -1.876  -53.748  88.808 0.0000000000
42059  -2.188  -52.875  88.552 0.0000000000
41170  -2.185  -53.781  87.845 0.0000000000
40321  -2.529  -54.614  87.404 0.0000000000
53314  -32.497  -40.687  84.978 0.0000000000
53315  -32.881  -40.367  85.422 0.0000000000
51226  -31.302  -41.541  87.596 0.0000000000
51240  -31.608  -41.459  87.699 0.0000000000
52249  -32.817  -41.134  88.443 0.0000000000
52257  -32.671  -40.998  87.709 0.0000000000
144601  -32.253  -41.279  86.590 0.0000000000
53299  -32.934  -40.605  86.173 0.0000000000
54282  -33.148  -40.164  85.882 0.0000000000
55275  -33.276  -39.687  86.079 0.0000000000
56232  -33.236  -38.692  86.268 0.0000000000
56221  -33.357  -38.470  87.062 0.0000000000
57177  -33.048  -38.428  88.666 0.0000000000
127984  -32.549  -38.008  89.140 0.0000000000
45784  -27.971  -48.625  93.353 0.0000000000
44872  -27.107  -49.110  92.422 0.0000000000
46676  -28.921  -47.651  93.663 0.0000000000
138554  -28.737  -47.370  92.661 0.0000000000
46678  -28.661  -47.813  93.212 0.0000000000
45793  -27.957  -48.332  92.594 0.0000000000
44882  -27.164  -48.808  91.955 0.0000000000
44881  -26.512  -49.180  91.727 0.0000000000
43954  -24.584  -49.485  89.261 0.0000000000
43968  -24.137  -49.922  87.873 0.0000000000
43969  -24.490  -49.519  88.348 0.0000000000
69295  -44.135  -24.260  75.000 0.0000000000
69305  -43.721  -23.719  74.290 0.0000000000
127551  -46.451  -22.451  75.911 0.0000000000
71031  -46.620  -21.852  75.940 0.0000000000
60802  -41.772  -34.190  80.120 0.0000000000
137165  -41.984  -33.546  80.812 0.0000000000
61735  -39.693  -32.661  84.226 0.0000000000
60811  -39.363  -33.091  78.751 0.0000000000
43939  -18.420  -49.631  90.651 0.0000000000
43926  -18.177  -49.825  91.092 0.0000000000
44892  -17.868  -49.276  90.359 0.0000000000
44906  -16.143  -48.654  89.663 0.0000000000
44905  -14.947  -48.918  89.159 0.0000000000
56242  -4.975  -38.986  85.984 0.0000000000
52221  -10.094  -42.101  89.161 0.0000000000
52233  -10.202  -42.260  88.231 0.0000000000
51221  -9.485  -43.477  87.375 0.0000000000
51232  -9.615  -43.527  86.561 0.0000000000
50199  -9.304  -44.278  86.213 0.0000000000
50206  -9.489  -44.400  85.321 0.0000000000
49303  -9.193  -45.242  84.029 0.0000000000
46755  -7.652  -48.087  84.347 0.0000000000
47619  -8.160  -47.317  83.947 0.0000000000
133898  -8.509  -47.437  82.861 0.0000000000
47640  -8.661  -46.897  81.904 0.0000000000
47649  -8.374  -47.222  81.125 0.0000000000
46801  -7.691  -48.127  80.210 0.0000000000
46817  -6.399  -48.929  79.817 0.0000000000
45918  -6.857  -49.525  79.844 0.0000000000
45942  -5.790  -49.387  79.711 0.0000000000
45031  -4.931  -50.048  79.570 0.0000000000
42141  -6.100  -53.789  79.805 0.0000000000
43871  -6.934  -51.568  96.926 0.0000000000
121133  -6.740  -51.901  96.731 0.0000000000
42875  -6.983  -52.059  96.853 0.0000000000
42874  -6.442  -52.098  96.461 0.0000000000
42882  -5.916  -52.214  95.947 0.0000000000
139222  -4.811  -53.379  94.962 0.0000000000
38422  -6.317  -55.506  94.839 0.0000000000
38417  -5.665  -55.051  95.375 0.0000000000
39373  -5.168  -54.765  95.231 0.0000000000
38426  -4.582  -56.105  94.181 0.0000000000
39380  -4.617  -55.121  94.783 0.0000000000
40252  -4.829  -54.244  95.092 0.0000000000
41105  -4.764  -54.041  95.076 0.0000000000
41112  -4.256  -54.298  94.522 0.0000000000
41116  -3.937  -53.920  94.103 0.0000000000
41115  -3.380  -54.633  93.758 0.0000000000
40268  -2.585  -54.667  93.277 0.0000000000
136927  -2.110  -55.377  92.635 0.0000000000
38444  -2.708  -56.504  92.544 0.0000000000
39394  -2.167  -56.005  92.222 0.0000000000
131497  -1.756  -56.421  91.676 0.0000000000
130625  -1.627  -56.910  91.090 0.0000000000
130897  -1.758  -57.087  90.490 0.0000000000
59793  -34.639  -33.867  84.535 0.0000000000
59776  -34.557  -34.410  85.888 0.0000000000
56270  -33.047  -38.783  84.027 0.0000000000
55291  -32.596  -39.008  83.524 0.0000000000
57223  -32.008  -38.214  83.451 0.0000000000
128183  -32.741  -33.630  83.614 0.0000000000
60740  -33.539  -33.703  83.424 0.0000000000
59807  -34.142  -33.848  83.999 0.0000000000
140505  -21.209  -50.503  93.876 0.0000000000
42918  -20.521  -50.499  93.153 0.0000000000
43927  -19.425  -49.919  90.970 0.0000000000
45772  -27.210  -48.510  94.644 0.0000000000
46657  -27.119  -47.948  94.868 0.0000000000
131103  -26.509  -48.501  94.693 0.0000000000
45771  -26.050  -48.823  94.686 0.0000000000
43893  -25.642  -49.705  94.405 0.0000000000
43917  -24.678  -50.156  91.404 0.0000000000
42958  -24.297  -50.444  91.642 0.0000000000
121245  -22.639  -50.515  90.256 0.0000000000
123698  -23.409  -50.523  91.196 0.0000000000
42957  -23.780  -50.570  91.827 0.0000000000
42937  -23.974  -50.598  92.390 0.0000000000
42922  -23.777  -50.619  92.863 0.0000000000
42921  -22.936  -50.752  92.824 0.0000000000
121696  -21.022  -50.620  91.715 0.0000000000
42970  -20.862  -50.489  90.739 0.0000000000
142079  -20.453  -50.350  90.820 0.0000000000
42953  -20.654  -50.477  91.223 0.0000000000
45816  -18.181  -48.481  88.945 0.0000000000
138034  -18.879  -48.853  88.382 0.0000000000
138725  -47.831  -18.683  71.622 0.0000000000
74566  -48.764  -18.544  71.682 0.0000000000
74567  -49.818  -18.630  71.751 0.0000000000
73622  -50.082  -19.389  70.528 0.0000000000
73591  -52.110  -18.995  71.763 0.0000000000
56145  -9.541  -38.528  92.493 0.0000000000
56158  -9.566  -38.485  91.636 0.0000000000
131812  -9.857  -39.047  91.274 0.0000000000
54219  -9.907  -40.414  91.035 0.0000000000
53241  -9.911  -41.065  90.625 0.0000000000
55184  -9.524  -39.534  93.695 0.0000000000
53215  -9.210  -41.043  93.532 0.0000000000
54209  -9.447  -40.371  93.047 0.0000000000
53252  -9.912  -41.744  90.096 0.0000000000
51205  -9.029  -43.842  88.645 0.0000000000
51173  -8.649  -43.730  90.464 0.0000000000
50185  -8.455  -44.492  88.318 0.0000000000
142397  -7.411  -46.609  86.410 0.0000000000
49265  -6.822  -45.402  89.305 0.0000000000
136354  -5.913  -45.986  89.581 0.0000000000
49273  -6.272  -46.178  88.855 0.0000000000
48421  -6.708  -47.196  86.717 0.0000000000
47607  -6.551  -48.078  85.696 0.0000000000
45864  -6.040  -50.232  85.348 0.0000000000
46739  -5.092  -48.839  86.026 0.0000000000
43037  -5.964  -52.689  84.412 0.0000000000
42086  -5.732  -53.321  84.437 0.0000000000
64561  -46.728  -28.962  78.345 0.0000000000
59778  -36.643  -33.715  84.878 0.0000000000
59899  -40.076  -34.232  73.798 0.0000000000
60867  -40.365  -33.617  73.961 0.0000000000
136904  -41.011  -33.139  75.124 0.0000000000
60868  -40.659  -33.121  74.335 0.0000000000
60886  -40.469  -33.099  73.859 0.0000000000
61894  -40.613  -32.649  74.113 0.0000000000
62788  -40.569  -32.146  73.937 0.0000000000
62789  -40.894  -31.304  74.598 0.0000000000
129711  -41.358  -30.791  75.057 0.0000000000
63657  -42.449  -30.308  75.798 0.0000000000
63658  -43.189  -29.642  76.047 0.0000000000
63646  -43.504  -29.875  76.449 0.0000000000
42866  -8.174  -52.585  97.710 0.0000000000
128506  -8.082  -53.150  97.755 0.0000000000
40249  -7.975  -53.725  96.754 0.0000000000
39371  -8.030  -53.946  96.003 0.0000000000
43865  -10.943  -51.820  97.523 0.0000000000
135048  -9.540  -53.512  97.693 0.0000000000
41108  -9.915  -53.667  96.571 0.0000000000
40255  -9.418  -53.780  95.954 0.0000000000
40251  -9.308  -53.790  96.931 0.0000000000
39372  -8.431  -53.976  95.904 0.0000000000
39376  -8.084  -54.111  95.369 0.0000000000
39383  -7.730  -54.553  94.917 0.0000000000
38429  -7.166  -55.066  94.122 0.0000000000
39392  -7.186  -54.844  93.585 0.0000000000
39397  -7.245  -54.758  93.392 0.0000000000
39419  -6.460  -55.774  90.618 0.0000000000
43914  -17.756  -49.854  91.349 0.0000000000
42950  -17.572  -49.918  91.705 0.0000000000
125704  -17.465  -50.124  92.261 0.0000000000
42930  -16.624  -50.353  92.729 0.0000000000
42968  -14.665  -50.197  91.621 0.0000000000
121022  -15.782  -50.526  93.297 0.0000000000
122517  -15.787  -50.674  93.845 0.0000000000
42913  -14.982  -50.731  93.770 0.0000000000
42027  -14.165  -50.933  94.177 0.0000000000
42016  -14.375  -51.312  94.823 0.0000000000
42009  -13.563  -51.546  95.146 0.0000000000
42008  -12.606  -51.832  95.284 0.0000000000
42018  -11.643  -51.829  94.060 0.0000000000
145105  -11.337  -52.335  94.406 0.0000000000
121932  -10.820  -52.628  94.362 0.0000000000
41127  -9.757  -52.771  93.903 0.0000000000
42040  -9.854  -52.195  91.499 0.0000000000
42046  -9.680  -52.089  90.511 0.0000000000
40289  -7.197  -54.580  90.508 0.0000000000
57985  -4.335  -36.838  90.616 0.0000000000
57155  -4.379  -37.678  89.622 0.0000000000
146153  -6.363  -37.805  91.284 0.0000000000
56155  -5.693  -37.852  91.242 0.0000000000
127291  -5.959  -38.401  89.819 0.0000000000
56167  -5.451  -38.120  90.433 0.0000000000
56166  -4.842  -37.916  90.079 0.0000000000
56182  -4.657  -38.192  89.271 0.0000000000
56200  -4.593  -38.461  88.506 0.0000000000
55234  -4.721  -38.983  87.848 0.0000000000
135945  -4.901  -39.309  87.275 0.0000000000
55262  -5.076  -39.830  86.873 0.0000000000
54275  -4.921  -40.490  85.313 0.0000000000
53262  -10.326  -41.437  88.544 0.0000000000
53273  -10.353  -41.586  87.711 0.0000000000
54269  -10.321  -40.988  87.289 0.0000000000
130863  -9.901  -43.028  85.261 0.0000000000
52263  -10.115  -41.969  86.097 0.0000000000
54268  -10.041  -40.688  86.637 0.0000000000
54280  -9.643  -40.808  86.025 0.0000000000
54279  -8.967  -40.563  85.633 0.0000000000
49332  -8.759  -45.041  81.316 0.0000000000
50231  -8.683  -44.293  81.607 0.0000000000
51276  -8.817  -43.177  82.815 0.0000000000
51312  -7.828  -43.725  81.213 0.0000000000
52296  -8.388  -42.491  83.258 0.0000000000
123107  -8.316  -41.590  84.509 0.0000000000
53295  -7.523  -41.208  85.102 0.0000000000
53294  -6.452  -41.374  85.193 0.0000000000
53321  -5.617  -42.088  83.943 0.0000000000
53310  -5.157  -41.674  84.510 0.0000000000
53309  -4.571  -41.336  84.128 0.0000000000
54293  -4.085  -40.829  83.576 0.0000000000
130264  -3.633  -41.275  83.101 0.0000000000
124493  -3.247  -41.332  82.575 0.0000000000
53329  -2.831  -41.450  81.828 0.0000000000
52332  -2.989  -42.289  81.802 0.0000000000
121787  -2.664  -41.976  81.084 0.0000000000
50111  -4.788  -44.288  95.376 0.0000000000
45741  -6.182  -49.387  97.178 0.0000000000
45740  -5.932  -49.887  96.729 0.0000000000
126712  -6.234  -48.575  97.354 0.0000000000
46622  -5.225  -47.702  96.582 0.0000000000
43886  -4.456  -52.121  94.193 0.0000000000
44856  -4.682  -51.360  94.473 0.0000000000
44847  -4.980  -50.497  94.598 0.0000000000
45749  -4.982  -49.398  94.901 0.0000000000
47505  -4.565  -46.824  96.426 0.0000000000
48330  -4.374  -45.866  96.117 0.0000000000
47512  -3.956  -46.590  94.683 0.0000000000
48329  -4.291  -45.334  95.488 0.0000000000
49187  -4.017  -45.078  95.032 0.0000000000
50110  -4.160  -44.827  94.995 0.0000000000
50125  -4.084  -45.791  93.110 0.0000000000
49212  -3.665  -46.336  92.491 0.0000000000
48375  -3.110  -47.139  91.830 0.0000000000
49228  -3.330  -46.736  91.948 0.0000000000
49229  -3.747  -46.445  91.438 0.0000000000
48390  -3.623  -46.804  90.449 0.0000000000
48403  -3.439  -47.694  89.599 0.0000000000
47586  -3.387  -48.371  88.548 0.0000000000
139158  -2.768  -50.132  90.246 0.0000000000
128705  -2.446  -50.135  89.693 0.0000000000
45807  -2.396  -49.496  89.615 0.0000000000
44903  -2.186  -50.959  88.329 0.0000000000
127349  -2.213  -50.487  88.755 0.0000000000
46706  -2.501  -48.951  88.971 0.0000000000
46713  -2.653  -49.361  88.540 0.0000000000
46714  -3.138  -48.979  88.189 0.0000000000
46715  -3.628  -48.583  87.867 0.0000000000
122330  -3.639  -49.649  86.952 0.0000000000
132689  -3.709  -50.402  86.367 0.0000000000
44942  -3.899  -50.914  86.114 0.0000000000
43990  -3.921  -52.091  85.907 0.0000000000
43991  -4.212  -51.581  85.770 0.0000000000
130215  -5.042  -52.227  85.083 0.0000000000
43036  -5.154  -52.850  84.781 0.0000000000
42092  -6.028  -53.988  84.158 0.0000000000
37517  -2.194  -58.328  89.985 0.0000000000
132249  -1.994  -57.764  89.953 0.0000000000
36628  -2.040  -59.543  88.694 0.0000000000
143579  -2.194  -58.879  89.179 0.0000000000
135703  -2.050  -58.124  89.280 0.0000000000
131843  -1.807  -57.303  89.199 0.0000000000
140743  -2.009  -57.117  88.296 0.0000000000
144508  -2.255  -56.814  86.904 0.0000000000
39472  -2.433  -56.256  86.700 0.0000000000
40322  -2.827  -55.849  86.293 0.0000000000
36670  -2.103  -59.218  85.470 0.0000000000
37600  -2.302  -58.574  85.625 0.0000000000
38525  -2.669  -57.275  85.831 0.0000000000
39486  -2.979  -56.316  85.910 0.0000000000
40338  -3.560  -55.780  85.713 0.0000000000
40354  -4.006  -55.111  85.437 0.0000000000
130478  -4.497  -56.636  85.117 0.0000000000
40355  -4.626  -55.240  85.156 0.0000000000
40356  -5.284  -55.333  84.709 0.0000000000
41206  -5.669  -54.678  84.484 0.0000000000
41207  -6.474  -54.775  83.817 0.0000000000
40370  -6.828  -55.564  83.385 0.0000000000
39530  -7.019  -56.320  82.853 0.0000000000
37656  -5.987  -58.044  80.754 0.0000000000
37453  -5.168  -55.865  94.450 0.0000000000
37458  -3.606  -55.856  93.940 0.0000000000
37459  -3.942  -56.303  93.937 0.0000000000
37470  -3.441  -56.399  93.602 0.0000000000
37484  -2.914  -57.021  92.791 0.0000000000
38418  -6.283  -55.220  95.359 0.0000000000
38419  -6.798  -55.235  95.179 0.0000000000
38420  -4.950  -55.720  94.657 0.0000000000
38443  -2.349  -56.390  92.249 0.0000000000
38557  -4.151  -57.263  85.148 0.0000000000
39378  -3.846  -55.216  94.186 0.0000000000
39381  -5.086  -55.282  95.015 0.0000000000
39385  -3.321  -55.411  93.733 0.0000000000
39395  -2.631  -55.946  92.627 0.0000000000
40247  -6.458  -53.724  95.986 0.0000000000
40248  -7.502  -53.628  96.635 0.0000000000
40254  -8.858  -53.941  96.161 0.0000000000
40259  -4.372  -54.530  94.648 0.0000000000
40260  -4.573  -54.746  94.829 0.0000000000
40264  -3.424  -54.716  93.828 0.0000000000
40265  -8.743  -53.503  94.333 0.0000000000
41097  -6.272  -53.337  96.076 0.0000000000
41098  -7.043  -53.284  96.738 0.0000000000
41104  -11.686  -52.904  97.237 0.0000000000
41106  -5.475  -53.601  95.507 0.0000000000
41128  -10.522  -52.516  93.784 0.0000000000
41130  -1.866  -54.433  92.413 0.0000000000
41992  -6.391  -52.748  96.562 0.0000000000
42000  -13.380  -51.785  96.418 0.0000000000
42011  -3.489  -54.028  93.787 0.0000000000
42012  -4.433  -53.867  94.660 0.0000000000
42038  -2.111  -53.419  91.234 0.0000000000
42877  -8.877  -52.294  97.626 0.0000000000
42897  -22.479  -50.514  94.185 0.0000000000
42907  -22.766  -50.711  93.541 0.0000000000
42909  -24.365  -50.431  93.447 0.0000000000
42910  -25.134  -50.224  93.496 0.0000000000
42911  -25.860  -49.919  93.467 0.0000000000
42938  -24.460  -50.540  92.169 0.0000000000
42959  -24.979  -50.430  91.957 0.0000000000
42974  -24.104  -50.233  91.006 0.0000000000
42977  -2.340  -52.342  89.234 0.0000000000
42981  -20.130  -50.098  89.903 0.0000000000
43005  -22.598  -50.398  87.477 0.0000000000
43072  -7.898  -52.265  80.297 0.0000000000
43864  -7.811  -52.030  97.338 0.0000000000
43891  -23.942  -50.026  94.529 0.0000000000
43897  -24.220  -50.324  94.087 0.0000000000
43911  -2.608  -52.156  90.474 0.0000000000
43929  -25.092  -49.684  91.115 0.0000000000
43948  -2.201  -51.459  88.420 0.0000000000
43953  -24.165  -49.866  88.729 0.0000000000
43962  -2.240  -51.312  88.031 0.0000000000
43967  -23.677  -50.137  87.519 0.0000000000
44008  -4.509  -52.193  85.448 0.0000000000
44853  -26.060  -49.197  94.597 0.0000000000
44861  -27.074  -49.352  93.569 0.0000000000
44865  -27.169  -49.323  93.119 0.0000000000
44866  -27.559  -48.963  93.007 0.0000000000
44873  -27.575  -48.714  92.563 0.0000000000
44878  -2.638  -50.837  89.961 0.0000000000
44880  -25.701  -49.193  90.869 0.0000000000
44922  -24.756  -48.998  88.130 0.0000000000
44941  -3.417  -50.875  86.605 0.0000000000
45770  -25.398  -49.253  94.901 0.0000000000
45773  -28.024  -48.265  94.587 0.0000000000
45779  -3.644  -49.237  92.485 0.0000000000
45785  -28.284  -48.291  93.153 0.0000000000
45809  -27.219  -47.960  90.933 0.0000000000
45813  -2.341  -49.619  88.971 0.0000000000
45836  -2.641  -50.564  87.733 0.0000000000
45851  -3.836  -49.871  86.458 0.0000000000
46671  -28.856  -47.842  94.061 0.0000000000
46682  -2.748  -48.810  90.884 0.0000000000
46707  -2.927  -48.698  88.742 0.0000000000
46721  -3.396  -49.330  87.566 0.0000000000
46722  -3.807  -49.009  87.187 0.0000000000
47560  -29.287  -47.103  93.648 0.0000000000
47570  -2.846  -48.446  89.969 0.0000000000
47618  -7.682  -47.413  84.825 0.0000000000
48394  -3.314  -47.255  90.324 0.0000000000
48404  -4.150  -47.121  89.350 0.0000000000
48415  -4.293  -47.714  88.346 0.0000000000
48486  -8.163  -46.001  80.631 0.0000000000
49211  -3.406  -46.680  92.667 0.0000000000
50169  -7.072  -45.075  89.954 0.0000000000
51268  -31.347  -41.466  85.365 0.0000000000
51308  -2.754  -42.605  81.104 0.0000000000
52201  -9.297  -42.047  91.419 0.0000000000
52215  -32.597  -41.502  90.045 0.0000000000
52256  -32.251  -41.255  87.232 0.0000000000
52264  -31.718  -41.474  85.842 0.0000000000
53248  -33.425  -40.653  89.803 0.0000000000
53257  -33.355  -40.957  89.174 0.0000000000
53283  -10.044  -41.313  86.225 0.0000000000
53284  -10.312  -41.610  86.846 0.0000000000
53285  -32.608  -41.037  86.542 0.0000000000
54218  -33.886  -39.875  91.431 0.0000000000
54220  -10.149  -40.321  90.297 0.0000000000
54234  -33.621  -40.137  89.481 0.0000000000
54247  -33.606  -40.192  88.754 0.0000000000
54257  -33.392  -40.195  87.444 0.0000000000
55222  -9.781  -39.244  89.884 0.0000000000
55280  -33.128  -39.293  84.649 0.0000000000
56222  -33.500  -38.812  87.514 0.0000000000
56244  -32.758  -38.166  85.924 0.0000000000
57165  -3.960  -37.357  88.728 0.0000000000
58070  -40.011  -35.406  77.090 0.0000000000
58091  -39.726  -35.590  75.851 0.0000000000
58933  -40.699  -35.269  77.194 0.0000000000
121244  -22.106  -50.398  89.116 0.0000000000
121803  -2.159  -51.086  88.659 0.0000000000
123697  -23.208  -50.477  90.455 0.0000000000
124826  -7.535  -53.030  97.333 0.0000000000
125480  -31.008  -37.524  85.854 0.0000000000
125571  -8.929  -38.908  88.796 0.0000000000
126673  -10.054  -53.194  97.847 0.0000000000
127801  -7.601  -54.381  95.441 0.0000000000
128576  -33.337  -39.204  86.364 0.0000000000
129041  -11.835  -52.155  97.607 0.0000000000
130030  -3.035  -55.141  93.327 0.0000000000
130310  -33.535  -40.178  88.172 0.0000000000
130823  -25.810  -49.884  92.892 0.0000000000
131034  -5.644  -44.990  92.797 0.0000000000
131303  -1.369  -56.057  90.073 0.0000000000
132258  -31.997  -42.159  93.061 0.0000000000
133692  -8.617  -53.289  97.890 0.0000000000
134264  -3.533  -47.927  88.990 0.0000000000
134511  -20.406  -50.483  92.641 0.0000000000
137195  -51.859  -19.434  71.088 0.0000000000
138138  -27.034  -49.315  92.756 0.0000000000
138569  -2.377  -51.228  87.757 0.0000000000
138647  -2.876  -51.726  87.221 0.0000000000
139360  -4.190  -49.552  86.285 0.0000000000
139741  -9.549  -39.174  89.251 0.0000000000
140577  -4.366  -55.440  94.491 0.0000000000
140682  -7.268  -52.224  97.061 0.0000000000
141121  -2.498  -55.585  92.772 0.0000000000
141128  -4.222  -45.343  93.816 0.0000000000
142764  -30.690  -41.830  89.247 0.0000000000
143502  -32.665  -41.011  87.136 0.0000000000
143766  -47.075  -19.539  75.426 0.0000000000
143989  -2.803  -57.666  91.980 0.0000000000
144028  -3.071  -53.708  93.142 0.0000000000
144080  -1.932  -57.592  89.642 0.0000000000
144107  -21.411  -50.288  88.953 0.0000000000
144500  -40.645  -34.873  78.637 0.0000000000
144537  -29.712  -35.884  87.642 0.0000000000
144558  -3.304  -54.685  86.262 0.0000000000
144852  -7.079  -55.008  92.995 0.0000000000
145394  -2.975  -56.000  92.896 0.0000000000
145469  -27.168  -48.532  91.542 0.0000000000
145605  -3.292  -49.617  91.454 0.0000000000
145659  -33.363  -40.219  92.300 0.0000000000
