#!ascii label  , from subject sub-01 vox2ras=TkReg
969
49357  -29.257  -45.569  80.935 0.0000000000
43065  -16.916  -52.045  81.652 0.0000000000
44082  -25.155  -51.179  78.212 0.0000000000
69330  -39.907  -23.897  67.546 0.0000000000
130319  -48.817  -23.549  65.356 0.0000000000
42079  -11.186  -52.869  85.105 0.0000000000
66534  -36.703  -28.154  69.687 0.0000000000
50323  -32.054  -44.498  77.828 0.0000000000
142988  -26.598  -47.814  80.277 0.0000000000
44041  -13.821  -52.025  82.668 0.0000000000
40359  -13.923  -56.016  83.888 0.0000000000
51331  -24.520  -43.212  79.225 0.0000000000
51362  -25.946  -43.535  76.067 0.0000000000
42149  -20.801  -53.076  78.591 0.0000000000
48487  -22.610  -46.054  80.744 0.0000000000
145327  -35.973  -38.321  67.635 0.0000000000
132224  -39.837  -34.860  67.193 0.0000000000
63725  -41.696  -30.118  68.151 0.0000000000
36672  -8.657  -59.619  85.109 0.0000000000
34625  -5.334  -61.622  86.956 0.0000000000
53485  -27.494  -41.440  72.607 0.0000000000
57291  -29.577  -36.779  73.328 0.0000000000
56415  -31.423  -38.499  69.705 0.0000000000
37607  -11.051  -58.257  84.482 0.0000000000
42099  -17.218  -53.978  83.025 0.0000000000
42114  -19.297  -53.444  82.296 0.0000000000
48457  -27.791  -46.648  81.437 0.0000000000
45888  -15.110  -49.176  82.630 0.0000000000
44043  -15.404  -51.623  81.950 0.0000000000
144326  -15.211  -54.126  82.617 0.0000000000
53340  -24.329  -41.542  81.150 0.0000000000
129888  -22.730  -43.735  80.839 0.0000000000
59058  -35.685  -35.756  67.467 0.0000000000
145200  -38.674  -36.366  67.231 0.0000000000
60966  -37.261  -33.477  67.603 0.0000000000
64664  -38.670  -29.277  67.668 0.0000000000
67506  -39.868  -26.961  66.918 0.0000000000
65637  -42.289  -28.596  67.525 0.0000000000
67519  -41.469  -26.246  65.844 0.0000000000
68460  -43.963  -25.704  64.716 0.0000000000
132421  -26.735  -40.369  76.349 0.0000000000
144023  -26.765  -42.929  73.737 0.0000000000
55378  -25.824  -38.755  75.201 0.0000000000
58965  -26.943  -34.723  72.696 0.0000000000
59931  -28.441  -34.308  71.692 0.0000000000
56388  -30.443  -37.499  71.540 0.0000000000
59950  -30.448  -34.582  70.460 0.0000000000
59028  -31.954  -35.896  69.517 0.0000000000
42164  -22.751  -52.902  77.792 0.0000000000
39489  -9.071  -56.138  85.124 0.0000000000
40358  -10.416  -55.832  83.985 0.0000000000
31938  -5.920  -64.148  87.237 0.0000000000
129571  -3.480  -65.327  87.352 0.0000000000
62825  -36.378  -31.302  69.184 0.0000000000
51365  -32.595  -43.251  76.818 0.0000000000
45966  -26.122  -49.113  78.461 0.0000000000
43038  -12.130  -52.040  84.314 0.0000000000
41211  -12.189  -54.663  83.029 0.0000000000
41228  -13.572  -54.048  82.547 0.0000000000
137983  -50.926  -23.497  64.622 0.0000000000
50289  -27.014  -44.584  79.887 0.0000000000
50301  -27.943  -44.825  78.446 0.0000000000
51340  -25.523  -43.472  77.726 0.0000000000
45017  -16.963  -49.690  80.906 0.0000000000
43075  -18.560  -51.977  80.432 0.0000000000
45041  -18.814  -50.102  78.723 0.0000000000
44091  -20.611  -50.769  77.391 0.0000000000
45979  -23.066  -49.463  76.789 0.0000000000
123773  -23.083  -48.158  78.488 0.0000000000
46831  -24.831  -47.910  77.573 0.0000000000
47671  -25.443  -46.919  79.117 0.0000000000
48489  -25.712  -45.275  80.337 0.0000000000
54489  -36.531  -40.545  69.257 0.0000000000
62849  -37.713  -31.294  67.646 0.0000000000
134979  -40.607  -32.136  67.596 0.0000000000
68463  -46.301  -25.956  64.482 0.0000000000
34638  -7.176  -61.190  85.961 0.0000000000
32814  -7.310  -63.402  87.457 0.0000000000
49412  -28.934  -44.828  76.426 0.0000000000
51372  -30.151  -43.751  74.808 0.0000000000
53461  -30.943  -41.076  73.949 0.0000000000
58110  -25.557  -36.475  74.002 0.0000000000
126141  -28.216  -38.747  72.859 0.0000000000
55392  -30.692  -38.546  75.039 0.0000000000
138083  -31.928  -37.175  74.273 0.0000000000
55424  -32.820  -39.855  71.917 0.0000000000
54471  -34.461  -40.755  70.284 0.0000000000
130771  -33.904  -39.304  68.288 0.0000000000
58183  -34.196  -36.529  68.013 0.0000000000
42125  -20.927  -53.966  80.974 0.0000000000
38543  -8.163  -57.208  85.746 0.0000000000
37605  -9.533  -58.452  84.585 0.0000000000
38563  -12.125  -57.308  84.349 0.0000000000
31935  -1.883  -64.878  87.050 0.0000000000
43057  -16.626  -52.838  81.929 0.0000000000
42100  -18.068  -53.831  83.034 0.0000000000
43059  -18.234  -52.661  81.733 0.0000000000
49335  -28.699  -45.957  81.515 0.0000000000
45005  -16.373  -50.140  81.461 0.0000000000
44989  -15.041  -50.087  82.438 0.0000000000
43064  -15.979  -52.248  81.791 0.0000000000
126310  -15.788  -53.071  82.010 0.0000000000
59985  -36.160  -34.079  68.010 0.0000000000
125059  -36.954  -34.852  67.267 0.0000000000
60965  -36.726  -33.419  67.939 0.0000000000
144990  -39.130  -24.477  68.482 0.0000000000
68445  -38.612  -25.811  67.710 0.0000000000
68446  -39.219  -25.281  67.352 0.0000000000
120640  -40.871  -26.366  66.322 0.0000000000
69336  -40.570  -24.429  66.543 0.0000000000
69337  -41.388  -24.414  66.034 0.0000000000
55368  -26.459  -39.674  76.073 0.0000000000
60901  -28.690  -32.991  72.378 0.0000000000
59949  -29.591  -34.838  70.847 0.0000000000
60919  -30.508  -33.550  70.799 0.0000000000
60936  -31.325  -33.988  70.481 0.0000000000
43106  -24.013  -51.918  77.726 0.0000000000
42153  -24.071  -53.469  78.545 0.0000000000
42154  -25.069  -52.737  79.157 0.0000000000
41182  -9.853  -54.126  85.434 0.0000000000
41194  -10.543  -54.213  84.590 0.0000000000
144654  -48.399  -24.909  64.312 0.0000000000
31036  -4.443  -65.060  87.344 0.0000000000
50291  -32.728  -45.021  79.249 0.0000000000
51353  -32.346  -43.872  77.397 0.0000000000
136912  -26.585  -48.878  79.281 0.0000000000
45929  -27.165  -49.286  80.765 0.0000000000
138590  -13.830  -50.653  83.390 0.0000000000
44013  -13.073  -51.022  84.538 0.0000000000
43992  -12.557  -51.415  84.867 0.0000000000
43047  -13.167  -52.246  83.120 0.0000000000
42097  -12.915  -53.026  82.806 0.0000000000
42108  -13.383  -53.472  82.579 0.0000000000
41230  -15.915  -54.479  83.048 0.0000000000
123626  -14.989  -54.754  83.149 0.0000000000
50288  -26.139  -44.432  79.964 0.0000000000
141368  -26.462  -44.372  78.949 0.0000000000
51339  -25.009  -42.938  78.324 0.0000000000
46804  -17.621  -48.577  80.772 0.0000000000
44068  -17.986  -50.543  79.723 0.0000000000
45922  -18.439  -48.874  79.655 0.0000000000
45962  -20.234  -49.651  78.190 0.0000000000
45963  -21.121  -49.590  77.826 0.0000000000
45061  -21.911  -50.800  76.727 0.0000000000
45978  -22.358  -49.492  76.963 0.0000000000
48470  -22.639  -46.109  81.532 0.0000000000
47670  -23.086  -47.127  79.352 0.0000000000
46830  -23.603  -47.604  78.056 0.0000000000
47679  -23.646  -47.036  78.598 0.0000000000
47681  -25.209  -47.433  78.240 0.0000000000
48500  -23.761  -45.934  79.565 0.0000000000
50286  -24.235  -43.719  79.815 0.0000000000
50270  -23.852  -44.279  80.053 0.0000000000
50287  -25.231  -44.117  79.854 0.0000000000
50272  -26.029  -44.768  80.274 0.0000000000
55483  -36.238  -39.682  68.259 0.0000000000
54504  -37.753  -40.042  68.609 0.0000000000
136952  -37.402  -38.862  67.949 0.0000000000
59062  -39.559  -35.652  67.295 0.0000000000
57361  -39.922  -36.840  67.817 0.0000000000
63701  -36.360  -29.987  70.112 0.0000000000
62836  -36.612  -30.983  68.530 0.0000000000
64649  -36.701  -29.534  68.737 0.0000000000
125511  -40.235  -29.787  67.762 0.0000000000
63734  -39.580  -30.397  67.593 0.0000000000
63736  -41.121  -30.831  67.939 0.0000000000
61967  -41.923  -32.409  67.844 0.0000000000
125028  -45.048  -26.468  64.500 0.0000000000
69353  -45.321  -25.062  64.643 0.0000000000
69354  -46.234  -25.083  64.604 0.0000000000
37583  -7.796  -58.497  85.851 0.0000000000
36655  -7.002  -59.545  86.380 0.0000000000
35675  -7.422  -60.368  85.783 0.0000000000
33661  -7.823  -62.962  87.063 0.0000000000
31932  -6.739  -64.256  88.594 0.0000000000
50319  -26.781  -44.453  76.853 0.0000000000
49395  -28.758  -44.919  77.178 0.0000000000
50335  -27.273  -44.513  75.753 0.0000000000
52415  -27.255  -42.250  72.886 0.0000000000
51384  -28.347  -43.969  73.997 0.0000000000
52416  -28.670  -42.706  73.079 0.0000000000
51386  -30.612  -43.019  74.245 0.0000000000
53477  -29.602  -41.212  73.174 0.0000000000
59879  -26.249  -34.663  74.968 0.0000000000
125719  -28.068  -35.885  72.297 0.0000000000
57288  -27.079  -37.233  72.674 0.0000000000
57290  -28.985  -36.936  73.264 0.0000000000
55408  -29.519  -38.713  73.869 0.0000000000
56346  -30.403  -37.154  74.729 0.0000000000
56348  -31.560  -37.139  75.555 0.0000000000
57281  -30.608  -36.874  74.253 0.0000000000
56403  -31.094  -38.546  70.733 0.0000000000
143869  -31.754  -38.765  71.819 0.0000000000
55454  -32.117  -39.739  70.556 0.0000000000
54450  -33.433  -40.417  71.474 0.0000000000
55455  -32.755  -40.095  70.196 0.0000000000
54486  -34.131  -40.238  69.047 0.0000000000
55479  -32.753  -39.462  68.970 0.0000000000
59971  -33.111  -34.706  69.880 0.0000000000
58181  -32.833  -36.743  68.619 0.0000000000
59030  -33.999  -35.048  69.157 0.0000000000
43087  -19.508  -52.174  79.364 0.0000000000
133649  -19.632  -52.852  80.639 0.0000000000
42133  -21.041  -53.828  80.035 0.0000000000
132527  -9.924  -57.624  84.331 0.0000000000
38560  -9.257  -57.597  84.653 0.0000000000
37606  -10.315  -58.356  84.417 0.0000000000
40373  -12.679  -55.493  83.152 0.0000000000
39519  -12.336  -56.225  83.479 0.0000000000
39506  -13.421  -56.543  84.319 0.0000000000
41214  -16.837  -54.555  83.625 0.0000000000
41216  -18.575  -54.169  83.671 0.0000000000
41217  -19.450  -54.067  83.574 0.0000000000
144469  -20.141  -54.017  83.420 0.0000000000
47652  -27.000  -46.737  81.127 0.0000000000
46808  -27.283  -48.412  81.047 0.0000000000
45887  -14.621  -49.681  83.034 0.0000000000
44988  -14.325  -50.398  82.863 0.0000000000
44042  -14.557  -51.843  82.240 0.0000000000
43055  -14.337  -52.674  82.303 0.0000000000
43056  -15.137  -52.494  82.033 0.0000000000
42110  -15.829  -53.804  82.520 0.0000000000
52360  -24.214  -42.131  79.575 0.0000000000
52361  -24.787  -41.965  79.009 0.0000000000
50233  -22.686  -44.730  82.346 0.0000000000
50268  -22.561  -44.583  80.982 0.0000000000
52344  -23.411  -42.101  80.771 0.0000000000
132094  -35.830  -36.959  67.373 0.0000000000
131916  -37.195  -37.291  67.325 0.0000000000
58199  -37.098  -36.383  67.147 0.0000000000
59061  -38.204  -35.358  67.047 0.0000000000
129051  -38.196  -33.606  67.273 0.0000000000
65617  -37.101  -28.647  68.506 0.0000000000
66563  -37.790  -27.124  68.054 0.0000000000
134275  -39.047  -27.547  67.424 0.0000000000
145163  -40.431  -28.250  67.484 0.0000000000
64651  -41.903  -28.802  67.821 0.0000000000
66578  -41.390  -27.825  67.035 0.0000000000
67513  -41.795  -27.725  66.573 0.0000000000
66596  -42.336  -27.582  65.840 0.0000000000
131421  -42.195  -25.993  65.316 0.0000000000
128640  -42.937  -24.648  65.268 0.0000000000
35689  -9.436  -60.644  85.387 0.0000000000
34652  -8.678  -61.133  85.484 0.0000000000
126246  -9.303  -61.925  87.050 0.0000000000
121777  -25.969  -42.135  75.451 0.0000000000
51371  -26.410  -43.525  74.699 0.0000000000
121452  -26.052  -42.040  74.697 0.0000000000
123228  -26.169  -40.915  73.694 0.0000000000
54411  -26.208  -40.219  73.496 0.0000000000
59880  -26.591  -33.970  74.446 0.0000000000
60881  -27.416  -33.703  72.835 0.0000000000
59912  -27.720  -34.378  72.178 0.0000000000
58981  -28.558  -35.872  71.996 0.0000000000
57304  -29.545  -36.583  72.657 0.0000000000
58146  -29.553  -36.396  71.419 0.0000000000
58159  -29.873  -36.220  70.748 0.0000000000
57329  -30.895  -36.995  69.887 0.0000000000
57331  -31.831  -37.899  69.070 0.0000000000
140085  -31.489  -35.453  69.924 0.0000000000
42150  -21.542  -53.381  78.314 0.0000000000
41249  -21.732  -54.260  79.609 0.0000000000
41267  -22.785  -54.245  78.652 0.0000000000
40357  -9.718  -55.960  84.542 0.0000000000
39517  -10.898  -56.552  83.768 0.0000000000
32812  -5.636  -63.306  86.915 0.0000000000
140129  -5.172  -62.508  86.936 0.0000000000
33660  -4.484  -63.033  87.147 0.0000000000
139690  -3.916  -63.726  87.334 0.0000000000
32810  -2.874  -63.660  87.362 0.0000000000
52389  -33.278  -41.887  76.388 0.0000000000
45044  -25.671  -50.531  78.416 0.0000000000
43089  -25.492  -51.922  79.543 0.0000000000
43027  -12.044  -51.717  85.254 0.0000000000
42080  -11.691  -52.484  84.731 0.0000000000
41195  -11.062  -54.084  83.892 0.0000000000
42095  -11.758  -53.790  83.272 0.0000000000
41212  -13.066  -54.699  82.801 0.0000000000
40374  -13.564  -55.476  83.233 0.0000000000
41229  -14.426  -54.084  82.526 0.0000000000
40375  -14.393  -55.384  83.561 0.0000000000
40360  -14.622  -55.724  84.367 0.0000000000
69357  -50.097  -23.903  64.371 0.0000000000
134996  -28.289  -45.044  79.979 0.0000000000
122136  -28.734  -45.091  79.022 0.0000000000
144382  -27.283  -44.659  78.919 0.0000000000
50300  -25.982  -44.126  77.749 0.0000000000
51352  -25.914  -43.722  76.815 0.0000000000
52370  -25.156  -42.398  78.301 0.0000000000
52371  -25.792  -42.132  77.569 0.0000000000
52378  -26.064  -42.286  76.639 0.0000000000
53438  -27.142  -41.036  76.997 0.0000000000
45006  -17.104  -50.464  80.986 0.0000000000
43074  -17.969  -51.623  80.748 0.0000000000
44060  -17.679  -50.839  80.412 0.0000000000
44069  -18.472  -50.897  79.155 0.0000000000
43094  -19.829  -51.960  78.655 0.0000000000
45961  -19.484  -49.637  78.518 0.0000000000
44090  -19.973  -50.799  77.993 0.0000000000
43102  -20.807  -51.830  77.466 0.0000000000
43103  -21.563  -52.118  77.253 0.0000000000
133343  -22.775  -51.615  77.009 0.0000000000
45054  -24.238  -50.279  76.975 0.0000000000
46819  -22.660  -48.712  78.186 0.0000000000
46829  -22.816  -48.935  77.259 0.0000000000
45980  -23.921  -49.415  76.789 0.0000000000
45981  -24.887  -49.432  77.269 0.0000000000
133297  -25.558  -49.004  77.768 0.0000000000
47682  -25.900  -47.645  78.758 0.0000000000
47672  -26.036  -47.167  79.550 0.0000000000
49352  -23.408  -45.131  80.127 0.0000000000
48502  -25.862  -46.261  80.107 0.0000000000
48490  -26.528  -46.001  80.765 0.0000000000
49354  -26.684  -45.347  80.697 0.0000000000
136435  -27.339  -45.346  80.932 0.0000000000
45903  -16.513  -49.243  81.296 0.0000000000
56448  -38.708  -37.913  67.805 0.0000000000
61962  -37.041  -32.655  67.906 0.0000000000
60967  -37.699  -32.758  67.540 0.0000000000
60968  -39.067  -33.207  67.200 0.0000000000
64663  -37.962  -29.903  67.744 0.0000000000
62851  -38.995  -31.690  67.369 0.0000000000
143439  -40.462  -33.680  67.352 0.0000000000
60971  -42.100  -33.936  67.706 0.0000000000
143573  -47.500  -26.285  64.299 0.0000000000
126073  -47.730  -24.646  64.589 0.0000000000
69348  -47.943  -23.812  65.098 0.0000000000
36654  -6.414  -59.624  86.883 0.0000000000
135880  -6.471  -60.969  86.462 0.0000000000
34639  -7.938  -61.849  85.759 0.0000000000
135211  -7.019  -61.956  85.978 0.0000000000
32818  -6.383  -63.034  86.704 0.0000000000
32813  -6.541  -63.533  87.107 0.0000000000
49382  -29.493  -45.271  78.323 0.0000000000
49397  -30.041  -45.260  77.739 0.0000000000
50321  -30.568  -44.917  77.223 0.0000000000
50366  -27.735  -44.222  74.478 0.0000000000
50351  -29.489  -44.251  75.159 0.0000000000
51363  -30.753  -44.167  76.099 0.0000000000
51374  -31.541  -43.231  75.375 0.0000000000
52396  -32.166  -42.501  75.483 0.0000000000
53449  -32.125  -41.602  75.057 0.0000000000
131448  -25.571  -37.648  75.148 0.0000000000
135964  -25.988  -38.931  73.436 0.0000000000
138437  -25.801  -35.562  73.830 0.0000000000
127240  -26.522  -37.905  72.904 0.0000000000
55422  -27.690  -39.717  72.677 0.0000000000
54412  -29.561  -40.053  73.350 0.0000000000
54393  -30.820  -39.906  74.450 0.0000000000
56376  -30.636  -36.961  73.194 0.0000000000
129623  -32.448  -38.123  73.568 0.0000000000
125745  -35.339  -40.798  70.155 0.0000000000
54501  -34.978  -40.306  68.817 0.0000000000
56428  -34.647  -39.031  68.024 0.0000000000
57342  -32.596  -37.596  68.572 0.0000000000
56443  -33.833  -37.918  67.923 0.0000000000
57356  -35.121  -37.374  67.569 0.0000000000
59057  -34.912  -36.135  67.810 0.0000000000
59045  -35.072  -35.262  68.049 0.0000000000
43067  -18.940  -52.600  81.071 0.0000000000
42115  -20.104  -53.672  82.175 0.0000000000
41250  -22.151  -54.891  80.769 0.0000000000
38542  -8.121  -58.040  85.654 0.0000000000
39488  -8.501  -56.359  85.708 0.0000000000
38559  -8.664  -57.978  85.059 0.0000000000
37604  -8.919  -58.835  84.942 0.0000000000
35690  -9.985  -60.168  85.237 0.0000000000
40371  -11.140  -55.668  83.622 0.0000000000
39518  -11.583  -56.305  83.580 0.0000000000
38562  -11.430  -57.676  84.272 0.0000000000
31028  -3.389  -66.387  88.232 0.0000000000
144336  -2.545  -65.350  87.251 0.0000000000
32809  -1.885  -64.016  87.098 0.0000000000
122764  -29.910  -45.452  80.157 0.0000000000
43058  -17.464  -52.658  81.892 0.0000000000
43066  -17.692  -52.086  81.397 0.0000000000
49356  -28.263  -45.379  80.876 0.0000000000
44052  -16.426  -51.207  81.634 0.0000000000
60956  -36.390  -33.501  68.691 0.0000000000
69328  -39.735  -23.839  68.540 0.0000000000
69327  -39.341  -24.446  67.782 0.0000000000
68447  -39.798  -24.700  66.973 0.0000000000
139458  -40.135  -24.107  66.990 0.0000000000
70200  -40.499  -23.640  67.152 0.0000000000
60918  -29.658  -33.269  71.329 0.0000000000
44081  -24.641  -51.716  78.150 0.0000000000
139648  -24.500  -52.526  78.403 0.0000000000
42078  -10.640  -53.376  85.296 0.0000000000
144552  -10.964  -53.576  84.655 0.0000000000
130820  -48.595  -24.166  64.735 0.0000000000
69356  -49.172  -24.573  64.229 0.0000000000
50303  -32.368  -44.778  78.504 0.0000000000
51341  -32.706  -44.104  78.076 0.0000000000
140175  -31.777  -44.265  77.255 0.0000000000
46821  -26.386  -47.931  79.551 0.0000000000
137524  -26.818  -48.523  80.259 0.0000000000
142652  -13.389  -51.313  83.495 0.0000000000
43039  -12.702  -51.678  83.925 0.0000000000
43054  -13.607  -52.838  82.550 0.0000000000
50299  -25.423  -43.778  78.949 0.0000000000
45921  -17.831  -48.905  80.060 0.0000000000
45947  -21.672  -49.478  78.814 0.0000000000
45977  -21.643  -49.785  77.124 0.0000000000
45964  -22.049  -49.235  77.766 0.0000000000
47650  -22.738  -46.838  80.939 0.0000000000
47660  -22.810  -46.652  80.143 0.0000000000
48499  -23.102  -46.421  79.582 0.0000000000
48509  -23.537  -46.590  79.142 0.0000000000
48488  -22.927  -45.896  80.024 0.0000000000
51330  -24.016  -42.743  79.650 0.0000000000
56429  -35.669  -38.996  67.945 0.0000000000
55484  -37.143  -39.574  68.233 0.0000000000
56430  -36.614  -38.802  67.849 0.0000000000
59996  -40.709  -34.715  67.467 0.0000000000
64642  -36.443  -29.442  69.501 0.0000000000
63724  -36.817  -30.369  68.353 0.0000000000
122980  -40.793  -29.314  67.862 0.0000000000
64666  -40.938  -29.964  68.009 0.0000000000
62838  -41.891  -30.996  68.215 0.0000000000
126049  -45.563  -23.523  65.380 0.0000000000
36671  -7.734  -59.400  85.657 0.0000000000
35687  -8.182  -60.413  85.313 0.0000000000
50334  -26.365  -44.079  75.971 0.0000000000
135076  -27.852  -42.771  72.958 0.0000000000
52426  -28.044  -42.130  72.679 0.0000000000
52417  -29.505  -42.212  73.261 0.0000000000
53486  -28.282  -41.378  72.613 0.0000000000
58127  -28.731  -36.554  72.763 0.0000000000
56362  -29.429  -37.240  73.686 0.0000000000
57280  -30.089  -36.929  74.100 0.0000000000
55466  -31.644  -39.245  70.157 0.0000000000
55436  -31.538  -39.158  71.003 0.0000000000
55467  -32.377  -39.668  69.721 0.0000000000
141424  -32.033  -39.082  69.337 0.0000000000
43088  -20.154  -52.657  78.993 0.0000000000
42131  -19.913  -52.778  79.870 0.0000000000
42143  -20.552  -53.274  79.495 0.0000000000
38561  -10.727  -57.478  84.098 0.0000000000
37585  -10.687  -58.991  84.749 0.0000000000
39520  -13.152  -56.195  83.562 0.0000000000
34626  -5.855  -61.011  86.805 0.0000000000
49384  -31.097  -45.405  78.780 0.0000000000
41215  -17.750  -54.319  83.697 0.0000000000
42113  -18.407  -53.272  82.374 0.0000000000
42101  -18.949  -53.753  82.994 0.0000000000
41231  -19.765  -53.779  82.915 0.0000000000
48491  -27.222  -45.961  81.082 0.0000000000
47653  -27.486  -47.480  81.339 0.0000000000
46777  -15.484  -48.353  82.952 0.0000000000
135665  -14.827  -50.981  82.329 0.0000000000
44028  -14.019  -51.172  82.715 0.0000000000
42111  -16.571  -53.550  82.453 0.0000000000
42098  -16.521  -54.131  82.899 0.0000000000
53354  -24.525  -41.605  80.534 0.0000000000
53376  -24.631  -41.739  79.753 0.0000000000
51297  -22.706  -43.996  82.018 0.0000000000
53330  -24.582  -41.583  81.824 0.0000000000
53339  -23.923  -41.660  80.813 0.0000000000
51324  -23.597  -42.473  80.182 0.0000000000
58198  -36.180  -36.342  67.261 0.0000000000
59059  -36.552  -35.583  67.212 0.0000000000
59993  -37.506  -34.262  67.311 0.0000000000
127386  -37.662  -34.906  67.121 0.0000000000
59994  -38.287  -34.560  67.093 0.0000000000
67498  -37.511  -26.807  68.713 0.0000000000
68439  -37.714  -26.019  68.964 0.0000000000
67505  -39.319  -26.261  67.110 0.0000000000
66575  -38.568  -26.773  67.579 0.0000000000
66576  -39.334  -27.022  67.173 0.0000000000
65635  -39.625  -28.208  67.503 0.0000000000
66577  -40.011  -27.620  67.245 0.0000000000
120778  -40.912  -28.001  67.351 0.0000000000
66585  -40.605  -27.316  66.898 0.0000000000
66586  -41.167  -27.181  66.533 0.0000000000
67512  -41.613  -27.074  66.063 0.0000000000
138282  -42.043  -26.737  65.569 0.0000000000
67520  -42.846  -26.766  65.143 0.0000000000
69338  -41.961  -23.686  66.117 0.0000000000
69342  -42.169  -24.465  65.658 0.0000000000
54367  -26.710  -40.967  76.367 0.0000000000
53448  -26.238  -41.409  75.536 0.0000000000
55379  -26.083  -39.485  75.292 0.0000000000
54392  -26.027  -40.148  74.403 0.0000000000
55390  -25.791  -39.123  74.510 0.0000000000
133577  -28.154  -33.648  72.192 0.0000000000
58980  -28.141  -35.064  71.855 0.0000000000
58995  -28.855  -35.145  71.429 0.0000000000
58145  -29.013  -36.088  71.796 0.0000000000
59009  -30.065  -35.545  70.539 0.0000000000
59026  -30.464  -36.263  70.299 0.0000000000
59027  -31.162  -36.150  69.868 0.0000000000
59010  -30.795  -35.492  70.183 0.0000000000
137311  -31.962  -34.293  70.301 0.0000000000
42163  -21.909  -52.903  77.678 0.0000000000
42151  -22.330  -53.577  78.200 0.0000000000
42152  -23.174  -53.615  78.270 0.0000000000
41263  -24.607  -54.356  79.506 0.0000000000
41262  -23.813  -54.621  79.246 0.0000000000
40341  -10.071  -55.028  84.565 0.0000000000
39504  -10.192  -56.767  84.115 0.0000000000
31937  -4.817  -64.126  87.136 0.0000000000
131789  -3.714  -64.495  87.261 0.0000000000
121488  -33.027  -43.415  77.579 0.0000000000
51354  -33.657  -42.944  77.934 0.0000000000
52379  -33.351  -42.592  77.004 0.0000000000
45045  -26.047  -49.944  78.633 0.0000000000
45034  -26.100  -50.534  79.159 0.0000000000
42088  -11.941  -52.889  83.788 0.0000000000
41227  -12.704  -53.856  82.755 0.0000000000
41213  -13.986  -54.746  82.862 0.0000000000
128106  -14.939  -53.372  82.306 0.0000000000
42109  -14.033  -53.432  82.412 0.0000000000
40376  -15.080  -55.343  83.934 0.0000000000
49355  -27.543  -44.923  80.409 0.0000000000
50290  -27.824  -44.834  79.441 0.0000000000
51351  -25.477  -42.962  77.329 0.0000000000
137667  -25.237  -41.691  79.291 0.0000000000
53399  -25.507  -41.815  78.514 0.0000000000
53401  -27.596  -41.139  77.741 0.0000000000
53418  -26.788  -41.546  77.159 0.0000000000
146212  -26.694  -41.500  76.841 0.0000000000
53437  -26.430  -41.561  76.407 0.0000000000
45033  -18.244  -49.908  79.303 0.0000000000
44070  -19.139  -51.519  78.941 0.0000000000
44078  -19.005  -50.873  78.659 0.0000000000
45976  -20.835  -49.993  77.464 0.0000000000
45043  -20.080  -50.094  77.910 0.0000000000
44080  -20.185  -51.525  77.978 0.0000000000
135301  -21.333  -51.236  76.961 0.0000000000
45053  -22.303  -50.119  76.729 0.0000000000
138733  -22.649  -50.889  76.741 0.0000000000
44093  -23.566  -51.178  76.996 0.0000000000
139605  -23.301  -50.195  76.713 0.0000000000
123943  -23.143  -48.290  79.494 0.0000000000
46807  -23.373  -48.611  80.652 0.0000000000
46820  -22.946  -48.966  79.305 0.0000000000
133864  -24.039  -48.011  77.473 0.0000000000
46843  -23.583  -48.718  76.987 0.0000000000
46844  -24.390  -48.612  77.117 0.0000000000
46845  -25.115  -48.585  77.452 0.0000000000
48511  -24.850  -46.873  78.710 0.0000000000
50269  -23.009  -44.376  80.507 0.0000000000
50271  -25.041  -44.506  79.983 0.0000000000
49353  -24.437  -45.051  79.964 0.0000000000
50273  -26.802  -44.867  80.521 0.0000000000
46803  -16.907  -48.598  81.264 0.0000000000
46789  -16.220  -48.654  81.771 0.0000000000
54474  -37.133  -40.722  69.930 0.0000000000
55485  -38.640  -39.772  68.574 0.0000000000
55469  -39.305  -40.074  68.994 0.0000000000
57358  -37.776  -36.867  67.236 0.0000000000
56447  -37.929  -37.589  67.485 0.0000000000
57359  -38.553  -36.961  67.378 0.0000000000
121525  -36.470  -32.176  69.361 0.0000000000
61951  -36.629  -32.762  68.536 0.0000000000
126679  -36.743  -31.834  68.358 0.0000000000
62837  -37.051  -31.152  68.025 0.0000000000
131932  -37.368  -31.946  67.783 0.0000000000
61963  -38.204  -32.048  67.442 0.0000000000
139188  -38.437  -32.821  67.343 0.0000000000
65633  -37.837  -28.951  67.936 0.0000000000
125022  -38.773  -30.147  67.555 0.0000000000
62852  -40.498  -31.469  67.671 0.0000000000
135158  -39.700  -31.216  67.518 0.0000000000
131340  -39.827  -32.079  67.410 0.0000000000
141438  -39.625  -32.785  67.314 0.0000000000
61965  -40.300  -32.717  67.427 0.0000000000
128543  -40.725  -33.245  67.426 0.0000000000
61966  -41.073  -32.577  67.598 0.0000000000
60958  -43.538  -33.001  67.999 0.0000000000
67523  -44.308  -26.494  64.647 0.0000000000
68462  -45.586  -25.854  64.512 0.0000000000
66607  -46.531  -27.437  64.525 0.0000000000
122361  -46.789  -26.513  64.422 0.0000000000
69346  -46.531  -24.163  64.918 0.0000000000
69355  -46.970  -24.687  64.672 0.0000000000
69347  -47.201  -23.998  64.983 0.0000000000
35674  -6.732  -60.315  86.430 0.0000000000
144254  -6.746  -61.458  86.189 0.0000000000
34640  -8.939  -61.719  86.070 0.0000000000
33674  -8.425  -62.377  86.698 0.0000000000
33673  -7.517  -62.507  86.391 0.0000000000
32819  -7.121  -63.097  86.810 0.0000000000
33672  -6.660  -62.492  86.381 0.0000000000
49381  -28.709  -44.998  77.991 0.0000000000
49413  -29.658  -44.927  76.985 0.0000000000
125899  -29.641  -44.698  76.275 0.0000000000
52402  -26.367  -42.757  74.272 0.0000000000
50365  -27.002  -44.017  74.474 0.0000000000
51382  -26.855  -43.395  74.019 0.0000000000
142280  -28.967  -43.589  73.690 0.0000000000
51385  -29.158  -44.035  74.408 0.0000000000
50352  -30.069  -44.291  75.717 0.0000000000
51373  -30.825  -43.760  75.478 0.0000000000
51364  -31.384  -43.766  76.079 0.0000000000
51387  -30.966  -43.292  74.857 0.0000000000
52403  -30.896  -42.123  73.955 0.0000000000
52404  -31.471  -42.533  74.668 0.0000000000
53462  -31.543  -41.498  74.397 0.0000000000
58939  -25.763  -36.129  75.145 0.0000000000
57260  -25.604  -36.977  75.214 0.0000000000
57266  -25.494  -37.297  74.444 0.0000000000
56360  -25.694  -38.632  73.837 0.0000000000
56361  -25.909  -38.119  73.355 0.0000000000
59897  -26.639  -34.153  73.480 0.0000000000
123926  -26.290  -34.890  73.433 0.0000000000
58978  -26.416  -35.580  73.090 0.0000000000
56374  -27.365  -38.040  72.787 0.0000000000
131553  -27.349  -38.930  72.736 0.0000000000
55423  -28.772  -39.540  72.953 0.0000000000
55409  -30.114  -39.306  74.181 0.0000000000
54381  -31.981  -39.963  75.217 0.0000000000
55393  -31.473  -39.051  75.386 0.0000000000
57268  -31.820  -36.855  75.022 0.0000000000
125364  -30.066  -36.720  72.733 0.0000000000
56377  -32.358  -38.888  72.372 0.0000000000
55410  -33.067  -39.111  72.908 0.0000000000
54451  -34.188  -40.707  71.161 0.0000000000
121379  -34.822  -40.620  71.874 0.0000000000
54472  -35.077  -40.780  71.001 0.0000000000
121229  -35.968  -40.755  70.887 0.0000000000
55480  -33.581  -39.718  68.735 0.0000000000
55481  -34.398  -39.793  68.508 0.0000000000
55482  -35.281  -39.780  68.332 0.0000000000
58170  -32.100  -36.864  69.043 0.0000000000
58182  -33.519  -36.036  68.590 0.0000000000
57343  -33.484  -37.162  68.183 0.0000000000
57344  -34.299  -37.312  67.804 0.0000000000
58196  -34.783  -36.794  67.686 0.0000000000
140277  -18.281  -52.187  81.100 0.0000000000
42132  -20.294  -53.387  80.553 0.0000000000
42123  -19.655  -53.237  81.433 0.0000000000
42124  -20.363  -53.681  81.422 0.0000000000
41241  -20.921  -54.003  81.991 0.0000000000
139344  -22.150  -54.694  80.057 0.0000000000
43077  -25.476  -52.638  80.032 0.0000000000
38526  -7.671  -57.773  86.198 0.0000000000
40339  -8.761  -55.536  85.804 0.0000000000
36688  -9.431  -59.315  84.830 0.0000000000
36673  -9.368  -60.006  85.041 0.0000000000
144368  -9.851  -59.672  84.898 0.0000000000
41210  -11.429  -54.772  83.447 0.0000000000
38575  -12.052  -56.809  83.756 0.0000000000
38574  -11.438  -57.076  83.829 0.0000000000
69350  -50.440  -23.268  65.237 0.0000000000
31034  -2.249  -65.745  87.166 0.0000000000
42112  -17.432  -53.324  82.416 0.0000000000
145689  -17.884  -52.963  82.142 0.0000000000
49334  -27.910  -45.908  81.345 0.0000000000
45004  -15.729  -49.523  81.918 0.0000000000
138032  -15.648  -50.627  81.952 0.0000000000
53331  -25.509  -41.669  81.859 0.0000000000
59984  -36.016  -34.836  67.589 0.0000000000
59992  -36.744  -34.150  67.601 0.0000000000
68443  -38.273  -25.530  68.482 0.0000000000
69322  -38.740  -24.974  68.023 0.0000000000
67511  -40.169  -26.438  66.650 0.0000000000
67510  -39.708  -25.618  66.813 0.0000000000
68450  -40.317  -25.481  66.470 0.0000000000
68451  -41.010  -25.363  66.077 0.0000000000
68456  -41.735  -25.279  65.674 0.0000000000
70210  -41.202  -23.672  66.638 0.0000000000
56330  -26.570  -39.031  76.710 0.0000000000
56329  -26.101  -38.128  76.566 0.0000000000
60917  -28.843  -33.508  71.730 0.0000000000
59932  -29.166  -34.139  71.248 0.0000000000
59933  -29.817  -34.020  70.806 0.0000000000
59951  -31.359  -34.770  70.171 0.0000000000
43097  -23.627  -52.772  78.005 0.0000000000
143560  -24.635  -53.115  78.744 0.0000000000
138185  -24.673  -53.584  79.056 0.0000000000
41209  -10.729  -54.928  83.936 0.0000000000
68465  -48.714  -25.603  63.918 0.0000000000
31037  -5.331  -64.803  87.547 0.0000000000
31030  -4.869  -65.378  87.813 0.0000000000
31029  -4.087  -65.779  87.773 0.0000000000
51342  -33.383  -43.724  78.361 0.0000000000
45949  -26.425  -49.748  79.226 0.0000000000
45928  -26.852  -49.535  79.977 0.0000000000
44972  -14.152  -49.885  83.795 0.0000000000
44957  -13.590  -50.546  84.231 0.0000000000
44944  -13.400  -50.453  85.147 0.0000000000
43046  -12.515  -52.498  83.514 0.0000000000
42096  -12.350  -53.218  83.158 0.0000000000
41196  -15.934  -55.079  83.915 0.0000000000
45920  -17.215  -49.067  80.682 0.0000000000
45018  -17.617  -49.753  80.125 0.0000000000
45943  -18.158  -49.248  79.585 0.0000000000
45944  -18.792  -49.171  79.068 0.0000000000
45946  -20.491  -49.401  78.649 0.0000000000
45052  -21.405  -50.412  76.934 0.0000000000
47661  -23.125  -47.575  80.237 0.0000000000
138013  -23.268  -47.572  78.735 0.0000000000
47680  -24.397  -47.325  78.121 0.0000000000
48510  -24.233  -46.628  78.906 0.0000000000
137949  -23.355  -43.384  80.285 0.0000000000
54503  -36.839  -40.173  68.647 0.0000000000
54490  -37.464  -40.486  69.138 0.0000000000
128740  -37.963  -39.336  68.233 0.0000000000
56432  -38.768  -38.926  68.186 0.0000000000
128957  -38.795  -35.858  67.119 0.0000000000
58201  -39.284  -36.456  67.429 0.0000000000
62816  -36.339  -30.855  69.944 0.0000000000
63713  -36.389  -30.345  69.134 0.0000000000
63732  -37.425  -30.534  67.869 0.0000000000
129790  -39.341  -28.859  67.618 0.0000000000
64665  -39.482  -29.563  67.633 0.0000000000
63735  -40.358  -30.627  67.744 0.0000000000
62853  -41.310  -31.753  67.866 0.0000000000
62854  -42.126  -31.718  68.140 0.0000000000
69343  -43.698  -24.881  64.931 0.0000000000
69352  -44.517  -25.008  64.724 0.0000000000
69345  -45.825  -24.283  64.892 0.0000000000
139027  -46.197  -23.704  65.240 0.0000000000
37570  -7.170  -58.520  86.443 0.0000000000
50320  -27.876  -44.790  77.496 0.0000000000
50336  -27.972  -44.788  76.574 0.0000000000
135030  -28.350  -44.707  75.790 0.0000000000
52414  -26.649  -42.352  73.534 0.0000000000
51383  -27.538  -43.727  73.902 0.0000000000
51402  -28.206  -43.382  73.397 0.0000000000
145237  -28.809  -43.222  73.389 0.0000000000
51404  -29.756  -43.411  73.980 0.0000000000
52418  -30.085  -42.623  73.705 0.0000000000
53478  -30.254  -41.673  73.540 0.0000000000
58951  -25.630  -35.994  74.334 0.0000000000
58979  -27.224  -35.688  72.547 0.0000000000
58126  -27.694  -36.457  72.542 0.0000000000
57289  -28.078  -37.130  72.738 0.0000000000
56375  -28.487  -37.707  73.106 0.0000000000
55407  -29.035  -38.182  73.516 0.0000000000
55391  -30.047  -37.976  74.839 0.0000000000
140394  -31.241  -37.846  75.657 0.0000000000
56347  -30.813  -37.435  75.238 0.0000000000
57267  -31.159  -36.912  74.904 0.0000000000
57282  -31.261  -36.923  74.337 0.0000000000
56389  -31.129  -38.197  71.750 0.0000000000
55437  -32.149  -39.559  71.401 0.0000000000
54449  -32.705  -40.191  71.019 0.0000000000
132999  -33.483  -40.529  70.422 0.0000000000
141649  -33.974  -40.518  69.665 0.0000000000
55468  -33.256  -40.103  69.451 0.0000000000
56426  -33.235  -39.070  68.427 0.0000000000
136591  -32.656  -35.350  69.533 0.0000000000
59043  -32.698  -36.030  69.044 0.0000000000
59044  -34.324  -35.636  68.415 0.0000000000
43076  -19.229  -52.349  80.166 0.0000000000
39503  -9.461  -56.863  84.558 0.0000000000
36689  -10.052  -59.141  84.572 0.0000000000
40372  -11.858  -55.517  83.331 0.0000000000
39505  -12.689  -56.751  83.975 0.0000000000
49385  -31.898  -45.305  78.995 0.0000000000
50302  -31.619  -45.034  78.261 0.0000000000
41198  -17.522  -54.681  84.435 0.0000000000
41199  -18.234  -54.462  84.395 0.0000000000
47663  -26.894  -47.666  80.826 0.0000000000
51338  -24.613  -42.468  79.014 0.0000000000
49321  -22.538  -45.421  82.028 0.0000000000
49333  -22.501  -45.372  81.254 0.0000000000
49351  -22.775  -45.256  80.593 0.0000000000
50250  -22.502  -44.724  81.654 0.0000000000
139108  -22.567  -44.076  81.341 0.0000000000
51314  -23.013  -42.499  81.479 0.0000000000
51323  -22.934  -42.858  80.743 0.0000000000
131917  -35.851  -37.636  67.478 0.0000000000
56446  -36.558  -37.880  67.483 0.0000000000
57357  -36.463  -37.048  67.304 0.0000000000
58200  -38.080  -36.189  67.093 0.0000000000
59060  -37.419  -35.527  67.086 0.0000000000
59995  -38.982  -35.078  67.040 0.0000000000
129125  -39.212  -34.123  67.062 0.0000000000
66561  -36.799  -28.063  68.981 0.0000000000
66562  -37.275  -27.646  68.581 0.0000000000
65618  -37.745  -27.974  68.004 0.0000000000
67499  -37.983  -26.304  68.189 0.0000000000
133012  -38.305  -27.500  67.716 0.0000000000
65634  -38.629  -28.278  67.673 0.0000000000
124540  -40.166  -28.944  67.669 0.0000000000
137646  -41.460  -29.348  67.972 0.0000000000
65636  -41.090  -28.664  67.685 0.0000000000
131954  -41.651  -28.361  67.427 0.0000000000
144316  -40.727  -26.879  66.585 0.0000000000
66579  -42.041  -28.238  67.119 0.0000000000
68458  -43.041  -25.657  64.946 0.0000000000
68457  -42.396  -25.217  65.361 0.0000000000
70222  -43.665  -23.943  65.372 0.0000000000
35688  -8.831  -60.395  85.204 0.0000000000
52386  -25.858  -42.782  75.823 0.0000000000
125566  -26.103  -43.582  75.414 0.0000000000
52395  -25.993  -42.843  75.024 0.0000000000
54380  -26.357  -40.486  75.544 0.0000000000
120849  -26.135  -41.141  74.647 0.0000000000
53460  -26.205  -41.692  73.907 0.0000000000
144160  -26.429  -40.729  73.251 0.0000000000
54430  -26.572  -40.384  72.993 0.0000000000
60863  -27.161  -33.396  73.861 0.0000000000
133264  -28.141  -33.184  72.797 0.0000000000
136077  -27.578  -35.120  72.230 0.0000000000
142004  -28.642  -36.303  72.430 0.0000000000
58128  -29.051  -36.453  72.616 0.0000000000
57292  -30.111  -36.742  73.532 0.0000000000
57305  -29.819  -36.838  71.792 0.0000000000
59008  -29.422  -35.725  71.080 0.0000000000
57318  -30.121  -36.967  70.778 0.0000000000
57319  -30.773  -37.802  70.327 0.0000000000
57330  -31.249  -37.717  69.619 0.0000000000
143942  -31.921  -38.560  69.165 0.0000000000
127575  -31.496  -37.236  69.393 0.0000000000
58169  -31.496  -36.642  69.511 0.0000000000
59970  -32.174  -34.922  69.936 0.0000000000
42144  -21.257  -53.682  79.110 0.0000000000
41260  -22.010  -54.039  78.812 0.0000000000
41261  -22.562  -54.641  79.362 0.0000000000
41268  -23.531  -54.195  78.737 0.0000000000
133230  -23.188  -54.621  79.071 0.0000000000
40340  -9.393  -55.214  85.223 0.0000000000
39507  -14.119  -56.221  84.796 0.0000000000
33671  -5.884  -62.459  86.630 0.0000000000
32811  -3.565  -63.094  87.464 0.0000000000
33659  -3.012  -62.658  87.708 0.0000000000
140630  -36.445  -31.599  69.896 0.0000000000
64630  -36.470  -29.216  70.349 0.0000000000
65599  -36.659  -28.519  70.478 0.0000000000
44071  -25.649  -51.244  78.959 0.0000000000
44072  -25.960  -51.208  79.782 0.0000000000
43015  -12.073  -51.417  86.198 0.0000000000
43014  -11.531  -52.047  85.666 0.0000000000
42087  -11.360  -53.258  84.144 0.0000000000
69349  -49.470  -23.686  64.893 0.0000000000
49369  -29.050  -45.317  80.023 0.0000000000
128818  -27.060  -44.546  78.032 0.0000000000
53400  -26.583  -41.541  77.995 0.0000000000
51361  -25.772  -43.167  76.460 0.0000000000
54368  -27.251  -40.588  76.956 0.0000000000
53439  -27.629  -40.837  77.502 0.0000000000
44053  -17.318  -51.353  81.160 0.0000000000
44061  -18.211  -51.299  79.977 0.0000000000
43086  -18.817  -51.724  79.630 0.0000000000
45945  -19.548  -49.151  78.881 0.0000000000
45042  -19.456  -50.428  78.335 0.0000000000
44079  -19.569  -51.225  78.413 0.0000000000
43095  -20.448  -52.355  78.186 0.0000000000
43096  -21.126  -52.686  77.821 0.0000000000
43104  -22.367  -52.248  77.262 0.0000000000
44092  -22.073  -51.506  76.880 0.0000000000
43105  -23.190  -52.127  77.416 0.0000000000
44094  -24.493  -51.129  77.492 0.0000000000
45948  -22.440  -49.279  79.138 0.0000000000
134810  -23.286  -48.284  77.634 0.0000000000
44095  -25.083  -50.412  77.640 0.0000000000
45965  -25.639  -49.754  77.985 0.0000000000
46832  -25.671  -48.216  78.006 0.0000000000
46833  -26.212  -48.339  78.731 0.0000000000
48501  -24.874  -46.027  79.555 0.0000000000
47662  -26.482  -47.043  80.366 0.0000000000
46788  -15.659  -48.726  82.268 0.0000000000
137960  -38.527  -40.567  69.715 0.0000000000
136425  -37.298  -38.135  67.595 0.0000000000
56431  -38.005  -38.434  67.862 0.0000000000
57360  -39.388  -37.348  67.757 0.0000000000
64650  -37.233  -29.677  68.180 0.0000000000
63733  -38.144  -30.710  67.559 0.0000000000
129108  -38.907  -30.936  67.455 0.0000000000
62850  -38.370  -31.349  67.466 0.0000000000
61964  -39.020  -32.445  67.296 0.0000000000
60969  -39.934  -33.414  67.265 0.0000000000
130053  -40.191  -34.120  67.254 0.0000000000
59997  -41.617  -34.646  67.671 0.0000000000
138775  -42.591  -33.078  67.833 0.0000000000
67526  -48.197  -26.652  64.104 0.0000000000
68464  -47.074  -25.538  64.465 0.0000000000
121099  -47.932  -25.592  64.233 0.0000000000
70226  -48.111  -23.248  65.741 0.0000000000
35664  -6.005  -60.172  87.061 0.0000000000
34637  -6.254  -61.711  86.416 0.0000000000
34651  -7.918  -61.123  85.516 0.0000000000
32804  -6.786  -63.959  87.825 0.0000000000
31931  -6.172  -64.597  88.038 0.0000000000
122937  -29.700  -45.362  79.233 0.0000000000
49396  -29.336  -45.096  77.622 0.0000000000
50322  -31.363  -44.766  77.533 0.0000000000
50348  -26.650  -44.179  75.142 0.0000000000
143598  -27.259  -44.402  74.956 0.0000000000
50350  -28.768  -44.463  75.119 0.0000000000
50337  -29.218  -44.621  75.746 0.0000000000
50338  -30.322  -44.620  76.483 0.0000000000
50339  -31.173  -44.384  76.741 0.0000000000
121358  -31.899  -43.788  76.747 0.0000000000
52387  -32.071  -43.205  76.101 0.0000000000
52388  -32.724  -42.544  76.229 0.0000000000
52397  -32.813  -41.504  75.799 0.0000000000
56328  -25.816  -37.571  75.866 0.0000000000
58087  -25.955  -36.704  75.875 0.0000000000
56337  -25.723  -38.193  75.493 0.0000000000
56345  -25.579  -38.225  74.633 0.0000000000
55406  -26.304  -39.599  73.217 0.0000000000
58111  -25.977  -36.416  73.426 0.0000000000
58125  -26.719  -36.449  72.791 0.0000000000
57278  -25.689  -37.257  73.655 0.0000000000
56373  -26.490  -38.789  72.970 0.0000000000
55421  -26.845  -39.708  72.800 0.0000000000
54432  -28.049  -40.596  72.580 0.0000000000
54433  -28.897  -40.776  72.836 0.0000000000
54413  -30.255  -40.583  73.669 0.0000000000
54394  -31.484  -40.451  74.621 0.0000000000
54382  -32.542  -40.342  75.533 0.0000000000
54369  -33.120  -40.274  76.095 0.0000000000
56339  -31.988  -37.846  76.058 0.0000000000
56364  -31.642  -37.783  73.034 0.0000000000
54473  -36.238  -40.772  70.045 0.0000000000
54488  -35.611  -40.588  69.376 0.0000000000
54487  -34.736  -40.604  69.515 0.0000000000
54502  -35.901  -40.242  68.725 0.0000000000
56445  -35.235  -38.266  67.683 0.0000000000
56416  -32.442  -38.617  68.731 0.0000000000
133238  -33.209  -38.201  68.259 0.0000000000
56427  -33.854  -38.641  68.057 0.0000000000
56444  -34.452  -38.121  67.758 0.0000000000
58197  -35.446  -36.554  67.482 0.0000000000
59972  -35.455  -34.560  68.396 0.0000000000
42122  -18.918  -53.025  81.812 0.0000000000
125290  -21.546  -54.386  80.461 0.0000000000
41242  -21.493  -54.494  81.331 0.0000000000
41243  -22.158  -54.930  81.663 0.0000000000
138334  -21.548  -54.519  82.119 0.0000000000
41234  -22.051  -54.818  82.685 0.0000000000
43098  -25.102  -51.888  78.756 0.0000000000
37584  -8.297  -58.729  85.347 0.0000000000
38544  -8.788  -57.004  85.074 0.0000000000
36674  -10.358  -59.621  85.025 0.0000000000
128696  -13.593  -56.720  85.257 0.0000000000
136331  -12.899  -57.030  84.827 0.0000000000
38545  -11.807  -57.962  85.031 0.0000000000
30077  -2.646  -66.628  87.824 0.0000000000
31035  -3.060  -65.946  87.597 0.0000000000
31936  -2.628  -64.667  87.220 0.0000000000
31033  -1.731  -65.283  86.840 0.0000000000
31934  -1.467  -64.366  86.787 0.0000000000
32808  -1.606  -63.527  86.870 0.0000000000
41269  -24.175  -54.105  78.952 0.0000000000
50349  -27.932  -44.542  75.090 0.0000000000
50367  -28.393  -44.286  74.598 0.0000000000
51401  -27.260  -43.034  73.396 0.0000000000
51403  -29.329  -43.027  73.471 0.0000000000
52345  -23.976  -41.836  80.207 0.0000000000
53341  -25.021  -41.514  81.080 0.0000000000
53476  -26.635  -41.341  73.034 0.0000000000
53487  -28.867  -41.778  72.861 0.0000000000
54431  -27.088  -40.588  72.647 0.0000000000
54491  -38.406  -40.396  69.116 0.0000000000
55405  -25.919  -39.448  73.765 0.0000000000
56338  -25.999  -38.787  75.967 0.0000000000
56363  -29.772  -37.560  74.291 0.0000000000
57279  -26.229  -37.250  73.076 0.0000000000
58095  -25.552  -36.566  74.650 0.0000000000
58952  -25.843  -35.358  74.598 0.0000000000
59896  -26.064  -34.693  74.062 0.0000000000
61952  -42.910  -32.176  68.304 0.0000000000
65598  -36.509  -28.809  69.835 0.0000000000
65616  -36.621  -28.755  69.127 0.0000000000
67524  -45.820  -26.778  64.476 0.0000000000
68461  -44.789  -25.764  64.571 0.0000000000
135092  -25.574  -37.923  73.877 0.0000000000
139052  -41.572  -33.180  67.594 0.0000000000
139696  -26.264  -42.207  74.128 0.0000000000
141073  -31.954  -40.830  74.891 0.0000000000
144203  -25.875  -38.170  76.002 0.0000000000
145506  -27.847  -38.353  72.795 0.0000000000
146088  -41.256  -26.722  66.206 0.0000000000
