#!ascii label  , from subject sub-01 vox2ras=TkReg
478
81379  -17.348  -11.901  14.876 0.0000000000
76845  -15.605  -16.877  17.215 0.0000000000
76857  -21.263  -16.527  16.504 0.0000000000
72457  -19.143  -22.024  15.910 0.0000000000
90389  -21.894  -1.006  17.726 0.0000000000
88091  -23.811  -4.654  18.020 0.0000000000
84812  -14.154  -7.246  18.232 0.0000000000
67147  -18.818  -26.725  16.984 0.0000000000
74172  -16.778  -19.935  16.584 0.0000000000
72436  -16.688  -21.901  17.044 0.0000000000
88852  -22.748  -2.322  18.370 0.0000000000
87317  -19.836  -4.261  16.056 0.0000000000
81322  -14.361  -11.669  18.343 0.0000000000
83035  -11.690  -9.205  19.585 0.0000000000
83088  -15.291  -9.362  16.788 0.0000000000
135117  -19.241  -7.849  14.566 0.0000000000
126486  -21.152  -9.934  15.671 0.0000000000
80439  -21.587  -12.344  16.513 0.0000000000
139205  -13.977  -14.287  19.488 0.0000000000
78616  -15.787  -13.801  16.392 0.0000000000
78619  -19.507  -14.524  15.053 0.0000000000
76881  -18.095  -16.727  14.848 0.0000000000
140613  -20.012  -19.309  15.502 0.0000000000
135475  -22.388  -21.245  15.793 0.0000000000
86487  -14.940  -5.561  18.682 0.0000000000
86544  -19.560  -5.677  15.145 0.0000000000
85670  -24.637  -6.990  17.870 0.0000000000
69840  -16.344  -24.575  17.751 0.0000000000
69853  -18.537  -24.334  16.836 0.0000000000
72426  -15.668  -21.097  17.353 0.0000000000
71579  -15.602  -22.753  18.055 0.0000000000
88104  -19.535  -3.412  16.400 0.0000000000
87299  -17.147  -4.580  17.058 0.0000000000
81347  -15.907  -11.974  16.568 0.0000000000
82218  -14.586  -10.864  17.956 0.0000000000
82254  -16.600  -10.745  15.251 0.0000000000
83113  -17.484  -9.811  14.702 0.0000000000
82266  -18.715  -10.773  14.486 0.0000000000
82256  -21.370  -10.774  15.900 0.0000000000
80473  -20.052  -12.108  14.907 0.0000000000
135152  -14.397  -15.227  18.908 0.0000000000
78576  -14.778  -14.062  17.977 0.0000000000
139074  -15.784  -15.336  16.605 0.0000000000
77730  -16.984  -15.778  15.521 0.0000000000
76855  -16.234  -16.963  16.459 0.0000000000
73299  -17.539  -21.086  15.919 0.0000000000
121565  -17.882  -19.101  15.663 0.0000000000
127159  -18.821  -20.340  15.509 0.0000000000
133117  -21.300  -20.074  15.753 0.0000000000
72458  -20.270  -21.347  15.621 0.0000000000
89631  -20.545  -1.225  17.236 0.0000000000
141307  -19.077  -0.486  17.880 0.0000000000
127030  -20.457  0.109  17.331 0.0000000000
91882  -20.993  1.427  17.430 0.0000000000
137817  -23.109  0.030  18.773 0.0000000000
88076  -23.756  -3.847  18.379 0.0000000000
84797  -13.044  -7.959  19.675 0.0000000000
85608  -12.825  -7.004  20.312 0.0000000000
85623  -13.720  -6.283  19.303 0.0000000000
86527  -16.121  -5.431  16.174 0.0000000000
84854  -15.800  -6.696  16.082 0.0000000000
142184  -22.678  -8.230  16.647 0.0000000000
84857  -22.694  -7.243  16.973 0.0000000000
84818  -25.245  -7.616  18.117 0.0000000000
77734  -20.131  -15.703  15.737 0.0000000000
79521  -20.434  -14.069  15.910 0.0000000000
121383  -17.200  -26.546  17.539 0.0000000000
121714  -17.184  -25.366  17.505 0.0000000000
69842  -17.583  -24.193  17.304 0.0000000000
68985  -18.654  -24.994  16.905 0.0000000000
75103  -15.208  -18.239  17.447 0.0000000000
75114  -16.147  -18.342  16.705 0.0000000000
73290  -15.989  -20.202  17.087 0.0000000000
132293  -16.640  -21.112  16.567 0.0000000000
72445  -17.522  -21.734  16.344 0.0000000000
88870  -20.826  -1.935  17.222 0.0000000000
89633  -22.024  -1.874  17.834 0.0000000000
88871  -21.293  -2.620  16.979 0.0000000000
88089  -21.757  -3.534  16.915 0.0000000000
87319  -22.002  -4.762  17.033 0.0000000000
81295  -12.704  -11.759  19.619 0.0000000000
135361  -12.676  -10.390  19.565 0.0000000000
126620  -13.657  -9.000  18.956 0.0000000000
83903  -14.626  -8.171  17.397 0.0000000000
83924  -15.788  -7.470  16.344 0.0000000000
132231  -17.591  -9.004  14.896 0.0000000000
83116  -20.039  -9.187  14.924 0.0000000000
83089  -22.429  -9.058  16.563 0.0000000000
82224  -23.608  -10.521  17.529 0.0000000000
132014  -20.004  -27.994  16.975 0.0000000000
68031  -20.216  -26.241  16.748 0.0000000000
80385  -14.149  -13.072  19.118 0.0000000000
80416  -15.169  -12.777  17.776 0.0000000000
79556  -16.699  -13.313  15.039 0.0000000000
79558  -18.351  -13.170  14.574 0.0000000000
78636  -17.041  -14.062  14.739 0.0000000000
77748  -18.175  -15.372  14.681 0.0000000000
76883  -19.846  -16.487  15.703 0.0000000000
75127  -16.789  -18.278  15.981 0.0000000000
76010  -19.047  -17.882  15.656 0.0000000000
76012  -20.520  -17.796  15.849 0.0000000000
74191  -21.468  -19.152  15.896 0.0000000000
141273  -22.868  -19.985  16.175 0.0000000000
135863  -24.221  -1.093  19.249 0.0000000000
86506  -16.253  -4.916  16.777 0.0000000000
87331  -18.914  -5.048  15.808 0.0000000000
86532  -22.219  -6.069  16.722 0.0000000000
85709  -18.392  -6.840  14.634 0.0000000000
85688  -22.086  -6.565  16.617 0.0000000000
86492  -24.394  -5.869  18.109 0.0000000000
79543  -20.131  -13.379  15.315 0.0000000000
79523  -21.620  -13.209  16.902 0.0000000000
70685  -15.711  -23.796  18.188 0.0000000000
70698  -16.632  -23.753  17.525 0.0000000000
70711  -17.917  -23.176  16.943 0.0000000000
71604  -18.710  -23.131  16.406 0.0000000000
68986  -19.794  -25.436  16.461 0.0000000000
70714  -20.057  -24.037  15.803 0.0000000000
70726  -20.413  -23.253  15.741 0.0000000000
121771  -16.562  -4.642  17.357 0.0000000000
81366  -16.691  -11.774  15.252 0.0000000000
135299  -15.562  -11.215  16.578 0.0000000000
134136  -17.230  -11.178  14.855 0.0000000000
82265  -17.837  -10.651  14.656 0.0000000000
81380  -18.130  -11.546  14.703 0.0000000000
81382  -19.913  -11.452  14.598 0.0000000000
80471  -18.733  -12.317  14.732 0.0000000000
76844  -14.980  -16.790  17.907 0.0000000000
77694  -14.635  -15.919  18.454 0.0000000000
135214  -14.811  -15.007  18.237 0.0000000000
77695  -15.300  -15.855  17.582 0.0000000000
77707  -15.767  -16.260  16.758 0.0000000000
72456  -18.236  -21.710  15.980 0.0000000000
73300  -18.303  -20.972  15.620 0.0000000000
73301  -19.083  -21.116  15.617 0.0000000000
122475  -21.038  -0.759  17.362 0.0000000000
90387  -20.293  -0.570  17.258 0.0000000000
90388  -21.614  -0.214  17.765 0.0000000000
91106  -21.357  0.615  17.693 0.0000000000
91107  -22.355  0.332  18.351 0.0000000000
90373  -22.522  -0.482  18.441 0.0000000000
130238  -24.593  -3.397  18.805 0.0000000000
88077  -25.200  -4.089  18.873 0.0000000000
87287  -24.877  -5.016  18.453 0.0000000000
84811  -13.652  -7.671  18.830 0.0000000000
84783  -12.840  -7.460  20.081 0.0000000000
132412  -13.407  -7.063  19.430 0.0000000000
85609  -13.291  -6.482  19.961 0.0000000000
85641  -13.880  -6.748  18.715 0.0000000000
85642  -14.625  -6.580  18.214 0.0000000000
84832  -14.762  -7.247  17.592 0.0000000000
83909  -24.109  -8.113  17.488 0.0000000000
83908  -23.389  -7.913  17.139 0.0000000000
76856  -20.464  -16.255  16.122 0.0000000000
77709  -20.780  -15.625  16.270 0.0000000000
77710  -21.566  -15.673  16.740 0.0000000000
67135  -17.590  -27.187  17.382 0.0000000000
68017  -17.905  -26.394  17.273 0.0000000000
68016  -17.370  -25.915  17.474 0.0000000000
68028  -17.750  -25.522  17.338 0.0000000000
68984  -18.131  -24.978  17.163 0.0000000000
68029  -18.517  -25.672  17.141 0.0000000000
74162  -15.047  -18.674  17.911 0.0000000000
74163  -15.817  -19.105  17.394 0.0000000000
123841  -15.606  -19.774  17.651 0.0000000000
145516  -16.091  -21.525  17.234 0.0000000000
72443  -16.184  -21.075  16.866 0.0000000000
72444  -16.969  -21.660  16.641 0.0000000000
71601  -17.200  -22.287  16.923 0.0000000000
131751  -20.235  -2.476  16.972 0.0000000000
136183  -21.513  -2.135  17.384 0.0000000000
122466  -18.904  -3.803  16.333 0.0000000000
88105  -20.399  -3.845  16.417 0.0000000000
88106  -21.291  -4.282  16.642 0.0000000000
81307  -13.738  -11.683  18.936 0.0000000000
82202  -13.149  -11.068  19.216 0.0000000000
134927  -14.953  -10.115  17.399 0.0000000000
83067  -14.447  -9.889  17.922 0.0000000000
83068  -14.671  -9.107  17.309 0.0000000000
83048  -14.156  -8.885  18.089 0.0000000000
133579  -15.864  -8.651  16.379 0.0000000000
83936  -16.321  -9.068  15.847 0.0000000000
132818  -19.751  -10.049  14.549 0.0000000000
83115  -19.285  -9.275  14.584 0.0000000000
133538  -20.412  -9.973  15.087 0.0000000000
83102  -21.679  -9.068  16.075 0.0000000000
82242  -21.808  -9.951  16.313 0.0000000000
82244  -22.874  -9.640  17.197 0.0000000000
81368  -21.521  -11.556  16.162 0.0000000000
81349  -22.558  -11.269  17.092 0.0000000000
80417  -22.801  -11.958  17.365 0.0000000000
66236  -20.267  -28.443  17.518 0.0000000000
67127  -20.871  -27.934  18.005 0.0000000000
79465  -13.734  -13.747  19.702 0.0000000000
133335  -13.312  -13.082  20.000 0.0000000000
78592  -15.289  -13.893  17.351 0.0000000000
79499  -14.987  -13.388  17.910 0.0000000000
79520  -15.434  -13.253  17.231 0.0000000000
79540  -15.793  -13.131  16.508 0.0000000000
79541  -16.199  -13.250  15.799 0.0000000000
130286  -16.407  -13.986  15.412 0.0000000000
76880  -17.524  -16.281  15.106 0.0000000000
77731  -17.565  -15.539  14.931 0.0000000000
76896  -17.988  -16.018  14.774 0.0000000000
77732  -18.603  -15.987  14.963 0.0000000000
76882  -18.966  -16.828  15.200 0.0000000000
125118  -16.597  -19.052  16.738 0.0000000000
74186  -17.163  -19.181  16.202 0.0000000000
75129  -18.737  -18.831  15.473 0.0000000000
75130  -19.616  -18.697  15.532 0.0000000000
123429  -19.918  -18.041  15.685 0.0000000000
75132  -21.167  -18.285  15.915 0.0000000000
75131  -20.509  -18.679  15.622 0.0000000000
73303  -21.835  -20.676  15.812 0.0000000000
74192  -22.069  -19.993  16.176 0.0000000000
73304  -22.692  -20.596  15.989 0.0000000000
73293  -23.457  -20.312  16.126 0.0000000000
89617  -23.553  -1.685  18.880 0.0000000000
129450  -11.527  -10.253  19.818 0.0000000000
86458  -14.305  -4.685  20.531 0.0000000000
87298  -15.763  -5.085  17.376 0.0000000000
86488  -15.393  -5.367  18.057 0.0000000000
86541  -16.639  -5.607  15.869 0.0000000000
86542  -17.508  -5.595  15.703 0.0000000000
86543  -18.485  -5.597  15.329 0.0000000000
86545  -20.576  -5.607  15.833 0.0000000000
141571  -17.744  -7.653  15.001 0.0000000000
145314  -18.045  -7.233  14.735 0.0000000000
84876  -19.281  -7.037  14.510 0.0000000000
133786  -24.007  -7.111  17.532 0.0000000000
84855  -21.684  -7.047  16.328 0.0000000000
85668  -23.307  -6.883  17.339 0.0000000000
134496  -23.298  -6.440  17.374 0.0000000000
85650  -24.843  -6.364  18.190 0.0000000000
132068  -26.208  -6.270  18.890 0.0000000000
141670  -18.807  -13.841  14.616 0.0000000000
79559  -19.222  -13.053  14.617 0.0000000000
79542  -19.564  -13.768  14.869 0.0000000000
124432  -20.998  -13.737  16.498 0.0000000000
68974  -16.845  -25.051  17.576 0.0000000000
143481  -16.219  -23.086  17.567 0.0000000000
70700  -17.702  -23.592  17.182 0.0000000000
70712  -18.361  -23.516  16.746 0.0000000000
71603  -18.180  -22.799  16.617 0.0000000000
146140  -18.841  -23.735  16.467 0.0000000000
140055  -20.824  -23.816  15.876 0.0000000000
73276  -15.417  -20.451  17.961 0.0000000000
72425  -15.228  -21.180  18.459 0.0000000000
134641  -15.680  -21.785  17.873 0.0000000000
71591  -16.258  -22.268  17.442 0.0000000000
141373  -18.893  -3.095  16.551 0.0000000000
88103  -18.507  -3.427  16.742 0.0000000000
140415  -18.293  -4.050  16.618 0.0000000000
120688  -17.823  -4.558  16.630 0.0000000000
81323  -14.833  -11.713  17.964 0.0000000000
82217  -14.001  -11.021  18.505 0.0000000000
128631  -15.087  -11.043  17.372 0.0000000000
82241  -15.452  -10.330  16.718 0.0000000000
83099  -16.431  -9.865  15.557 0.0000000000
83112  -16.836  -10.001  14.948 0.0000000000
129794  -18.321  -10.122  14.495 0.0000000000
82268  -20.141  -10.795  14.608 0.0000000000
81383  -20.327  -11.457  14.930 0.0000000000
80457  -20.477  -12.083  15.272 0.0000000000
77681  -14.171  -15.854  19.205 0.0000000000
78575  -14.382  -14.390  18.815 0.0000000000
79479  -14.200  -13.792  19.070 0.0000000000
131277  -15.275  -14.748  17.470 0.0000000000
141225  -15.621  -14.464  16.744 0.0000000000
78617  -16.146  -14.630  16.037 0.0000000000
126558  -16.449  -15.339  15.913 0.0000000000
77708  -16.328  -16.051  16.125 0.0000000000
76879  -16.873  -16.586  15.629 0.0000000000
74187  -17.469  -20.085  16.014 0.0000000000
74188  -18.376  -19.730  15.557 0.0000000000
74189  -19.278  -19.490  15.442 0.0000000000
74190  -20.659  -19.599  15.587 0.0000000000
73302  -20.652  -20.365  15.594 0.0000000000
138296  -21.111  -20.751  15.630 0.0000000000
72459  -21.458  -21.354  15.667 0.0000000000
89630  -19.783  -1.767  17.509 0.0000000000
91126  -20.364  0.920  17.181 0.0000000000
131337  -23.857  0.162  19.032 0.0000000000
88873  -22.971  -3.334  17.982 0.0000000000
88853  -23.835  -2.696  18.682 0.0000000000
130083  -10.444  -6.511  21.704 0.0000000000
85594  -11.598  -5.910  21.296 0.0000000000
138037  -13.135  -6.382  20.276 0.0000000000
85624  -14.435  -5.995  18.883 0.0000000000
85643  -15.454  -5.558  17.524 0.0000000000
85664  -15.214  -6.386  17.618 0.0000000000
85686  -15.704  -6.072  16.250 0.0000000000
85696  -17.074  -6.249  15.582 0.0000000000
83939  -21.004  -7.999  15.782 0.0000000000
128447  -20.515  -7.649  15.336 0.0000000000
83926  -22.495  -7.678  16.609 0.0000000000
84837  -23.648  -7.435  17.349 0.0000000000
135669  -19.789  -15.073  15.330 0.0000000000
129902  -20.005  -14.295  15.312 0.0000000000
78593  -20.418  -14.930  15.752 0.0000000000
78594  -21.057  -14.765  16.485 0.0000000000
68015  -16.888  -25.903  17.652 0.0000000000
123988  -16.713  -25.503  17.696 0.0000000000
69841  -17.076  -24.413  17.437 0.0000000000
68975  -17.359  -24.796  17.408 0.0000000000
69854  -19.176  -24.828  16.553 0.0000000000
75102  -14.692  -17.595  17.987 0.0000000000
75978  -15.254  -17.651  17.350 0.0000000000
75988  -15.774  -17.700  16.842 0.0000000000
75113  -15.636  -18.319  17.103 0.0000000000
140954  -16.123  -18.895  17.102 0.0000000000
74171  -16.258  -19.677  16.986 0.0000000000
73284  -15.774  -20.592  17.229 0.0000000000
73291  -16.393  -20.537  16.727 0.0000000000
73292  -16.906  -20.765  16.362 0.0000000000
72446  -17.986  -22.222  16.415 0.0000000000
89632  -21.331  -1.484  17.384 0.0000000000
88872  -22.164  -2.783  17.406 0.0000000000
144275  -20.062  -3.077  16.577 0.0000000000
88088  -20.862  -3.252  16.670 0.0000000000
127475  -22.464  -3.955  17.333 0.0000000000
88090  -23.212  -4.378  17.711 0.0000000000
87301  -22.664  -5.255  17.358 0.0000000000
139842  -14.258  -10.471  18.244 0.0000000000
83047  -13.781  -10.005  18.960 0.0000000000
83036  -12.894  -9.423  19.695 0.0000000000
83882  -13.307  -8.516  19.436 0.0000000000
146302  -13.797  -8.367  18.588 0.0000000000
83883  -14.154  -7.955  18.073 0.0000000000
136628  -15.362  -7.477  16.967 0.0000000000
83937  -16.449  -8.128  15.803 0.0000000000
83947  -18.079  -8.391  14.845 0.0000000000
83100  -16.851  -9.187  15.147 0.0000000000
83948  -18.863  -8.478  14.619 0.0000000000
83949  -19.617  -8.468  14.721 0.0000000000
131818  -21.565  -8.362  15.983 0.0000000000
83090  -23.088  -8.568  16.986 0.0000000000
83074  -24.216  -9.072  17.742 0.0000000000
83073  -23.557  -9.378  17.508 0.0000000000
82225  -24.388  -10.148  17.773 0.0000000000
81348  -22.046  -10.838  16.623 0.0000000000
125024  -22.205  -17.305  16.679 0.0000000000
67137  -19.219  -27.708  17.022 0.0000000000
127026  -19.864  -27.058  16.939 0.0000000000
68030  -19.358  -26.064  16.900 0.0000000000
80384  -13.568  -12.390  19.464 0.0000000000
80397  -14.244  -12.332  18.658 0.0000000000
79498  -14.504  -13.565  18.436 0.0000000000
122617  -14.651  -12.843  18.285 0.0000000000
135124  -14.609  -12.223  18.252 0.0000000000
80438  -15.628  -12.630  17.068 0.0000000000
80455  -16.043  -12.611  16.177 0.0000000000
80470  -16.989  -12.573  14.892 0.0000000000
132590  -17.806  -12.462  14.692 0.0000000000
79557  -17.422  -13.273  14.664 0.0000000000
127880  -17.953  -13.971  14.581 0.0000000000
78638  -18.452  -14.599  14.634 0.0000000000
78618  -16.888  -14.890  15.282 0.0000000000
78637  -17.646  -14.770  14.678 0.0000000000
77749  -18.989  -15.118  14.983 0.0000000000
77733  -19.383  -15.864  15.321 0.0000000000
75989  -16.322  -17.744  16.363 0.0000000000
76007  -16.820  -17.405  15.717 0.0000000000
76008  -17.532  -17.711  15.379 0.0000000000
75128  -17.475  -18.490  15.665 0.0000000000
134562  -18.131  -18.234  15.375 0.0000000000
76009  -18.236  -17.399  15.129 0.0000000000
76011  -19.798  -17.307  15.702 0.0000000000
75990  -20.475  -16.964  16.104 0.0000000000
75991  -21.255  -17.527  16.299 0.0000000000
140080  -22.078  -18.314  16.420 0.0000000000
74173  -22.498  -19.298  16.333 0.0000000000
89616  -22.643  -1.365  18.499 0.0000000000
141346  -23.465  -0.683  19.012 0.0000000000
89618  -24.558  -1.778  19.180 0.0000000000
87316  -18.510  -4.519  16.308 0.0000000000
86526  -15.692  -5.412  16.762 0.0000000000
86529  -18.039  -5.065  16.081 0.0000000000
125384  -19.188  -4.464  16.013 0.0000000000
145383  -20.246  -4.874  15.836 0.0000000000
87318  -21.748  -5.347  16.657 0.0000000000
87302  -23.429  -5.328  17.603 0.0000000000
84865  -16.137  -7.053  15.863 0.0000000000
137365  -16.701  -6.800  15.626 0.0000000000
85698  -18.917  -6.231  14.683 0.0000000000
84868  -21.032  -7.162  15.839 0.0000000000
85701  -21.293  -6.450  16.138 0.0000000000
133915  -22.503  -6.441  16.915 0.0000000000
86508  -23.030  -5.982  17.272 0.0000000000
87303  -24.112  -5.285  17.978 0.0000000000
86493  -25.256  -5.638  18.469 0.0000000000
129166  -20.161  -12.610  15.153 0.0000000000
79544  -20.519  -12.729  15.607 0.0000000000
141199  -20.536  -13.338  15.954 0.0000000000
79522  -20.968  -12.889  16.273 0.0000000000
126163  -22.284  -12.586  17.130 0.0000000000
71592  -16.927  -22.819  17.219 0.0000000000
70699  -17.317  -23.652  17.302 0.0000000000
71602  -17.614  -22.376  16.709 0.0000000000
71613  -18.521  -22.470  16.288 0.0000000000
69855  -19.903  -24.712  16.113 0.0000000000
70713  -19.306  -24.190  16.299 0.0000000000
70725  -19.419  -23.417  16.035 0.0000000000
71615  -19.863  -22.559  15.717 0.0000000000
71616  -21.071  -22.318  15.681 0.0000000000
68987  -20.604  -25.149  16.168 0.0000000000
69852  -18.011  -23.902  17.093 0.0000000000
70710  -17.505  -22.957  17.082 0.0000000000
71614  -19.088  -22.755  16.115 0.0000000000
78639  -19.087  -14.380  14.789 0.0000000000
79560  -19.816  -12.853  14.898 0.0000000000
80456  -16.484  -12.601  15.450 0.0000000000
80458  -21.052  -12.185  15.779 0.0000000000
80472  -19.520  -12.212  14.830 0.0000000000
81324  -15.413  -11.984  17.483 0.0000000000
81365  -16.226  -12.064  15.814 0.0000000000
81367  -20.899  -11.481  15.512 0.0000000000
81381  -19.145  -11.518  14.651 0.0000000000
82243  -22.372  -9.997  16.776 0.0000000000
82253  -15.994  -10.547  15.997 0.0000000000
82255  -20.693  -10.756  15.284 0.0000000000
82264  -17.127  -10.466  14.795 0.0000000000
82267  -19.545  -10.776  14.429 0.0000000000
83098  -15.920  -9.637  16.247 0.0000000000
83101  -20.909  -8.969  15.499 0.0000000000
83103  -22.198  -8.290  16.289 0.0000000000
83114  -18.401  -9.314  14.633 0.0000000000
83869  -11.607  -8.788  19.660 0.0000000000
83904  -15.241  -8.353  16.869 0.0000000000
83925  -21.827  -7.634  16.209 0.0000000000
83927  -22.941  -7.772  16.906 0.0000000000
83938  -17.269  -8.300  15.217 0.0000000000
83950  -20.370  -8.318  15.137 0.0000000000
84796  -12.005  -8.214  19.761 0.0000000000
84833  -15.411  -6.864  17.045 0.0000000000
84836  -23.078  -7.334  17.189 0.0000000000
84838  -24.367  -7.504  17.636 0.0000000000
84853  -15.588  -6.750  16.429 0.0000000000
84856  -22.250  -7.239  16.595 0.0000000000
84866  -16.966  -7.480  15.502 0.0000000000
84867  -20.199  -7.050  15.082 0.0000000000
84874  -17.529  -6.919  15.105 0.0000000000
84875  -18.521  -7.622  14.616 0.0000000000
84877  -19.890  -7.709  14.765 0.0000000000
85665  -15.426  -6.099  16.827 0.0000000000
85667  -22.843  -6.541  17.185 0.0000000000
85669  -23.964  -6.534  17.678 0.0000000000
85687  -16.160  -6.253  15.851 0.0000000000
85689  -22.549  -6.804  16.958 0.0000000000
85690  -22.843  -6.938  17.185 0.0000000000
85697  -17.987  -6.231  15.110 0.0000000000
85699  -19.661  -6.411  14.798 0.0000000000
85700  -20.454  -6.384  15.470 0.0000000000
86471  -14.459  -5.680  19.181 0.0000000000
86507  -22.667  -5.995  17.060 0.0000000000
86509  -23.658  -5.997  17.639 0.0000000000
86528  -16.917  -4.935  16.166 0.0000000000
86530  -20.844  -4.903  16.279 0.0000000000
86531  -21.565  -5.886  16.373 0.0000000000
87288  -25.768  -4.756  18.734 0.0000000000
87332  -19.760  -4.943  15.694 0.0000000000
124557  -18.078  -20.482  15.633 0.0000000000
125999  -20.708  -24.467  15.961 0.0000000000
129065  -24.388  -4.399  18.491 0.0000000000
129107  -19.053  -10.066  14.309 0.0000000000
130290  -19.854  -20.194  15.557 0.0000000000
132243  -25.583  -6.122  18.573 0.0000000000
132562  -14.920  -12.349  18.016 0.0000000000
134374  -19.070  -25.361  16.813 0.0000000000
135004  -16.117  -11.387  15.844 0.0000000000
135777  -17.465  -16.993  15.187 0.0000000000
135815  -15.152  -5.836  18.258 0.0000000000
139662  -22.281  -5.630  16.922 0.0000000000
141499  -17.866  -24.544  17.228 0.0000000000
142417  -17.055  -21.311  16.363 0.0000000000
143159  -17.617  -25.017  17.351 0.0000000000
143915  -23.609  -8.531  17.360 0.0000000000
144467  -17.877  -17.187  15.026 0.0000000000
