#!ascii label  , from subject sub-01 vox2ras=TkReg
1175
70698  -16.632  -23.753  17.525 0.5555555820
71601  -17.200  -22.287  16.923 0.6666666865
72444  -16.969  -21.660  16.641 0.7777777910
72445  -17.522  -21.734  16.344 0.7777777910
74172  -16.778  -19.935  16.584 0.8888888955
75129  -18.737  -18.831  15.473 0.8888888955
70685  -15.711  -23.796  18.188 0.5555555820
143481  -16.219  -23.086  17.567 0.5555555820
145516  -16.091  -21.525  17.234 0.6666666865
72443  -16.184  -21.075  16.866 0.8888888955
73299  -17.539  -21.086  15.919 0.8888888955
74186  -17.163  -19.181  16.202 0.8888888955
134562  -18.131  -18.234  15.375 1.0000000000
75130  -19.616  -18.697  15.532 0.8888888955
76882  -18.966  -16.828  15.200 1.0000000000
72425  -15.228  -21.180  18.459 0.7777777910
74163  -15.817  -19.105  17.394 1.0000000000
75978  -15.254  -17.651  17.350 1.0000000000
75114  -16.147  -18.342  16.705 1.0000000000
76855  -16.234  -16.963  16.459 1.0000000000
75988  -15.774  -17.700  16.842 1.0000000000
76879  -16.873  -16.586  15.629 1.0000000000
77707  -15.767  -16.260  16.758 1.0000000000
77708  -16.328  -16.051  16.125 1.0000000000
76880  -17.524  -16.281  15.106 1.0000000000
77732  -18.603  -15.987  14.963 1.0000000000
77730  -16.984  -15.778  15.521 1.0000000000
77731  -17.565  -15.539  14.931 1.0000000000
77749  -18.989  -15.118  14.983 1.0000000000
78638  -18.452  -14.599  14.634 1.0000000000
78619  -19.507  -14.524  15.053 0.7777777910
77694  -14.635  -15.919  18.454 0.8888888955
76845  -15.605  -16.877  17.215 1.0000000000
126558  -16.449  -15.339  15.913 1.0000000000
135214  -14.811  -15.007  18.237 1.0000000000
141225  -15.621  -14.464  16.744 1.0000000000
130286  -16.407  -13.986  15.412 1.0000000000
78636  -17.041  -14.062  14.739 1.0000000000
127880  -17.953  -13.971  14.581 1.0000000000
141670  -18.807  -13.841  14.616 1.0000000000
79542  -19.564  -13.768  14.869 0.8888888955
79559  -19.222  -13.053  14.617 1.0000000000
79543  -20.131  -13.379  15.315 0.7777777910
79522  -20.968  -12.889  16.273 0.7777777910
139205  -13.977  -14.287  19.488 0.5555555820
80397  -14.244  -12.332  18.658 0.7777777910
79498  -14.504  -13.565  18.436 0.8888888955
79520  -15.434  -13.253  17.231 1.0000000000
78616  -15.787  -13.801  16.392 1.0000000000
80416  -15.169  -12.777  17.776 0.8888888955
79540  -15.793  -13.131  16.508 1.0000000000
79556  -16.699  -13.313  15.039 1.0000000000
132590  -17.806  -12.462  14.692 1.0000000000
80471  -18.733  -12.317  14.732 0.8888888955
80473  -20.052  -12.108  14.907 0.8888888955
81368  -21.521  -11.556  16.162 0.7777777910
80417  -22.801  -11.958  17.365 0.6666666865
80440  -22.133  -11.733  16.801 0.6666666865
81294  -11.527  -11.818  20.213 0.4444444478
80384  -13.568  -12.390  19.464 0.7777777910
82202  -13.149  -11.068  19.216 0.6666666865
82217  -14.001  -11.021  18.505 0.7777777910
81323  -14.833  -11.713  17.964 0.8888888955
81347  -15.907  -11.974  16.568 0.8888888955
80470  -16.989  -12.573  14.892 1.0000000000
135299  -15.562  -11.215  16.578 1.0000000000
134136  -17.230  -11.178  14.855 1.0000000000
81380  -18.130  -11.546  14.703 1.0000000000
82266  -18.715  -10.773  14.486 0.8888888955
81383  -20.327  -11.457  14.930 0.7777777910
82256  -21.370  -10.774  15.900 0.7777777910
80418  -23.702  -12.260  17.801 0.5555555820
81348  -22.046  -10.838  16.623 0.7777777910
82223  -22.716  -10.592  17.167 0.6666666865
83035  -11.690  -9.205  19.585 0.6666666865
129450  -11.527  -10.253  19.818 0.6666666865
139842  -14.258  -10.471  18.244 0.7777777910
83047  -13.781  -10.005  18.960 0.7777777910
82218  -14.586  -10.864  17.956 0.8888888955
82241  -15.452  -10.330  16.718 0.8888888955
134927  -14.953  -10.115  17.399 1.0000000000
83112  -16.836  -10.001  14.948 1.0000000000
82265  -17.837  -10.651  14.656 0.8888888955
132818  -19.751  -10.049  14.549 0.8888888955
126486  -21.152  -9.934  15.671 0.8888888955
83115  -19.285  -9.275  14.584 0.8888888955
133538  -20.412  -9.973  15.087 0.7777777910
82242  -21.808  -9.951  16.313 0.7777777910
82224  -23.608  -10.521  17.529 0.7777777910
83036  -12.894  -9.423  19.695 0.7777777910
126620  -13.657  -9.000  18.956 0.8888888955
83068  -14.671  -9.107  17.309 0.8888888955
83088  -15.291  -9.362  16.788 1.0000000000
83100  -16.851  -9.187  15.147 1.0000000000
83113  -17.484  -9.811  14.702 0.8888888955
83102  -21.679  -9.068  16.075 0.7777777910
83090  -23.088  -8.568  16.986 0.7777777910
83073  -23.557  -9.378  17.508 0.6666666865
125738  -25.105  -9.745  18.106 0.5555555820
82208  -26.137  -10.362  18.374 0.5555555820
83870  -12.167  -8.662  19.551 0.7777777910
84782  -12.051  -7.799  20.020 0.6666666865
83882  -13.307  -8.516  19.436 0.8888888955
83903  -14.626  -8.171  17.397 1.0000000000
133579  -15.864  -8.651  16.379 1.0000000000
83947  -18.079  -8.391  14.845 0.8888888955
83948  -18.863  -8.478  14.619 0.8888888955
135117  -19.241  -7.849  14.566 0.8888888955
83116  -20.039  -9.187  14.924 0.8888888955
142184  -22.678  -8.230  16.647 0.7777777910
83908  -23.389  -7.913  17.139 0.7777777910
83909  -24.109  -8.113  17.488 0.7777777910
83053  -25.842  -9.205  18.375 0.5555555820
84857  -22.694  -7.243  16.973 0.7777777910
83910  -24.788  -8.024  17.809 0.5555555820
83054  -26.852  -9.105  18.470 0.5555555820
84818  -25.245  -7.616  18.117 0.6666666865
86434  -9.484  -6.086  22.858 0.4444444478
85593  -11.158  -7.075  21.172 0.5555555820
132412  -13.407  -7.063  19.430 0.7777777910
83883  -14.154  -7.955  18.073 1.0000000000
84811  -13.652  -7.671  18.830 0.8888888955
136628  -15.362  -7.477  16.967 1.0000000000
83924  -15.788  -7.470  16.344 0.8888888955
145314  -18.045  -7.233  14.735 0.8888888955
141571  -17.744  -7.653  15.001 0.8888888955
84876  -19.281  -7.037  14.510 0.8888888955
128447  -20.515  -7.649  15.336 0.8888888955
84837  -23.648  -7.435  17.349 0.6666666865
83891  -27.121  -8.347  18.539 0.5555555820
86487  -14.940  -5.561  18.682 0.6666666865
138037  -13.135  -6.382  20.276 0.6666666865
85664  -15.214  -6.386  17.618 0.7777777910
84854  -15.800  -6.696  16.082 0.8888888955
85686  -15.704  -6.072  16.250 0.7777777910
85696  -17.074  -6.249  15.582 0.7777777910
137365  -16.701  -6.800  15.626 0.8888888955
86544  -19.560  -5.677  15.145 0.7777777910
85709  -18.392  -6.840  14.634 0.8888888955
85701  -21.293  -6.450  16.138 0.7777777910
84855  -21.684  -7.047  16.328 0.7777777910
86532  -22.219  -6.069  16.722 0.6666666865
134496  -23.298  -6.440  17.374 0.6666666865
85668  -23.307  -6.883  17.339 0.6666666865
133786  -24.007  -7.111  17.532 0.5555555820
87303  -24.112  -5.285  17.978 0.6666666865
86492  -24.394  -5.869  18.109 0.5555555820
132068  -26.208  -6.270  18.890 0.5555555820
84819  -26.303  -7.604  18.609 0.4444444478
132243  -25.583  -6.122  18.573 0.5555555820
121894  -16.291  -4.206  19.283 0.3333333433
87298  -15.763  -5.085  17.376 0.5555555820
86488  -15.393  -5.367  18.057 0.6666666865
120688  -17.823  -4.558  16.630 0.5555555820
86526  -15.692  -5.412  16.762 0.7777777910
86542  -17.508  -5.595  15.703 0.7777777910
125384  -19.188  -4.464  16.013 0.6666666865
86543  -18.485  -5.597  15.329 0.6666666865
87331  -18.914  -5.048  15.808 0.6666666865
86545  -20.576  -5.607  15.833 0.6666666865
87318  -21.748  -5.347  16.657 0.6666666865
87301  -22.664  -5.255  17.358 0.6666666865
88091  -23.811  -4.654  18.020 0.6666666865
86493  -25.256  -5.638  18.469 0.5555555820
87289  -26.710  -4.424  18.872 0.5555555820
87287  -24.877  -5.016  18.453 0.6666666865
127769  -17.183  -4.300  17.369 0.4444444478
139596  -16.768  -3.921  19.037 0.4444444478
121771  -16.562  -4.642  17.357 0.4444444478
87300  -17.910  -4.030  17.062 0.5555555820
87299  -17.147  -4.580  17.058 0.5555555820
87316  -18.510  -4.519  16.308 0.6666666865
87317  -19.836  -4.261  16.056 0.6666666865
145383  -20.246  -4.874  15.836 0.6666666865
87319  -22.002  -4.762  17.033 0.6666666865
88090  -23.212  -4.378  17.711 0.6666666865
130238  -24.593  -3.397  18.805 0.6666666865
88078  -26.211  -3.751  18.831 0.5555555820
88086  -18.528  -3.294  16.968 0.4444444478
88104  -19.535  -3.412  16.400 0.6666666865
122466  -18.904  -3.803  16.333 0.6666666865
88105  -20.399  -3.845  16.417 0.6666666865
88076  -23.756  -3.847  18.379 0.6666666865
73291  -16.393  -20.537  16.727 0.8888888955
73284  -15.774  -20.592  17.229 1.0000000000
140954  -16.123  -18.895  17.102 1.0000000000
75127  -16.789  -18.278  15.981 1.0000000000
76009  -18.236  -17.399  15.129 1.0000000000
82192  -11.965  -11.116  19.803 0.5555555820
129794  -18.321  -10.122  14.495 0.8888888955
83854  -11.602  -8.521  19.805 0.5555555820
86445  -10.951  -5.590  21.980 0.5555555820
84797  -13.044  -7.959  19.675 0.7777777910
83939  -21.004  -7.999  15.782 0.8888888955
86424  -10.782  -4.965  23.665 0.2222222239
85670  -24.637  -6.990  17.870 0.6666666865
86541  -16.639  -5.607  15.869 0.7777777910
130233  -26.688  -6.866  18.952 0.4444444478
140415  -18.293  -4.050  16.618 0.6666666865
141373  -18.893  -3.095  16.551 0.6666666865
83022  -11.384  -9.517  19.858 0.4444444478
137645  -27.571  -4.114  18.904 0.5555555820
87290  -28.188  -4.425  18.790 0.5555555820
87285  -17.351  -4.175  19.248 0.2222222239
88079  -27.150  -3.511  18.753 0.5555555820
68974  -16.845  -25.051  17.576 0.5555555820
69842  -17.583  -24.193  17.304 0.5555555820
70699  -17.317  -23.652  17.302 0.6666666865
71602  -17.614  -22.376  16.709 0.5555555820
71603  -18.180  -22.799  16.617 0.5555555820
127159  -18.821  -20.340  15.509 0.7777777910
74189  -19.278  -19.490  15.442 0.8888888955
72446  -17.986  -22.222  16.415 0.6666666865
72456  -18.236  -21.710  15.980 0.6666666865
73300  -18.303  -20.972  15.620 0.8888888955
140613  -20.012  -19.309  15.502 0.7777777910
123429  -19.918  -18.041  15.685 0.7777777910
76011  -19.798  -17.307  15.702 0.8888888955
69830  -15.427  -24.748  18.407 0.4444444478
71578  -14.963  -22.110  19.052 0.5555555820
76883  -19.846  -16.487  15.703 1.0000000000
73265  -13.838  -20.605  19.656 0.2222222239
74152  -15.124  -19.629  18.501 0.6666666865
77734  -20.131  -15.703  15.737 0.8888888955
78593  -20.418  -14.930  15.752 0.6666666865
141199  -20.536  -13.338  15.954 0.7777777910
124432  -20.998  -13.737  16.498 0.6666666865
75092  -14.653  -17.967  18.620 0.5555555820
79523  -21.620  -13.209  16.902 0.6666666865
77661  -13.734  -15.786  19.685 0.4444444478
128709  -23.255  -12.939  17.602 0.5555555820
80419  -24.851  -12.800  18.029 0.5555555820
79463  -12.269  -13.079  20.468 0.2222222239
81329  -25.335  -12.135  18.125 0.5555555820
82191  -10.415  -11.084  20.193 0.4444444478
82226  -25.484  -11.064  18.174 0.5555555820
82995  -10.936  -9.888  21.591 0.3333333433
130268  -27.265  -11.347  17.485 0.5555555820
85592  -9.269  -7.007  22.065 0.4444444478
83091  -28.282  -10.040  17.475 0.4444444478
86413  -9.843  -5.785  24.614 0.3333333433
83055  -27.721  -9.041  18.348 0.5555555820
84820  -27.431  -7.570  18.648 0.4444444478
87271  -15.686  -4.474  20.061 0.3333333433
121677  -14.959  -4.514  20.380 0.3333333433
87270  -15.244  -4.530  19.728 0.4444444478
85651  -27.813  -6.743  18.785 0.4444444478
86496  -28.139  -5.318  18.803 0.4444444478
87291  -28.811  -4.065  18.236 0.2222222239
87286  -18.067  -3.821  18.557 0.3333333433
88103  -18.507  -3.427  16.742 0.6666666865
144275  -20.062  -3.077  16.577 0.6666666865
88089  -21.757  -3.534  16.915 0.6666666865
88873  -22.971  -3.334  17.982 0.6666666865
88852  -22.748  -2.322  18.370 0.6666666865
88853  -23.835  -2.696  18.682 0.6666666865
88854  -25.703  -2.875  18.950 0.6666666865
88855  -26.779  -2.810  18.839 0.4444444478
88080  -28.108  -3.467  18.658 0.3333333433
88087  -19.345  -2.782  16.755 0.5555555820
71592  -16.927  -22.819  17.219 0.6666666865
70711  -17.917  -23.176  16.943 0.6666666865
72436  -16.688  -21.901  17.044 0.6666666865
132293  -16.640  -21.112  16.567 0.8888888955
73292  -16.906  -20.765  16.362 0.8888888955
125118  -16.597  -19.052  16.738 1.0000000000
74187  -17.469  -20.085  16.014 0.8888888955
74171  -16.258  -19.677  16.986 1.0000000000
121565  -17.882  -19.101  15.663 0.8888888955
74188  -18.376  -19.730  15.557 0.8888888955
69840  -16.344  -24.575  17.751 0.5555555820
70684  -14.664  -24.163  19.093 0.4444444478
71579  -15.602  -22.753  18.055 0.5555555820
71591  -16.258  -22.268  17.442 0.6666666865
72426  -15.668  -21.097  17.353 0.8888888955
134641  -15.680  -21.785  17.873 0.5555555820
73290  -15.989  -20.202  17.087 0.8888888955
75128  -17.475  -18.490  15.665 1.0000000000
76010  -19.047  -17.882  15.656 1.0000000000
76008  -17.532  -17.711  15.379 1.0000000000
72415  -14.175  -21.295  19.384 0.5555555820
73275  -14.770  -20.477  18.959 0.6666666865
73276  -15.417  -20.451  17.961 0.8888888955
74162  -15.047  -18.674  17.911 0.8888888955
75103  -15.208  -18.239  17.447 0.8888888955
123841  -15.606  -19.774  17.651 1.0000000000
75113  -15.636  -18.319  17.103 1.0000000000
75102  -14.692  -17.595  17.987 0.8888888955
76844  -14.980  -16.790  17.907 1.0000000000
75989  -16.322  -17.744  16.363 1.0000000000
76007  -16.820  -17.405  15.717 1.0000000000
76881  -18.095  -16.727  14.848 1.0000000000
77695  -15.300  -15.855  17.582 1.0000000000
139074  -15.784  -15.336  16.605 1.0000000000
76896  -17.988  -16.018  14.774 1.0000000000
77733  -19.383  -15.864  15.321 0.8888888955
77748  -18.175  -15.372  14.681 1.0000000000
78618  -16.888  -14.890  15.282 1.0000000000
78617  -16.146  -14.630  16.037 1.0000000000
78637  -17.646  -14.770  14.678 1.0000000000
135669  -19.789  -15.073  15.330 0.8888888955
129902  -20.005  -14.295  15.312 0.7777777910
135152  -14.397  -15.227  18.908 1.0000000000
77681  -14.171  -15.854  19.205 0.5555555820
76832  -14.436  -16.592  18.692 0.6666666865
76811  -14.078  -16.292  19.306 0.5555555820
131277  -15.275  -14.748  17.470 1.0000000000
78592  -15.289  -13.893  17.351 1.0000000000
79541  -16.199  -13.250  15.799 1.0000000000
79557  -17.422  -13.273  14.664 1.0000000000
79558  -18.351  -13.170  14.574 1.0000000000
129166  -20.161  -12.610  15.153 0.8888888955
79544  -20.519  -12.729  15.607 0.7777777910
126163  -22.284  -12.586  17.130 0.6666666865
78543  -13.455  -14.434  20.026 0.5555555820
135150  -13.991  -15.047  19.625 0.5555555820
79465  -13.734  -13.747  19.702 0.6666666865
80385  -14.149  -13.072  19.118 0.6666666865
78575  -14.382  -14.390  18.815 0.7777777910
79479  -14.200  -13.792  19.070 0.7777777910
81307  -13.738  -11.683  18.936 0.6666666865
81322  -14.361  -11.669  18.343 0.8888888955
122617  -14.651  -12.843  18.285 0.8888888955
135124  -14.609  -12.223  18.252 0.8888888955
78576  -14.778  -14.062  17.977 0.8888888955
79499  -14.987  -13.388  17.910 1.0000000000
80438  -15.628  -12.630  17.068 0.8888888955
80455  -16.043  -12.611  16.177 1.0000000000
81379  -17.348  -11.901  14.876 1.0000000000
81382  -19.913  -11.452  14.598 0.8888888955
80457  -20.477  -12.083  15.272 0.7777777910
80439  -21.587  -12.344  16.513 0.7777777910
81349  -22.558  -11.269  17.092 0.6666666865
81327  -23.222  -11.335  17.442 0.6666666865
81295  -12.704  -11.759  19.619 0.5555555820
80383  -12.375  -12.474  20.141 0.3333333433
133335  -13.312  -13.082  20.000 0.6666666865
135361  -12.676  -10.390  19.565 0.6666666865
128631  -15.087  -11.043  17.372 0.8888888955
81366  -16.691  -11.774  15.252 1.0000000000
82254  -16.600  -10.745  15.251 1.0000000000
82268  -20.141  -10.795  14.608 0.7777777910
134601  -24.543  -11.068  17.910 0.5555555820
83067  -14.447  -9.889  17.922 0.8888888955
83099  -16.431  -9.865  15.557 1.0000000000
83089  -22.429  -9.058  16.563 0.7777777910
82244  -22.874  -9.640  17.197 0.7777777910
82225  -24.388  -10.148  17.773 0.6666666865
83023  -10.507  -10.846  19.974 0.4444444478
83048  -14.156  -8.885  18.089 0.8888888955
83936  -16.321  -9.068  15.847 1.0000000000
132231  -17.591  -9.004  14.896 0.8888888955
131818  -21.565  -8.362  15.983 0.7777777910
83074  -24.216  -9.072  17.742 0.6666666865
138161  -26.711  -9.866  18.420 0.5555555820
82227  -27.107  -10.678  18.086 0.5555555820
84768  -9.913  -7.486  21.292 0.5555555820
84783  -12.840  -7.460  20.081 0.6666666865
146302  -13.797  -8.367  18.588 0.8888888955
83937  -16.449  -8.128  15.803 1.0000000000
83949  -19.617  -8.468  14.721 0.8888888955
83926  -22.495  -7.678  16.609 0.8888888955
83075  -24.871  -8.710  17.956 0.6666666865
84868  -21.032  -7.162  15.839 0.8888888955
83890  -26.073  -8.338  18.417 0.5555555820
130083  -10.444  -6.511  21.704 0.5555555820
85608  -12.825  -7.004  20.312 0.5555555820
84812  -14.154  -7.246  18.232 1.0000000000
85641  -13.880  -6.748  18.715 0.7777777910
85609  -13.291  -6.482  19.961 0.7777777910
84865  -16.137  -7.053  15.863 0.8888888955
84832  -14.762  -7.247  17.592 0.7777777910
83892  -28.211  -8.384  18.289 0.5555555820
86458  -14.305  -4.685  20.531 0.5555555820
86457  -13.354  -5.959  20.016 0.5555555820
85624  -14.435  -5.995  18.883 0.6666666865
85643  -15.454  -5.558  17.524 0.6666666865
85623  -13.720  -6.283  19.303 0.7777777910
85594  -11.598  -5.910  21.296 0.7777777910
86456  -12.601  -5.570  20.994 0.6666666865
86527  -16.121  -5.431  16.174 0.7777777910
85642  -14.625  -6.580  18.214 0.7777777910
85698  -18.917  -6.231  14.683 0.7777777910
85688  -22.086  -6.565  16.617 0.6666666865
133915  -22.503  -6.441  16.915 0.6666666865
87302  -23.429  -5.328  17.603 0.6666666865
86508  -23.030  -5.982  17.272 0.6666666865
85650  -24.843  -6.364  18.190 0.5555555820
133820  -27.240  -5.959  19.029 0.4444444478
86494  -26.268  -5.459  18.856 0.5555555820
87284  -15.650  -4.487  19.171 0.4444444478
86506  -16.253  -4.916  16.777 0.6666666865
86529  -18.039  -5.065  16.081 0.7777777910
88077  -25.200  -4.089  18.873 0.6666666865
88106  -21.291  -4.282  16.642 0.6666666865
127475  -22.464  -3.955  17.333 0.6666666865
83852  -9.817  -8.295  21.350 0.4444444478
86436  -11.547  -4.840  22.392 0.3333333433
83005  -10.524  -9.933  21.028 0.4444444478
87292  -29.227  -4.894  18.045 0.3333333433
129713  -27.562  -2.692  18.574 0.3333333433
69841  -17.076  -24.413  17.437 0.5555555820
73302  -20.652  -20.365  15.594 0.6666666865
68973  -16.117  -25.316  18.017 0.4444444478
123988  -16.713  -25.503  17.696 0.5555555820
140804  -15.189  -25.366  18.571 0.3333333433
125888  -14.971  -23.164  19.155 0.4444444478
79521  -20.434  -14.069  15.910 0.6666666865
79464  -13.080  -13.737  20.368 0.3333333433
78525  -13.091  -14.406  20.463 0.1111111119
80366  -11.565  -12.450  20.478 0.1111111119
83832  -9.794  -7.946  21.440 0.3333333433
84767  -9.330  -7.697  21.743 0.3333333433
87262  -14.124  -4.302  21.346 0.3333333433
137833  -24.871  -2.493  19.113 0.6666666865
133278  -26.507  -2.093  19.160 0.4444444478
69856  -21.472  -24.810  16.350 0.4444444478
69831  -23.008  -24.822  18.142 0.2222222239
68984  -18.131  -24.978  17.163 0.4444444478
68985  -18.654  -24.994  16.905 0.4444444478
69853  -18.537  -24.334  16.836 0.4444444478
70714  -20.057  -24.037  15.803 0.4444444478
70727  -21.447  -23.247  15.888 0.4444444478
70717  -23.130  -23.032  16.827 0.2222222239
71604  -18.710  -23.131  16.406 0.4444444478
70725  -19.419  -23.417  16.035 0.4444444478
70726  -20.413  -23.253  15.741 0.4444444478
71606  -23.459  -22.250  16.632 0.1111111119
71593  -24.000  -22.101  17.229 0.1111111119
71616  -21.071  -22.318  15.681 0.4444444478
132583  -21.992  -21.858  15.799 0.3333333433
71613  -18.521  -22.470  16.288 0.4444444478
71615  -19.863  -22.559  15.717 0.4444444478
135475  -22.388  -21.245  15.793 0.3333333433
72448  -23.813  -21.344  16.500 0.2222222239
72458  -20.270  -21.347  15.621 0.4444444478
72459  -21.458  -21.354  15.667 0.3333333433
72457  -19.143  -22.024  15.910 0.5555555820
141273  -22.868  -19.985  16.175 0.2222222239
74175  -23.992  -19.746  16.208 0.1111111119
74176  -24.431  -19.179  16.435 0.1111111119
74192  -22.069  -19.993  16.176 0.3333333433
74173  -22.498  -19.298  16.333 0.3333333433
75131  -20.509  -18.679  15.622 0.4444444478
75132  -21.167  -18.285  15.915 0.5555555820
75991  -21.255  -17.527  16.299 0.6666666865
75992  -23.031  -17.851  16.565 0.4444444478
75990  -20.475  -16.964  16.104 0.6666666865
133360  -24.501  -16.921  15.807 0.3333333433
76857  -21.263  -16.527  16.504 0.6666666865
76858  -22.370  -16.442  16.825 0.5555555820
76856  -20.464  -16.255  16.122 0.6666666865
77710  -21.566  -15.673  16.740 0.5555555820
77711  -22.467  -15.712  17.092 0.5555555820
77712  -23.395  -16.417  16.748 0.4444444478
78577  -22.582  -14.907  17.334 0.3333333433
77709  -20.780  -15.625  16.270 0.5555555820
79501  -23.993  -14.115  17.779 0.4444444478
78578  -23.662  -14.964  17.509 0.4444444478
128604  -24.437  -13.420  17.956 0.4444444478
88088  -20.862  -3.252  16.670 0.5555555820
88871  -21.293  -2.620  16.979 0.5555555820
88872  -22.164  -2.783  17.406 0.5555555820
89617  -23.553  -1.685  18.880 0.5555555820
135863  -24.221  -1.093  19.249 0.5555555820
68986  -19.794  -25.436  16.461 0.4444444478
69844  -22.635  -24.627  17.358 0.2222222239
70700  -17.702  -23.592  17.182 0.4444444478
126726  -23.276  -21.818  16.133 0.2222222239
73293  -23.457  -20.312  16.126 0.2222222239
73294  -23.856  -20.457  16.190 0.1111111119
75115  -23.263  -18.633  16.478 0.3333333433
74191  -21.468  -19.152  15.896 0.4444444478
125024  -22.205  -17.305  16.679 0.6666666865
79502  -24.889  -14.335  17.465 0.4444444478
81330  -26.205  -12.302  17.775 0.4444444478
89633  -22.024  -1.874  17.834 0.5555555820
89632  -21.331  -1.484  17.384 0.5555555820
75993  -24.213  -17.748  16.291 0.2222222239
89618  -24.558  -1.778  19.180 0.5555555820
127026  -19.864  -27.058  16.939 0.4444444478
68031  -20.216  -26.241  16.748 0.4444444478
68032  -21.064  -26.127  17.005 0.4444444478
68977  -22.398  -25.338  17.785 0.2222222239
68961  -22.839  -25.602  18.685 0.2222222239
68962  -23.405  -24.957  18.785 0.1111111119
68016  -17.370  -25.915  17.474 0.4444444478
67147  -18.818  -26.725  16.984 0.4444444478
124365  -23.502  -23.434  17.701 0.1111111119
71580  -24.040  -22.715  17.867 0.1111111119
69832  -23.603  -24.199  18.490 0.1111111119
121399  -24.476  -22.080  17.942 0.1111111119
73285  -24.356  -20.489  16.887 0.1111111119
74164  -24.664  -19.648  16.794 0.1111111119
74177  -24.868  -18.854  16.677 0.1111111119
75117  -24.740  -18.230  16.437 0.1111111119
75994  -24.923  -17.330  15.247 0.2222222239
139830  -24.175  -16.414  16.407 0.1111111119
126091  -24.676  -17.210  15.574 0.2222222239
77697  -24.396  -15.909  16.620 0.2222222239
78579  -24.722  -15.093  17.190 0.2222222239
80420  -25.833  -13.094  17.628 0.3333333433
81331  -26.838  -12.234  17.018 0.3333333433
86447  -13.334  -4.754  21.399 0.4444444478
142614  -28.309  -9.297  18.034 0.4444444478
85652  -28.768  -6.556  18.465 0.3333333433
88868  -18.827  -2.864  16.896 0.4444444478
89619  -25.724  -1.696  19.319 0.5555555820
131751  -20.235  -2.476  16.972 0.5555555820
88870  -20.826  -1.935  17.222 0.5555555820
89616  -22.643  -1.365  18.499 0.5555555820
141346  -23.465  -0.683  19.012 0.5555555820
89631  -20.545  -1.225  17.236 0.5555555820
121714  -17.184  -25.366  17.505 0.4444444478
68975  -17.359  -24.796  17.408 0.4444444478
73301  -19.083  -21.116  15.617 0.5555555820
74190  -20.659  -19.599  15.587 0.6666666865
76012  -20.520  -17.796  15.849 0.6666666865
78594  -21.057  -14.765  16.485 0.5555555820
78595  -21.684  -14.222  17.108 0.5555555820
79500  -22.666  -13.774  17.422 0.4444444478
81313  -26.566  -11.375  17.946 0.4444444478
141446  -28.238  -6.048  18.815 0.3333333433
70712  -18.361  -23.516  16.746 0.4444444478
133117  -21.300  -20.074  15.753 0.3333333433
138296  -21.111  -20.751  15.630 0.3333333433
69855  -19.903  -24.712  16.113 0.4444444478
69857  -22.233  -24.351  16.618 0.4444444478
69843  -22.035  -25.110  16.956 0.3333333433
70715  -21.582  -24.059  16.138 0.4444444478
139667  -21.316  -25.488  16.659 0.4444444478
69845  -23.160  -24.214  17.720 0.1111111119
68028  -17.750  -25.522  17.338 0.4444444478
68029  -18.517  -25.672  17.141 0.4444444478
69854  -19.176  -24.828  16.553 0.4444444478
68030  -19.358  -26.064  16.900 0.4444444478
146140  -18.841  -23.735  16.467 0.4444444478
70713  -19.306  -24.190  16.299 0.4444444478
140055  -20.824  -23.816  15.876 0.4444444478
70716  -22.443  -23.429  16.235 0.4444444478
70701  -22.887  -23.873  17.030 0.2222222239
70728  -22.174  -22.562  15.910 0.4444444478
144358  -23.580  -22.697  17.281 0.1111111119
71605  -22.970  -22.554  16.101 0.2222222239
72437  -24.380  -21.373  17.411 0.1111111119
140253  -24.469  -22.601  18.429 0.1111111119
73304  -22.692  -20.596  15.989 0.3333333433
73303  -21.835  -20.676  15.812 0.3333333433
72447  -23.246  -21.090  15.986 0.2222222239
74174  -23.469  -19.554  16.292 0.2222222239
75116  -24.226  -18.696  16.375 0.1111111119
140080  -22.078  -18.314  16.420 0.4444444478
76859  -23.502  -17.129  16.512 0.3333333433
77696  -23.453  -15.720  17.118 0.3333333433
79503  -25.378  -13.910  17.279 0.4444444478
136183  -21.513  -2.135  17.384 0.5555555820
122510  -24.217  -19.880  16.372 0.1111111119
122475  -21.038  -0.759  17.362 0.5555555820
129098  -24.799  -17.753  16.130 0.2222222239
68019  -21.500  -26.525  17.670 0.4444444478
68020  -22.152  -26.117  18.135 0.2222222239
68976  -21.756  -25.789  17.376 0.4444444478
68017  -17.905  -26.394  17.273 0.4444444478
121383  -17.200  -26.546  17.539 0.4444444478
70686  -24.139  -23.302  18.630 0.1111111119
73277  -24.787  -20.810  17.683 0.1111111119
60460  -21.041  -33.959  21.007 0.1111111119
62454  -18.357  -32.446  18.536 0.3333333433
62430  -20.762  -32.662  20.252 0.2222222239
61481  -21.269  -33.152  20.824 0.2222222239
62431  -21.541  -32.326  20.668 0.1111111119
64290  -16.865  -30.303  18.360 0.3333333433
130942  -17.107  -31.662  18.514 0.3333333433
136539  -17.803  -31.957  18.386 0.3333333433
63361  -19.227  -31.205  18.373 0.3333333433
63362  -19.981  -30.958  18.886 0.3333333433
62445  -20.361  -32.189  19.596 0.2222222239
63348  -20.621  -31.235  19.499 0.2222222239
63337  -21.034  -31.839  20.124 0.2222222239
62432  -22.295  -31.974  21.050 0.1111111119
63349  -21.378  -31.184  20.004 0.2222222239
65278  -16.108  -28.871  18.890 0.2222222239
133480  -16.475  -29.654  18.593 0.2222222239
64291  -17.632  -30.229  18.025 0.3333333433
64292  -18.281  -30.861  18.043 0.3333333433
64282  -21.372  -30.536  19.674 0.1111111119
67126  -16.267  -27.276  18.400 0.2222222239
65290  -16.856  -28.925  18.345 0.3333333433
67134  -16.981  -27.456  17.726 0.3333333433
66233  -17.750  -28.132  17.467 0.3333333433
64304  -17.801  -29.589  17.886 0.3333333433
65292  -18.354  -29.076  17.638 0.3333333433
65294  -19.751  -29.198  17.584 0.3333333433
121687  -19.138  -28.975  17.406 0.3333333433
123267  -20.340  -29.070  18.123 0.3333333433
65282  -20.967  -28.586  18.488 0.3333333433
130668  -21.430  -29.112  19.038 0.3333333433
65269  -21.399  -29.754  19.340 0.1111111119
65270  -22.058  -29.212  19.557 0.2222222239
68001  -15.973  -26.457  18.444 0.2222222239
67135  -17.590  -27.187  17.382 0.3333333433
66234  -18.711  -28.313  17.284 0.3333333433
67137  -19.219  -27.708  17.022 0.3333333433
66236  -20.267  -28.443  17.518 0.3333333433
132014  -20.004  -27.994  16.975 0.3333333433
66216  -21.785  -28.517  19.158 0.1111111119
68000  -15.157  -26.438  19.190 0.3333333433
68960  -15.530  -25.846  18.463 0.3333333433
67138  -20.505  -27.657  17.329 0.3333333433
68018  -20.767  -26.832  17.252 0.3333333433
145361  -25.736  -13.770  16.752 0.2222222239
82228  -27.767  -10.779  17.500 0.3333333433
81332  -27.592  -11.538  16.821 0.2222222239
62455  -19.119  -32.124  18.661 0.3333333433
63347  -19.850  -31.733  19.003 0.3333333433
63338  -21.800  -31.532  20.512 0.1111111119
66225  -15.599  -27.914  19.097 0.3333333433
65279  -17.193  -29.634  18.158 0.3333333433
64293  -19.028  -30.372  17.892 0.3333333433
65280  -19.484  -29.847  17.916 0.3333333433
64281  -20.508  -30.261  19.046 0.3333333433
66232  -17.100  -28.318  17.863 0.3333333433
68002  -16.628  -26.556  17.904 0.3333333433
67139  -21.212  -27.287  17.851 0.3333333433
123627  -20.509  -34.335  20.559 0.1111111119
60449  -21.567  -34.431  21.460 0.1111111119
124922  -16.651  -32.222  18.744 0.3333333433
62453  -17.429  -32.561  18.602 0.3333333433
61501  -18.171  -33.235  18.667 0.3333333433
61502  -19.004  -32.962  18.782 0.3333333433
61492  -19.545  -33.366  19.308 0.3333333433
140739  -20.186  -33.044  19.648 0.3333333433
59524  -22.030  -34.902  21.938 0.1111111119
61468  -22.552  -33.354  21.602 0.1111111119
136310  -16.555  -30.970  18.583 0.3333333433
62418  -22.069  -32.821  21.186 0.1111111119
65277  -15.686  -29.635  19.133 0.2222222239
63339  -22.486  -31.159  20.843 0.1111111119
65254  -22.171  -29.952  19.992 0.1111111119
66217  -22.640  -28.573  19.739 0.1111111119
67125  -15.612  -27.054  18.983 0.2222222239
67112  -22.182  -27.937  19.315 0.1111111119
68004  -22.456  -26.481  18.919 0.1111111119
68959  -14.656  -25.703  19.339 0.1111111119
80421  -26.266  -13.193  17.006 0.2222222239
82246  -28.308  -10.653  15.756 0.2222222239
74151  -14.678  -18.782  18.950 0.5555555820
68014  -16.358  -25.891  17.987 0.4444444478
68015  -16.888  -25.903  17.652 0.4444444478
81350  -26.928  -12.170  15.714 0.2222222239
60450  -22.322  -34.128  21.708 0.1111111119
63360  -18.424  -31.677  18.329 0.3333333433
63359  -17.800  -31.417  18.271 0.3333333433
62444  -19.699  -32.586  19.143 0.3333333433
126040  -17.375  -30.902  18.310 0.3333333433
64289  -16.116  -30.333  18.803 0.2222222239
63358  -16.222  -31.631  18.765 0.2222222239
64294  -19.697  -30.397  18.403 0.3333333433
64272  -22.009  -30.771  20.288 0.1111111119
66226  -16.519  -28.150  18.337 0.3333333433
65291  -17.505  -28.921  17.936 0.3333333433
64305  -18.383  -29.982  17.821 0.3333333433
65293  -19.073  -29.610  17.630 0.3333333433
65281  -20.070  -29.704  18.287 0.3333333433
66235  -19.569  -28.481  17.204 0.3333333433
67127  -20.871  -27.934  18.005 0.3333333433
65255  -22.724  -29.329  20.092 0.1111111119
67136  -18.296  -27.413  17.175 0.3333333433
67128  -21.566  -27.758  18.645 0.3333333433
67113  -22.232  -27.253  19.134 0.1111111119
59522  -20.697  -35.551  21.176 0.1111111119
145727  -19.991  -33.699  19.702 0.2222222239
61500  -17.430  -33.335  18.727 0.3333333433
62452  -16.668  -32.978  18.913 0.2222222239
60482  -17.894  -34.173  18.792 0.3333333433
61491  -18.796  -33.734  19.076 0.3333333433
124878  -19.459  -34.097  19.514 0.3333333433
136345  -15.769  -30.990  18.924 0.2222222239
79525  -25.858  -13.853  15.809 0.1111111119
79545  -26.121  -14.231  14.644 0.1111111119
79569  -26.535  -13.709  13.776 0.1111111119
80459  -26.211  -13.621  14.085 0.1111111119
81369  -26.452  -12.680  14.354 0.1111111119
81393  -26.753  -12.462  12.875 0.1111111119
81384  -26.572  -12.142  13.519 0.1111111119
81370  -26.868  -11.736  14.609 0.1111111119
82269  -27.171  -11.436  13.784 0.1111111119
135789  -28.883  -8.785  17.720 0.2222222239
81351  -27.719  -11.419  15.884 0.1111111119
84858  -29.683  -7.704  16.568 0.1111111119
84822  -29.180  -7.095  17.970 0.2222222239
135236  -29.758  -6.260  17.249 0.1111111119
83911  -29.361  -8.277  17.160 0.1111111119
85691  -29.925  -7.157  16.162 0.1111111119
86510  -29.524  -5.598  17.731 0.1111111119
89630  -19.783  -1.767  17.509 0.4444444478
87304  -29.582  -4.966  17.432 0.1111111119
90389  -21.894  -1.006  17.726 0.4444444478
89620  -26.655  -1.431  18.994 0.3333333433
88856  -27.143  -2.042  18.855 0.2222222239
88875  -28.698  -2.533  17.457 0.1111111119
134173  -29.408  -4.277  17.536 0.1111111119
88107  -29.555  -3.790  16.826 0.1111111119
90388  -21.614  -0.214  17.765 0.4444444478
91106  -21.357  0.615  17.693 0.4444444478
90373  -22.522  -0.482  18.441 0.4444444478
91107  -22.355  0.332  18.351 0.4444444478
137817  -23.109  0.030  18.773 0.4444444478
131337  -23.857  0.162  19.032 0.4444444478
131090  -25.274  0.018  18.904 0.4444444478
142963  -25.282  -0.458  19.107 0.2222222239
90390  -26.549  -0.169  18.172 0.2222222239
90376  -26.807  -0.828  18.525 0.2222222239
89634  -27.718  -1.245  17.443 0.2222222239
89643  -28.396  -1.704  17.038 0.2222222239
93465  -24.865  3.461  15.615 0.1111111119
91896  -25.685  1.541  16.094 0.1111111119
89652  -28.242  -1.795  16.031 0.1111111119
89615  -18.823  -1.107  17.963 0.4444444478
141307  -19.077  -0.486  17.880 0.4444444478
90386  -19.667  -0.890  17.532 0.4444444478
90387  -20.293  -0.570  17.258 0.3333333433
127030  -20.457  0.109  17.331 0.4444444478
125409  -22.180  1.210  18.254 0.4444444478
91108  -23.225  0.847  18.683 0.4444444478
131272  -24.195  0.859  18.768 0.4444444478
92620  -22.481  2.848  18.390 0.3333333433
91864  -24.446  1.545  18.550 0.3333333433
91865  -25.103  1.565  18.046 0.1111111119
91127  -25.562  0.926  17.823 0.1111111119
144735  -25.894  1.006  17.275 0.1111111119
90391  -27.154  -0.705  17.801 0.2222222239
90402  -26.753  -0.094  17.069 0.1111111119
91142  -26.571  0.354  16.145 0.1111111119
91126  -20.364  0.920  17.181 0.3333333433
91861  -21.773  2.095  18.030 0.3333333433
91862  -22.979  1.938  18.751 0.4444444478
92621  -23.457  2.885  18.624 0.2222222239
92623  -24.607  2.253  18.246 0.2222222239
92638  -25.208  2.390  17.521 0.1111111119
93423  -22.998  3.652  18.621 0.1111111119
93424  -23.867  3.663  18.498 0.1111111119
93440  -24.503  3.656  17.978 0.1111111119
92650  -25.475  2.389  16.552 0.1111111119
94145  -24.086  4.225  18.215 0.1111111119
93441  -24.887  3.121  17.296 0.1111111119
144804  -25.225  2.769  16.970 0.1111111119
135908  -19.549  0.023  17.346 0.3333333433
91125  -19.466  0.913  16.930 0.3333333433
91860  -18.735  1.584  17.210 0.3333333433
91880  -18.957  1.643  16.827 0.3333333433
91881  -19.740  1.588  16.833 0.3333333433
135927  -20.393  2.211  17.235 0.3333333433
92619  -21.255  2.899  17.947 0.2222222239
93422  -21.972  3.607  18.187 0.2222222239
94143  -22.430  4.312  18.266 0.1111111119
94160  -23.776  4.787  17.872 0.1111111119
93455  -24.740  3.860  16.986 0.1111111119
94891  -23.729  5.971  15.629 0.1111111119
126370  -19.579  0.924  21.065 0.1111111119
132841  -19.009  2.147  19.636 0.1111111119
133321  -18.945  2.279  18.164 0.2222222239
92618  -19.152  3.137  17.757 0.2222222239
92634  -18.876  2.342  16.978 0.3333333433
135217  -19.368  3.177  17.299 0.2222222239
93438  -19.440  4.020  17.517 0.2222222239
93439  -20.027  3.929  17.368 0.1111111119
94158  -20.280  4.988  17.577 0.1111111119
132242  -21.722  5.083  17.967 0.1111111119
94144  -23.408  4.281  18.388 0.1111111119
94159  -22.846  4.910  17.968 0.1111111119
94867  -23.358  5.429  17.448 0.1111111119
94174  -24.481  4.552  16.611 0.1111111119
134872  -24.442  4.239  15.340 0.1111111119
92657  -24.846  2.736  15.038 0.1111111119
91834  -19.394  1.988  21.048 0.1111111119
92602  -19.764  2.805  21.345 0.1111111119
132038  -19.144  3.054  19.233 0.1111111119
93403  -19.634  3.387  20.470 0.1111111119
94838  -19.700  4.868  19.703 0.1111111119
94134  -19.386  4.471  19.120 0.1111111119
93437  -19.366  4.020  17.541 0.2222222239
94854  -19.402  5.126  17.808 0.1111111119
94156  -19.442  4.649  17.542 0.1111111119
95532  -19.733  5.760  17.845 0.1111111119
94864  -19.703  5.365  17.669 0.1111111119
125150  -19.866  6.225  17.759 0.1111111119
94865  -20.857  5.945  17.736 0.1111111119
93395  -20.221  3.350  21.499 0.1111111119
93396  -21.007  3.438  21.642 0.1111111119
93404  -20.675  3.963  21.018 0.1111111119
94839  -20.401  5.177  20.240 0.1111111119
95517  -19.955  5.550  19.358 0.1111111119
95527  -19.995  6.405  19.192 0.1111111119
95533  -19.627  6.676  18.092 0.1111111119
94126  -21.842  4.862  20.989 0.1111111119
94840  -21.179  5.465  20.624 0.1111111119
79561  -26.314  -14.189  14.151 0.1111111119
136280  -26.319  -13.236  15.501 0.1111111119
80480  -26.508  -13.017  13.533 0.1111111119
80481  -26.931  -13.124  13.238 0.1111111119
82258  -28.291  -10.447  14.955 0.1111111119
82270  -27.928  -10.689  14.116 0.1111111119
83104  -28.789  -9.948  15.464 0.1111111119
86533  -29.931  -6.306  16.266 0.1111111119
130914  -25.094  -0.971  19.254 0.4444444478
90375  -26.047  -0.556  19.044 0.3333333433
89621  -27.373  -1.443  18.316 0.2222222239
88874  -28.147  -1.831  17.830 0.1111111119
130300  -29.779  -4.144  16.023 0.1111111119
90403  -27.293  -0.719  16.810 0.2222222239
91883  -25.681  1.577  17.170 0.1111111119
91141  -26.092  0.952  16.636 0.1111111119
90413  -26.731  -0.311  15.475 0.1111111119
91882  -20.993  1.427  17.430 0.3333333433
93456  -25.139  3.248  16.451 0.1111111119
93420  -19.253  3.881  18.550 0.2222222239
94157  -19.451  4.673  17.533 0.1111111119
94124  -20.191  4.460  20.441 0.1111111119
95526  -19.627  5.762  18.311 0.1111111119
95540  -19.717  6.984  17.783 0.1111111119
95519  -21.471  6.324  20.387 0.1111111119
94841  -22.183  5.615  20.649 0.1111111119
80474  -27.351  -13.322  13.469 0.1111111119
79563  -26.892  -13.751  13.604 0.1111111119
83092  -28.702  -9.876  16.552 0.2222222239
84839  -28.988  -7.922  17.825 0.2222222239
137516  -29.880  -5.484  16.943 0.1111111119
88869  -19.327  -2.302  17.401 0.4444444478
91863  -23.758  1.478  18.721 0.4444444478
128578  -23.882  2.188  18.703 0.2222222239
144436  -20.030  2.952  21.975 0.1111111119
92598  -21.511  2.671  21.807 0.1111111119
94115  -21.499  4.100  21.256 0.1111111119
79524  -25.750  -14.527  15.590 0.1111111119
79562  -26.710  -14.231  13.903 0.1111111119
80475  -28.289  -12.817  13.547 0.1111111119
129023  -27.989  -13.036  14.190 0.1111111119
80482  -27.516  -12.856  12.805 0.1111111119
81401  -27.015  -12.188  12.414 0.1111111119
81402  -27.519  -12.108  12.179 0.1111111119
82282  -27.352  -11.714  12.411 0.1111111119
83117  -28.718  -10.032  14.561 0.1111111119
123646  -27.531  -11.199  13.078 0.1111111119
83118  -29.148  -9.389  14.211 0.1111111119
83951  -29.449  -8.584  13.884 0.1111111119
144551  -29.835  -7.333  14.946 0.1111111119
85710  -29.814  -6.798  14.458 0.1111111119
123374  -29.966  -6.079  15.114 0.1111111119
134006  -29.544  -3.583  15.419 0.1111111119
137872  -29.901  -5.358  14.774 0.1111111119
88851  -18.884  -1.807  17.913 0.4444444478
132271  -28.737  -3.331  14.118 0.1111111119
89651  -27.589  -1.377  15.498 0.1111111119
90372  -18.838  -0.570  18.573 0.2222222239
91105  -19.052  0.213  18.134 0.2222222239
133323  -18.864  0.957  17.834 0.2222222239
91154  -26.076  0.154  15.091 0.1111111119
91091  -19.280  0.266  20.114 0.1111111119
91847  -18.896  1.472  18.571 0.2222222239
92669  -25.099  2.044  14.850 0.1111111119
134256  -24.246  2.973  14.128 0.1111111119
91086  -19.412  0.043  21.337 0.1111111119
91087  -19.801  0.595  21.871 0.1111111119
92596  -19.980  2.368  21.935 0.1111111119
92592  -20.975  2.021  21.892 0.1111111119
94190  -24.016  4.591  14.331 0.1111111119
92599  -22.618  2.533  21.825 0.1111111119
95541  -20.511  6.906  17.507 0.1111111119
96196  -21.392  7.528  17.002 0.1111111119
95554  -23.263  6.646  16.256 0.1111111119
95562  -23.244  7.033  15.045 0.1111111119
93397  -22.067  3.379  21.550 0.1111111119
94116  -22.529  4.172  21.285 0.1111111119
96181  -20.357  7.257  19.594 0.1111111119
125309  -20.052  7.790  18.774 0.1111111119
83928  -29.146  -9.045  16.934 0.1111111119
88093  -29.085  -3.461  17.502 0.1111111119
90374  -24.541  -0.381  19.171 0.4444444478
141729  -29.543  -6.824  17.489 0.2222222239
80487  -27.094  -12.612  12.607 0.1111111119
82275  -26.824  -11.826  12.794 0.1111111119
83929  -29.518  -8.486  16.325 0.1111111119
84869  -29.820  -7.855  15.529 0.1111111119
83940  -29.528  -8.597  14.781 0.1111111119
132639  -29.874  -5.208  15.862 0.1111111119
88876  -29.247  -3.024  16.731 0.1111111119
87333  -29.772  -4.501  14.928 0.1111111119
91110  -25.061  0.815  18.591 0.2222222239
91111  -25.856  0.309  18.432 0.2222222239
91128  -26.219  0.541  17.490 0.1111111119
89642  -27.742  -1.254  16.451 0.2222222239
93466  -25.327  2.852  15.857 0.1111111119
94182  -24.437  4.645  15.863 0.1111111119
91153  -25.849  0.834  15.606 0.1111111119
92658  -25.410  2.190  15.575 0.1111111119
91905  -25.458  1.481  15.150 0.1111111119
88905  -28.432  -2.576  14.559 0.1111111119
88896  -28.630  -2.423  15.459 0.1111111119
90414  -27.284  -0.751  15.861 0.2222222239
130595  -26.994  -0.255  16.199 0.2222222239
92622  -24.250  2.952  18.434 0.2222222239
92637  -24.690  2.868  17.934 0.1111111119
94161  -24.340  4.405  17.523 0.1111111119
91124  -18.941  0.943  17.110 0.3333333433
91099  -19.009  0.673  18.911 0.1111111119
92635  -19.227  2.451  16.923 0.3333333433
92636  -20.115  3.097  17.380 0.2222222239
93421  -20.902  3.589  17.826 0.1111111119
94142  -21.239  4.321  17.930 0.1111111119
94868  -24.084  5.082  17.090 0.1111111119
94881  -24.188  5.205  16.142 0.1111111119
94880  -23.695  5.779  16.685 0.1111111119
91838  -19.358  1.230  19.904 0.1111111119
128496  -19.396  3.358  17.325 0.2222222239
94863  -19.449  4.983  17.676 0.1111111119
94866  -22.334  5.685  17.634 0.1111111119
95543  -22.998  6.290  17.187 0.1111111119
92595  -19.365  2.663  20.399 0.1111111119
135587  -20.038  3.880  20.748 0.1111111119
93413  -19.397  3.816  19.542 0.1111111119
94123  -19.647  4.182  20.084 0.1111111119
94848  -19.394  5.112  18.642 0.1111111119
94141  -19.236  4.768  18.168 0.1111111119
95542  -21.893  6.618  17.380 0.1111111119
92597  -20.427  2.910  21.991 0.1111111119
94125  -20.942  4.670  20.797 0.1111111119
95518  -20.531  5.972  20.145 0.1111111119
132629  -19.721  7.122  18.670 0.1111111119
83093  -29.208  -9.235  16.023 0.1111111119
88897  -29.279  -2.881  15.831 0.1111111119
89650  -26.974  -0.954  15.028 0.1111111119
90425  -26.394  -0.494  14.610 0.1111111119
96171  -21.216  7.226  20.147 0.1111111119
142303  -29.526  -8.696  15.555 0.1111111119
135033  -29.656  -7.730  14.395 0.1111111119
88126  -29.104  -3.025  14.947 0.1111111119
89659  -27.370  -1.501  14.596 0.1111111119
91165  -25.506  0.777  14.527 0.1111111119
91916  -24.978  1.522  14.387 0.1111111119
91835  -19.874  1.417  21.780 0.1111111119
96195  -20.182  7.813  17.256 0.1111111119
95553  -22.498  7.165  16.761 0.1111111119
96792  -20.680  8.581  18.796 0.1111111119
96188  -19.602  7.423  18.007 0.1111111119
75951  -13.888  -17.182  19.747 0.2222222239
134972  -13.515  -15.866  19.921 0.2222222239
71564  -13.529  -21.985  19.606 0.3333333433
75952  -14.299  -17.017  19.046 0.4444444478
76810  -13.813  -16.347  19.618 0.3333333433
88850  -18.971  -2.665  17.312 0.3333333433
88845  -18.970  -2.427  19.223 0.1111111119
89610  -18.768  -1.020  18.819 0.1111111119
87263  -14.457  -4.566  21.062 0.2222222239
87243  -12.607  -4.411  22.617 0.1111111119
132604  -14.328  -19.724  19.324 0.2222222239
87244  -13.940  -4.415  22.643 0.1111111119
120786  -16.771  -4.355  19.514 0.1111111119
88065  -19.254  -4.129  18.848 0.1111111119
70683  -13.745  -22.669  19.652 0.2222222239
134118  -13.729  -19.803  19.876 0.2222222239
81280  -10.877  -11.694  20.426 0.2222222239
88075  -18.645  -3.653  18.486 0.1111111119
80353  -10.863  -12.793  21.485 0.1111111119
82177  -10.237  -11.297  20.309 0.3333333433
74141  -13.877  -18.970  19.671 0.2222222239
88844  -19.068  -3.230  18.548 0.1111111119
86474  -17.486  -4.736  19.813 0.1111111119
87273  -18.282  -4.578  19.623 0.1111111119
132925  -24.990  -17.584  15.736 0.1111111119
140479  -18.196  -34.966  19.000 0.1111111119
60470  -18.755  -34.536  19.245 0.1111111119
60458  -19.399  -34.830  19.788 0.1111111119
135352  -16.242  -35.100  19.566 0.1111111119
61490  -16.404  -33.709  19.204 0.1111111119
61499  -17.072  -33.744  18.839 0.1111111119
62451  -15.996  -32.296  18.998 0.1111111119
63346  -15.526  -31.613  19.158 0.1111111119
70670  -13.507  -22.931  19.933 0.1111111119
126475  -13.403  -15.776  20.127 0.1111111119
76794  -13.618  -16.515  20.050 0.1111111119
75078  -14.357  -17.920  19.410 0.1111111119
83820  -10.272  -7.622  22.555 0.2222222239
84741  -9.161  -7.065  23.342 0.2222222239
127265  -9.429  -7.243  24.767 0.2222222239
85567  -11.457  -7.462  25.466 0.2222222239
129081  -16.163  -34.478  19.502 0.1111111119
77660  -13.377  -15.225  20.115 0.1111111119
59550  -18.046  -35.588  19.100 0.1111111119
59537  -18.661  -35.292  19.442 0.1111111119
132952  -15.726  -35.008  19.909 0.1111111119
61489  -15.623  -33.683  19.559 0.1111111119
62442  -15.234  -32.347  19.487 0.1111111119
134441  -15.104  -30.960  19.362 0.1111111119
64280  -15.355  -30.332  19.250 0.1111111119
66215  -15.170  -28.814  19.437 0.1111111119
70654  -13.677  -23.699  20.022 0.1111111119
71547  -13.159  -22.481  19.980 0.1111111119
75934  -13.680  -17.506  20.271 0.1111111119
83810  -11.209  -7.540  23.583 0.2222222239
85568  -12.377  -6.696  25.476 0.2222222239
86415  -12.948  -5.272  25.168 0.1111111119
60471  -20.025  -34.283  20.010 0.1111111119
145047  -17.431  -35.630  19.133 0.1111111119
87221  -11.380  -5.278  24.745 0.2222222239
87235  -11.728  -4.481  23.289 0.1111111119
72414  -13.180  -21.496  19.834 0.1111111119
83821  -10.855  -8.527  22.209 0.2222222239
70671  -13.821  -23.576  19.620 0.1111111119
66224  -14.483  -28.036  19.767 0.1111111119
67124  -14.913  -27.175  19.689 0.1111111119
69819  -13.966  -24.281  19.631 0.1111111119
62443  -15.849  -33.016  19.271 0.1111111119
75077  -13.768  -18.193  19.982 0.1111111119
71563  -13.034  -22.197  19.845 0.1111111119
74140  -13.474  -19.126  20.157 0.1111111119
60481  -17.012  -34.404  19.028 0.1111111119
126585  -16.814  -35.206  19.282 0.1111111119
59549  -16.998  -36.073  19.183 0.1111111119
70653  -13.343  -23.163  19.939 0.1111111119
84743  -11.626  -7.673  25.003 0.1111111119
132285  -15.251  -33.084  19.626 0.1111111119
69804  -13.883  -24.470  20.061 0.1111111119
70635  -13.452  -24.022  19.962 0.1111111119
125884  -13.234  -6.238  24.189 0.1111111119
86417  -13.637  -4.946  24.189 0.1111111119
121724  -14.578  -4.455  21.320 0.1111111119
87272  -16.386  -4.568  19.955 0.1111111119
60459  -20.857  -34.751  21.095 0.1111111119
60469  -17.581  -35.013  19.019 0.1111111119
61467  -21.809  -33.638  21.314 0.1111111119
61480  -20.529  -33.595  20.275 0.1111111119
63324  -22.963  -31.529  21.408 0.1111111119
65268  -20.773  -29.413  18.736 0.3333333433
68003  -21.843  -26.896  18.408 0.3333333433
68987  -20.604  -25.149  16.168 0.4444444478
69852  -18.011  -23.902  17.093 0.4444444478
70710  -17.505  -22.957  17.082 0.6666666865
71614  -19.088  -22.755  16.115 0.4444444478
72460  -22.761  -21.870  15.935 0.2222222239
78639  -19.087  -14.380  14.789 0.7777777910
79560  -19.816  -12.853  14.898 1.0000000000
80456  -16.484  -12.601  15.450 1.0000000000
80458  -21.052  -12.185  15.779 0.7777777910
80472  -19.520  -12.212  14.830 0.8888888955
81324  -15.413  -11.984  17.483 0.8888888955
81328  -24.138  -11.631  17.867 0.5555555820
81365  -16.226  -12.064  15.814 1.0000000000
81367  -20.899  -11.481  15.512 0.8888888955
81381  -19.145  -11.518  14.651 0.8888888955
82243  -22.372  -9.997  16.776 0.7777777910
82245  -28.178  -10.808  16.716 0.3333333433
82253  -15.994  -10.547  15.997 1.0000000000
82255  -20.693  -10.756  15.284 0.7777777910
82257  -27.544  -10.955  14.833 0.1111111119
82264  -17.127  -10.466  14.795 1.0000000000
82267  -19.545  -10.776  14.429 0.8888888955
83076  -27.587  -9.862  18.110 0.5555555820
83077  -28.688  -9.412  17.408 0.1111111119
83098  -15.920  -9.637  16.247 1.0000000000
83101  -20.909  -8.969  15.499 0.8888888955
83103  -22.198  -8.290  16.289 0.7777777910
83105  -29.204  -9.321  15.085 0.1111111119
83114  -18.401  -9.314  14.633 0.8888888955
83125  -28.678  -10.375  13.553 0.1111111119
83833  -10.530  -8.900  21.153 0.3333333433
83853  -10.535  -8.939  20.906 0.4444444478
83869  -11.607  -8.788  19.660 0.6666666865
83889  -25.340  -8.331  18.133 0.5555555820
83904  -15.241  -8.353  16.869 1.0000000000
83925  -21.827  -7.634  16.209 0.8888888955
83927  -22.941  -7.772  16.906 0.8888888955
83938  -17.269  -8.300  15.217 1.0000000000
83950  -20.370  -8.318  15.137 0.8888888955
84734  -10.634  -7.640  24.991 0.2222222239
84742  -9.993  -7.381  23.533 0.2222222239
84755  -9.235  -7.345  22.230 0.2222222239
84766  -9.237  -7.224  22.314 0.3333333433
84781  -10.457  -8.214  20.909 0.5555555820
84796  -12.005  -8.214  19.761 0.7777777910
84821  -28.458  -7.394  18.358 0.2222222239
84833  -15.411  -6.864  17.045 0.7777777910
84836  -23.078  -7.334  17.189 0.6666666865
84838  -24.367  -7.504  17.636 0.6666666865
84840  -29.472  -7.474  17.320 0.1111111119
84853  -15.588  -6.750  16.429 0.8888888955
84856  -22.250  -7.239  16.595 0.7777777910
84866  -16.966  -7.480  15.502 0.8888888955
84867  -20.199  -7.050  15.082 0.8888888955
84874  -17.529  -6.919  15.105 0.8888888955
84875  -18.521  -7.622  14.616 0.8888888955
84877  -19.890  -7.709  14.765 0.8888888955
85560  -9.971  -6.828  25.427 0.2222222239
85561  -11.134  -6.783  25.552 0.2222222239
85562  -12.079  -5.810  25.467 0.2222222239
85563  -12.962  -5.917  25.416 0.1111111119
85565  -9.061  -6.999  24.496 0.2222222239
85566  -10.210  -7.330  25.312 0.2222222239
85572  -9.266  -6.543  23.463 0.2222222239
85574  -13.174  -6.199  25.305 0.1111111119
85581  -9.238  -6.722  22.622 0.2222222239
85653  -29.386  -6.341  17.978 0.1111111119
85665  -15.426  -6.099  16.827 0.7777777910
85667  -22.843  -6.541  17.185 0.6666666865
85669  -23.964  -6.534  17.678 0.5555555820
85671  -29.824  -6.960  16.869 0.2222222239
85687  -16.160  -6.253  15.851 0.7777777910
85689  -22.549  -6.804  16.958 0.6666666865
85690  -22.843  -6.938  17.185 0.6666666865
85697  -17.987  -6.231  15.110 0.7777777910
85699  -19.661  -6.411  14.798 0.7777777910
85700  -20.454  -6.384  15.470 0.7777777910
85702  -29.930  -6.925  15.447 0.1111111119
86409  -9.460  -6.525  25.069 0.3333333433
86410  -10.513  -5.904  25.276 0.2222222239
86414  -10.545  -5.223  24.380 0.2222222239
86416  -13.349  -5.378  24.940 0.1111111119
86422  -9.417  -6.245  24.240 0.3333333433
86423  -9.821  -5.608  23.699 0.3333333433
86425  -13.646  -5.379  24.328 0.1111111119
86426  -14.031  -4.918  23.135 0.1111111119
86435  -10.513  -5.330  22.823 0.2222222239
86444  -9.702  -6.249  22.354 0.4444444478
86446  -12.168  -4.931  21.669 0.6666666865
86470  -13.796  -5.843  19.512 0.5555555820
86471  -14.459  -5.680  19.181 0.4444444478
86495  -27.365  -4.942  18.974 0.5555555820
86497  -28.968  -5.656  18.441 0.3333333433
86507  -22.667  -5.995  17.060 0.6666666865
86509  -23.658  -5.997  17.639 0.6666666865
86528  -16.917  -4.935  16.166 0.7777777910
86530  -20.844  -4.903  16.279 0.6666666865
86531  -21.565  -5.886  16.373 0.6666666865
87227  -11.472  -4.704  24.078 0.1111111119
87228  -12.296  -4.938  24.656 0.1111111119
87253  -13.263  -4.474  22.056 0.1111111119
87254  -14.251  -3.993  21.879 0.1111111119
87255  -14.523  -4.141  21.730 0.1111111119
87288  -25.768  -4.756  18.734 0.6666666865
87320  -29.775  -4.619  16.813 0.1111111119
87332  -19.760  -4.943  15.694 0.6666666865
88092  -28.600  -3.202  18.072 0.3333333433
88857  -27.705  -2.088  18.324 0.2222222239
88858  -28.212  -2.563  18.217 0.3333333433
88887  -28.784  -2.366  16.466 0.1111111119
88895  -28.009  -1.920  15.026 0.1111111119
91109  -24.612  0.291  18.935 0.4444444478
96170  -20.619  6.691  20.087 0.1111111119
122403  -14.657  -4.077  22.068 0.1111111119
124501  -21.787  -15.045  17.061 0.5555555820
124557  -18.078  -20.482  15.633 0.8888888955
125999  -20.708  -24.467  15.961 0.4444444478
126017  -25.553  -6.855  18.498 0.4444444478
127205  -17.712  -36.244  19.187 0.1111111119
127793  -24.809  4.047  16.130 0.1111111119
129065  -24.388  -4.399  18.491 0.6666666865
129107  -19.053  -10.066  14.309 0.8888888955
130290  -19.854  -20.194  15.557 0.6666666865
132562  -14.920  -12.349  18.016 0.8888888955
133011  -28.703  -4.866  18.451 0.3333333433
134374  -19.070  -25.361  16.813 0.4444444478
135004  -16.117  -11.387  15.844 1.0000000000
135241  -12.364  -4.467  23.967 0.1111111119
135777  -17.465  -16.993  15.187 1.0000000000
135815  -15.152  -5.836  18.258 0.6666666865
135920  -29.549  -3.436  16.177 0.1111111119
139351  -9.401  -7.137  25.151 0.3333333433
139662  -22.281  -5.630  16.922 0.6666666865
141499  -17.866  -24.544  17.228 0.4444444478
142417  -17.055  -21.311  16.363 0.7777777910
143159  -17.617  -25.017  17.351 0.4444444478
143780  -26.458  0.475  16.829 0.1111111119
143915  -23.609  -8.531  17.360 0.6666666865
144467  -17.877  -17.187  15.026 1.0000000000
145134  -20.573  -25.705  16.514 0.4444444478
