#!ascii label  , from subject sub-01 vox2ras=TkReg
674
20148  -32.503  -78.863  5.379 0.5000000000
21051  -31.508  -78.268  5.195 0.8000000119
21950  -30.457  -76.573  6.718 0.8000000119
142246  -31.050  -77.612  5.647 0.8000000119
126661  -31.749  -77.556  5.579 0.8000000119
134107  -32.765  -79.435  6.164 0.5000000000
21056  -32.343  -78.320  5.342 0.5000000000
21052  -32.870  -77.623  5.677 0.6000000238
21949  -29.361  -75.668  7.642 0.6999999881
21952  -31.027  -76.876  5.965 0.8000000119
19278  -33.265  -79.044  6.515 0.6000000238
139865  -33.270  -78.762  5.875 0.5000000000
21054  -34.094  -77.874  6.094 0.6000000238
21945  -28.624  -75.935  8.952 0.6999999881
20149  -33.249  -78.219  5.694 0.6000000238
21955  -34.364  -77.195  6.252 0.6000000238
22856  -28.549  -75.356  8.072 0.6999999881
21946  -29.133  -76.069  8.332 0.6999999881
22865  -30.970  -76.064  6.588 0.6999999881
21954  -33.592  -77.066  6.022 0.6000000238
22868  -34.425  -76.533  6.396 0.6000000238
22866  -32.088  -75.954  6.623 0.8000000119
21953  -32.166  -76.780  6.123 0.8000000119
20141  -33.282  -78.891  7.389 0.4000000060
21049  -34.489  -77.719  6.751 0.6000000238
22851  -27.934  -75.210  8.702 0.6999999881
22869  -34.974  -76.672  6.556 0.6000000238
23743  -28.089  -74.602  7.928 0.6999999881
126667  -30.009  -75.840  7.066 0.6999999881
22859  -30.386  -75.349  7.246 0.6999999881
22867  -33.220  -76.249  6.456 0.6999999881
23748  -33.726  -74.653  7.272 0.5000000000
22860  -31.551  -75.356  7.127 0.6000000238
23747  -32.269  -74.631  7.515 0.6000000238
24656  -32.987  -73.847  7.931 0.5000000000
21042  -33.493  -77.797  8.489 0.4000000060
20138  -33.846  -78.245  7.539 0.5000000000
137567  -27.511  -74.131  9.814 0.6999999881
21050  -35.192  -77.118  7.047 0.6000000238
142559  -28.742  -75.048  7.653 0.6999999881
22863  -35.276  -75.898  6.752 0.6000000238
140012  -28.839  -74.579  7.662 0.6999999881
23749  -35.519  -74.934  7.249 0.5000000000
133193  -34.928  -74.936  6.994 0.6000000238
23745  -29.844  -74.631  7.610 0.6999999881
23746  -31.011  -74.641  7.602 0.6000000238
136615  -34.256  -73.810  7.639 0.5000000000
144084  -34.576  -74.369  7.316 0.5000000000
24655  -31.721  -73.918  8.090 0.5000000000
129323  -27.579  -74.244  12.162 0.6000000238
132121  -27.497  -73.527  12.703 0.6000000238
21942  -33.098  -77.026  9.241 0.5000000000
21043  -33.961  -77.195  8.478 0.5000000000
127453  -27.577  -74.200  11.094 0.6999999881
22835  -27.503  -75.123  10.616 0.6999999881
21046  -34.807  -76.898  7.896 0.5000000000
130868  -34.441  -75.747  9.134 0.4000000060
23736  -27.571  -74.402  8.716 0.6999999881
22857  -35.704  -75.798  7.894 0.5000000000
23741  -27.765  -73.739  8.188 0.6999999881
23744  -28.355  -73.824  7.885 0.6999999881
22855  -36.143  -75.045  8.121 0.5000000000
24653  -29.366  -73.894  7.942 0.6999999881
23750  -35.948  -74.399  7.780 0.5000000000
24654  -30.514  -73.934  8.063 0.6000000238
24651  -35.669  -73.521  8.093 0.5000000000
24647  -30.054  -73.209  8.405 0.5000000000
24648  -31.204  -73.209  8.506 0.5000000000
24649  -32.440  -73.087  8.440 0.5000000000
24650  -34.960  -73.098  8.024 0.5000000000
136211  -33.757  -72.984  8.198 0.5000000000
25513  -34.534  -71.854  8.347 0.3000000119
22849  -33.262  -75.307  10.218 0.3000000119
24603  -27.244  -73.616  13.573 0.6000000238
22852  -33.308  -75.995  9.654 0.4000000060
22853  -33.918  -75.325  9.773 0.4000000060
124688  -27.649  -73.214  10.562 0.6000000238
22854  -35.535  -75.382  8.614 0.5000000000
24642  -27.572  -73.251  9.554 0.6999999881
23740  -27.545  -73.557  8.846 0.6999999881
23742  -36.173  -74.569  8.061 0.5000000000
24646  -28.929  -73.138  8.209 0.5000000000
24652  -36.099  -73.859  8.316 0.5000000000
25515  -35.907  -73.165  8.546 0.4000000060
25506  -35.381  -71.968  8.761 0.4000000060
25512  -33.232  -72.108  8.485 0.5000000000
25459  -27.180  -72.803  14.080 0.6000000238
145936  -27.411  -72.967  13.226 0.6000000238
25490  -27.596  -72.621  12.402 0.6000000238
142816  -27.713  -71.947  11.842 0.6000000238
25496  -27.703  -72.551  11.363 0.6000000238
23734  -35.418  -74.256  10.075 0.3000000119
23738  -35.876  -74.584  9.052 0.4000000060
25500  -27.658  -72.581  9.785 0.6000000238
24640  -35.742  -73.475  10.520 0.3000000119
25503  -27.655  -72.845  9.039 0.6000000238
24645  -28.126  -73.149  8.267 0.6999999881
24641  -36.142  -73.207  9.949 0.3000000119
23739  -36.135  -74.211  8.640 0.3000000119
25504  -28.052  -72.516  8.810 0.6000000238
25501  -35.635  -72.548  10.662 0.3000000119
142164  -36.195  -73.006  9.518 0.3000000119
25505  -28.815  -71.796  9.043 0.5000000000
25508  -28.629  -72.589  8.560 0.5000000000
25509  -29.643  -72.350  8.695 0.5000000000
27214  -34.951  -71.021  9.246 0.3000000119
26364  -35.476  -72.068  9.527 0.3000000119
25510  -30.688  -72.613  8.748 0.5000000000
25511  -31.834  -72.279  8.754 0.5000000000
27222  -34.866  -70.801  8.725 0.3000000119
26370  -30.841  -71.881  9.081 0.5000000000
26372  -33.874  -70.971  8.302 0.4000000060
26373  -34.418  -70.862  8.415 0.3000000119
126522  -27.331  -71.971  14.033 0.6000000238
25476  -27.455  -72.248  13.304 0.5000000000
128129  -27.693  -72.349  10.534 0.6000000238
26355  -27.775  -71.780  11.035 0.5000000000
26356  -34.416  -71.543  11.172 0.3000000119
26365  -27.820  -72.283  9.344 0.6000000238
27205  -33.756  -70.789  10.692 0.3000000119
26362  -34.484  -71.114  10.117 0.3000000119
26366  -28.131  -71.773  9.430 0.6000000238
26368  -31.216  -70.901  9.230 0.5000000000
123609  -32.716  -71.348  8.648 0.4000000060
130673  -32.209  -70.852  8.878 0.4000000060
26340  -27.594  -71.454  13.494 0.5000000000
27196  -27.942  -70.881  12.866 0.5000000000
130295  -27.680  -71.709  12.608 0.5000000000
26349  -27.913  -71.142  11.792 0.5000000000
141648  -34.137  -70.956  12.980 0.3000000119
27199  -33.739  -71.137  11.799 0.3000000119
26360  -27.810  -71.799  10.041 0.6000000238
26361  -28.196  -71.074  9.965 0.6000000238
130973  -28.558  -71.200  9.591 0.5000000000
26367  -29.948  -71.373  9.187 0.5000000000
27225  -34.107  -70.223  8.361 0.4000000060
28118  -32.919  -69.450  8.467 0.4000000060
27189  -27.784  -70.656  13.828 0.5000000000
27197  -28.189  -70.292  12.215 0.5000000000
27192  -34.093  -70.772  13.680 0.4000000060
28093  -33.568  -69.736  13.891 0.4000000060
27203  -28.237  -70.381  11.284 0.5000000000
27210  -28.038  -71.071  10.718 0.5000000000
28099  -32.745  -69.985  12.851 0.4000000060
27204  -33.149  -70.504  11.335 0.3000000119
27212  -33.404  -69.888  10.457 0.3000000119
27217  -28.677  -70.330  9.829 0.4000000060
27218  -29.203  -70.850  9.437 0.4000000060
27223  -32.135  -70.147  8.818 0.4000000060
27179  -28.028  -69.881  14.282 0.5000000000
27190  -28.246  -69.959  13.236 0.5000000000
28084  -33.728  -69.525  14.655 0.4000000060
28097  -28.416  -69.528  12.362 0.4000000060
28092  -32.486  -69.448  13.307 0.4000000060
28098  -31.973  -69.312  12.379 0.4000000060
136669  -28.377  -69.784  11.665 0.4000000060
27211  -28.379  -70.315  10.397 0.4000000060
137019  -32.117  -69.004  11.489 0.4000000060
28107  -28.664  -69.525  10.142 0.4000000060
28113  -29.014  -69.472  9.768 0.4000000060
28114  -29.828  -69.491  9.564 0.4000000060
27220  -31.258  -70.073  9.150 0.4000000060
28115  -30.864  -69.498  9.324 0.4000000060
29050  -32.702  -68.655  8.601 0.4000000060
29052  -34.130  -68.071  8.718 0.4000000060
28083  -28.211  -69.177  14.724 0.5000000000
131747  -28.387  -69.166  13.891 0.4000000060
29002  -33.361  -68.445  15.638 0.4000000060
125772  -33.479  -68.708  15.012 0.4000000060
144282  -28.550  -68.774  13.483 0.5000000000
133516  -28.529  -68.867  12.378 0.4000000060
28102  -28.470  -69.630  10.902 0.4000000060
30006  -31.376  -67.900  12.909 0.4000000060
29044  -28.914  -68.768  9.999 0.4000000060
126317  -34.313  -68.230  8.889 0.3000000119
133732  -31.589  -68.796  9.101 0.4000000060
142989  -28.414  -68.785  14.383 0.4000000060
129263  -28.614  -68.381  13.925 0.5000000000
29024  -28.685  -68.390  12.941 0.4000000060
29011  -32.409  -68.172  14.326 0.4000000060
30010  -28.688  -67.575  12.335 0.4000000060
128826  -28.572  -68.210  11.913 0.4000000060
30017  -28.612  -67.373  11.454 0.4000000060
29036  -28.580  -68.091  11.053 0.4000000060
132447  -28.639  -68.807  10.616 0.4000000060
134656  -29.455  -68.800  9.741 0.4000000060
29046  -30.443  -68.712  9.507 0.4000000060
30036  -33.961  -67.555  8.703 0.4000000060
145616  -32.162  -68.311  8.846 0.4000000060
29048  -32.881  -67.774  8.647 0.4000000060
29995  -28.796  -67.452  14.395 0.4000000060
30005  -28.835  -67.608  13.303 0.4000000060
30969  -28.786  -66.786  12.563 0.4000000060
146394  -28.672  -67.052  11.929 0.4000000060
30025  -28.729  -67.349  10.830 0.4000000060
30026  -29.165  -67.281  10.360 0.4000000060
29049  -34.158  -67.637  8.900 0.4000000060
135240  -30.250  -67.931  9.609 0.4000000060
30031  -29.857  -67.216  9.841 0.4000000060
30032  -30.907  -67.214  9.424 0.4000000060
30033  -32.177  -67.109  8.910 0.4000000060
30961  -28.957  -66.886  13.543 0.4000000060
135926  -28.879  -66.069  13.231 0.4000000060
31869  -28.841  -65.848  12.213 0.4000000060
30977  -28.719  -66.596  11.565 0.4000000060
143310  -28.646  -66.946  11.079 0.4000000060
125510  -28.920  -65.816  11.276 0.4000000060
30988  -28.893  -66.591  10.816 0.4000000060
30989  -29.601  -66.524  10.227 0.4000000060
30990  -30.158  -65.822  10.009 0.4000000060
30034  -33.480  -66.937  8.749 0.3000000119
126748  -31.579  -66.465  9.230 0.4000000060
31862  -29.078  -65.638  14.084 0.4000000060
128123  -28.918  -65.280  13.222 0.4000000060
122485  -29.037  -64.805  13.908 0.4000000060
143639  -28.862  -65.563  12.770 0.4000000060
31879  -29.052  -65.125  11.767 0.4000000060
31894  -29.394  -65.802  10.627 0.4000000060
124110  -29.975  -65.021  10.353 0.4000000060
136716  -33.947  -66.663  9.269 0.4000000060
30035  -33.968  -66.969  9.075 0.3000000119
135381  -31.098  -65.833  9.461 0.4000000060
30995  -32.732  -66.437  8.851 0.5000000000
30996  -33.524  -66.058  9.010 0.4000000060
31900  -31.773  -65.198  9.304 0.5000000000
124783  -28.847  -63.909  13.631 0.4000000060
138392  -28.744  -63.301  13.106 0.4000000060
32744  -28.875  -64.555  12.989 0.4000000060
33579  -28.865  -63.866  12.677 0.4000000060
32756  -29.017  -64.485  12.199 0.4000000060
31895  -30.731  -65.280  9.727 0.4000000060
31901  -33.068  -65.171  9.014 0.5000000000
122623  -28.966  -63.578  14.592 0.4000000060
33565  -28.709  -63.064  13.810 0.4000000060
32781  -32.397  -64.562  9.266 0.5000000000
34492  -28.655  -62.213  14.079 0.4000000060
35505  -28.610  -61.602  13.406 0.4000000060
34504  -28.697  -62.502  13.101 0.4000000060
33616  -32.838  -63.963  9.330 0.5000000000
37423  -28.756  -59.526  13.857 0.4000000060
136500  -28.723  -61.639  14.829 0.4000000060
36487  -28.534  -60.210  14.107 0.4000000060
140948  -28.536  -61.436  14.027 0.4000000060
36497  -28.767  -60.258  13.479 0.4000000060
36498  -29.136  -60.410  12.981 0.5000000000
35494  -28.541  -60.897  14.465 0.4000000060
27224  -33.199  -70.301  8.420 0.4000000060
19286  -32.436  -79.364  5.541 0.5000000000
20140  -30.249  -78.225  6.954 0.8000000119
21047  -30.174  -77.329  7.464 0.8000000119
21044  -29.748  -77.449  8.539 0.6999999881
19270  -32.625  -79.505  7.221 0.5000000000
21941  -29.309  -76.769  9.054 0.6999999881
19266  -32.600  -79.181  8.291 0.5000000000
22846  -28.026  -75.778  9.617 0.6999999881
20137  -33.079  -78.538  8.392 0.4000000060
22850  -27.553  -75.083  9.557 0.6999999881
20135  -32.582  -78.030  9.295 0.4000000060
21040  -32.244  -77.279  9.963 0.4000000060
23705  -27.383  -74.291  13.049 0.6000000238
22848  -32.440  -75.767  10.485 0.4000000060
25441  -26.575  -72.984  14.910 0.6000000238
25442  -26.931  -72.043  14.852 0.5000000000
26328  -27.386  -71.291  14.377 0.5000000000
27178  -27.556  -70.507  14.774 0.4000000060
29010  -28.421  -68.389  14.947 0.4000000060
29985  -28.477  -67.536  15.523 0.4000000060
30941  -28.782  -66.710  15.174 0.4000000060
128767  -29.044  -65.985  14.860 0.4000000060
32735  -29.081  -64.314  14.551 0.4000000060
145392  -28.833  -62.886  14.591 0.4000000060
34480  -28.867  -62.379  15.157 0.4000000060
37412  -28.515  -59.546  14.606 0.4000000060
20144  -30.620  -78.267  5.592 0.8000000119
20142  -33.819  -78.429  6.531 0.5000000000
138891  -29.942  -76.336  7.347 0.6999999881
22858  -29.441  -75.219  7.450 0.6999999881
21055  -34.845  -77.161  6.590 0.6000000238
21948  -35.669  -75.892  7.371 0.6000000238
22862  -34.176  -75.618  6.690 0.6000000238
22861  -32.836  -75.410  6.925 0.6000000238
22864  -35.667  -75.662  7.298 0.5000000000
24634  -27.653  -73.403  11.734 0.6000000238
21943  -34.070  -76.510  8.805 0.5000000000
23737  -34.914  -75.030  9.542 0.3000000119
26371  -31.760  -71.483  8.961 0.5000000000
27219  -30.218  -70.335  9.389 0.4000000060
28119  -33.828  -69.473  8.406 0.4000000060
29047  -31.475  -67.989  9.185 0.4000000060
29045  -29.390  -68.057  9.935 0.4000000060
30951  -29.026  -66.471  14.213 0.4000000060
35506  -28.713  -60.977  13.074 0.4000000060
14984  -20.559  -82.655  4.491 0.4000000060
16765  -20.899  -82.129  4.292 0.4000000060
17662  -21.439  -80.920  5.351 0.4000000060
16758  -22.564  -81.888  5.522 0.4000000060
17661  -21.239  -80.582  5.696 0.4000000060
133290  -22.318  -80.665  5.552 0.4000000060
18468  -22.956  -80.041  5.849 0.4000000060
17652  -24.487  -81.705  5.989 0.5000000000
17650  -21.213  -80.293  5.915 0.4000000060
18466  -21.598  -79.992  5.944 0.4000000060
18461  -23.179  -79.684  6.170 0.5000000000
18469  -24.155  -79.935  6.058 0.5000000000
18470  -25.292  -80.231  5.692 0.6000000238
17620  -21.624  -80.691  7.188 0.4000000060
18450  -21.803  -79.974  6.870 0.4000000060
138462  -22.901  -79.431  6.755 0.4000000060
17663  -24.249  -80.613  5.854 0.5000000000
141131  -32.465  -78.798  9.022 0.4000000060
21938  -31.914  -76.627  10.523 0.3000000119
17664  -25.331  -81.033  5.577 0.5000000000
18457  -31.431  -80.497  6.917 0.5000000000
19269  -32.000  -79.767  8.297 0.4000000060
18430  -23.790  -80.783  9.044 0.4000000060
19279  -22.972  -79.515  6.372 0.5000000000
19280  -24.029  -79.686  6.299 0.5000000000
18441  -23.076  -80.263  8.228 0.4000000060
128947  -22.545  -79.698  7.210 0.4000000060
133382  -26.120  -80.576  5.299 0.6000000238
17665  -26.886  -80.873  5.044 0.6000000238
17666  -27.703  -81.060  4.775 0.6999999881
18458  -32.135  -79.919  6.553 0.5000000000
16760  -27.187  -81.581  5.318 0.6999999881
121729  -28.887  -81.464  5.075 0.6999999881
18463  -31.083  -80.751  5.873 0.6999999881
17667  -28.643  -81.064  4.593 0.6999999881
17668  -29.325  -81.140  4.714 0.6999999881
19273  -24.591  -79.611  6.545 0.5000000000
140124  -25.043  -79.790  6.063 0.6000000238
19281  -25.835  -79.933  5.658 0.6000000238
19282  -26.526  -79.912  5.527 0.6000000238
18442  -24.028  -79.980  8.234 0.4000000060
18452  -24.289  -79.580  7.370 0.5000000000
19274  -25.739  -79.723  6.171 0.6000000238
19288  -26.548  -80.131  5.311 0.6000000238
19289  -27.253  -80.125  5.125 0.6000000238
18473  -28.066  -80.424  4.730 0.6000000238
21939  -32.549  -76.529  9.980 0.3000000119
18472  -27.187  -80.456  5.024 0.6000000238
18464  -31.706  -80.250  5.885 0.6000000238
18432  -25.875  -80.721  8.834 0.6000000238
18444  -26.157  -80.302  7.908 0.6999999881
18454  -26.389  -79.846  6.957 0.6000000238
18462  -26.816  -79.727  6.146 0.6000000238
127500  -27.990  -80.013  4.929 0.6000000238
18431  -24.819  -80.750  8.942 0.5000000000
18453  -25.353  -79.713  7.142 0.6000000238
19290  -28.738  -80.085  4.576 0.6000000238
18476  -28.867  -80.420  4.480 0.6999999881
18478  -29.935  -80.346  4.458 0.6999999881
18474  -30.011  -80.907  4.709 0.6999999881
18475  -31.782  -79.840  5.335 0.6000000238
121294  -31.265  -80.373  5.182 0.6999999881
18433  -26.838  -80.610  8.719 0.6000000238
133655  -27.631  -80.323  8.651 0.6999999881
18445  -27.110  -80.249  7.828 0.6999999881
19275  -27.888  -79.778  6.434 0.6000000238
19292  -31.829  -79.377  5.053 0.5000000000
19291  -29.494  -79.759  4.646 0.6999999881
19293  -29.428  -80.193  4.450 0.6999999881
138835  -31.221  -79.841  4.817 0.6000000238
134406  -29.414  -78.955  8.075 0.6999999881
20139  -29.770  -78.702  7.372 0.6999999881
125372  -28.345  -79.887  8.688 0.6999999881
19277  -29.321  -79.220  7.139 0.6000000238
20143  -29.917  -78.824  6.346 0.5000000000
18446  -27.965  -79.891  7.671 0.6999999881
19276  -28.687  -79.544  6.804 0.6000000238
20145  -30.215  -79.114  4.961 0.6999999881
20146  -31.028  -78.932  4.777 0.5000000000
19284  -28.585  -79.718  5.410 0.6000000238
134976  -30.400  -79.729  4.621 0.6000000238
136208  -29.917  -78.223  7.971 0.6999999881
18449  -31.918  -80.020  7.451 0.5000000000
19285  -29.394  -79.373  5.874 0.6000000238
16756  -20.934  -81.443  4.933 0.4000000060
17651  -23.353  -81.268  5.869 0.4000000060
18440  -22.267  -80.427  7.763 0.4000000060
19271  -22.171  -79.669  6.394 0.4000000060
18451  -23.364  -79.561  7.393 0.4000000060
17657  -30.199  -81.186  5.754 0.6999999881
144065  -30.711  -80.766  5.147 0.6999999881
19283  -27.437  -79.868  5.462 0.6000000238
18443  -25.080  -80.142  8.084 0.6999999881
18455  -27.293  -79.906  7.019 0.6000000238
19267  -28.747  -79.450  7.915 0.6999999881
17602  -25.644  -81.219  9.756 0.4000000060
17603  -26.609  -81.024  9.638 0.5000000000
18434  -28.049  -80.330  9.434 0.6000000238
17584  -25.378  -81.457  10.614 0.4000000060
17585  -26.401  -81.350  10.679 0.5000000000
17586  -27.219  -81.024  10.310 0.5000000000
138094  -27.728  -80.621  10.038 0.5000000000
19258  -28.716  -79.410  10.730 0.5000000000
138693  -27.367  -80.679  9.456 0.5000000000
19264  -29.232  -78.828  9.537 0.5000000000
19263  -28.727  -79.596  9.680 0.5000000000
20131  -29.346  -78.108  9.777 0.6999999881
19259  -29.092  -78.679  10.256 0.6000000238
21038  -29.120  -77.347  9.880 0.6000000238
17563  -25.636  -81.566  11.552 0.5000000000
17564  -26.611  -81.390  11.576 0.5000000000
124500  -27.645  -80.651  11.611 0.5000000000
18410  -28.237  -80.138  11.205 0.5000000000
18409  -27.733  -80.692  10.802 0.5000000000
20136  -29.545  -78.380  8.916 0.6000000238
20121  -28.803  -78.298  11.084 0.6000000238
20130  -29.092  -77.901  10.396 0.5000000000
21940  -28.630  -76.545  9.799 0.6000000238
17542  -26.317  -81.445  12.358 0.5000000000
18398  -27.525  -80.530  12.365 0.5000000000
128083  -27.825  -79.897  12.552 0.5000000000
18399  -28.040  -80.007  11.963 0.5000000000
19251  -28.479  -79.280  11.562 0.5000000000
21041  -29.467  -77.572  9.293 0.6000000238
131282  -28.578  -77.216  10.650 0.6000000238
17525  -26.147  -81.284  13.265 0.5000000000
18397  -26.970  -80.961  12.843 0.5000000000
19229  -27.246  -79.496  13.648 0.5000000000
20104  -27.422  -78.581  13.337 0.5000000000
21016  -26.920  -78.002  13.589 0.6000000238
19240  -27.746  -79.325  12.957 0.4000000060
128694  -26.700  -77.275  13.092 0.4000000060
21017  -27.340  -77.699  12.759 0.5000000000
134540  -27.866  -77.790  12.127 0.5000000000
19241  -28.161  -79.237  12.282 0.4000000060
21900  -26.717  -76.521  12.896 0.4000000060
21030  -27.427  -77.072  11.917 0.5000000000
132530  -26.514  -76.007  13.338 0.4000000060
21924  -27.872  -76.719  11.171 0.6000000238
21937  -28.003  -76.292  10.403 0.6000000238
134662  -26.966  -77.028  12.505 0.5000000000
22808  -27.042  -75.697  12.922 0.5000000000
22821  -27.339  -75.681  12.066 0.5000000000
21911  -27.117  -76.448  12.266 0.5000000000
22796  -26.598  -75.275  13.797 0.4000000060
142917  -27.192  -74.943  13.287 0.5000000000
21923  -27.419  -76.284  11.580 0.6000000238
137626  -27.477  -75.640  11.352 0.6000000238
133871  -27.444  -74.987  12.573 0.5000000000
24586  -26.212  -73.698  14.997 0.3000000119
23673  -26.220  -74.472  14.593 0.4000000060
23674  -26.968  -74.390  13.835 0.5000000000
135009  -27.536  -74.992  11.659 0.6000000238
28082  -27.764  -69.737  15.178 0.3000000119
27164  -27.196  -70.283  15.613 0.3000000119
26310  -27.021  -71.105  15.231 0.4000000060
26309  -26.460  -71.661  15.698 0.4000000060
28986  -27.799  -68.097  16.403 0.3000000119
31846  -28.797  -65.910  15.813 0.3000000119
30931  -28.414  -66.747  16.093 0.3000000119
127469  -28.850  -65.079  16.165 0.3000000119
125632  -29.143  -65.138  15.023 0.3000000119
32726  -29.022  -64.159  15.597 0.3000000119
33555  -28.939  -63.176  15.437 0.3000000119
128350  -28.806  -62.573  16.150 0.3000000119
135479  -28.794  -61.815  15.767 0.3000000119
24587  -26.785  -73.685  14.393 0.5000000000
28071  -27.982  -68.979  15.528 0.3000000119
19268  -29.082  -79.275  8.831 0.5000000000
17565  -27.181  -81.167  11.182 0.5000000000
21023  -28.213  -77.532  11.510 0.5000000000
21936  -27.577  -75.975  10.876 0.6000000238
18448  -31.354  -80.440  8.212 0.3000000119
17656  -29.238  -81.543  5.957 0.6000000238
139896  -30.664  -81.010  6.829 0.6000000238
19252  -31.356  -79.487  10.995 0.3000000119
19260  -31.674  -79.420  10.185 0.3000000119
142507  -31.533  -79.857  9.855 0.3000000119
20134  -32.083  -78.812  9.796 0.3000000119
19265  -32.006  -79.438  9.268 0.3000000119
17640  -29.706  -81.415  7.108 0.6000000238
18456  -30.882  -80.817  7.666 0.5000000000
19242  -30.920  -79.627  11.863 0.3000000119
20132  -31.686  -78.836  10.576 0.3000000119
20133  -31.986  -78.109  10.195 0.3000000119
135860  -31.530  -80.124  9.159 0.3000000119
17623  -30.504  -81.044  8.654 0.4000000060
20115  -30.658  -78.934  12.366 0.3000000119
20123  -31.178  -78.697  11.409 0.3000000119
21031  -31.243  -77.719  11.331 0.3000000119
131749  -31.571  -78.167  10.830 0.3000000119
14972  -23.640  -84.002  5.965 0.5000000000
14973  -24.674  -84.442  6.318 0.5000000000
16757  -21.279  -81.740  4.609 0.4000000060
15900  -21.911  -82.322  4.579 0.4000000060
15901  -22.797  -83.213  5.477 0.4000000060
123004  -25.799  -83.131  6.575 0.5000000000
15888  -25.160  -83.765  6.600 0.5000000000
16743  -23.788  -82.474  6.122 0.5000000000
15887  -24.260  -83.468  6.322 0.5000000000
16729  -27.350  -82.900  7.445 0.6000000238
16747  -27.394  -82.186  6.212 0.6000000238
16746  -26.516  -82.369  6.208 0.5000000000
16745  -25.787  -82.303  6.149 0.5000000000
16744  -24.924  -82.756  6.334 0.5000000000
16730  -27.954  -82.331  7.226 0.6000000238
17653  -25.383  -81.842  5.930 0.4000000060
145921  -28.993  -81.699  7.994 0.6000000238
18435  -31.093  -80.375  9.986 0.3000000119
17655  -28.318  -81.819  5.983 0.6000000238
16759  -26.226  -81.465  5.514 0.4000000060
18422  -31.303  -79.991  10.581 0.3000000119
18447  -30.996  -80.633  9.214 0.3000000119
142754  -30.324  -81.132  7.720 0.5000000000
17654  -28.050  -81.606  5.105 0.6000000238
17639  -28.701  -81.798  7.110 0.6000000238
17604  -30.416  -81.166  9.940 0.3000000119
16716  -27.908  -82.923  8.183 0.5000000000
16701  -28.503  -82.857  9.009 0.5000000000
124943  -28.452  -82.291  8.154 0.5000000000
16717  -28.979  -82.040  8.841 0.5000000000
15861  -28.131  -83.555  8.611 0.5000000000
15847  -29.051  -83.203  9.624 0.4000000060
16702  -29.209  -82.494  9.620 0.4000000060
17622  -29.661  -81.451  8.333 0.5000000000
16728  -26.872  -82.865  6.883 0.5000000000
130749  -29.665  -81.678  9.349 0.4000000060
13327  -25.333  -86.489  1.518 0.3000000119
12444  -25.017  -87.599  1.146 0.3000000119
142143  -26.070  -86.054  1.667 0.3000000119
14169  -26.594  -85.505  1.893 0.3000000119
14159  -27.484  -85.481  1.947 0.4000000060
14168  -25.553  -85.595  1.876 0.3000000119
133678  -28.185  -85.553  2.355 0.4000000060
14139  -27.140  -85.437  2.294 0.4000000060
14138  -26.363  -85.396  2.276 0.3000000119
14157  -25.231  -85.361  2.099 0.3000000119
137545  -28.854  -86.267  3.959 0.4000000060
13284  -28.188  -86.497  4.225 0.4000000060
143933  -26.730  -85.711  2.968 0.4000000060
14156  -24.346  -85.193  2.197 0.4000000060
14137  -25.345  -85.396  2.383 0.4000000060
14111  -30.862  -85.779  5.844 0.3000000119
129415  -28.882  -86.426  4.729 0.4000000060
140578  -28.945  -86.256  5.814 0.4000000060
13268  -28.099  -86.538  5.167 0.4000000060
13266  -26.525  -86.595  5.120 0.4000000060
13282  -25.698  -86.469  4.373 0.4000000060
13281  -24.972  -86.018  3.730 0.4000000060
14083  -31.012  -85.224  7.349 0.3000000119
13256  -27.885  -86.259  6.050 0.4000000060
13255  -27.003  -86.259  6.063 0.4000000060
13254  -26.189  -86.114  6.023 0.4000000060
13264  -24.893  -86.195  4.762 0.4000000060
14120  -24.165  -85.592  4.309 0.4000000060
14081  -29.114  -85.367  7.551 0.4000000060
14096  -28.413  -85.690  6.857 0.4000000060
14094  -26.621  -85.632  6.667 0.4000000060
14093  -25.486  -85.734  6.060 0.4000000060
14108  -24.351  -85.607  5.229 0.4000000060
14109  -25.001  -85.916  5.508 0.4000000060
131608  -23.396  -84.874  3.730 0.4000000060
128612  -28.264  -85.145  7.708 0.4000000060
14080  -26.989  -85.140  7.263 0.4000000060
14975  -26.226  -85.001  7.032 0.4000000060
14974  -25.461  -84.972  6.579 0.4000000060
14988  -23.951  -84.913  5.661 0.4000000060
14958  -27.531  -84.662  7.737 0.4000000060
14957  -26.701  -84.323  7.420 0.4000000060
15873  -26.419  -83.359  6.941 0.4000000060
15846  -28.599  -83.546  9.151 0.4000000060
141937  -27.292  -84.082  7.830 0.4000000060
15833  -29.583  -82.842  10.237 0.3000000119
143329  -25.306  -84.366  6.638 0.4000000060
14936  -27.824  -84.121  8.259 0.4000000060
17587  -29.761  -82.044  10.235 0.3000000119
15874  -26.985  -83.542  7.461 0.4000000060
13301  -28.481  -86.008  3.324 0.4000000060
13300  -27.530  -86.208  3.440 0.4000000060
13283  -27.366  -86.619  4.561 0.4000000060
13298  -25.903  -86.014  3.288 0.4000000060
14098  -30.500  -85.593  6.624 0.4000000060
14110  -30.060  -86.048  5.861 0.4000000060
13267  -27.372  -86.507  5.420 0.4000000060
14082  -30.055  -85.351  7.454 0.3000000119
14097  -29.521  -85.705  6.694 0.4000000060
14095  -27.427  -85.729  6.766 0.4000000060
14092  -24.806  -85.323  5.958 0.4000000060
15889  -25.838  -84.182  6.955 0.4000000060
14959  -28.167  -84.612  8.156 0.4000000060
13271  -31.562  -85.738  4.121 0.3000000119
14161  -30.588  -85.495  2.168 0.3000000119
13317  -29.358  -85.729  1.864 0.3000000119
13303  -30.176  -85.590  3.058 0.3000000119
125612  -30.227  -86.148  4.160 0.3000000119
14160  -28.937  -85.524  2.120 0.3000000119
13302  -29.268  -85.735  3.180 0.3000000119
13270  -30.719  -86.055  4.869 0.3000000119
13285  -29.533  -86.205  4.059 0.3000000119
13269  -29.734  -86.325  4.950 0.3000000119
14070  -29.617  -85.079  8.196 0.3000000119
14938  -29.191  -84.616  8.711 0.3000000119
14937  -28.497  -84.211  8.721 0.3000000119
14917  -29.177  -84.030  9.369 0.3000000119
14069  -28.801  -84.924  8.232 0.3000000119
13265  -25.600  -86.320  5.335 0.4000000060
13299  -26.583  -86.566  3.999 0.4000000060
14140  -28.916  -85.569  2.585 0.3000000119
14141  -29.645  -85.507  2.279 0.3000000119
14158  -26.038  -85.353  2.051 0.3000000119
15860  -27.567  -83.569  8.029 0.4000000060
15886  -23.405  -83.109  6.019 0.4000000060
17543  -27.120  -81.150  12.015 0.5000000000
18384  -27.436  -80.195  13.076 0.5000000000
18420  -28.265  -80.220  10.339 0.5000000000
18459  -21.482  -80.018  6.179 0.4000000060
18460  -22.351  -79.709  5.998 0.5000000000
18465  -32.190  -79.771  5.862 0.6000000238
18467  -21.838  -80.121  5.710 0.4000000060
18471  -26.004  -80.092  5.449 0.6000000238
18477  -29.367  -80.653  4.425 0.6999999881
19272  -23.600  -79.429  6.726 0.5000000000
19287  -25.143  -79.912  5.902 0.6000000238
20112  -27.878  -78.457  12.570 0.5000000000
20113  -28.326  -78.414  11.883 0.5000000000
20147  -31.796  -78.924  4.946 0.5000000000
21045  -34.387  -77.566  7.635 0.5000000000
21048  -30.578  -77.400  6.242 0.8000000119
21053  -33.760  -77.633  5.912 0.6000000238
21944  -35.134  -76.170  8.271 0.5000000000
21947  -35.464  -76.368  7.420 0.6000000238
21951  -35.443  -76.414  6.966 0.6000000238
22845  -27.680  -75.632  10.216 0.6000000238
23735  -36.038  -73.815  9.573 0.3000000119
24637  -35.904  -72.986  10.735 0.3000000119
24643  -36.178  -73.393  9.079 0.3000000119
24644  -27.787  -73.156  8.542 0.6999999881
24657  -35.261  -74.182  7.537 0.6000000238
25502  -36.037  -72.796  9.958 0.3000000119
25507  -35.947  -72.662  9.051 0.3000000119
25514  -35.326  -72.487  8.457 0.4000000060
26363  -35.056  -71.835  10.375 0.3000000119
26369  -35.156  -71.370  8.820 0.3000000119
26374  -34.907  -71.316  8.556 0.3000000119
27191  -33.752  -70.387  13.442 0.3000000119
27198  -33.215  -70.581  12.378 0.4000000060
28085  -33.943  -70.171  14.092 0.4000000060
28091  -28.514  -69.136  13.076 0.4000000060
28103  -32.555  -69.823  11.560 0.3000000119
28116  -31.900  -69.454  8.889 0.4000000060
29001  -28.171  -68.250  15.916 0.4000000060
29018  -31.795  -68.834  13.160 0.4000000060
29019  -33.151  -69.093  14.240 0.4000000060
29029  -28.497  -68.984  11.519 0.4000000060
29037  -28.881  -68.042  10.459 0.4000000060
29051  -33.649  -68.106  8.553 0.4000000060
29973  -28.081  -67.511  16.299 0.3000000119
30994  -30.446  -66.493  9.672 0.4000000060
32780  -31.084  -64.595  9.744 0.4000000060
33590  -28.894  -63.188  12.430 0.4000000060
35517  -28.825  -61.738  12.783 0.4000000060
36476  -28.520  -60.274  14.984 0.4000000060
123112  -28.939  -65.116  12.490 0.4000000060
126984  -25.981  -85.502  6.539 0.4000000060
127158  -36.003  -75.077  7.687 0.5000000000
132344  -29.682  -76.604  8.099 0.6999999881
132634  -30.603  -80.331  4.700 0.6999999881
133721  -33.701  -68.713  8.502 0.4000000060
134201  -32.375  -65.839  9.083 0.5000000000
134446  -29.321  -70.090  9.600 0.4000000060
135454  -28.556  -60.868  13.677 0.4000000060
138559  -35.827  -75.465  7.612 0.5000000000
139894  -26.724  -85.310  2.029 0.3000000119
140564  -29.814  -68.374  9.693 0.4000000060
140680  -34.171  -68.774  8.725 0.4000000060
140851  -20.727  -82.044  4.498 0.4000000060
141123  -26.590  -80.363  5.212 0.6000000238
141364  -31.263  -79.350  4.786 0.6000000238
141617  -21.496  -80.214  6.546 0.4000000060
142573  -29.563  -81.338  5.097 0.6999999881
143231  -28.588  -65.559  16.426 0.3000000119
144447  -27.692  -85.297  7.337 0.4000000060
