#!ascii label  , from subject sub-01 vox2ras=TkReg
428
21013  -23.648  -76.794  13.896 0.6999999881
21897  -23.900  -76.470  13.709 0.6000000238
21898  -24.902  -76.627  13.907 0.6000000238
21899  -26.208  -76.764  13.392 0.4000000060
124977  -17.985  -74.858  9.880 0.6999999881
24616  -18.209  -73.866  11.822 0.6999999881
22842  -18.615  -75.230  9.823 0.6999999881
23718  -18.474  -74.571  10.379 0.6000000238
131193  -19.346  -75.404  9.927 0.6999999881
23719  -19.530  -74.881  9.932 0.6000000238
22831  -20.054  -75.612  10.081 0.6000000238
22843  -20.224  -75.168  9.766 0.6000000238
21907  -20.305  -76.174  11.920 0.6000000238
22844  -20.624  -75.334  9.880 0.6000000238
22833  -21.229  -75.231  10.027 0.5000000000
141985  -21.541  -76.036  11.638 0.5000000000
22834  -21.890  -74.802  10.497 0.5000000000
21909  -22.114  -76.019  11.944 0.6000000238
21896  -23.117  -76.397  13.333 0.6000000238
21910  -22.700  -75.920  12.599 0.6000000238
22805  -23.443  -75.941  13.236 0.6000000238
22806  -24.374  -76.039  13.717 0.6000000238
122915  -19.120  -73.998  12.430 0.6000000238
23701  -19.177  -74.295  11.030 0.6000000238
23702  -20.184  -74.301  10.692 0.6000000238
24618  -20.751  -73.657  11.345 0.6000000238
23720  -20.620  -74.642  9.894 0.6000000238
23730  -20.946  -74.907  9.744 0.6000000238
24632  -21.758  -73.850  10.244 0.6000000238
23721  -22.046  -74.001  10.325 0.6000000238
22820  -22.347  -75.202  11.499 0.6000000238
23703  -22.293  -74.354  10.817 0.6999999881
23704  -22.639  -74.282  11.619 0.6000000238
130272  -22.942  -75.191  12.582 0.6000000238
22807  -25.391  -76.069  13.936 0.5000000000
24598  -17.591  -73.366  12.999 0.6000000238
24599  -18.520  -73.661  13.226 0.6000000238
24582  -18.725  -73.521  14.094 0.6000000238
24600  -19.598  -73.693  13.476 0.6000000238
24617  -19.930  -73.982  12.120 0.6000000238
24601  -20.475  -73.441  12.842 0.6000000238
25473  -21.385  -73.015  11.745 0.6000000238
128119  -20.946  -74.004  10.348 0.6000000238
24619  -21.609  -73.502  10.598 0.6000000238
24633  -22.048  -73.341  10.553 0.6999999881
23686  -23.729  -75.149  13.676 0.6000000238
141585  -26.055  -75.965  13.750 0.4000000060
25455  -17.370  -72.662  14.589 0.6000000238
24581  -17.850  -73.341  13.984 0.6000000238
25456  -18.321  -73.031  14.777 0.6000000238
24583  -20.289  -73.241  14.058 0.6000000238
126959  -20.980  -72.784  13.121 0.6000000238
25487  -22.154  -72.660  11.135 0.6999999881
24621  -22.717  -73.259  11.681 0.6000000238
24620  -22.342  -73.548  10.809 0.6000000238
23685  -23.121  -74.199  12.711 0.6000000238
23670  -23.567  -74.033  13.872 0.6000000238
23671  -24.373  -74.552  14.570 0.6000000238
22794  -24.864  -75.421  14.313 0.6000000238
22795  -25.802  -75.327  14.307 0.4000000060
26325  -16.911  -71.765  14.935 0.5000000000
25435  -17.875  -72.308  15.402 0.6000000238
25436  -18.991  -72.587  15.398 0.6000000238
25457  -19.401  -73.239  14.566 0.5000000000
25437  -20.027  -72.657  15.002 0.5000000000
25458  -21.335  -71.949  13.351 0.6000000238
123643  -22.424  -71.803  11.789 0.6999999881
26348  -22.796  -71.443  12.055 0.6000000238
25488  -22.302  -72.708  11.164 0.6999999881
25489  -22.720  -72.276  11.855 0.6000000238
25475  -23.107  -72.252  12.956 0.6000000238
24602  -23.147  -73.184  12.807 0.6000000238
24584  -23.415  -73.116  14.073 0.6000000238
24585  -24.003  -73.703  14.848 0.6000000238
23672  -25.319  -74.654  14.809 0.5000000000
23673  -26.220  -74.472  14.593 0.4000000060
26302  -17.523  -71.325  15.639 0.6000000238
26303  -18.564  -71.838  16.004 0.5000000000
26304  -19.677  -72.044  15.841 0.6000000238
26305  -20.480  -71.963  15.305 0.6000000238
27160  -20.715  -71.319  15.646 0.5000000000
25438  -20.636  -72.488  14.284 0.6000000238
26306  -20.962  -71.311  14.762 0.5000000000
26326  -21.252  -71.118  13.654 0.5000000000
27195  -21.767  -69.914  12.728 0.5000000000
26337  -21.755  -70.966  12.569 0.6000000238
141574  -21.979  -70.503  12.389 0.5000000000
26346  -22.225  -71.108  12.071 0.6000000238
28089  -22.381  -69.421  12.789 0.4000000060
26347  -22.486  -70.977  12.098 0.6999999881
27188  -22.859  -70.132  12.853 0.4000000060
139798  -23.173  -70.738  13.178 0.5000000000
26339  -23.129  -71.388  13.039 0.6000000238
26327  -23.390  -71.230  14.179 0.5000000000
131182  -23.412  -72.188  14.327 0.6000000238
26307  -23.577  -71.708  15.084 0.5000000000
24569  -23.688  -72.991  15.016 0.6000000238
23660  -25.553  -73.940  15.191 0.5000000000
25439  -23.888  -72.394  15.433 0.6000000238
24570  -24.456  -73.163  15.538 0.6000000238
23659  -24.816  -73.962  15.218 0.6000000238
27158  -17.198  -70.166  15.594 0.5000000000
26287  -19.294  -71.276  16.393 0.5000000000
27142  -20.762  -70.826  16.211 0.4000000060
27161  -21.126  -70.748  15.322 0.4000000060
27176  -21.214  -70.488  14.026 0.5000000000
27186  -21.448  -70.131  13.008 0.5000000000
28080  -21.312  -69.573  13.629 0.5000000000
132800  -22.792  -67.753  13.183 0.4000000060
29017  -22.055  -68.691  12.804 0.4000000060
130424  -22.678  -68.600  13.115 0.4000000060
141996  -23.289  -68.862  13.657 0.5000000000
27177  -23.405  -70.290  13.985 0.5000000000
28081  -23.485  -69.456  14.308 0.5000000000
129576  -23.650  -70.108  15.251 0.5000000000
140065  -25.712  -72.574  15.860 0.5000000000
24572  -25.812  -73.174  15.477 0.5000000000
24571  -25.121  -73.476  15.566 0.5000000000
28068  -21.419  -70.041  14.881 0.4000000060
146358  -21.280  -68.795  13.651 0.5000000000
29016  -21.317  -68.317  13.483 0.5000000000
29023  -21.753  -68.235  13.028 0.5000000000
131938  -23.447  -68.113  13.741 0.4000000060
28069  -23.694  -69.225  15.265 0.5000000000
25428  -25.338  -72.185  16.178 0.5000000000
131556  -26.275  -72.437  15.509 0.3000000119
28999  -23.831  -68.333  15.102 0.5000000000
27163  -24.111  -70.812  15.987 0.5000000000
26289  -24.775  -71.546  16.284 0.5000000000
30003  -22.026  -67.844  12.870 0.4000000060
125791  -21.648  -67.022  13.207 0.4000000060
30949  -23.446  -66.200  13.794 0.4000000060
30004  -22.344  -67.059  13.102 0.4000000060
29009  -23.839  -67.429  14.412 0.4000000060
29994  -23.774  -66.718  14.134 0.4000000060
26290  -25.744  -71.360  16.254 0.4000000060
145604  -25.954  -72.083  16.008 0.4000000060
28070  -24.266  -69.836  16.130 0.5000000000
132857  -24.069  -68.948  15.901 0.5000000000
27144  -24.990  -70.665  16.444 0.5000000000
31853  -23.568  -65.377  14.066 0.4000000060
29984  -24.153  -66.795  14.836 0.4000000060
27145  -25.908  -70.375  16.444 0.4000000060
133199  -25.235  -69.909  16.494 0.5000000000
133604  -24.258  -67.541  15.454 0.5000000000
28055  -24.875  -69.157  16.407 0.5000000000
30950  -23.974  -66.089  14.429 0.4000000060
28056  -25.997  -69.397  16.622 0.4000000060
28057  -26.725  -69.939  16.261 0.3000000119
28982  -24.429  -68.326  16.077 0.5000000000
32725  -24.220  -64.320  15.013 0.4000000060
28984  -26.448  -68.504  16.751 0.3000000119
28058  -26.984  -69.097  16.483 0.3000000119
30940  -24.405  -66.144  15.270 0.4000000060
28983  -25.399  -68.484  16.611 0.5000000000
30929  -24.863  -66.246  16.164 0.4000000060
29969  -24.593  -66.876  15.815 0.5000000000
136335  -24.871  -67.653  16.372 0.5000000000
29971  -26.805  -67.733  16.963 0.3000000119
28985  -27.262  -68.314  16.645 0.3000000119
131871  -24.202  -65.278  14.858 0.4000000060
124471  -26.226  -67.043  17.030 0.4000000060
31837  -24.631  -65.627  15.664 0.4000000060
132819  -25.312  -66.992  16.597 0.4000000060
33554  -24.188  -63.501  15.160 0.5000000000
135028  -27.099  -66.946  17.095 0.3000000119
29972  -27.513  -67.565  16.719 0.4000000060
127721  -27.811  -66.663  16.734 0.4000000060
29973  -28.081  -67.511  16.299 0.4000000060
132125  -24.712  -64.039  16.052 0.4000000060
31825  -25.790  -65.600  17.104 0.5000000000
30918  -26.472  -66.288  17.211 0.4000000060
32718  -25.291  -64.861  16.602 0.5000000000
31838  -25.117  -65.593  16.384 0.5000000000
32705  -26.009  -64.863  17.320 0.5000000000
31826  -26.663  -65.509  17.385 0.4000000060
31827  -27.503  -65.308  17.383 0.4000000060
31839  -27.935  -65.713  17.065 0.4000000060
130009  -28.326  -65.981  16.575 0.3000000119
33545  -24.562  -63.204  15.897 0.5000000000
33546  -25.117  -63.323  16.657 0.5000000000
33536  -27.761  -63.781  17.616 0.4000000060
33537  -28.282  -63.615  17.286 0.3000000119
35462  -24.416  -61.651  16.098 0.5000000000
124324  -27.315  -63.233  17.931 0.4000000060
32707  -27.625  -64.566  17.511 0.4000000060
32708  -28.137  -64.474  17.290 0.4000000060
32719  -28.589  -64.352  16.717 0.4000000060
34471  -24.690  -62.501  16.230 0.5000000000
131133  -25.514  -64.131  16.999 0.5000000000
128708  -26.258  -64.233  17.495 0.5000000000
34472  -25.344  -62.727  17.140 0.5000000000
34462  -27.874  -62.821  17.854 0.4000000060
34463  -28.469  -62.603  17.214 0.4000000060
35452  -24.613  -61.039  16.814 0.5000000000
125140  -28.734  -63.432  16.477 0.3000000119
129382  -25.073  -61.862  17.149 0.5000000000
35453  -25.773  -61.506  17.919 0.5000000000
34460  -25.973  -62.477  17.970 0.5000000000
127569  -26.652  -63.130  17.991 0.5000000000
33534  -25.933  -63.453  17.584 0.5000000000
35454  -28.152  -61.937  17.935 0.4000000060
36462  -24.300  -60.273  16.680 0.5000000000
36442  -26.375  -60.188  18.365 0.5000000000
35463  -28.465  -61.602  17.280 0.3000000119
36454  -24.964  -60.435  17.392 0.5000000000
37371  -25.465  -59.870  17.950 0.5000000000
145229  -25.657  -76.573  13.704 0.5000000000
21922  -21.096  -75.761  10.921 0.6000000238
25474  -21.920  -71.872  11.960 0.6999999881
26338  -22.792  -70.772  12.361 0.5000000000
28088  -21.534  -69.229  13.184 0.5000000000
140008  -21.743  -68.745  13.030 0.5000000000
27187  -22.284  -70.208  12.513 0.4000000060
26308  -24.021  -71.652  15.779 0.5000000000
25440  -24.586  -72.367  16.015 0.5000000000
29993  -23.306  -67.094  13.544 0.4000000060
29008  -23.557  -68.779  14.428 0.5000000000
29970  -25.842  -67.759  16.829 0.4000000060
30919  -27.320  -66.097  17.181 0.4000000060
31840  -28.374  -65.205  16.913 0.3000000119
135313  -25.219  -61.086  17.438 0.5000000000
36456  -26.446  -61.114  18.272 0.5000000000
17499  -19.434  -81.483  14.859 0.5000000000
16627  -20.742  -82.232  14.311 0.5000000000
17500  -20.387  -81.710  14.888 0.5000000000
17522  -23.334  -81.896  13.535 0.5000000000
140675  -22.159  -82.272  13.139 0.5000000000
16628  -21.582  -82.178  14.187 0.4000000060
137361  -20.068  -81.145  15.448 0.5000000000
17501  -21.253  -81.777  14.845 0.6000000238
17483  -20.910  -81.276  15.443 0.6000000238
16629  -22.542  -82.065  13.914 0.5000000000
17502  -22.114  -81.767  14.746 0.5000000000
17523  -24.658  -81.699  13.221 0.4000000060
20079  -17.632  -78.851  15.580 0.6999999881
123268  -18.015  -79.486  15.622 0.6999999881
18332  -20.167  -80.148  16.274 0.6999999881
18348  -21.401  -80.796  15.959 0.5000000000
18347  -20.574  -80.740  15.969 0.6999999881
17503  -23.517  -81.644  14.371 0.5000000000
136572  -23.358  -81.319  15.144 0.5000000000
17485  -22.598  -81.340  15.294 0.5000000000
17524  -25.378  -81.428  13.620 0.5000000000
125139  -24.075  -81.704  13.724 0.5000000000
20102  -15.363  -78.475  13.911 0.5000000000
20093  -15.976  -78.837  14.572 0.6999999881
20988  -17.103  -77.793  15.117 0.6999999881
20078  -17.097  -78.612  15.291 0.6999999881
126138  -17.658  -78.150  15.522 0.6999999881
19178  -18.791  -79.489  16.054 0.6000000238
18334  -21.856  -80.192  16.255 0.6999999881
19180  -20.573  -79.386  16.465 0.6000000238
138131  -24.002  -81.259  14.950 0.5000000000
132170  -23.072  -80.761  15.648 0.6000000238
18335  -22.677  -80.164  16.064 0.6000000238
17505  -25.159  -81.162  14.342 0.5000000000
18383  -26.702  -80.451  13.691 0.5000000000
21012  -15.493  -77.516  13.379 0.5000000000
21001  -16.585  -77.551  14.624 0.6999999881
20080  -18.289  -78.577  15.907 0.6999999881
20990  -18.523  -77.085  15.553 0.6999999881
135258  -18.138  -76.589  14.991 0.6999999881
19179  -19.681  -79.415  16.325 0.8000000119
20982  -20.633  -77.781  16.266 0.6999999881
19183  -22.971  -79.532  16.167 0.6000000238
20066  -22.020  -78.605  16.322 0.6999999881
18351  -24.382  -80.173  15.499 0.6999999881
18350  -23.548  -80.010  15.856 0.6000000238
18365  -26.220  -80.251  14.325 0.6000000238
18364  -25.533  -80.393  14.702 0.6000000238
19228  -26.650  -79.591  14.228 0.6000000238
21918  -15.609  -76.713  11.028 0.5000000000
21905  -16.356  -76.445  11.473 0.6000000238
21904  -15.767  -76.753  12.530 0.5000000000
21889  -16.469  -76.352  12.741 0.6000000238
21890  -17.101  -76.202  13.454 0.6000000238
21876  -17.210  -76.866  14.629 0.6999999881
21866  -18.995  -76.454  15.105 0.6999999881
123195  -17.928  -76.113  14.091 0.6000000238
20981  -19.729  -77.736  16.212 0.6999999881
21867  -19.925  -76.457  15.061 0.6999999881
20065  -21.055  -78.545  16.479 0.6999999881
19195  -24.151  -79.466  15.715 0.6999999881
19211  -26.074  -79.600  14.695 0.6999999881
19210  -25.456  -79.545  15.112 0.6999999881
126615  -16.325  -76.605  10.009 0.5000000000
21906  -17.127  -76.012  12.055 0.6000000238
22803  -17.940  -75.811  12.776 0.6000000238
20992  -20.303  -77.087  15.694 0.8000000119
21868  -20.964  -76.636  14.965 0.5000000000
21878  -19.447  -76.178  14.280 0.6000000238
20081  -22.224  -77.837  15.889 0.6999999881
20993  -21.869  -77.195  15.305 0.6999999881
20083  -24.401  -78.606  15.518 0.6999999881
20995  -23.588  -78.008  15.544 0.6999999881
20103  -26.955  -78.803  14.058 0.5000000000
20095  -25.816  -78.733  14.813 0.6999999881
21006  -26.400  -78.332  14.213 0.5000000000
133982  -15.769  -76.399  9.861 0.5000000000
22840  -16.396  -76.315  9.624 0.5000000000
21935  -17.135  -76.243  9.748 0.6000000238
21919  -16.539  -76.644  10.205 0.6000000238
21920  -17.007  -76.442  10.301 0.6000000238
22816  -18.121  -75.904  11.099 0.6000000238
22829  -17.861  -75.994  9.994 0.6000000238
144607  -18.671  -75.659  12.169 0.6000000238
22817  -19.058  -75.786  11.143 0.6000000238
21880  -21.256  -76.555  13.785 0.6000000238
21003  -22.539  -76.986  14.406 0.6000000238
145253  -24.650  -77.585  14.580 0.6000000238
123082  -23.453  -77.263  14.544 0.6000000238
21015  -25.484  -77.146  13.820 0.5000000000
23728  -16.061  -75.542  9.805 0.5000000000
23729  -16.878  -75.561  9.716 0.6000000238
22841  -17.791  -75.549  9.801 0.6000000238
21892  -19.884  -76.155  13.152 0.5000000000
22818  -19.796  -75.803  10.878 0.5000000000
21881  -22.056  -76.612  13.396 0.4000000060
21894  -21.399  -76.520  12.818 0.5000000000
129339  -21.040  -76.317  11.906 0.5000000000
131878  -24.267  -77.253  14.319 0.6000000238
23715  -15.629  -74.642  10.798 0.5000000000
23716  -16.501  -74.649  10.313 0.6000000238
24629  -16.871  -73.883  10.950 0.6000000238
23717  -17.313  -74.737  10.024 0.6000000238
21895  -22.423  -76.360  12.869 0.5000000000
23700  -15.073  -74.182  11.701 0.5000000000
24628  -16.143  -73.973  11.280 0.5000000000
24630  -17.646  -74.152  10.774 0.6000000238
24612  -14.722  -73.755  12.610 0.5000000000
24613  -15.583  -73.563  12.090 0.5000000000
24614  -16.368  -73.385  11.913 0.6000000238
24615  -17.124  -73.373  11.951 0.6000000238
24596  -14.246  -73.218  13.345 0.5000000000
24597  -15.141  -72.808  12.907 0.5000000000
25484  -15.858  -72.981  12.536 0.5000000000
25485  -16.380  -72.938  12.665 0.6000000238
127708  -14.509  -72.228  13.714 0.5000000000
143611  -15.216  -72.226  13.406 0.5000000000
25472  -17.025  -72.907  13.702 0.5000000000
26335  -15.223  -71.611  13.805 0.5000000000
25470  -15.725  -72.409  13.223 0.5000000000
25453  -13.433  -71.800  14.326 0.5000000000
26322  -14.323  -71.122  14.130 0.5000000000
25454  -16.530  -72.189  14.216 0.4000000060
27173  -14.085  -70.049  14.602 0.5000000000
134289  -14.942  -70.713  14.148 0.5000000000
26323  -15.586  -70.873  14.205 0.4000000060
26336  -15.859  -71.796  13.902 0.4000000060
27174  -15.159  -70.039  14.507 0.4000000060
27175  -15.949  -70.048  14.534 0.4000000060
21882  -22.887  -76.665  13.695 0.6000000238
125363  -24.962  -77.409  14.262 0.5000000000
130593  -26.285  -77.551  13.696 0.4000000060
22804  -19.449  -75.834  12.127 0.6000000238
26324  -16.164  -71.166  14.402 0.4000000060
26301  -16.597  -70.647  14.968 0.4000000060
20063  -19.208  -78.568  16.264 0.6999999881
20983  -21.489  -77.810  16.149 0.6999999881
19194  -23.518  -78.967  16.049 0.6999999881
20082  -22.830  -78.306  15.992 0.6999999881
21879  -20.383  -76.367  14.077 0.6000000238
21891  -18.859  -75.909  13.367 0.6000000238
20084  -25.159  -78.865  15.264 0.6999999881
20994  -22.776  -77.597  15.307 0.6999999881
21004  -25.033  -78.071  14.869 0.6000000238
21005  -25.707  -77.855  14.301 0.6000000238
17484  -21.757  -81.323  15.410 0.6000000238
17486  -23.873  -80.771  15.420 0.6000000238
17487  -24.658  -80.826  14.993 0.5000000000
17504  -24.387  -81.391  14.414 0.5000000000
18331  -19.368  -80.209  16.050 0.6999999881
18333  -21.005  -80.172  16.348 0.6999999881
18349  -22.239  -80.786  15.821 0.6000000238
18352  -25.020  -80.143  15.234 0.6000000238
18382  -25.932  -80.904  14.069 0.6000000238
19181  -21.466  -79.415  16.461 0.6999999881
19182  -22.291  -79.501  16.324 0.6000000238
19193  -17.291  -79.363  15.312 0.6999999881
19196  -24.795  -79.482  15.450 0.6999999881
19208  -16.620  -79.138  15.007 0.6999999881
20064  -20.136  -78.538  16.429 0.6999999881
20067  -22.747  -78.982  16.279 0.6999999881
20094  -16.522  -78.307  14.884 0.6999999881
20096  -26.452  -78.989  14.511 0.5000000000
20980  -18.841  -77.735  16.026 0.6999999881
20989  -17.777  -77.330  15.324 0.6999999881
20991  -19.367  -77.019  15.700 0.6999999881
20996  -24.269  -77.729  15.018 0.6000000238
21000  -15.965  -77.902  14.311 0.5000000000
21002  -21.783  -76.743  14.404 0.6000000238
21014  -24.480  -76.941  13.974 0.6000000238
21875  -16.309  -76.951  13.772 0.5000000000
21877  -18.658  -76.196  14.450 0.6000000238
21893  -20.741  -76.450  12.906 0.5000000000
21908  -21.761  -76.366  12.397 0.4000000060
21921  -20.477  -75.801  10.932 0.6000000238
21934  -16.726  -76.623  9.884 0.6000000238
22819  -21.706  -75.492  11.036 0.6000000238
22830  -18.984  -75.749  10.196 0.6999999881
22832  -20.686  -75.562  10.164 0.6000000238
23731  -21.529  -74.508  10.095 0.5000000000
24631  -21.277  -74.227  10.067 0.6000000238
25471  -16.346  -72.544  13.409 0.4000000060
25486  -16.853  -73.023  12.937 0.5000000000
26288  -20.206  -71.425  16.140 0.4000000060
27162  -23.563  -70.980  15.175 0.5000000000
28090  -23.052  -69.447  13.319 0.5000000000
28096  -21.926  -69.378  12.770 0.5000000000
30002  -21.498  -67.641  13.288 0.4000000060
30930  -25.597  -66.325  16.862 0.4000000060
31828  -28.005  -65.075  17.317 0.4000000060
32706  -26.855  -64.752  17.560 0.4000000060
32717  -24.671  -64.947  15.735 0.4000000060
33535  -26.950  -63.908  17.769 0.4000000060
36455  -25.711  -60.686  17.924 0.5000000000
37370  -24.634  -59.679  17.355 0.5000000000
124835  -21.070  -77.242  15.728 0.6999999881
128897  -15.622  -74.054  11.508 0.5000000000
130944  -22.847  -81.675  14.734 0.5000000000
132358  -25.156  -72.889  15.909 0.5000000000
134937  -20.907  -71.818  14.342 0.6000000238
137698  -18.197  -77.758  15.705 0.6999999881
138579  -18.541  -75.629  9.926 0.6000000238
140810  -19.895  -80.637  15.896 0.5000000000
140921  -26.478  -61.859  18.281 0.5000000000
141946  -24.771  -81.537  13.893 0.5000000000
