#!ascii label  , from subject sub-01 vox2ras=TkReg
1775
30960  -22.735  -66.333  13.373 0.5000000000
30959  -21.832  -66.328  13.239 0.4000000060
30958  -21.419  -66.355  13.550 0.6000000238
31860  -21.619  -65.560  13.555 0.6000000238
32733  -23.145  -64.684  13.692 0.6000000238
31861  -22.279  -65.727  13.356 0.5000000000
33564  -23.724  -63.754  14.432 0.6000000238
126656  -21.318  -64.790  13.880 0.6999999881
30948  -21.222  -66.460  13.774 0.6999999881
32742  -21.886  -64.299  13.542 0.6999999881
33578  -22.642  -64.062  13.543 0.6999999881
128534  -23.265  -63.354  14.078 0.6999999881
34479  -24.160  -62.752  15.310 0.5000000000
34478  -23.598  -62.265  14.770 0.6999999881
33554  -24.188  -63.501  15.160 0.5000000000
28034  -16.798  -69.332  17.719 0.5000000000
31851  -21.126  -65.013  14.044 0.6999999881
32741  -21.360  -63.832  13.829 0.6999999881
34503  -22.716  -63.351  13.712 0.6999999881
33562  -21.036  -63.362  14.115 0.6999999881
34489  -22.103  -62.640  13.835 0.6999999881
33577  -22.021  -63.509  13.536 0.6999999881
35492  -21.526  -61.813  14.387 0.6999999881
35477  -23.799  -61.527  15.321 0.6000000238
29943  -22.490  -66.920  18.012 0.6999999881
130354  -23.032  -66.550  18.073 0.6999999881
31845  -21.432  -65.323  14.476 0.6999999881
28022  -17.538  -69.520  18.177 0.6000000238
27128  -16.538  -70.255  17.334 0.4000000060
32732  -21.053  -64.126  14.078 0.6999999881
131134  -22.891  -62.146  14.208 0.6999999881
35476  -23.205  -61.519  14.646 0.6999999881
36473  -22.456  -60.201  14.811 0.6999999881
36475  -23.984  -60.897  16.001 0.6000000238
31814  -21.138  -65.755  18.879 0.6999999881
30901  -21.728  -66.518  18.483 0.6999999881
30916  -23.023  -66.886  17.292 0.6999999881
30902  -22.550  -66.409  18.533 0.6999999881
30892  -22.250  -65.744  19.222 0.6999999881
28953  -17.779  -68.397  18.647 0.6000000238
31836  -23.472  -65.539  17.303 0.6999999881
132083  -22.266  -65.337  15.423 0.6999999881
31835  -23.065  -65.419  16.371 0.6999999881
31824  -23.525  -65.616  18.097 0.6999999881
30903  -23.175  -66.028  18.618 0.6999999881
134106  -17.996  -71.060  18.101 0.5000000000
27115  -17.425  -70.270  17.821 0.5000000000
33576  -21.124  -62.597  14.324 0.6999999881
32704  -23.752  -64.889  17.945 0.6999999881
26273  -17.167  -71.303  17.642 0.4000000060
36485  -21.899  -60.963  14.404 0.6999999881
33552  -21.055  -63.549  14.505 0.6999999881
32716  -23.304  -64.730  16.827 0.6999999881
25406  -17.324  -72.263  17.968 0.4000000060
34476  -20.844  -62.775  14.630 0.6999999881
33533  -22.886  -63.175  16.863 0.6999999881
127770  -23.406  -64.008  17.296 0.6999999881
36486  -22.733  -60.977  14.571 0.6999999881
35461  -21.255  -61.869  16.173 0.6999999881
34458  -22.186  -62.441  16.563 0.6999999881
36474  -23.353  -60.707  15.152 0.6999999881
35460  -20.513  -61.341  15.680 0.6999999881
129538  -23.124  -59.950  15.432 0.6999999881
37400  -22.666  -59.368  15.368 0.6999999881
38316  -25.020  -58.121  18.212 0.5000000000
38333  -24.989  -58.966  18.057 0.5000000000
37356  -26.698  -59.522  18.568 0.4000000060
37355  -25.979  -59.298  18.490 0.5000000000
31797  -22.873  -65.084  19.859 0.6999999881
28944  -19.360  -68.590  19.562 0.6000000238
32715  -22.476  -64.596  15.867 0.6999999881
27116  -18.087  -70.184  18.397 0.5000000000
125038  -23.693  -65.309  18.772 0.6999999881
35491  -20.734  -61.787  14.724 0.6999999881
34469  -20.706  -62.156  15.268 0.6999999881
35474  -20.354  -60.963  15.475 0.6999999881
38331  -23.433  -57.608  16.848 0.6999999881
36461  -23.659  -60.118  15.954 0.6999999881
38349  -23.579  -58.604  16.593 0.6999999881
37383  -23.349  -59.343  15.914 0.6999999881
38332  -24.267  -58.149  17.541 0.6999999881
31795  -18.859  -64.346  20.352 0.6999999881
32679  -19.142  -63.191  20.321 0.6999999881
34413  -20.006  -62.181  20.510 0.8000000119
133641  -20.253  -62.221  20.464 0.8000000119
30880  -19.190  -65.683  20.286 0.6000000238
31796  -19.794  -65.191  20.825 0.6000000238
31782  -19.405  -64.090  20.920 0.6000000238
32680  -20.608  -63.020  20.141 0.8000000119
30881  -20.325  -66.422  20.708 0.6000000238
32693  -21.770  -64.550  20.003 0.6999999881
29933  -19.191  -67.498  19.686 0.6000000238
29923  -19.749  -66.981  20.210 0.6000000238
28010  -18.978  -69.375  19.232 0.6000000238
28011  -19.820  -69.573  19.624 0.6000000238
32694  -23.673  -64.971  19.525 0.6999999881
27117  -18.706  -70.965  18.649 0.5000000000
133744  -19.461  -70.101  19.326 0.6000000238
32682  -23.372  -64.603  20.145 0.6999999881
145585  -23.874  -64.088  18.101 0.6999999881
37411  -21.385  -60.279  14.677 0.6999999881
35475  -20.435  -61.620  15.106 0.6999999881
34459  -22.990  -62.471  17.293 0.6999999881
38347  -22.327  -57.942  15.807 0.8000000119
123192  -22.914  -58.625  15.820 0.6999999881
36472  -20.552  -60.503  15.101 0.6999999881
35450  -22.287  -61.635  17.034 0.6999999881
38348  -23.026  -57.984  16.224 0.8000000119
37399  -21.787  -59.485  15.012 0.6999999881
136246  -20.307  -59.223  15.827 0.6999999881
38317  -25.755  -58.426  18.611 0.5000000000
38318  -26.723  -58.750  18.728 0.5000000000
129782  -27.303  -58.075  18.743 0.5000000000
131439  -27.358  -59.322  18.522 0.4000000060
31783  -20.222  -64.483  21.459 0.6000000238
33488  -19.738  -62.408  20.794 0.6999999881
140453  -19.970  -62.565  21.471 0.8000000119
34433  -20.512  -62.092  20.981 0.8999999762
33507  -20.995  -62.358  20.785 0.8000000119
33508  -22.223  -63.014  21.037 0.8000000119
29924  -20.859  -67.552  20.595 0.6000000238
28945  -20.202  -69.034  19.928 0.6000000238
32681  -22.682  -64.308  20.470 0.8000000119
26258  -19.281  -71.734  18.992 0.6000000238
28012  -20.652  -69.758  20.074 0.6000000238
32683  -24.103  -64.337  19.971 0.6999999881
26257  -18.480  -71.812  18.544 0.5000000000
34451  -24.282  -62.814  18.812 0.6999999881
34442  -24.575  -62.969  19.550 0.6999999881
25407  -18.084  -72.509  18.440 0.5000000000
25408  -19.013  -72.709  18.850 0.5000000000
34450  -23.644  -62.640  18.078 0.6999999881
139379  -23.516  -63.313  17.682 0.6999999881
39309  -22.563  -57.253  16.338 0.8000000119
38363  -22.135  -58.678  15.406 0.8000000119
37398  -20.942  -59.684  15.097 0.6999999881
36451  -20.204  -59.567  16.295 0.6999999881
35449  -21.110  -60.940  16.555 0.6999999881
38362  -21.368  -58.117  15.698 0.6999999881
139806  -20.880  -64.231  21.947 0.6999999881
135803  -20.185  -63.286  21.810 0.6999999881
33489  -20.384  -62.437  21.864 0.8000000119
33470  -20.593  -62.124  21.723 0.8000000119
30870  -20.863  -65.849  21.250 0.6999999881
32667  -20.821  -63.265  22.298 0.8000000119
34416  -22.008  -61.790  22.191 0.8000000119
33491  -22.618  -62.365  21.637 0.8000000119
136197  -21.170  -68.416  20.553 0.6000000238
33492  -23.931  -63.051  21.316 0.6999999881
27107  -19.478  -70.861  19.150 0.6000000238
27108  -20.259  -70.549  19.697 0.6000000238
34434  -24.635  -63.000  20.232 0.8000000119
122086  -24.511  -62.979  20.896 0.6999999881
25396  -19.741  -72.435  19.445 0.6000000238
34443  -24.886  -62.370  20.040 0.8000000119
24527  -19.050  -73.630  19.064 0.4000000060
35451  -23.143  -61.894  17.697 0.6999999881
22763  -17.689  -74.956  18.829 0.4000000060
35439  -22.933  -61.111  17.740 0.6999999881
35440  -23.740  -61.774  18.449 0.6999999881
38361  -20.382  -58.399  15.929 0.8000000119
126217  -22.142  -60.824  17.271 0.6999999881
36452  -20.617  -59.834  16.749 0.6999999881
40174  -23.787  -56.103  17.852 0.8000000119
39288  -24.002  -57.138  17.562 0.6999999881
39270  -24.676  -57.572  18.063 0.5000000000
39273  -27.413  -57.236  18.773 0.5000000000
39272  -26.511  -57.836  18.914 0.5000000000
38320  -28.253  -58.678  18.100 0.4000000060
31765  -21.675  -64.593  22.337 0.6000000238
32649  -21.620  -63.447  22.801 0.6999999881
33471  -21.029  -62.261  22.318 0.8000000119
126887  -21.135  -62.018  21.910 0.8000000119
30882  -21.358  -66.997  21.169 0.6999999881
29925  -21.681  -68.102  21.151 0.6999999881
34417  -23.180  -62.004  22.150 0.8000000119
28935  -21.543  -68.994  20.815 0.6000000238
28000  -21.267  -69.719  20.603 0.6000000238
34418  -24.438  -62.440  21.568 0.8000000119
26248  -20.092  -71.562  19.543 0.6000000238
26249  -20.579  -71.248  20.109 0.6000000238
35441  -24.501  -62.154  19.286 0.8999999762
34435  -25.203  -61.855  20.495 0.8000000119
36441  -23.416  -60.652  18.462 0.8000000119
35429  -24.301  -61.165  19.067 0.8000000119
130939  -19.446  -73.152  19.391 0.5000000000
37341  -22.626  -58.787  18.871 0.8000000119
23615  -18.935  -74.356  19.427 0.4000000060
138450  -21.933  -55.733  16.702 0.8000000119
39320  -20.401  -57.774  16.076 0.8000000119
39319  -19.733  -57.865  16.435 0.8000000119
38329  -19.448  -58.265  16.826 0.8000000119
37369  -21.354  -59.585  17.537 0.6999999881
137224  -22.992  -56.481  16.816 0.8000000119
38360  -19.728  -58.362  16.569 0.8000000119
37368  -20.432  -59.161  17.212 0.6999999881
39306  -19.360  -57.701  16.721 0.8000000119
40189  -19.707  -56.418  16.748 0.8000000119
40157  -25.463  -56.613  18.819 0.6000000238
135496  -24.655  -56.885  18.304 0.6000000238
31785  -22.213  -65.759  22.199 0.6000000238
33472  -21.642  -62.422  22.953 0.6999999881
29914  -22.091  -67.355  21.700 0.6000000238
34397  -22.714  -61.656  22.784 0.6999999881
30872  -22.387  -66.752  22.181 0.6000000238
139861  -22.592  -66.146  22.730 0.6000000238
29915  -22.153  -68.158  21.889 0.6000000238
34398  -24.074  -61.956  22.376 0.8000000119
27097  -21.290  -70.295  20.951 0.6000000238
28924  -21.802  -68.855  21.457 0.6000000238
25397  -20.358  -72.185  20.040 0.5000000000
35411  -25.503  -61.472  21.191 0.8000000119
24520  -20.040  -72.829  20.533 0.3000000119
36429  -24.709  -60.649  19.702 0.8000000119
36430  -25.313  -61.133  20.418 0.8000000119
36428  -23.948  -60.131  19.080 0.8000000119
38315  -21.582  -58.463  18.400 0.8000000119
40190  -20.505  -56.326  16.445 0.8000000119
38330  -19.905  -58.565  17.186 0.8000000119
37353  -22.006  -59.218  18.232 0.8000000119
36440  -22.423  -60.172  17.865 0.6999999881
39287  -19.240  -57.478  16.888 0.8000000119
40172  -19.382  -56.517  16.951 0.8000000119
142176  -26.202  -56.273  19.067 0.6000000238
40175  -28.528  -56.488  17.092 0.3000000119
31766  -22.420  -64.908  22.847 0.6000000238
32650  -22.300  -63.608  23.327 0.6999999881
33456  -22.310  -62.470  23.404 0.6999999881
34376  -22.588  -61.786  23.264 0.6999999881
28910  -19.845  -69.224  23.272 0.5000000000
123921  -22.372  -67.477  22.209 0.6000000238
30852  -22.569  -67.104  22.714 0.6000000238
35394  -23.545  -61.535  22.979 0.6999999881
26233  -21.037  -70.766  21.307 0.5000000000
27992  -21.739  -69.404  21.842 0.5000000000
28899  -22.372  -67.888  22.566 0.6000000238
35396  -25.137  -61.345  22.658 0.6999999881
25384  -20.189  -72.151  21.490 0.3000000119
26241  -20.845  -70.939  20.724 0.5000000000
35410  -25.137  -61.870  21.870 0.8000000119
129893  -25.967  -59.984  21.489 0.8000000119
37342  -23.509  -59.215  19.301 0.8999999762
37331  -24.877  -59.155  20.218 0.8999999762
36419  -25.158  -60.155  20.277 0.8000000119
126201  -25.683  -60.592  20.969 0.8000000119
24529  -19.849  -73.029  19.899 0.4000000060
38300  -22.311  -57.950  18.997 0.8999999762
37343  -24.357  -59.652  19.712 0.8999999762
41032  -21.383  -54.874  16.768 0.8000000119
41050  -20.942  -55.429  16.473 0.8000000119
39267  -19.710  -57.596  17.443 0.8000000119
37352  -20.893  -58.851  17.767 0.8000000119
41033  -22.639  -55.490  17.171 0.8000000119
41016  -24.345  -55.399  18.515 0.6999999881
41017  -25.429  -55.731  18.991 0.6000000238
41020  -28.113  -55.657  18.212 0.6000000238
40159  -27.853  -56.393  18.503 0.6000000238
134014  -22.797  -65.516  23.427 0.6000000238
32638  -23.028  -63.890  23.967 0.6000000238
33457  -22.984  -62.561  24.059 0.6999999881
34377  -23.194  -61.838  24.047 0.6999999881
29870  -22.636  -66.597  23.558 0.6000000238
35361  -23.698  -61.390  24.040 0.8000000119
136299  -20.911  -70.369  22.496 0.6000000238
27982  -21.732  -69.062  22.507 0.5000000000
29885  -22.437  -67.595  23.318 0.6000000238
127298  -24.147  -61.342  23.324 0.6999999881
36393  -25.588  -60.621  22.969 0.8000000119
26231  -20.291  -71.592  21.962 0.4000000060
124433  -25.652  -61.131  22.046 0.6999999881
25391  -20.412  -72.183  20.800 0.4000000060
138015  -25.781  -60.733  21.614 0.8000000119
38285  -24.559  -58.292  20.341 0.8000000119
37316  -25.938  -59.129  21.389 0.8000000119
39269  -21.559  -57.023  18.693 0.8999999762
38284  -23.851  -58.005  19.934 0.8000000119
37332  -25.597  -59.630  20.809 0.8000000119
130741  -22.637  -57.156  19.258 0.8000000119
41048  -19.761  -55.683  16.982 0.8000000119
122490  -20.011  -55.581  17.705 0.8000000119
38314  -20.387  -58.145  17.782 0.6999999881
41031  -20.364  -54.429  16.825 0.8000000119
39268  -20.429  -57.371  18.048 0.8000000119
40154  -19.696  -56.696  17.425 0.8000000119
41015  -23.322  -54.949  17.764 0.8000000119
41002  -25.970  -54.933  19.188 0.6999999881
126509  -26.930  -54.868  18.977 0.6999999881
42817  -27.703  -53.428  17.679 0.6000000238
42825  -27.573  -53.515  16.612 0.6000000238
42830  -27.246  -53.649  15.440 0.6000000238
33443  -23.415  -62.725  25.045 0.8000000119
29882  -19.743  -67.825  23.886 0.5000000000
29884  -21.753  -67.948  23.856 0.5000000000
35376  -24.929  -61.049  23.379 0.8000000119
27965  -20.739  -69.040  23.391 0.5000000000
28898  -22.015  -68.454  23.098 0.5000000000
131563  -24.387  -61.022  23.979 0.8000000119
36374  -25.145  -60.642  23.866 0.8000000119
36394  -26.040  -60.208  22.226 0.8000000119
37301  -26.276  -59.505  22.582 0.8000000119
37317  -26.240  -59.427  22.014 0.8000000119
39258  -23.233  -57.643  19.562 0.8000000119
38286  -25.343  -58.671  20.766 0.8000000119
41030  -19.819  -54.420  17.139 0.8000000119
40155  -20.423  -56.550  18.175 0.8999999762
41929  -22.177  -54.577  17.318 0.8000000119
41928  -20.840  -53.634  17.098 0.8000000119
41913  -24.965  -54.827  19.005 0.6999999881
133410  -23.925  -54.362  18.415 0.6999999881
41915  -27.223  -54.060  18.758 0.6999999881
42792  -25.462  -53.517  19.232 0.6999999881
41901  -25.522  -54.284  19.172 0.6999999881
42807  -26.723  -53.294  18.972 0.6999999881
42808  -27.361  -53.338  18.409 0.6999999881
33422  -22.749  -63.592  26.138 0.8000000119
32620  -23.133  -64.836  24.713 0.6000000238
32602  -23.220  -63.584  25.490 0.6000000238
32618  -18.423  -64.275  24.420 0.6000000238
128943  -19.353  -65.889  24.500 0.5000000000
30826  -22.345  -66.530  24.411 0.6000000238
31720  -22.512  -65.283  25.276 0.6000000238
34363  -23.575  -61.671  24.892 0.8000000119
33440  -17.854  -63.643  24.102 0.6000000238
32619  -19.294  -64.539  24.898 0.6000000238
31737  -20.330  -66.048  24.987 0.5000000000
30825  -21.753  -66.764  24.669 0.5000000000
135850  -17.448  -61.046  24.032 0.5000000000
34361  -17.575  -62.423  23.844 0.5000000000
34362  -18.127  -62.468  24.328 0.6000000238
33442  -19.038  -63.853  24.837 0.6000000238
29867  -20.286  -67.303  24.303 0.5000000000
30824  -20.811  -66.796  24.724 0.5000000000
36359  -25.244  -60.178  24.582 0.8000000119
143713  -26.193  -59.581  23.431 0.8000000119
135851  -18.109  -61.115  24.531 0.5000000000
29868  -21.346  -67.423  24.403 0.5000000000
135849  -16.842  -60.928  23.483 0.4000000060
28897  -21.178  -68.571  23.624 0.5000000000
37281  -26.437  -59.166  23.205 0.6999999881
39239  -25.566  -57.335  21.400 0.8000000119
38270  -26.263  -58.672  21.962 0.8000000119
135574  -26.474  -58.259  22.481 0.6999999881
40145  -23.379  -56.762  19.797 0.8000000119
39248  -23.797  -57.374  20.024 0.8000000119
39240  -26.167  -57.828  21.957 0.8000000119
39250  -25.068  -57.777  20.828 0.8000000119
40140  -24.849  -56.852  20.859 0.8000000119
130308  -21.582  -52.188  18.097 0.8999999762
41927  -19.765  -53.367  17.297 0.8999999762
41014  -20.208  -54.410  18.093 0.8000000119
40144  -22.362  -56.144  19.285 0.8000000119
41013  -19.746  -54.244  17.380 1.0000000000
40156  -21.006  -55.806  18.517 0.8000000119
41900  -24.672  -53.880  18.930 0.6999999881
33405  -22.362  -63.111  26.553 0.8000000119
33423  -23.210  -63.050  25.818 0.8000000119
35344  -23.672  -61.271  25.552 0.8000000119
34343  -18.746  -62.544  24.925 0.6000000238
32600  -22.012  -64.857  25.952 0.6000000238
32587  -22.259  -64.200  26.209 0.6000000238
35345  -24.044  -60.744  25.462 0.8000000119
35359  -17.773  -61.770  24.177 0.5000000000
33441  -18.470  -63.286  24.532 0.6000000238
125519  -19.651  -63.944  25.379 0.6000000238
32599  -21.027  -65.003  25.916 0.6000000238
36358  -24.565  -60.502  25.066 0.8000000119
37265  -25.805  -59.607  24.376 0.6999999881
35360  -18.402  -61.817  24.654 0.5000000000
33421  -20.497  -64.010  26.086 0.6000000238
137530  -21.767  -65.435  25.581 0.6000000238
36356  -17.158  -60.275  23.806 0.4000000060
37264  -17.966  -59.632  24.993 0.4000000060
135845  -18.622  -61.265  25.005 0.4000000060
37266  -26.243  -59.349  23.874 0.6999999881
38230  -17.624  -58.829  24.882 0.4000000060
38231  -18.203  -58.939  25.360 0.4000000060
35343  -19.536  -61.826  26.021 0.4000000060
38241  -26.688  -58.268  23.167 0.6999999881
39194  -18.935  -57.581  25.406 0.4000000060
37247  -19.400  -59.405  26.286 0.5000000000
39229  -26.679  -57.498  22.637 0.6999999881
134681  -18.163  -58.160  25.237 0.3000000119
122718  -19.475  -57.849  25.967 0.5000000000
126132  -24.111  -56.813  20.374 0.8000000119
40132  -25.558  -56.459  21.448 0.8000000119
40133  -26.257  -56.963  21.954 0.8000000119
145098  -20.899  -52.602  17.517 0.8000000119
138479  -19.596  -52.715  17.614 1.0000000000
40999  -20.380  -53.234  18.701 0.8000000119
41000  -21.562  -54.787  18.880 0.8000000119
133629  -23.244  -55.896  19.897 0.8000000119
40139  -23.811  -56.103  20.372 0.8000000119
42804  -19.707  -52.045  17.955 1.0000000000
139562  -22.861  -54.306  19.924 0.8000000119
138208  -22.388  -53.647  17.764 0.8000000119
42788  -19.981  -51.939  18.479 0.8000000119
41001  -22.708  -55.086  19.614 0.8000000119
42806  -23.306  -53.160  18.671 0.8999999762
43798  -25.320  -52.696  19.257 0.6999999881
42793  -26.064  -53.243  19.268 0.6999999881
43805  -26.780  -52.530  18.589 0.6999999881
43810  -26.936  -52.210  17.802 0.6999999881
43817  -26.707  -52.199  16.672 0.6999999881
43825  -26.856  -52.970  15.115 0.6000000238
43824  -26.458  -52.244  15.619 0.6999999881
44768  -26.207  -51.464  17.336 0.6999999881
43833  -26.857  -52.423  14.922 0.6000000238
43832  -26.547  -52.150  15.246 0.6000000238
34345  -22.907  -62.801  26.332 0.8000000119
35326  -23.309  -61.498  26.321 0.8000000119
33419  -19.186  -63.245  25.183 0.5000000000
139963  -21.504  -62.250  26.926 0.8000000119
35324  -21.876  -61.591  27.125 0.8000000119
34328  -22.321  -62.379  26.771 0.8000000119
36340  -23.675  -60.702  26.210 0.8000000119
33420  -19.864  -63.250  25.844 0.6000000238
34325  -20.007  -62.533  26.270 0.5000000000
33404  -21.981  -63.637  26.529 0.8000000119
138381  -24.902  -60.012  25.274 0.6999999881
36338  -18.483  -60.495  25.155 0.4000000060
36320  -19.670  -61.056  26.379 0.5000000000
34326  -20.810  -62.550  26.688 0.6999999881
33403  -21.138  -63.438  26.513 0.6999999881
36341  -24.280  -60.170  25.785 0.6999999881
37249  -25.465  -59.465  25.130 0.6999999881
38232  -26.159  -59.014  24.608 0.6999999881
39208  -26.822  -57.744  24.024 0.6999999881
40111  -27.143  -56.311  23.274 0.6999999881
39195  -19.945  -57.103  25.387 0.4000000060
40131  -24.890  -55.971  21.027 0.8000000119
40121  -26.783  -56.591  22.570 0.6999999881
40990  -24.239  -55.581  20.734 0.8000000119
41867  -24.079  -54.731  20.776 0.8000000119
138187  -24.680  -54.142  21.210 0.6999999881
137337  -20.700  -52.344  19.301 0.8000000119
40989  -23.523  -55.170  20.314 0.8000000119
42790  -22.533  -51.761  18.857 0.8999999762
43804  -20.717  -51.170  18.549 0.8999999762
43794  -20.004  -51.310  18.496 0.8000000119
42789  -20.172  -51.320  18.934 0.8000000119
42772  -20.981  -51.639  19.516 0.8000000119
43797  -23.854  -51.586  19.088 0.8999999762
42791  -24.316  -52.807  19.107 0.8999999762
141769  -25.380  -52.109  19.175 0.8000000119
132357  -27.635  -54.168  16.044 0.4000000060
44754  -25.941  -51.918  18.942 0.8000000119
44775  -25.143  -50.810  16.605 0.6999999881
44776  -25.802  -51.621  16.057 0.6999999881
45706  -27.431  -50.709  14.490 0.5000000000
35325  -22.705  -61.560  26.837 0.6999999881
135624  -23.122  -60.977  26.774 0.8000000119
125476  -21.566  -60.103  27.375 0.6999999881
37239  -24.026  -59.264  26.389 0.6999999881
38219  -18.846  -58.521  25.868 0.4000000060
37236  -21.208  -59.326  27.299 0.6000000238
36323  -22.339  -60.714  27.214 0.6999999881
38220  -25.139  -58.906  25.791 0.6999999881
38221  -25.788  -58.629  25.395 0.6999999881
39197  -26.338  -57.223  25.307 0.6999999881
38222  -26.427  -58.136  24.824 0.6999999881
39184  -20.940  -57.624  26.478 0.5000000000
135720  -26.810  -56.986  24.538 0.6999999881
40092  -20.459  -56.356  25.286 0.4000000060
122824  -27.027  -56.947  23.730 0.6999999881
40917  -20.153  -55.482  25.151 0.3000000119
40093  -21.295  -56.268  25.935 0.5000000000
40977  -24.808  -55.141  21.120 0.6999999881
40979  -26.320  -56.078  21.975 0.6999999881
40947  -27.313  -55.448  23.498 0.6999999881
39196  -20.744  -56.969  26.019 0.4000000060
41868  -25.493  -54.724  21.613 0.6999999881
40963  -26.888  -55.703  22.650 0.6999999881
41884  -22.097  -53.131  20.041 0.8000000119
41885  -23.326  -54.113  20.397 0.8000000119
42773  -22.102  -52.190  20.264 0.8000000119
43796  -21.521  -50.670  18.965 0.8000000119
44752  -23.554  -50.699  18.933 0.8000000119
44753  -24.949  -51.427  19.006 0.8999999762
45675  -24.676  -50.300  18.088 0.8000000119
45691  -24.141  -50.213  15.996 0.8000000119
120989  -26.269  -50.923  14.713 0.6999999881
44790  -26.271  -51.622  15.040 0.6000000238
45698  -24.613  -50.290  15.602 0.6999999881
44781  -25.101  -50.833  15.685 0.6999999881
47455  -25.811  -48.499  15.361 0.6999999881
125157  -23.160  -60.225  26.899 0.6999999881
121746  -22.239  -57.855  26.692 0.6000000238
126022  -22.756  -58.609  26.872 0.6000000238
38211  -23.700  -58.467  26.589 0.6999999881
38212  -24.491  -58.682  26.253 0.6999999881
37248  -24.649  -59.465  25.807 0.6999999881
38209  -20.749  -58.405  26.858 0.5000000000
39188  -24.512  -57.401  26.368 0.6999999881
38213  -25.133  -58.115  26.158 0.6999999881
38210  -21.789  -58.598  27.042 0.6000000238
40932  -20.017  -55.891  24.659 0.3000000119
130980  -21.453  -57.923  26.697 0.5000000000
134783  -22.547  -57.086  26.522 0.6000000238
40095  -26.782  -56.330  25.203 0.6999999881
132517  -21.269  -55.830  25.964 0.4000000060
127079  -22.102  -56.492  26.371 0.6000000238
40933  -27.149  -55.506  25.025 0.6999999881
42735  -27.026  -53.842  23.397 0.6999999881
40934  -27.383  -55.282  24.321 0.6999999881
123139  -26.973  -54.662  22.822 0.6999999881
41810  -20.698  -54.776  26.642 0.3000000119
42745  -25.899  -53.469  22.229 0.6999999881
42774  -23.104  -53.232  20.572 0.8000000119
42756  -23.131  -52.454  20.788 0.8000000119
42757  -24.014  -53.226  20.968 0.6999999881
42758  -24.937  -53.126  21.637 0.6999999881
43773  -25.602  -52.633  22.371 0.6999999881
120938  -21.365  -50.917  19.589 0.8000000119
122394  -23.157  -51.868  21.044 0.8000000119
138991  -22.160  -50.359  19.004 0.8000000119
122307  -21.469  -50.599  19.200 0.8000000119
44750  -21.843  -50.184  19.509 0.8000000119
44744  -21.974  -50.586  20.156 0.8000000119
145859  -23.721  -50.022  18.201 0.8000000119
47428  -22.784  -48.086  18.247 0.8000000119
47407  -21.790  -47.939  19.190 0.8000000119
47408  -22.485  -47.679  19.597 0.8000000119
47418  -23.017  -47.550  19.190 0.8000000119
126916  -26.515  -49.943  14.451 0.6000000238
45705  -25.691  -50.413  14.773 0.6999999881
45690  -23.948  -49.738  15.927 0.8000000119
45704  -25.132  -50.278  15.152 0.6000000238
125600  -26.350  -47.135  15.425 0.6999999881
48286  -26.292  -47.539  15.167 0.6000000238
47464  -26.152  -48.206  14.989 0.6000000238
39186  -23.076  -57.752  26.650 0.6000000238
40086  -25.143  -56.351  26.312 0.6999999881
39189  -25.381  -57.180  26.083 0.6999999881
131903  -23.286  -56.969  26.498 0.6000000238
40094  -26.055  -56.409  25.885 0.6999999881
41811  -21.583  -54.965  26.960 0.4000000060
40909  -21.910  -55.590  26.513 0.4000000060
41813  -23.487  -55.127  27.073 0.5000000000
40912  -24.854  -55.638  26.585 0.6999999881
40920  -26.535  -55.639  25.668 0.6999999881
41812  -22.525  -55.103  27.106 0.5000000000
40910  -22.888  -55.776  26.617 0.5000000000
135907  -26.792  -54.877  25.418 0.6999999881
41841  -27.219  -54.703  24.716 0.6999999881
42702  -21.117  -54.345  27.500 0.3000000119
133366  -25.465  -53.947  21.723 0.6999999881
42689  -20.621  -53.703  27.985 0.3000000119
43727  -21.162  -52.991  28.450 0.3000000119
124423  -26.721  -53.168  24.020 0.6999999881
43774  -26.052  -52.124  22.923 0.6999999881
43764  -26.368  -52.378  23.715 0.6999999881
43790  -22.362  -51.560  20.487 0.8000000119
43784  -24.641  -52.052  22.026 0.6999999881
126498  -25.442  -51.939  22.523 0.6999999881
45636  -25.646  -50.532  23.112 0.6999999881
45665  -21.762  -49.442  19.186 0.8000000119
45660  -21.823  -49.602  19.842 0.8000000119
44728  -24.213  -50.906  21.945 0.6999999881
44720  -25.688  -51.320  22.845 0.6999999881
44751  -22.040  -49.914  19.083 0.8000000119
44737  -22.417  -50.260  20.696 0.8000000119
44738  -22.733  -51.144  20.926 0.8000000119
125497  -23.197  -50.651  21.386 0.8000000119
132966  -24.885  -48.584  22.531 0.8000000119
47386  -25.498  -48.768  23.254 0.6999999881
45666  -22.221  -49.550  18.699 0.8000000119
46537  -21.855  -48.636  19.796 0.8000000119
47399  -22.938  -47.773  20.750 0.8000000119
47391  -24.449  -47.954  21.894 0.8000000119
45667  -23.192  -50.123  18.721 0.8000000119
46554  -22.916  -48.796  17.665 0.8000000119
47417  -22.177  -47.772  18.723 0.8000000119
46538  -22.178  -47.982  19.931 0.8000000119
48239  -25.215  -47.270  21.519 0.8000000119
45674  -23.382  -49.493  17.234 0.8000000119
47429  -25.629  -48.877  18.590 0.8000000119
123940  -24.335  -47.831  19.962 0.8000000119
129853  -24.550  -47.405  20.778 0.8000000119
48241  -26.939  -46.831  21.441 0.8000000119
46564  -24.124  -49.017  16.630 0.8000000119
47411  -26.756  -47.960  20.249 0.8000000119
46573  -23.847  -49.396  16.165 0.8000000119
131244  -27.391  -48.948  14.420 0.5000000000
134278  -26.242  -48.986  14.696 0.6000000238
46565  -25.585  -48.863  17.084 0.8000000119
46574  -24.391  -49.057  16.120 0.8000000119
47465  -26.963  -48.070  14.624 0.6000000238
48293  -26.546  -47.254  14.838 0.6000000238
40084  -23.483  -56.309  26.491 0.6999999881
132830  -23.953  -56.879  26.440 0.6999999881
40083  -22.770  -56.390  26.454 0.6000000238
40085  -24.252  -56.292  26.469 0.6999999881
41815  -25.524  -54.773  26.538 0.6999999881
40919  -25.770  -55.652  26.228 0.6999999881
42704  -24.985  -54.105  27.120 0.6999999881
42703  -22.121  -54.375  27.659 0.4000000060
142472  -22.815  -53.350  28.061 0.4000000060
41828  -26.318  -54.291  25.873 0.6999999881
41829  -26.844  -54.074  25.141 0.6999999881
43702  -21.696  -52.229  28.511 0.3000000119
43728  -22.522  -52.308  28.294 0.3000000119
120964  -23.253  -52.346  28.019 0.5000000000
42714  -26.438  -53.417  25.605 0.6999999881
42715  -26.776  -53.280  24.881 0.6999999881
43701  -20.838  -52.206  28.630 0.3000000119
44661  -22.148  -51.522  28.453 0.3000000119
43758  -26.546  -52.503  24.586 0.6999999881
45580  -21.736  -50.896  28.537 0.3000000119
45631  -26.391  -50.864  24.713 0.6999999881
45653  -23.513  -49.992  21.702 0.8000000119
45644  -25.013  -50.617  22.522 0.6999999881
45637  -26.106  -50.782  23.801 0.6999999881
131005  -25.051  -49.575  22.758 0.6999999881
47387  -26.048  -47.969  23.546 0.6999999881
46552  -21.821  -48.119  18.651 0.8000000119
46529  -22.495  -48.700  20.642 0.8000000119
45643  -24.255  -49.823  22.105 0.6999999881
46545  -21.964  -48.767  18.576 0.8000000119
47392  -25.309  -47.829  22.518 0.8000000119
46553  -22.307  -48.321  18.237 0.8000000119
48247  -24.513  -47.367  21.124 0.8000000119
48240  -25.886  -46.896  21.714 0.8000000119
46555  -23.762  -48.762  17.604 0.8000000119
46556  -25.266  -49.043  17.663 0.8000000119
129335  -24.134  -48.300  18.820 0.8000000119
47410  -25.583  -47.826  20.439 0.8000000119
48250  -27.268  -47.324  20.680 0.8000000119
47430  -26.145  -48.952  18.050 0.8000000119
47420  -26.335  -48.502  19.537 0.8000000119
47421  -27.102  -48.293  19.537 0.8000000119
50015  -28.974  -45.354  20.744 0.8000000119
48278  -26.154  -47.900  15.678 0.8000000119
40911  -23.864  -55.720  26.670 0.6000000238
42690  -21.633  -53.683  28.114 0.3000000119
41814  -24.491  -54.990  26.967 0.6000000238
42691  -23.701  -53.676  27.721 0.5000000000
138001  -25.165  -53.326  27.097 0.6999999881
42705  -25.751  -53.612  26.461 0.6999999881
43729  -23.930  -52.755  27.705 0.6000000238
43738  -25.487  -52.717  26.739 0.6999999881
43747  -26.053  -52.692  26.004 0.6999999881
44660  -21.351  -51.478  28.617 0.3000000119
44677  -23.050  -51.518  28.226 0.3000000119
43731  -25.209  -52.033  27.032 0.6999999881
135588  -21.039  -50.707  28.637 0.3000000119
141885  -23.428  -49.003  28.436 0.3000000119
44689  -25.959  -51.207  26.084 0.6999999881
43739  -26.151  -51.881  25.629 0.6999999881
47341  -21.328  -48.078  28.375 0.3000000119
48174  -21.670  -47.254  28.288 0.3000000119
131166  -22.058  -48.668  28.530 0.3000000119
132379  -23.023  -47.933  28.471 0.3000000119
49024  -21.204  -46.510  27.776 0.3000000119
46516  -26.249  -49.015  24.000 0.6999999881
123339  -25.923  -47.177  22.818 0.8000000119
129231  -26.019  -46.757  22.303 0.8000000119
129865  -27.515  -46.331  21.824 0.8000000119
47431  -26.790  -48.657  18.720 0.8000000119
48265  -27.725  -47.878  18.962 0.8000000119
48259  -28.079  -47.155  19.560 0.8000000119
49102  -28.294  -46.568  20.100 0.8000000119
131520  -28.537  -46.117  20.638 0.8000000119
49131  -27.381  -46.841  16.856 0.8000000119
48266  -28.174  -47.067  18.831 0.8000000119
48279  -26.623  -47.397  16.215 0.8000000119
49130  -26.565  -46.395  15.736 0.6000000238
42692  -24.473  -53.480  27.433 0.6000000238
44680  -24.957  -51.482  27.300 0.6000000238
45595  -23.260  -50.619  28.296 0.4000000060
45597  -25.054  -50.738  27.436 0.6000000238
44688  -25.482  -51.331  26.832 0.6999999881
123532  -25.691  -51.967  26.354 0.6999999881
123991  -24.645  -49.929  28.028 0.4000000060
44700  -26.464  -51.768  24.997 0.6999999881
48176  -23.547  -47.468  28.478 0.3000000119
46469  -25.174  -49.216  28.042 0.4000000060
45607  -25.826  -50.584  26.655 0.6000000238
46492  -26.484  -49.417  25.746 0.6999999881
124169  -26.361  -49.967  24.339 0.6999999881
47364  -26.711  -48.564  25.344 0.6999999881
47379  -26.630  -48.259  24.433 0.6999999881
135861  -26.978  -47.398  24.348 0.6999999881
46522  -24.258  -48.796  22.100 0.8000000119
48234  -25.473  -47.102  22.078 0.8000000119
49081  -26.545  -46.551  22.908 0.8000000119
49095  -27.942  -46.694  20.951 0.8000000119
145932  -28.422  -45.458  22.099 0.8000000119
49124  -27.876  -46.210  17.525 0.8000000119
49117  -28.232  -46.401  18.426 0.8000000119
125418  -28.750  -44.913  19.161 0.8000000119
50021  -28.679  -45.756  19.834 0.8000000119
50030  -28.250  -44.878  18.294 0.8000000119
49138  -26.404  -46.580  15.071 0.6000000238
50048  -27.214  -45.887  16.633 0.8000000119
51052  -26.226  -44.545  15.484 0.6000000238
51040  -26.335  -44.413  16.217 0.6999999881
126402  -24.514  -52.009  27.437 0.6000000238
46468  -24.243  -49.151  28.371 0.3000000119
47343  -23.752  -48.329  28.460 0.3000000119
47344  -24.795  -48.473  28.368 0.3000000119
46484  -25.559  -49.831  27.298 0.5000000000
48178  -25.293  -47.834  28.274 0.3000000119
47345  -25.596  -48.519  27.864 0.5000000000
47358  -26.598  -48.608  26.298 0.6999999881
49958  -23.158  -44.978  27.938 0.3000000119
49002  -23.949  -46.283  28.457 0.3000000119
48189  -26.686  -47.794  26.796 0.4000000060
48201  -26.905  -48.041  25.913 0.6999999881
50923  -22.936  -44.055  27.407 0.3000000119
48190  -27.257  -47.313  25.992 0.6000000238
142650  -27.431  -46.759  24.432 0.6000000238
48217  -27.429  -47.088  25.058 0.6000000238
48230  -27.053  -46.667  23.742 0.8000000119
49068  -27.852  -46.439  24.896 0.6000000238
49082  -27.229  -46.053  23.234 0.8000000119
49083  -27.745  -46.116  24.053 0.6999999881
49069  -28.278  -45.833  24.713 0.6999999881
134384  -27.166  -46.122  22.549 0.8000000119
143994  -27.585  -45.760  22.874 0.8000000119
50964  -28.561  -45.041  23.308 0.6999999881
134873  -28.347  -45.481  24.025 0.6999999881
49981  -28.603  -45.295  24.594 0.6999999881
49096  -28.420  -45.926  21.455 0.8000000119
50001  -28.197  -45.428  22.724 0.8000000119
145738  -28.899  -44.602  22.948 0.6999999881
137225  -29.081  -44.437  23.504 0.6999999881
50009  -29.269  -44.594  21.175 0.8000000119
50008  -28.874  -45.131  21.600 0.8000000119
50977  -29.305  -44.093  22.574 0.6999999881
52028  -29.671  -43.206  22.728 0.6999999881
130047  -27.398  -48.130  18.122 0.8000000119
49116  -27.908  -47.262  17.951 0.8000000119
143886  -29.035  -45.011  19.969 0.8000000119
52045  -29.557  -43.340  21.319 0.8000000119
141403  -28.180  -45.663  18.084 0.8000000119
52057  -29.182  -43.669  20.161 0.8000000119
47439  -26.704  -48.584  17.695 0.8000000119
50039  -27.605  -45.164  17.416 0.8000000119
51022  -28.373  -43.929  18.656 0.8000000119
53055  -28.496  -42.489  19.403 0.8000000119
51029  -26.887  -44.314  17.020 0.6999999881
123667  -26.296  -43.857  15.129 0.6000000238
53100  -25.942  -42.700  15.425 0.6000000238
51041  -26.867  -45.046  16.601 0.8000000119
52085  -26.167  -43.435  16.682 0.6999999881
53086  -25.144  -42.578  16.719 0.6999999881
46470  -25.780  -49.088  27.432 0.5000000000
46485  -26.238  -49.256  26.763 0.5000000000
49027  -24.152  -46.923  28.464 0.3000000119
144876  -25.687  -47.323  28.160 0.4000000060
47346  -26.250  -48.543  27.147 0.5000000000
49003  -24.738  -46.332  28.471 0.3000000119
49944  -24.726  -45.397  28.484 0.3000000119
49922  -25.563  -45.830  28.513 0.3000000119
49042  -27.487  -46.547  26.528 0.6000000238
126216  -23.707  -43.544  27.438 0.3000000119
51963  -25.121  -43.641  28.393 0.3000000119
50912  -26.555  -44.649  28.398 0.3000000119
51962  -24.389  -42.945  27.615 0.3000000119
49054  -28.147  -46.000  25.468 0.6000000238
52958  -23.483  -42.366  26.471 0.3000000119
50948  -28.833  -44.918  24.113 0.6999999881
144974  -29.204  -42.518  20.439 0.8000000119
53008  -29.662  -42.861  21.873 0.6999999881
52058  -29.391  -43.153  20.629 0.6999999881
129812  -28.970  -42.874  20.007 0.8000000119
53042  -28.780  -42.154  20.030 0.6999999881
52078  -27.507  -43.362  18.041 0.8000000119
53066  -27.177  -42.598  18.157 0.6999999881
52079  -28.123  -42.924  18.681 0.8000000119
54081  -28.351  -41.701  19.487 0.6000000238
55100  -26.513  -41.156  15.428 0.6000000238
127098  -26.966  -43.655  17.439 0.6999999881
124264  -25.664  -42.786  17.001 0.6999999881
53065  -26.177  -42.379  17.503 0.6999999881
127245  -24.549  -42.047  16.419 0.6999999881
142602  -24.243  -41.665  16.072 0.6999999881
53076  -25.002  -42.400  17.095 0.6999999881
57839  -23.117  -37.519  17.343 0.5000000000
58694  -22.029  -37.071  16.518 0.5000000000
137850  -27.924  -46.090  26.177 0.6000000238
50924  -28.358  -44.831  26.873 0.6000000238
50925  -28.758  -44.653  25.880 0.6000000238
50936  -28.907  -44.809  24.894 0.6999999881
50937  -29.251  -44.188  25.212 0.6999999881
52010  -29.498  -43.626  23.681 0.6999999881
54002  -22.737  -41.351  24.201 0.3000000119
51998  -29.499  -43.633  24.697 0.6999999881
52988  -29.892  -42.631  23.552 0.6999999881
54080  -27.712  -41.251  19.019 0.6999999881
54051  -29.498  -41.678  21.310 0.6999999881
122392  -29.625  -42.187  21.784 0.6000000238
54067  -29.197  -41.879  20.587 0.6999999881
51021  -27.660  -44.180  17.790 0.6999999881
55062  -26.983  -40.813  18.643 0.6999999881
55043  -26.890  -39.941  18.887 0.6000000238
139412  -26.267  -41.215  18.010 0.6999999881
55099  -24.890  -41.427  15.659 0.6000000238
54135  -26.121  -41.994  15.466 0.5000000000
54113  -23.682  -41.473  16.365 0.6999999881
56034  -23.286  -40.496  16.789 0.6999999881
55080  -23.005  -41.130  16.125 0.6999999881
56033  -22.571  -40.313  16.010 0.6000000238
49946  -27.814  -45.714  27.039 0.5000000000
50887  -28.229  -44.014  27.436 0.4000000060
51977  -28.745  -43.970  26.773 0.6000000238
50926  -29.229  -43.850  26.022 0.6000000238
52969  -29.744  -42.907  25.231 0.6000000238
54003  -23.312  -41.136  24.495 0.3000000119
53994  -23.555  -41.386  25.245 0.3000000119
126946  -29.747  -43.046  24.314 0.6999999881
54033  -30.012  -41.893  23.095 0.6000000238
54017  -30.270  -41.753  23.888 0.6000000238
54032  -29.792  -41.526  22.277 0.6000000238
55045  -28.266  -40.907  19.641 0.6000000238
128723  -29.552  -40.962  21.603 0.6000000238
54098  -26.857  -41.756  18.254 0.6999999881
55044  -27.613  -40.393  19.328 0.6000000238
140982  -28.643  -40.698  20.187 0.6000000238
56001  -26.706  -39.125  18.994 0.6000000238
55060  -24.933  -40.382  17.612 0.6999999881
135175  -22.936  -41.015  15.959 0.6999999881
56055  -23.837  -40.873  15.603 0.6000000238
56044  -24.631  -39.990  15.423 0.5000000000
56043  -22.963  -40.301  15.664 0.6000000238
57014  -23.528  -39.358  15.382 0.6000000238
57002  -22.875  -39.603  16.917 0.6000000238
124161  -22.534  -39.668  15.706 0.5000000000
57001  -22.293  -39.153  16.020 0.5000000000
57871  -21.951  -37.690  15.479 0.5000000000
57872  -22.628  -37.679  15.072 0.5000000000
58713  -21.702  -36.920  15.740 0.5000000000
59568  -21.867  -36.139  15.827 0.5000000000
52945  -28.344  -42.653  27.638 0.4000000060
51964  -28.593  -43.275  27.311 0.4000000060
144947  -28.743  -42.119  27.518 0.4000000060
53963  -26.604  -41.724  27.967 0.4000000060
51978  -29.524  -43.110  26.055 0.6000000238
54960  -23.903  -40.844  24.854 0.3000000119
55929  -24.968  -39.903  24.848 0.3000000119
122571  -25.753  -40.310  26.139 0.3000000119
52979  -30.072  -42.368  24.509 0.6000000238
138956  -24.172  -37.777  24.220 0.3000000119
126854  -30.301  -41.037  23.212 0.6000000238
55023  -29.408  -40.141  21.355 0.5000000000
55004  -29.927  -40.577  22.232 0.6000000238
56003  -28.228  -40.109  19.913 0.6000000238
55022  -28.772  -40.109  20.571 0.6000000238
56002  -27.523  -39.430  19.588 0.6000000238
56956  -27.747  -38.593  19.875 0.6000000238
55061  -26.126  -40.484  18.214 0.6999999881
56971  -26.583  -38.347  18.989 0.6000000238
56018  -24.545  -39.569  17.686 0.6999999881
57857  -22.126  -38.016  16.308 0.5000000000
59569  -22.296  -36.025  16.455 0.5000000000
52918  -27.716  -42.691  27.954 0.4000000060
52946  -29.021  -42.597  27.263 0.4000000060
53944  -28.142  -42.050  27.807 0.4000000060
51965  -29.159  -43.218  26.763 0.5000000000
53965  -28.365  -41.362  27.650 0.4000000060
52959  -29.874  -41.895  26.352 0.4000000060
138948  -29.794  -42.511  26.010 0.4000000060
52970  -30.116  -42.130  25.471 0.5000000000
56895  -25.120  -39.042  24.841 0.3000000119
56912  -25.445  -38.304  24.941 0.3000000119
55915  -25.860  -39.643  25.701 0.4000000060
54004  -30.377  -41.573  24.823 0.4000000060
57751  -25.952  -37.804  25.370 0.3000000119
56878  -26.528  -39.070  26.077 0.4000000060
55005  -30.370  -40.013  23.067 0.5000000000
129717  -30.563  -40.834  24.266 0.6000000238
55966  -29.976  -39.684  22.056 0.5000000000
55980  -29.428  -39.210  21.438 0.5000000000
55988  -28.339  -39.251  20.301 0.6000000238
56944  -29.442  -38.336  21.421 0.5000000000
131139  -27.163  -38.713  19.455 0.6000000238
58671  -27.356  -37.211  19.556 0.6000000238
56987  -25.673  -38.846  18.462 0.6000000238
57826  -26.559  -37.551  19.072 0.6000000238
131781  -24.316  -38.663  17.822 0.5000000000
56986  -22.874  -38.542  17.191 0.5000000000
58695  -23.183  -36.657  17.251 0.5000000000
60493  -23.318  -34.996  16.561 0.5000000000
59587  -22.509  -35.189  15.861 0.5000000000
133926  -29.380  -41.817  27.125 0.4000000060
53983  -29.460  -40.957  27.236 0.4000000060
53984  -29.868  -41.117  26.602 0.4000000060
54963  -30.296  -40.409  26.051 0.4000000060
54949  -29.473  -40.099  27.279 0.4000000060
54975  -30.599  -40.131  25.096 0.4000000060
57764  -25.345  -37.529  24.792 0.3000000119
55952  -30.667  -39.109  23.491 0.4000000060
54990  -30.693  -39.912  24.065 0.5000000000
58606  -24.576  -36.275  24.175 0.3000000119
56945  -30.064  -37.934  22.036 0.4000000060
57801  -28.912  -37.923  20.780 0.5000000000
58645  -30.101  -37.023  22.163 0.4000000060
57815  -27.885  -37.786  19.959 0.6000000238
57802  -29.449  -37.327  21.378 0.5000000000
57827  -27.238  -38.030  19.504 0.6000000238
58657  -28.172  -36.950  20.088 0.5000000000
140439  -28.418  -37.629  20.364 0.5000000000
57840  -24.295  -37.746  18.050 0.5000000000
57841  -25.586  -37.990  18.555 0.6000000238
58670  -26.647  -36.751  19.134 0.6000000238
121031  -25.952  -36.335  18.664 0.6000000238
58680  -24.528  -36.742  18.077 0.5000000000
59570  -23.936  -35.838  17.395 0.5000000000
61521  -23.565  -33.655  15.459 0.5000000000
60433  -24.190  -33.787  22.786 0.3000000119
61422  -25.542  -33.716  24.136 0.4000000060
62384  -25.689  -32.337  23.678 0.4000000060
59551  -27.214  -35.443  19.146 0.5000000000
129288  -24.841  -31.992  22.641 0.4000000060
59560  -26.429  -35.526  18.672 0.5000000000
140582  -28.970  -34.289  19.860 0.5000000000
60461  -29.426  -34.358  20.394 0.5000000000
143955  -26.718  -34.455  18.450 0.5000000000
60473  -28.393  -34.539  19.477 0.5000000000
59559  -25.389  -35.728  18.091 0.5000000000
60484  -26.094  -34.805  18.170 0.6000000238
61522  -24.236  -33.135  15.734 0.5000000000
60494  -24.114  -34.173  16.703 0.6000000238
60495  -25.480  -34.203  17.347 0.5000000000
60510  -24.872  -33.597  16.573 0.6000000238
132656  -25.226  -32.824  16.305 0.4000000060
63291  -25.444  -31.933  23.117 0.4000000060
62349  -26.797  -32.883  25.086 0.4000000060
59561  -26.894  -34.846  18.715 0.5000000000
60485  -27.185  -34.256  18.632 0.5000000000
61503  -26.562  -34.003  18.044 0.5000000000
61504  -27.448  -33.595  18.302 0.5000000000
128461  -28.119  -33.295  18.464 0.5000000000
60483  -24.787  -34.965  17.418 0.5000000000
62476  -25.524  -32.000  16.087 0.4000000060
61513  -25.939  -33.423  17.162 0.5000000000
63276  -26.563  -31.600  24.482 0.4000000060
64237  -25.579  -30.368  22.625 0.4000000060
60472  -27.616  -34.720  19.095 0.5000000000
60474  -29.363  -33.664  19.960 0.4000000060
61514  -26.908  -33.169  17.627 0.4000000060
62464  -27.152  -32.338  17.403 0.4000000060
62477  -26.462  -31.795  16.702 0.5000000000
146097  -26.627  -31.112  16.609 0.3000000119
61506  -29.055  -32.655  18.833 0.4000000060
62456  -27.724  -32.856  18.013 0.4000000060
64306  -27.316  -30.635  16.909 0.5000000000
136395  -27.773  -29.784  16.931 0.4000000060
62465  -28.043  -31.931  17.891 0.4000000060
67148  -27.069  -27.265  15.057 0.4000000060
63370  -27.912  -31.137  17.548 0.4000000060
65295  -28.080  -28.992  16.970 0.4000000060
64295  -28.882  -30.246  18.282 0.4000000060
145621  -27.698  -27.511  16.189 0.4000000060
67149  -27.548  -26.696  15.380 0.4000000060
126320  -27.262  -26.105  14.147 0.4000000060
65296  -28.401  -29.597  17.685 0.4000000060
66238  -28.297  -28.195  17.105 0.4000000060
65283  -28.910  -29.185  18.349 0.4000000060
126511  -29.514  -29.059  18.907 0.4000000060
67141  -28.692  -26.955  17.445 0.3000000119
67140  -28.210  -27.302  16.784 0.4000000060
68988  -27.912  -25.011  14.257 0.4000000060
66227  -28.693  -28.480  17.996 0.3000000119
68022  -28.731  -26.102  16.659 0.4000000060
68021  -28.235  -26.619  16.306 0.5000000000
67129  -28.733  -27.765  17.783 0.4000000060
68005  -29.279  -26.543  18.053 0.4000000060
32724  -21.399  -64.480  14.655 0.6999999881
145795  -20.505  -63.779  19.513 0.6999999881
27106  -18.802  -70.119  18.911 0.6000000238
32666  -19.667  -63.237  21.213 0.6999999881
33509  -23.458  -63.796  20.785 0.8000000119
33490  -21.320  -62.034  21.485 0.8000000119
30871  -21.878  -66.377  21.657 0.6000000238
27084  -20.215  -70.994  22.470 0.4000000060
41049  -20.145  -55.397  16.733 0.8000000119
32621  -23.363  -63.831  24.713 0.6000000238
30823  -19.290  -67.073  24.056 0.5000000000
37300  -26.140  -59.853  22.999 0.8000000119
38269  -25.711  -58.212  21.378 0.8000000119
36373  -24.663  -60.680  24.444 0.8000000119
36357  -17.771  -60.379  24.449 0.4000000060
32586  -21.460  -64.230  26.298 0.6000000238
35342  -18.953  -61.857  25.314 0.5000000000
35322  -20.173  -61.788  26.645 0.6000000238
140158  -24.176  -59.695  26.147 0.6999999881
145001  -23.872  -53.928  20.754 0.6999999881
125773  -25.890  -57.886  25.632 0.6999999881
48249  -26.231  -47.239  21.065 0.8000000119
145255  -26.574  -47.753  23.982 0.6999999881
46507  -26.519  -49.197  24.761 0.6999999881
44679  -24.362  -51.316  27.635 0.6000000238
48179  -26.040  -47.859  27.688 0.5000000000
50913  -27.789  -44.760  27.632 0.4000000060
53966  -28.846  -41.530  27.518 0.4000000060
145514  -23.807  -33.642  16.165 0.5000000000
31852  -22.999  -65.536  13.554 0.5000000000
32734  -23.677  -64.532  14.266 0.5000000000
29992  -21.157  -67.140  13.818 0.6999999881
129284  -24.170  -62.121  15.476 0.5000000000
136320  -17.278  -67.811  18.408 0.5000000000
144027  -23.173  -65.530  19.291 0.6999999881
33553  -21.815  -63.759  15.437 0.6999999881
134342  -22.102  -63.110  16.042 0.6999999881
35459  -20.306  -60.468  16.040 0.6999999881
34470  -21.462  -62.513  15.844 0.6999999881
37384  -23.943  -59.493  16.585 0.6999999881
37371  -25.465  -59.870  17.950 0.5000000000
128585  -24.248  -58.993  17.295 0.6000000238
39271  -25.487  -57.501  18.629 0.5000000000
28933  -20.239  -68.173  20.098 0.6000000238
32701  -24.160  -64.388  18.990 0.6999999881
30891  -18.676  -66.286  19.753 0.6000000238
122998  -21.718  -63.517  20.558 0.8000000119
33527  -24.374  -63.548  19.154 0.6999999881
131364  -27.992  -57.943  18.395 0.4000000060
34415  -20.649  -62.056  21.446 0.8000000119
28934  -20.982  -69.050  20.302 0.6000000238
27096  -20.875  -70.429  20.356 0.6000000238
40173  -21.726  -56.402  16.412 0.8000000119
31784  -21.429  -65.293  21.764 0.6999999881
35430  -24.899  -61.597  19.814 0.8000000119
130171  -26.373  -56.978  19.003 0.5000000000
34396  -21.844  -61.895  22.636 0.6999999881
28001  -21.583  -69.598  21.195 0.6000000238
37354  -23.032  -59.669  18.634 0.8000000119
130395  -24.697  -56.184  18.582 0.6999999881
40158  -27.053  -56.354  18.977 0.6000000238
28911  -22.108  -68.475  22.366 0.6000000238
128014  -21.241  -57.851  18.439 0.8999999762
122577  -19.710  -55.532  17.154 0.8000000119
41019  -27.435  -55.630  18.723 0.6000000238
41944  -28.260  -55.167  16.867 0.4000000060
27083  -19.042  -70.775  22.678 0.3000000119
27091  -21.411  -70.219  21.730 0.5000000000
27090  -20.823  -70.930  21.905 0.5000000000
26232  -20.648  -71.471  21.267 0.5000000000
143464  -19.799  -72.109  21.989 0.4000000060
38301  -23.249  -58.395  19.431 0.8999999762
142811  -23.195  -64.414  24.304 0.6000000238
31738  -23.092  -64.905  24.033 0.6000000238
29869  -22.211  -67.227  24.100 0.5000000000
27981  -20.923  -69.660  22.988 0.5000000000
27966  -21.372  -69.053  23.059 0.5000000000
39249  -24.373  -57.517  20.409 0.8000000119
41914  -26.345  -54.029  19.182 0.6999999881
43818  -27.065  -52.884  16.058 0.6000000238
130837  -22.772  -65.735  24.365 0.6000000238
29881  -18.806  -67.565  23.562 0.5000000000
28896  -20.228  -68.534  23.680 0.5000000000
29883  -20.777  -68.031  24.109 0.5000000000
32601  -22.871  -64.386  25.566 0.6000000238
31735  -18.854  -65.160  24.480 0.5000000000
31736  -19.685  -65.301  24.972 0.6000000238
130114  -19.831  -66.583  24.447 0.5000000000
31719  -22.040  -66.058  25.054 0.5000000000
145355  -17.891  -62.976  24.049 0.6000000238
31718  -21.161  -65.764  25.410 0.6000000238
31717  -20.442  -65.391  25.379 0.6000000238
30808  -21.262  -66.347  25.061 0.5000000000
37263  -17.370  -59.572  24.334 0.4000000060
38233  -26.574  -58.645  23.949 0.6999999881
41912  -19.616  -52.920  17.805 0.8999999762
34344  -19.388  -62.546  25.600 0.5000000000
32598  -20.079  -64.717  25.456 0.6000000238
33402  -20.462  -63.158  26.316 0.6000000238
37246  -18.660  -59.581  25.629 0.4000000060
36339  -19.191  -60.314  25.949 0.4000000060
36321  -20.372  -60.982  26.943 0.5000000000
37234  -19.913  -60.214  26.630 0.5000000000
39217  -26.871  -57.493  23.316 0.6999999881
38208  -19.782  -58.518  26.433 0.5000000000
130850  -20.239  -59.320  26.892 0.5000000000
40978  -25.559  -55.588  21.514 0.6999999881
45699  -25.419  -50.899  15.114 0.6999999881
36324  -23.805  -59.917  26.451 0.6999999881
36322  -21.263  -60.883  27.239 0.6000000238
40103  -27.241  -56.143  24.290 0.6999999881
39183  -20.248  -57.744  26.259 0.5000000000
40091  -19.885  -56.406  24.796 0.4000000060
44767  -25.558  -50.756  17.819 0.8000000119
37237  -22.329  -59.554  27.228 0.6000000238
37238  -23.313  -59.358  26.788 0.6999999881
37235  -20.701  -60.146  27.178 0.6000000238
40918  -20.692  -55.569  25.665 0.3000000119
41869  -26.288  -55.176  22.096 0.6999999881
41842  -27.335  -54.604  23.816 0.6999999881
41827  -21.070  -55.351  26.248 0.3000000119
44760  -24.463  -50.697  18.680 0.8999999762
45683  -24.073  -50.202  16.811 0.8000000119
45682  -23.783  -49.688  16.344 0.8000000119
46582  -24.697  -49.734  15.485 0.6000000238
46591  -25.561  -49.765  14.879 0.6000000238
47463  -25.500  -49.079  15.114 0.6000000238
47445  -25.493  -48.651  15.981 0.8000000119
39187  -23.814  -57.561  26.505 0.6999999881
141360  -24.583  -56.819  26.353 0.6999999881
39185  -21.612  -57.126  26.418 0.5000000000
138016  -26.624  -53.842  22.706 0.6999999881
131632  -23.627  -51.553  21.496 0.8000000119
46563  -23.714  -49.423  16.936 0.8000000119
134909  -26.225  -55.047  25.963 0.6999999881
41801  -23.121  -54.384  27.594 0.5000000000
42727  -27.100  -53.923  24.335 0.6999999881
42746  -26.415  -53.050  23.027 0.6999999881
44712  -26.321  -51.669  24.245 0.6999999881
46515  -25.850  -49.793  23.579 0.6999999881
45652  -22.820  -49.680  21.171 0.8000000119
46530  -23.335  -48.880  21.522 0.8000000119
47400  -23.914  -47.599  21.212 0.8000000119
129591  -21.991  -52.925  28.356 0.3000000119
43748  -26.466  -52.595  25.283 0.6999999881
46465  -21.166  -49.282  28.465 0.3000000119
43730  -24.846  -52.711  27.302 0.6000000238
126492  -23.581  -49.778  28.363 0.3000000119
140836  -26.306  -51.119  25.367 0.6999999881
48175  -22.633  -47.285  28.457 0.3000000119
50047  -26.465  -45.346  15.818 0.6999999881
45596  -24.110  -50.588  28.006 0.6000000238
131983  -26.176  -49.915  26.460 0.6999999881
45608  -26.298  -50.413  25.752 0.6999999881
45618  -26.434  -50.621  25.191 0.6999999881
128120  -26.524  -50.078  25.038 0.6999999881
48216  -27.051  -47.819  25.161 0.6000000238
50976  -28.737  -44.879  22.449 0.8000000119
51003  -29.459  -43.909  20.883 0.8000000119
51013  -28.947  -44.219  19.618 0.8000000119
121887  -25.898  -43.832  15.897 0.6000000238
52101  -25.845  -43.284  15.571 0.6000000238
48177  -24.424  -47.685  28.438 0.3000000119
50909  -23.701  -44.342  27.984 0.3000000119
139244  -24.153  -45.802  28.442 0.3000000119
49041  -27.031  -47.057  26.878 0.5000000000
49053  -27.698  -46.593  25.667 0.6000000238
49995  -27.928  -45.641  23.354 0.8000000119
49970  -28.526  -45.362  25.271 0.6000000238
50989  -29.423  -44.000  21.610 0.6999999881
138545  -23.111  -41.354  16.036 0.6999999881
50910  -24.522  -44.503  28.402 0.3000000119
124593  -26.388  -46.207  28.244 0.3000000119
51961  -23.823  -42.871  26.987 0.3000000119
126212  -25.246  -42.768  28.029 0.3000000119
49043  -28.267  -45.458  26.130 0.6000000238
54114  -24.479  -41.887  17.031 0.6999999881
55082  -25.264  -41.189  17.563 0.6999999881
55030  -29.122  -40.985  20.791 0.6000000238
51933  -27.963  -43.254  27.774 0.4000000060
56019  -25.897  -39.666  18.359 0.6000000238
58714  -22.330  -36.893  15.261 0.4000000060
54946  -26.502  -40.372  27.040 0.4000000060
54962  -25.313  -40.184  25.415 0.3000000119
56910  -24.089  -38.681  24.263 0.3000000119
56911  -24.801  -38.201  24.572 0.3000000119
144625  -30.534  -40.466  23.661 0.5000000000
56930  -30.018  -38.832  21.986 0.5000000000
56943  -28.880  -38.752  20.897 0.5000000000
53996  -30.207  -41.308  25.805 0.4000000060
56896  -25.821  -38.847  25.379 0.4000000060
55967  -30.343  -39.234  22.652 0.5000000000
135280  -30.486  -39.501  25.766 0.4000000060
56931  -30.514  -38.478  22.693 0.4000000060
57816  -28.808  -37.181  20.660 0.5000000000
61433  -25.034  -33.381  23.271 0.3000000119
62370  -26.227  -32.419  24.405 0.4000000060
64307  -28.192  -30.442  17.570 0.4000000060
63363  -28.583  -31.117  18.041 0.4000000060
68033  -27.799  -25.858  14.919 0.4000000060
66228  -29.259  -28.301  18.575 0.4000000060
68997  -28.252  -24.598  14.161 0.3000000119
27141  -19.978  -70.703  16.647 0.5000000000
27143  -21.302  -70.211  15.967 0.5000000000
28978  -17.222  -68.327  15.960 0.4000000060
129851  -17.930  -68.668  16.510 0.5000000000
27140  -18.879  -70.299  16.663 0.5000000000
28052  -19.576  -69.811  16.973 0.5000000000
28053  -20.642  -69.985  16.706 0.6000000238
28054  -21.251  -69.594  16.478 0.6000000238
28979  -17.598  -67.618  16.389 0.5000000000
29967  -17.024  -66.399  16.232 0.5000000000
28963  -18.438  -68.347  16.923 0.5000000000
28964  -19.232  -68.273  17.324 0.5000000000
28965  -20.369  -68.305  17.496 0.6000000238
28966  -21.439  -68.425  17.286 0.6000000238
28037  -20.966  -69.142  17.074 0.6000000238
28980  -21.589  -68.889  16.520 0.6000000238
138598  -21.977  -68.275  16.227 0.6000000238
28981  -22.091  -68.193  17.018 0.6000000238
28997  -21.698  -68.630  15.122 0.6000000238
29982  -21.425  -66.928  14.398 0.6000000238
28998  -21.933  -67.840  15.334 0.6000000238
30926  -17.161  -65.601  16.582 0.5000000000
29954  -19.319  -67.483  17.471 0.5000000000
30925  -16.598  -65.611  16.594 0.5000000000
29955  -21.056  -67.621  17.737 0.6000000238
30911  -16.093  -65.768  16.914 0.5000000000
125663  -16.552  -65.037  17.010 0.5000000000
29956  -21.881  -67.861  17.451 0.6000000238
29968  -22.445  -67.563  16.575 0.6000000238
30938  -21.133  -65.864  14.073 0.6000000238
29953  -18.157  -66.920  16.979 0.5000000000
30914  -18.983  -66.376  17.545 0.5000000000
31822  -17.507  -64.687  17.466 0.5000000000
30913  -17.700  -65.377  17.057 0.5000000000
145533  -19.973  -67.332  17.682 0.6000000238
30898  -16.686  -65.493  18.011 0.5000000000
142053  -16.647  -64.907  17.452 0.5000000000
142766  -21.844  -67.253  17.877 0.6000000238
29939  -16.327  -66.144  17.579 0.5000000000
29940  -16.978  -66.819  18.302 0.5000000000
29957  -22.398  -67.477  17.372 0.6000000238
30939  -22.044  -66.205  15.125 0.6000000238
31821  -16.953  -64.784  17.388 0.5000000000
30899  -19.130  -64.754  18.155 0.5000000000
140396  -19.383  -65.775  17.927 0.6000000238
31813  -20.035  -64.813  18.630 0.6000000238
31810  -17.022  -64.607  18.006 0.5000000000
30915  -20.136  -66.699  17.918 0.6000000238
30900  -20.396  -65.984  18.350 0.6000000238
133208  -17.173  -68.573  18.183 0.5000000000
30927  -22.795  -66.727  16.272 0.6000000238
32689  -17.744  -64.105  18.480 0.5000000000
32700  -18.313  -63.739  18.430 0.5000000000
141551  -18.719  -63.511  18.420 0.5000000000
124955  -19.035  -63.710  18.336 0.6000000238
29931  -17.435  -66.334  18.714 0.5000000000
30890  -17.768  -65.685  19.153 0.6000000238
32690  -18.251  -63.464  18.951 0.6000000238
33517  -18.738  -63.273  18.800 0.5000000000
32691  -19.074  -63.217  18.735 0.5000000000
141593  -19.768  -63.789  18.922 0.6000000238
31803  -18.122  -64.595  19.469 0.6000000238
31804  -20.969  -64.929  19.324 0.6000000238
136057  -18.634  -67.859  19.288 0.5000000000
29932  -18.283  -66.925  19.267 0.5000000000
28023  -18.104  -69.256  18.672 0.4000000060
32678  -18.547  -63.584  19.657 0.6000000238
33504  -18.852  -63.017  19.412 0.6000000238
33518  -19.229  -62.893  19.394 0.5000000000
32692  -19.684  -62.951  19.341 0.6000000238
33506  -19.753  -62.348  19.947 0.6999999881
41930  -27.832  -54.119  18.147 0.5000000000
41802  -24.074  -54.321  27.402 0.5000000000
48229  -26.486  -47.247  23.586 0.6000000238
50057  -26.414  -45.841  15.239 0.5000000000
51066  -26.632  -44.506  14.778 0.5000000000
55091  -23.491  -41.334  15.963 0.5000000000
68989  -28.383  -24.701  14.899 0.4000000060
69863  -28.768  -24.145  14.361 0.3000000119
70729  -29.078  -23.511  14.016 0.3000000119
71617  -30.328  -22.012  13.934 0.3000000119
28067  -16.887  -69.049  15.506 0.4000000060
27159  -18.150  -70.829  16.270 0.5000000000
28068  -21.419  -70.041  14.881 0.5000000000
132645  -21.125  -67.733  14.167 0.5000000000
28996  -16.510  -68.004  15.528 0.4000000060
29966  -16.368  -66.415  16.092 0.5000000000
29951  -15.481  -66.618  16.722 0.5000000000
30924  -16.066  -66.154  16.509 0.5000000000
29952  -15.760  -66.720  17.334 0.3000000119
28962  -16.092  -68.054  17.513 0.4000000060
41931  -28.159  -54.952  17.776 0.4000000060
44678  -23.805  -51.845  27.784 0.5000000000
122977  -23.724  -51.195  27.965 0.4000000060
50068  -26.623  -45.752  14.836 0.5000000000
52111  -26.999  -43.844  14.617 0.5000000000
52102  -26.551  -43.222  14.963 0.5000000000
70718  -29.319  -23.506  14.607 0.3000000119
72461  -30.684  -21.217  13.772 0.3000000119
29942  -21.089  -66.873  18.067 0.6000000238
28943  -18.463  -68.549  19.078 0.5000000000
29941  -17.845  -67.589  18.833 0.6000000238
49144  -27.016  -46.408  14.630 0.5000000000
28952  -16.570  -67.364  17.913 0.4000000060
27142  -20.762  -70.826  16.211 0.6000000238
28050  -17.804  -69.568  16.278 0.4000000060
28035  -19.155  -69.035  17.168 0.5000000000
28036  -20.062  -69.174  17.233 0.6000000238
29981  -16.769  -67.209  15.887 0.5000000000
31823  -18.406  -65.024  17.612 0.5000000000
31812  -18.298  -64.030  18.001 0.5000000000
30889  -17.149  -65.273  18.537 0.5000000000
31802  -17.438  -64.735  18.705 0.5000000000
69846  -29.472  -24.403  15.746 0.4000000060
29980  -16.078  -67.113  15.734 0.4000000060
128642  -21.393  -69.178  14.366 0.4000000060
29007  -21.012  -68.253  13.968 0.4000000060
29965  -15.732  -66.666  16.176 0.4000000060
28895  -19.248  -68.354  23.433 0.3000000119
130843  -19.998  -70.184  22.942 0.4000000060
30840  -18.415  -66.668  23.688 0.4000000060
32635  -16.637  -64.243  23.189 0.4000000060
32637  -17.669  -64.297  23.884 0.4000000060
31752  -17.834  -65.849  23.574 0.4000000060
30822  -18.574  -65.833  24.011 0.4000000060
32648  -15.977  -63.987  22.772 0.3000000119
34374  -16.298  -62.256  22.983 0.4000000060
33454  -16.576  -63.273  23.236 0.4000000060
33455  -17.395  -63.178  23.691 0.5000000000
34375  -17.032  -62.395  23.437 0.4000000060
35374  -17.269  -61.720  23.637 0.4000000060
49029  -26.377  -47.073  27.680 0.3000000119
49028  -25.623  -46.704  28.340 0.3000000119
49030  -27.044  -46.372  27.444 0.3000000119
140799  -27.520  -36.247  19.544 0.4000000060
52917  -27.240  -42.764  28.190 0.3000000119
53943  -27.379  -42.232  28.091 0.3000000119
58658  -28.457  -36.013  20.063 0.4000000060
59552  -28.042  -35.347  19.559 0.4000000060
54930  -26.856  -41.045  27.644 0.3000000119
128664  -26.309  -39.794  26.290 0.3000000119
58659  -29.223  -36.643  20.957 0.4000000060
130513  -29.264  -35.853  20.697 0.3000000119
59540  -28.887  -35.070  20.085 0.4000000060
61505  -28.664  -33.265  18.860 0.4000000060
62457  -28.462  -32.650  18.429 0.3000000119
53964  -27.605  -41.455  27.813 0.3000000119
54932  -28.104  -40.714  27.640 0.3000000119
144670  -29.115  -39.591  27.395 0.3000000119
55916  -26.952  -39.562  26.817 0.3000000119
54947  -27.539  -40.067  27.410 0.3000000119
54948  -28.552  -39.923  27.491 0.3000000119
55920  -30.149  -39.674  26.651 0.3000000119
56880  -27.873  -38.492  27.103 0.3000000119
55918  -28.721  -39.019  27.366 0.3000000119
123987  -29.487  -37.843  26.855 0.3000000119
56899  -30.351  -38.873  26.241 0.3000000119
55931  -30.626  -39.351  24.825 0.3000000119
57752  -26.550  -37.687  25.975 0.3000000119
57736  -27.048  -38.204  26.434 0.3000000119
55943  -30.719  -39.290  24.148 0.3000000119
58592  -26.455  -36.874  25.778 0.3000000119
139612  -26.647  -36.071  25.841 0.3000000119
57772  -30.861  -38.054  23.515 0.3000000119
125473  -26.131  -36.131  25.421 0.3000000119
60386  -26.182  -34.694  25.347 0.3000000119
57788  -30.596  -37.602  22.702 0.3000000119
122208  -30.380  -36.290  22.250 0.3000000119
59526  -30.460  -35.487  22.025 0.3000000119
62382  -25.076  -32.575  22.949 0.3000000119
62383  -25.392  -32.648  23.311 0.3000000119
138353  -29.824  -36.269  21.549 0.3000000119
59525  -29.922  -35.295  21.254 0.3000000119
64219  -25.834  -30.948  23.314 0.3000000119
63305  -24.389  -31.262  22.161 0.3000000119
61493  -28.773  -33.802  19.412 0.3000000119
62458  -29.003  -31.869  18.528 0.3000000119
56898  -30.055  -38.339  26.615 0.3000000119
57737  -27.871  -37.666  26.830 0.3000000119
130473  -28.697  -38.105  27.189 0.3000000119
57753  -30.412  -38.013  26.061 0.3000000119
140671  -30.624  -38.547  25.349 0.3000000119
125615  -30.769  -38.708  24.289 0.3000000119
58576  -27.109  -37.258  26.383 0.3000000119
58577  -27.927  -36.838  26.624 0.3000000119
57739  -29.626  -37.126  26.610 0.3000000119
58595  -30.892  -36.658  25.507 0.3000000119
134667  -30.827  -37.530  25.423 0.3000000119
57765  -30.934  -37.855  24.542 0.3000000119
127120  -31.002  -37.208  23.904 0.3000000119
58593  -27.133  -36.396  26.310 0.3000000119
59446  -28.001  -35.881  26.534 0.3000000119
59447  -28.991  -35.807  26.681 0.3000000119
122986  -30.866  -37.264  23.214 0.3000000119
133112  -25.246  -35.132  24.521 0.3000000119
59467  -26.450  -35.433  25.623 0.3000000119
59468  -27.067  -35.545  26.184 0.3000000119
58632  -30.635  -36.778  22.747 0.3000000119
59492  -30.818  -35.893  22.756 0.3000000119
61423  -26.128  -33.315  24.651 0.3000000119
60451  -30.368  -34.624  21.643 0.3000000119
63292  -25.953  -31.708  23.854 0.3000000119
142035  -26.312  -31.096  24.011 0.3000000119
64201  -26.853  -30.869  24.470 0.3000000119
60462  -29.911  -34.482  20.998 0.3000000119
64220  -26.488  -30.415  23.762 0.3000000119
61483  -29.895  -33.618  20.693 0.3000000119
61494  -29.253  -33.096  19.362 0.3000000119
62446  -29.544  -32.281  19.224 0.3000000119
63364  -29.175  -31.033  18.508 0.3000000119
138936  -30.088  -37.695  26.479 0.3000000119
58579  -29.879  -36.204  26.538 0.3000000119
58594  -30.419  -37.052  26.148 0.3000000119
127896  -30.816  -35.971  25.477 0.3000000119
58596  -31.037  -36.179  24.873 0.3000000119
59469  -27.646  -34.894  26.373 0.3000000119
59448  -29.463  -35.271  26.522 0.3000000119
59449  -30.218  -35.407  26.232 0.3000000119
58580  -30.569  -36.119  26.052 0.3000000119
58615  -31.091  -36.393  24.110 0.3000000119
121079  -26.882  -34.724  25.850 0.3000000119
60387  -27.465  -34.041  25.967 0.3000000119
60365  -28.252  -34.242  26.366 0.3000000119
59493  -31.087  -35.774  23.515 0.3000000119
60435  -31.289  -34.028  22.879 0.3000000119
59509  -31.190  -35.042  23.007 0.3000000119
62371  -26.945  -32.121  24.952 0.3000000119
63277  -27.256  -31.458  24.945 0.3000000119
61450  -30.702  -33.775  21.997 0.3000000119
64202  -27.667  -30.583  24.956 0.3000000119
123232  -30.263  -33.945  21.318 0.3000000119
65200  -26.799  -29.618  23.691 0.3000000119
65182  -27.586  -29.657  24.467 0.3000000119
126508  -30.213  -32.863  20.731 0.3000000119
61482  -29.851  -32.804  20.007 0.3000000119
62447  -30.101  -31.851  19.739 0.3000000119
63350  -29.629  -31.299  19.131 0.3000000119
59471  -30.872  -35.427  25.027 0.3000000119
129860  -28.856  -32.871  26.172 0.3000000119
61385  -29.569  -33.259  26.053 0.3000000119
135853  -30.552  -34.047  25.484 0.3000000119
59484  -31.080  -35.591  24.302 0.3000000119
61404  -27.429  -33.223  25.608 0.3000000119
61405  -30.676  -33.352  25.315 0.3000000119
135579  -31.005  -33.966  24.979 0.3000000119
134341  -31.169  -35.111  23.780 0.3000000119
144364  -27.404  -31.912  25.237 0.3000000119
63239  -28.816  -32.149  25.988 0.3000000119
62337  -29.372  -32.565  26.030 0.3000000119
62351  -28.002  -31.623  25.572 0.3000000119
64203  -28.458  -29.749  25.085 0.3000000119
66125  -28.933  -28.958  25.048 0.3000000119
62421  -30.925  -32.745  21.878 0.3000000119
61470  -30.402  -33.222  21.301 0.3000000119
142131  -27.425  -28.908  23.944 0.3000000119
66136  -28.162  -28.951  24.608 0.3000000119
62420  -30.667  -32.475  21.111 0.3000000119
62433  -30.451  -32.189  20.410 0.3000000119
63340  -30.502  -31.280  20.303 0.3000000119
63351  -30.109  -31.088  19.714 0.3000000119
65284  -29.478  -29.800  18.846 0.3000000119
145695  -30.375  -33.644  25.601 0.3000000119
61374  -29.968  -32.641  25.805 0.3000000119
61406  -31.148  -33.211  24.708 0.3000000119
130475  -31.406  -33.712  23.630 0.3000000119
63256  -29.053  -31.352  25.769 0.3000000119
63257  -29.914  -31.284  25.539 0.3000000119
63241  -30.355  -32.039  25.458 0.3000000119
64178  -28.605  -30.643  25.463 0.3000000119
65168  -29.708  -29.884  25.282 0.3000000119
62397  -31.236  -32.503  22.682 0.3000000119
67038  -27.435  -27.375  23.677 0.3000000119
125826  -29.103  -30.054  25.429 0.3000000119
66126  -29.654  -29.160  24.996 0.3000000119
66156  -27.894  -28.083  24.253 0.3000000119
67021  -28.835  -27.779  24.546 0.3000000119
66138  -29.485  -28.380  24.736 0.3000000119
63327  -31.192  -31.218  21.558 0.3000000119
143037  -30.918  -31.013  20.874 0.3000000119
65272  -30.373  -29.910  20.042 0.3000000119
64283  -29.912  -30.367  19.427 0.3000000119
65271  -29.936  -29.444  19.437 0.3000000119
62372  -31.235  -32.409  24.470 0.3000000119
61434  -31.322  -33.137  23.217 0.3000000119
127999  -30.463  -31.300  25.162 0.3000000119
63278  -31.254  -31.555  24.223 0.3000000119
64180  -30.214  -30.508  25.150 0.3000000119
64204  -30.545  -30.124  24.562 0.3000000119
142458  -30.835  -30.430  24.325 0.3000000119
127690  -31.339  -31.786  22.900 0.3000000119
67039  -28.207  -27.183  24.177 0.3000000119
66139  -30.177  -28.733  24.526 0.3000000119
64260  -31.277  -30.450  21.937 0.3000000119
67040  -29.141  -27.037  24.475 0.3000000119
67022  -29.724  -27.697  24.483 0.3000000119
145848  -30.038  -28.151  24.490 0.3000000119
65183  -30.505  -29.370  24.289 0.3000000119
64259  -31.064  -30.396  21.209 0.3000000119
64274  -30.660  -30.463  20.533 0.3000000119
143568  -30.812  -28.997  20.651 0.3000000119
66203  -30.430  -28.982  20.102 0.3000000119
67130  -29.209  -27.348  18.385 0.3000000119
67991  -29.594  -26.865  19.001 0.3000000119
67114  -29.676  -27.675  19.152 0.3000000119
63293  -31.383  -31.277  23.485 0.3000000119
67920  -28.537  -26.344  24.199 0.3000000119
64205  -30.860  -29.964  23.932 0.3000000119
64222  -31.315  -29.546  23.229 0.3000000119
64239  -31.411  -30.028  22.605 0.3000000119
67921  -29.425  -26.306  24.277 0.3000000119
67023  -30.431  -27.869  24.077 0.3000000119
65184  -30.912  -29.099  23.718 0.3000000119
65201  -31.329  -28.663  23.178 0.3000000119
65240  -31.257  -29.629  21.737 0.3000000119
142804  -31.372  -28.778  21.911 0.3000000119
65258  -31.132  -28.936  21.146 0.3000000119
67097  -30.825  -27.582  20.636 0.3000000119
137716  -30.803  -28.415  20.615 0.3000000119
135661  -30.110  -26.488  19.535 0.3000000119
67978  -30.413  -27.013  20.118 0.3000000119
129934  -30.258  -27.906  19.923 0.3000000119
140952  -29.926  -27.154  19.591 0.3000000119
121974  -28.021  -25.675  23.768 0.3000000119
68865  -28.943  -25.432  24.235 0.3000000119
68866  -29.860  -25.740  23.935 0.3000000119
67907  -30.689  -26.895  23.777 0.3000000119
67922  -31.098  -26.618  23.240 0.3000000119
66173  -31.293  -27.916  23.188 0.3000000119
66189  -31.407  -28.143  22.521 0.3000000119
67945  -31.280  -26.300  22.652 0.3000000119
67084  -31.416  -27.350  22.016 0.3000000119
67979  -31.128  -25.917  21.021 0.3000000119
126551  -30.927  -26.788  20.786 0.3000000119
124000  -31.277  -28.083  21.396 0.3000000119
129767  -30.893  -25.528  20.201 0.3000000119
68006  -29.812  -26.096  18.755 0.3000000119
68951  -30.436  -25.612  19.438 0.3000000119
68963  -29.505  -25.757  17.654 0.3000000119
68978  -29.179  -25.314  16.266 0.3000000119
69745  -29.030  -24.455  23.868 0.3000000119
122940  -29.632  -24.991  24.012 0.3000000119
68867  -30.583  -26.092  23.538 0.3000000119
69748  -31.088  -24.862  22.810 0.3000000119
68896  -31.333  -25.446  22.396 0.3000000119
124347  -31.414  -26.707  22.283 0.3000000119
68921  -31.455  -25.201  21.665 0.3000000119
124421  -31.342  -26.683  21.596 0.3000000119
68964  -30.173  -25.345  18.396 0.3000000119
68979  -29.948  -25.010  17.203 0.3000000119
121098  -30.449  -25.167  23.517 0.3000000119
125732  -21.332  -67.008  13.582 0.4000000060
31753  -18.084  -65.070  23.916 0.4000000060
144922  -19.048  -66.410  24.141 0.4000000060
32636  -17.164  -63.966  23.539 0.4000000060
49945  -27.090  -45.443  28.023 0.3000000119
56879  -27.235  -38.924  26.716 0.3000000119
54950  -29.924  -40.444  26.821 0.3000000119
55919  -29.563  -39.321  27.176 0.3000000119
138067  -28.774  -36.554  20.482 0.4000000060
60402  -25.877  -34.097  24.866 0.3000000119
63306  -25.220  -31.172  22.624 0.3000000119
61403  -26.636  -33.832  25.397 0.3000000119
126758  -16.277  -64.908  22.840 0.4000000060
31763  -16.549  -65.785  22.868 0.4000000060
31764  -17.163  -65.979  23.251 0.4000000060
33469  -15.562  -62.890  22.593 0.3000000119
55917  -27.785  -39.287  27.296 0.3000000119
58578  -28.878  -36.542  26.706 0.3000000119
60434  -30.818  -34.707  22.359 0.3000000119
58614  -30.961  -36.566  23.340 0.3000000119
129460  -28.558  -35.083  26.580 0.3000000119
64238  -26.157  -30.059  23.068 0.3000000119
65217  -25.789  -29.670  22.551 0.3000000119
59470  -30.604  -35.401  25.739 0.3000000119
60366  -29.075  -34.460  26.422 0.3000000119
60367  -29.813  -34.626  26.224 0.3000000119
60388  -30.348  -34.693  25.827 0.3000000119
144788  -28.446  -33.139  26.157 0.3000000119
61451  -31.101  -33.219  22.499 0.3000000119
62352  -30.420  -32.770  25.493 0.3000000119
60403  -31.086  -34.714  24.487 0.3000000119
63258  -30.904  -31.782  24.922 0.3000000119
123761  -31.284  -31.902  22.160 0.3000000119
123905  -27.082  -28.161  23.567 0.3000000119
64179  -29.457  -30.609  25.504 0.3000000119
62385  -31.370  -32.237  23.587 0.3000000119
65218  -31.450  -29.110  22.621 0.3000000119
66140  -30.564  -28.686  24.025 0.3000000119
67906  -30.144  -26.401  23.926 0.3000000119
68868  -31.021  -25.759  22.990 0.3000000119
67063  -31.359  -27.190  22.852 0.3000000119
67965  -31.457  -26.042  22.000 0.3000000119
69796  -31.566  -24.337  21.397 0.3000000119
31762  -15.684  -65.665  22.390 0.4000000060
40160  -28.391  -56.408  17.969 0.4000000060
23630  -17.833  -74.042  18.548 0.3000000119
130196  -17.529  -73.081  18.334 0.3000000119
23614  -18.390  -74.723  19.036 0.3000000119
26256  -17.829  -71.819  18.161 0.3000000119
35373  -16.645  -61.576  23.217 0.3000000119
36371  -16.138  -60.726  22.801 0.3000000119
29897  -17.245  -67.286  22.855 0.3000000119
30851  -16.842  -66.594  22.880 0.3000000119
30839  -17.560  -66.621  23.268 0.3000000119
31751  -17.135  -65.026  23.448 0.3000000119
29880  -17.984  -67.342  23.197 0.3000000119
30850  -16.129  -66.540  22.426 0.3000000119
39274  -28.204  -57.151  18.244 0.3000000119
24528  -19.413  -73.769  19.722 0.4000000060
24538  -18.380  -73.357  18.640 0.4000000060
27085  -21.440  -69.747  22.414 0.5000000000
27983  -21.973  -68.789  21.951 0.6000000238
28051  -18.595  -69.319  16.808 0.5000000000
29983  -22.294  -67.140  15.577 0.6000000238
30897  -16.401  -65.286  17.281 0.5000000000
30912  -16.937  -64.959  16.877 0.5000000000
30917  -23.334  -66.167  17.698 0.6999999881
30928  -23.283  -66.173  16.809 0.6999999881
31811  -17.644  -64.333  17.918 0.5000000000
31859  -21.241  -65.716  13.887 0.6999999881
32743  -22.374  -64.937  13.467 0.6000000238
33505  -19.437  -62.436  19.981 0.8000000119
33510  -24.272  -63.597  20.518 0.8000000119
33519  -24.402  -63.687  19.711 0.6999999881
33544  -22.707  -63.889  16.406 0.6999999881
33563  -23.230  -63.907  13.830 0.6000000238
34327  -21.688  -62.926  26.738 0.8000000119
34329  -23.002  -62.110  26.484 0.8000000119
34414  -20.244  -62.118  21.276 0.8000000119
34419  -24.997  -62.340  20.875 0.8000000119
34477  -21.159  -62.978  15.207 0.6999999881
34490  -23.060  -62.776  14.102 0.6999999881
34491  -23.686  -63.049  14.603 0.5000000000
35323  -20.942  -61.695  27.017 0.6000000238
35362  -24.039  -61.013  24.732 0.8000000119
35375  -23.181  -61.605  23.340 0.6999999881
35395  -24.459  -61.626  22.682 0.6999999881
35490  -20.454  -61.234  14.969 0.6999999881
35493  -22.409  -61.689  14.314 0.6999999881
36453  -21.564  -60.290  17.212 0.6999999881
36460  -20.231  -60.048  15.931 0.6999999881
36484  -20.984  -61.068  14.619 0.6999999881
37280  -25.780  -59.975  23.717 0.8000000119
37367  -19.922  -58.990  16.754 0.6999999881
37382  -19.947  -59.031  16.461 0.6999999881
38254  -26.432  -58.900  22.564 0.6999999881
38302  -24.027  -58.750  19.807 0.8999999762
38313  -19.505  -58.061  17.157 0.8000000119
38319  -27.647  -58.653  18.500 0.4000000060
39307  -19.749  -57.204  16.398 0.8000000119
39308  -21.257  -57.255  16.113 0.8000000119
40082  -22.081  -55.996  26.265 0.6000000238
41018  -26.542  -55.645  19.078 0.6000000238
41034  -28.414  -55.737  17.473 0.4000000060
41857  -26.186  -54.291  22.146 0.6999999881
41899  -21.852  -53.879  19.397 0.8000000119
41911  -19.675  -53.275  17.398 0.8000000119
41916  -27.666  -54.874  18.455 0.5000000000
41943  -27.980  -54.281  17.084 0.4000000060
42805  -20.232  -51.762  17.980 1.0000000000
42816  -19.901  -52.566  17.571 0.8999999762
43783  -23.951  -52.414  21.328 0.6999999881
43795  -20.533  -50.930  18.915 0.8000000119
43799  -26.114  -52.639  19.158 0.6999999881
43806  -27.401  -52.799  18.043 0.6999999881
43811  -27.379  -52.791  17.234 0.6999999881
44729  -25.021  -51.414  22.385 0.6999999881
44761  -25.481  -51.119  18.552 0.8000000119
44762  -26.284  -51.610  18.270 0.6999999881
44782  -25.904  -51.547  15.412 0.6999999881
45593  -21.660  -50.094  28.511 0.3000000119
45651  -22.232  -49.443  20.463 0.8000000119
45673  -22.636  -49.143  17.966 0.8000000119
46544  -21.710  -48.664  19.137 0.8000000119
47342  -22.869  -48.522  28.466 0.3000000119
47409  -23.554  -47.591  20.431 0.8000000119
47419  -25.393  -48.441  19.500 0.8000000119
47446  -26.379  -48.285  16.588 0.8000000119
47454  -25.003  -49.149  15.686 0.6999999881
48233  -24.828  -47.491  21.661 0.8000000119
48248  -25.262  -47.242  21.200 0.8000000119
48251  -27.863  -47.113  20.259 0.8000000119
48258  -27.545  -47.696  19.919 0.8000000119
48273  -27.257  -47.810  17.206 0.8000000119
49087  -26.602  -46.505  22.144 0.8000000119
49088  -27.902  -45.857  22.259 0.8000000119
49109  -28.356  -46.440  19.283 0.8000000119
50949  -29.215  -44.289  24.355 0.6999999881
50988  -29.123  -44.514  21.854 0.8000000119
51002  -29.233  -44.496  20.435 0.8000000119
51988  -29.466  -43.585  25.423 0.6000000238
52068  -28.701  -43.330  19.422 0.8000000119
52086  -26.594  -43.027  17.486 0.6999999881
52093  -25.627  -43.200  16.202 0.6000000238
53009  -29.782  -42.384  22.579 0.6000000238
53026  -29.540  -42.520  21.067 0.6999999881
53054  -27.894  -42.079  18.770 0.8000000119
53075  -24.390  -41.888  16.688 0.6999999881
53099  -25.356  -42.714  16.123 0.6999999881
53982  -28.857  -40.761  27.536 0.4000000060
54066  -28.737  -41.393  20.108 0.6999999881
54097  -25.611  -41.923  17.515 0.6999999881
54127  -23.731  -41.518  16.259 0.6999999881
54134  -25.150  -42.113  15.899 0.6000000238
54929  -26.195  -41.088  27.393 0.4000000060
54931  -27.338  -40.706  27.597 0.3000000119
54973  -23.027  -40.869  23.919 0.3000000119
55081  -23.891  -41.237  16.917 0.6999999881
55902  -30.013  -38.977  26.792 0.3000000119
55942  -24.458  -39.453  24.523 0.3000000119
55979  -28.946  -39.491  20.885 0.5000000000
56881  -29.469  -38.574  27.091 0.3000000119
56897  -26.349  -38.358  25.809 0.4000000060
56957  -28.357  -38.322  20.354 0.6000000238
57000  -22.033  -38.084  15.712 0.5000000000
57738  -28.752  -37.324  26.852 0.3000000119
57856  -21.644  -37.443  15.851 0.5000000000
58608  -31.168  -37.003  24.759 0.3000000119
58681  -25.606  -37.164  18.692 0.6000000238
58693  -21.645  -36.742  16.015 0.5000000000
59466  -25.743  -35.432  25.138 0.3000000119
59541  -29.526  -35.020  20.672 0.3000000119
60364  -28.048  -33.455  26.135 0.3000000119
60389  -30.746  -34.712  25.250 0.3000000119
60416  -31.327  -34.415  23.664 0.3000000119
60486  -28.083  -33.962  18.841 0.4000000060
60509  -23.250  -34.244  15.998 0.5000000000
61384  -28.823  -33.621  26.252 0.3000000119
61386  -30.199  -33.260  25.716 0.3000000119
61424  -31.413  -33.099  24.037 0.3000000119
62336  -28.126  -32.683  25.900 0.3000000119
62350  -27.442  -32.424  25.400 0.3000000119
62353  -30.847  -32.581  25.118 0.3000000119
62463  -26.259  -32.626  16.886 0.5000000000
63240  -29.598  -31.991  25.812 0.3000000119
63307  -31.406  -31.008  22.581 0.3000000119
63326  -30.907  -31.729  20.899 0.3000000119
63369  -27.283  -31.503  17.209 0.5000000000
64181  -30.817  -30.909  24.671 0.3000000119
64221  -27.074  -30.213  24.295 0.3000000119
64284  -30.327  -30.610  19.994 0.3000000119
64296  -29.444  -30.557  18.813 0.3000000119
65167  -29.198  -29.529  25.244 0.3000000119
65169  -30.197  -29.610  24.860 0.3000000119
65239  -30.839  -29.626  20.753 0.3000000119
66137  -28.652  -28.409  24.686 0.3000000119
66157  -30.981  -28.277  23.637 0.3000000119
66219  -29.847  -28.559  19.349 0.3000000119
67098  -31.206  -27.305  21.256 0.3000000119
68034  -28.336  -25.394  15.390 0.4000000060
68937  -30.662  -26.226  20.174 0.3000000119
69746  -30.006  -24.339  23.793 0.3000000119
70730  -29.576  -22.844  13.972 0.3000000119
121515  -21.169  -58.879  15.384 0.6999999881
121591  -22.903  -41.663  24.880 0.3000000119
124903  -31.187  -30.777  24.001 0.3000000119
125432  -23.362  -62.211  25.816 0.8000000119
125822  -26.983  -56.973  23.077 0.6999999881
126204  -27.038  -26.522  14.219 0.4000000060
126215  -23.693  -48.020  21.494 0.8000000119
126669  -22.246  -47.962  28.509 0.3000000119
126805  -20.656  -55.897  25.368 0.3000000119
127763  -19.288  -57.129  16.748 0.8000000119
128082  -28.452  -57.052  17.604 0.3000000119
128195  -30.073  -33.927  25.894 0.3000000119
129035  -29.485  -42.511  26.665 0.5000000000
129287  -31.102  -32.039  21.470 0.3000000119
129407  -22.766  -64.658  23.532 0.6000000238
129874  -26.399  -45.194  15.052 0.6000000238
129922  -31.093  -27.432  23.486 0.3000000119
130145  -19.086  -61.135  25.638 0.5000000000
130647  -20.586  -71.596  20.518 0.5000000000
131229  -24.350  -58.046  26.424 0.6999999881
132133  -21.100  -67.624  13.776 0.4000000060
132749  -28.461  -45.668  18.853 0.8000000119
133945  -24.084  -49.424  15.891 0.8000000119
133971  -29.541  -43.515  22.004 0.6999999881
133974  -30.477  -40.831  25.260 0.4000000060
134570  -31.323  -33.845  24.289 0.3000000119
134620  -31.345  -30.436  23.328 0.3000000119
134803  -28.472  -28.901  17.714 0.3000000119
134859  -30.028  -27.009  24.283 0.3000000119
135285  -22.424  -38.607  15.483 0.5000000000
136286  -20.603  -62.186  14.772 0.6999999881
137172  -29.482  -33.982  26.163 0.3000000119
138141  -24.378  -56.257  20.673 0.8000000119
139265  -21.521  -69.488  15.619 0.6000000238
139491  -25.684  -32.984  23.924 0.3000000119
139848  -26.811  -45.100  14.641 0.5000000000
140002  -22.860  -65.997  15.996 0.6000000238
140302  -25.653  -34.750  24.910 0.3000000119
140824  -18.596  -74.083  18.859 0.3000000119
140930  -24.096  -63.541  18.486 0.6999999881
141555  -26.107  -51.545  23.402 0.6999999881
142920  -21.455  -63.190  13.788 0.6999999881
142925  -26.632  -57.526  24.670 0.6999999881
143032  -21.387  -69.412  22.755 0.5000000000
143954  -30.823  -35.283  22.539 0.3000000119
145066  -24.243  -43.793  28.140 0.3000000119
145351  -17.502  -63.769  23.801 0.6000000238
145567  -21.774  -64.877  13.562 0.6999999881
145801  -24.631  -38.843  24.560 0.3000000119
146131  -26.774  -36.050  19.074 0.5000000000
146342  -20.474  -59.896  15.483 0.6999999881
146372  -25.927  -51.052  23.242 0.6999999881
