#!ascii label  , from subject sub-01 vox2ras=TkReg
1094
130536  -20.442  -95.401  -2.402 0.5000000000
5884  -19.826  -94.975  -2.415 0.6000000238
8415  -27.685  -92.836  1.808 0.3000000119
5883  -19.084  -94.896  -1.811 0.5000000000
135346  -26.997  -94.639  -0.067 0.4000000060
6687  -27.385  -94.495  0.805 0.4000000060
8434  -29.073  -92.854  1.171 0.4000000060
8433  -28.493  -93.274  1.210 0.3000000119
7597  -27.918  -93.671  0.627 0.4000000060
7626  -21.132  -93.969  -2.380 0.5000000000
5895  -21.080  -95.225  -2.944 0.5000000000
7605  -20.573  -93.338  -1.313 0.6000000238
7625  -20.111  -93.362  -2.413 0.5000000000
6729  -20.068  -94.377  -2.757 0.6000000238
9229  -27.820  -91.842  2.322 0.3000000119
6728  -19.582  -93.665  -2.618 0.5000000000
137936  -25.933  -95.010  -1.028 0.5000000000
5874  -25.848  -95.474  -0.446 0.5000000000
9990  -28.545  -91.380  2.659 0.3000000119
7624  -19.475  -93.105  -2.487 0.6000000238
6718  -19.381  -94.282  -2.525 0.5000000000
7610  -26.723  -93.812  -0.747 0.5000000000
7581  -28.650  -93.257  0.982 0.4000000060
8417  -29.474  -92.416  1.614 0.3000000119
9230  -29.242  -92.218  2.233 0.3000000119
138952  -26.654  -93.018  -0.986 0.4000000060
7611  -27.473  -93.286  -0.188 0.4000000060
8449  -28.388  -93.114  0.595 0.4000000060
9255  -27.772  -92.589  0.103 0.4000000060
7566  -22.757  -92.923  2.079 0.6999999881
7577  -22.422  -93.361  1.309 0.6999999881
7593  -23.022  -93.711  0.469 0.6999999881
5896  -21.946  -95.539  -3.173 0.5000000000
8411  -22.189  -92.717  2.688 0.6999999881
7565  -21.825  -93.092  1.953 0.6999999881
7592  -21.971  -93.596  0.313 0.8000000119
7606  -21.580  -93.830  -0.936 0.5000000000
8447  -20.129  -92.902  -0.313 0.6999999881
5143  -22.668  -95.918  -2.958 0.5000000000
8429  -20.663  -93.021  1.618 0.6999999881
5886  -23.770  -95.541  -2.867 0.4000000060
5887  -25.234  -95.317  -1.651 0.5000000000
9977  -28.688  -90.687  3.202 0.3000000119
8446  -19.328  -92.366  -0.481 0.6000000238
6722  -24.986  -94.649  -2.194 0.5000000000
6707  -25.584  -94.421  -1.671 0.5000000000
9978  -29.769  -90.885  3.400 0.3000000119
8461  -19.710  -92.747  -1.455 0.5000000000
7628  -25.648  -93.821  -1.704 0.5000000000
9270  -26.161  -91.776  -0.765 0.4000000060
125282  -26.103  -92.480  -1.220 0.4000000060
141087  -28.604  -92.495  0.580 0.4000000060
9240  -29.825  -92.167  1.533 0.4000000060
10027  -26.474  -91.136  -0.146 0.3000000119
9254  -27.086  -91.829  -0.176 0.4000000060
9960  -21.885  -90.791  4.770 0.5000000000
9214  -22.043  -91.537  4.450 0.6000000238
9974  -22.898  -90.798  3.371 0.6000000238
8398  -23.041  -91.996  3.104 0.6000000238
10722  -20.692  -89.733  5.299 0.5000000000
9952  -21.366  -90.699  5.414 0.5000000000
9208  -21.560  -91.522  5.125 0.6000000238
9215  -22.594  -91.572  3.666 0.6000000238
8397  -22.325  -92.276  3.391 0.6999999881
6704  -22.474  -94.312  -2.025 0.6000000238
123538  -28.277  -88.654  5.674 0.3000000119
9197  -20.047  -91.220  7.109 0.6999999881
9207  -21.135  -91.472  5.799 0.6000000238
8370  -21.181  -92.075  5.401 0.6000000238
8381  -21.500  -92.216  4.699 0.6000000238
8396  -21.546  -92.535  3.905 0.6999999881
135183  -21.503  -92.748  3.123 0.6999999881
7607  -23.401  -94.101  -0.757 0.6000000238
6705  -23.753  -94.499  -2.309 0.6000000238
6733  -23.107  -95.297  -3.167 0.5000000000
8357  -20.108  -92.073  6.604 0.6000000238
8368  -19.967  -92.634  5.870 0.6000000238
8380  -20.634  -92.611  5.134 0.6000000238
8395  -20.597  -92.951  3.472 0.6999999881
145282  -20.138  -93.027  2.065 0.6999999881
6721  -23.784  -95.001  -2.845 0.5000000000
10751  -27.964  -89.903  3.691 0.3000000119
9186  -19.453  -90.975  7.749 0.6999999881
8344  -19.449  -92.042  7.404 0.6000000238
8356  -19.388  -92.697  6.584 0.6999999881
7555  -20.094  -93.036  4.294 0.6000000238
126833  -19.823  -92.719  0.612 0.6999999881
7608  -24.273  -93.836  -1.385 0.5000000000
7609  -24.962  -93.643  -1.765 0.5000000000
7539  -18.610  -93.326  4.878 0.6000000238
8409  -19.681  -93.026  2.519 0.6000000238
8427  -18.772  -92.349  0.658 0.6000000238
8462  -25.103  -92.625  -1.247 0.5000000000
9991  -29.672  -91.681  2.792 0.3000000119
8343  -18.768  -92.803  7.240 0.6999999881
7498  -18.543  -93.199  6.409 0.6000000238
7526  -19.105  -93.147  5.757 0.6000000238
7554  -19.044  -93.252  4.156 0.6000000238
8393  -18.452  -93.002  3.298 0.5000000000
131813  -18.006  -92.582  2.413 0.5000000000
8426  -17.704  -91.664  0.251 0.5000000000
8445  -18.473  -91.868  -0.635 0.5000000000
9269  -25.340  -91.921  -1.058 0.5000000000
10792  -26.453  -89.746  0.651 0.3000000119
10015  -26.946  -90.515  0.439 0.3000000119
138407  -27.504  -91.288  0.267 0.3000000119
10017  -29.203  -91.332  0.960 0.4000000060
9256  -29.229  -92.317  0.941 0.4000000060
10014  -25.866  -90.423  0.054 0.3000000119
146314  -27.909  -91.954  0.263 0.4000000060
10734  -20.348  -89.008  4.730 0.5000000000
10735  -20.998  -89.390  4.446 0.5000000000
10748  -21.244  -89.014  3.511 0.5000000000
9973  -21.939  -89.931  4.190 0.5000000000
11557  -19.431  -88.308  5.757 0.5000000000
10721  -19.824  -88.925  5.320 0.5000000000
10712  -20.045  -89.698  5.993 0.5000000000
10723  -21.435  -90.098  4.882 0.5000000000
144925  -22.468  -90.230  3.609 0.5000000000
9988  -23.305  -90.637  2.472 0.6000000238
8413  -23.529  -92.051  2.471 0.6000000238
128711  -19.656  -89.632  6.577 0.5000000000
143988  -23.816  -92.312  1.723 0.6000000238
7594  -23.823  -93.439  0.245 0.8000000119
11530  -29.193  -88.117  7.026 0.3000000119
10704  -19.133  -89.098  7.000 0.6000000238
9942  -19.645  -90.211  7.181 0.6000000238
9943  -20.242  -90.444  6.650 0.6000000238
8431  -24.208  -92.289  0.872 0.4000000060
11544  -28.744  -88.401  6.346 0.3000000119
9934  -19.055  -89.876  7.723 0.6999999881
140364  -24.214  -92.921  0.422 0.5000000000
11559  -28.692  -89.028  5.019 0.3000000119
10726  -29.175  -89.500  4.439 0.3000000119
9173  -18.855  -90.649  8.276 0.6999999881
9253  -24.388  -91.429  -0.285 0.4000000060
10739  -29.940  -89.634  4.511 0.3000000119
9185  -18.925  -91.689  8.134 0.6000000238
142154  -18.769  -92.380  7.851 0.6999999881
8448  -24.544  -92.378  -0.499 0.4000000060
9222  -30.531  -91.612  2.918 0.3000000119
135360  -17.775  -92.116  8.966 0.6000000238
8326  -18.316  -92.253  8.429 0.6999999881
7525  -18.173  -93.379  5.545 0.6000000238
128161  -17.697  -93.294  4.718 0.5000000000
7553  -17.295  -93.102  3.942 0.5000000000
139278  -17.965  -92.194  1.377 0.6000000238
9268  -24.846  -91.628  -0.767 0.4000000060
11623  -26.104  -88.931  0.955 0.3000000119
11624  -26.959  -89.141  1.088 0.3000000119
10778  -27.952  -88.994  1.307 0.3000000119
10003  -29.289  -90.262  1.171 0.4000000060
9231  -30.145  -92.026  2.257 0.3000000119
7511  -17.643  -93.442  6.141 0.6000000238
132171  -16.892  -93.301  4.668 0.5000000000
7552  -16.685  -93.101  3.787 0.5000000000
136742  -17.622  -92.862  3.235 0.5000000000
144456  -17.461  -92.247  1.770 0.5000000000
8407  -17.371  -91.879  1.082 0.6000000238
9238  -16.951  -91.435  0.458 0.5000000000
10025  -24.870  -91.189  -0.640 0.3000000119
10791  -25.392  -89.618  0.356 0.3000000119
7524  -17.405  -93.395  5.343 0.5000000000
138242  -17.051  -92.803  3.306 0.5000000000
8406  -16.531  -92.462  2.153 0.5000000000
7564  -15.232  -93.136  2.382 0.5000000000
12382  -19.723  -87.726  5.371 0.5000000000
141278  -19.713  -88.235  5.138 0.5000000000
11570  -20.645  -88.600  4.053 0.5000000000
11591  -20.766  -88.126  2.978 0.5000000000
10749  -22.050  -89.481  3.159 0.5000000000
11540  -19.165  -88.346  6.548 0.5000000000
11569  -20.105  -88.392  4.667 0.5000000000
10764  -22.041  -89.166  1.950 0.4000000060
10765  -22.840  -89.702  1.598 0.4000000060
12355  -28.735  -87.736  7.630 0.3000000119
12356  -29.683  -87.742  7.638 0.3000000119
11525  -18.865  -88.365  7.257 0.6000000238
10002  -23.572  -90.571  1.150 0.4000000060
9239  -23.943  -91.736  1.650 0.4000000060
10703  -18.507  -88.925  7.700 0.6000000238
9933  -18.578  -89.705  8.160 0.6000000238
11545  -29.702  -88.432  6.388 0.3000000119
140166  -29.206  -88.736  5.684 0.3000000119
9926  -18.328  -90.201  8.687 0.6000000238
9925  -17.813  -90.658  9.231 0.6000000238
10790  -23.755  -89.929  -0.134 0.4000000060
10013  -24.390  -90.801  -0.340 0.4000000060
9964  -29.855  -90.126  3.990 0.3000000119
9171  -17.509  -91.569  9.331 0.6999999881
10800  -24.698  -90.408  -0.303 0.3000000119
11622  -25.124  -88.671  0.738 0.3000000119
125159  -19.986  -87.766  4.663 0.5000000000
11580  -20.360  -87.879  3.909 0.5000000000
12409  -20.452  -87.270  3.101 0.5000000000
143724  -20.689  -87.417  2.299 0.4000000060
12366  -19.528  -87.695  6.296 0.5000000000
10763  -21.391  -88.667  2.422 0.4000000060
10776  -22.151  -88.878  0.958 0.4000000060
10777  -22.907  -89.407  0.547 0.4000000060
11531  -30.113  -88.146  7.072 0.3000000119
12357  -30.581  -87.754  7.612 0.3000000119
10694  -18.232  -89.253  8.412 0.6000000238
123052  -23.439  -89.944  0.060 0.4000000060
143733  -23.665  -90.454  0.131 0.4000000060
131086  -24.221  -88.443  0.540 0.4000000060
120897  -24.294  -89.423  0.104 0.3000000119
9153  -16.854  -91.617  9.674 0.6000000238
120680  -20.205  -87.190  4.806 0.5000000000
12398  -20.344  -87.164  3.992 0.5000000000
13297  -20.435  -86.446  3.247 0.4000000060
12367  -20.194  -87.164  5.643 0.5000000000
13263  -20.609  -86.463  4.992 0.5000000000
12425  -20.907  -87.143  1.597 0.4000000060
137856  -19.120  -87.934  6.985 0.6000000238
122529  -19.717  -87.574  7.163 0.6000000238
12351  -20.531  -87.004  6.633 0.6000000238
11606  -21.348  -87.636  1.223 0.4000000060
134072  -18.614  -88.389  7.774 0.6000000238
130367  -18.999  -87.950  7.636 0.6000000238
11619  -22.353  -88.042  0.657 0.4000000060
10788  -22.501  -88.748  0.599 0.4000000060
11515  -18.340  -88.679  8.271 0.6000000238
10789  -23.140  -89.284  0.229 0.4000000060
12454  -23.118  -87.788  0.680 0.4000000060
140970  -23.525  -88.313  0.493 0.4000000060
12455  -24.025  -87.637  0.835 0.4000000060
11560  -30.311  -88.846  5.603 0.3000000119
11533  -31.505  -88.222  6.598 0.3000000119
10684  -17.902  -88.990  8.962 0.6000000238
10740  -31.228  -89.861  4.471 0.3000000119
10728  -30.494  -89.447  4.825 0.3000000119
129483  -17.394  -90.183  9.518 0.6000000238
9916  -17.176  -90.936  9.672 0.6000000238
10666  -16.474  -89.460  10.236 0.6999999881
11497  -17.754  -88.188  10.209 0.6999999881
9899  -16.798  -90.224  9.906 0.6000000238
11496  -16.285  -88.635  10.601 0.6999999881
132726  -16.936  -88.067  10.654 0.6999999881
10665  -15.520  -89.211  10.407 0.6000000238
12312  -17.488  -87.595  11.020 0.6999999881
12295  -18.073  -87.048  11.517 0.6000000238
11495  -15.526  -88.276  10.753 0.6999999881
12294  -17.142  -87.099  11.425 0.6999999881
13280  -20.474  -86.368  4.111 0.5000000000
121514  -20.538  -85.519  3.407 0.5000000000
13253  -20.768  -86.532  5.853 0.5000000000
130716  -21.103  -85.750  5.518 0.5000000000
142177  -20.687  -84.886  2.910 0.5000000000
14152  -20.903  -85.880  2.204 0.4000000060
13315  -21.050  -86.401  1.732 0.4000000060
133406  -20.752  -87.190  7.826 0.6000000238
13246  -21.284  -86.422  7.350 0.6000000238
139000  -21.227  -86.153  6.432 0.6000000238
14091  -21.439  -85.233  6.210 0.6000000238
12440  -21.327  -86.937  1.265 0.4000000060
11516  -18.662  -88.243  8.285 0.6000000238
134144  -21.565  -85.677  7.000 0.6000000238
12441  -21.797  -87.470  0.934 0.4000000060
12335  -19.497  -87.896  8.672 0.6000000238
12336  -20.500  -87.521  8.677 0.6000000238
138008  -21.548  -86.584  9.060 0.6000000238
14078  -21.757  -85.608  7.912 0.6000000238
12442  -22.585  -87.228  0.939 0.4000000060
14167  -24.600  -85.455  1.888 0.4000000060
11508  -18.871  -88.165  9.133 0.6000000238
12327  -20.278  -87.644  9.479 0.6000000238
13220  -21.305  -86.887  9.613 0.6000000238
14067  -21.840  -85.888  8.866 0.6000000238
14916  -22.044  -84.469  9.472 0.6000000238
12443  -23.702  -86.835  1.141 0.4000000060
13326  -24.631  -86.111  1.552 0.4000000060
11507  -18.251  -88.521  9.132 0.6000000238
12326  -19.521  -87.888  9.722 0.5000000000
12316  -20.806  -87.227  10.179 0.6000000238
14056  -21.681  -86.112  9.632 0.6000000238
14057  -21.941  -85.293  9.527 0.6000000238
122274  -22.095  -83.897  10.094 0.6999999881
10683  -17.310  -89.470  9.746 0.6999999881
12325  -18.716  -88.036  10.017 0.6000000238
12314  -19.444  -87.497  10.717 0.6000000238
13202  -21.279  -86.450  10.439 0.6000000238
14041  -21.934  -84.714  10.155 0.6000000238
16687  -22.480  -82.255  10.611 0.6000000238
14023  -21.310  -85.722  10.992 0.6000000238
14904  -21.622  -84.842  10.932 0.6000000238
15832  -22.147  -83.323  10.857 0.6000000238
12296  -19.009  -87.024  11.414 0.6000000238
13182  -20.265  -86.517  11.294 0.6000000238
138217  -21.111  -85.119  11.368 0.5000000000
14893  -21.825  -84.083  11.218 0.6000000238
16671  -22.329  -82.521  11.582 0.6000000238
14022  -20.653  -85.697  11.432 0.5000000000
12310  -15.605  -87.505  11.031 0.6999999881
13180  -17.563  -86.495  11.583 0.6999999881
135243  -18.732  -86.235  11.564 0.5000000000
14021  -19.787  -85.894  11.571 0.6000000238
14891  -20.654  -84.845  11.709 0.5000000000
14892  -21.286  -84.369  11.765 0.5000000000
14878  -20.028  -84.465  12.146 0.6000000238
16696  -12.134  -82.999  9.575 0.6000000238
16697  -13.206  -83.016  9.392 0.6000000238
16711  -13.419  -82.402  8.306 0.6000000238
14107  -20.680  -85.298  4.333 0.5000000000
15003  -20.588  -84.383  3.351 0.5000000000
14153  -21.267  -85.620  2.092 0.5000000000
13323  -21.579  -86.172  1.611 0.4000000060
133830  -21.750  -84.709  7.031 0.5000000000
14956  -21.440  -83.417  6.550 0.5000000000
14165  -22.426  -85.826  1.672 0.4000000060
14154  -22.670  -85.145  2.008 0.4000000060
15872  -21.560  -82.555  7.172 0.5000000000
14166  -23.538  -85.389  1.866 0.4000000060
14935  -21.996  -83.998  8.738 0.5000000000
15858  -21.966  -82.919  8.297 0.5000000000
14934  -21.823  -83.773  7.666 0.5000000000
128587  -23.950  -85.918  1.538 0.4000000060
133997  -22.091  -83.693  9.486 0.6000000238
16715  -22.200  -82.155  9.008 0.6000000238
15845  -22.281  -82.864  9.897 0.6000000238
16700  -22.486  -82.039  9.823 0.5000000000
17560  -22.709  -81.921  11.074 0.4000000060
17582  -22.920  -81.674  10.173 0.4000000060
121723  -23.528  -81.286  9.795 0.4000000060
15808  -22.296  -82.388  12.443 0.6000000238
16672  -22.856  -82.000  11.868 0.6000000238
17561  -23.693  -81.807  11.952 0.5000000000
17562  -23.944  -81.642  11.281 0.4000000060
17583  -23.723  -81.507  10.563 0.4000000060
123499  -24.635  -81.544  10.974 0.4000000060
12309  -14.854  -87.752  10.644 0.6999999881
141130  -21.860  -82.901  12.295 0.6000000238
144647  -23.220  -81.912  12.322 0.5000000000
126825  -24.627  -81.692  11.818 0.4000000060
14020  -17.870  -85.599  11.516 0.6000000238
14879  -20.719  -84.238  12.234 0.5000000000
15807  -21.201  -83.600  12.530 0.5000000000
16641  -22.828  -82.056  12.826 0.5000000000
17539  -23.752  -81.899  12.860 0.5000000000
17540  -24.439  -81.769  12.504 0.4000000060
17541  -25.335  -81.631  12.645 0.4000000060
14890  -19.388  -85.121  11.604 0.6000000238
15796  -21.560  -82.736  13.000 0.5000000000
136896  -11.228  -81.973  10.653 0.6999999881
121821  -11.526  -82.557  10.220 0.6000000238
17578  -11.880  -82.111  10.923 0.6999999881
15829  -12.880  -83.072  10.098 0.6000000238
18408  -12.677  -80.438  11.558 0.6000000238
132502  -14.190  -82.493  9.060 0.6000000238
16667  -13.528  -82.243  11.610 0.6000000238
17555  -13.012  -81.469  11.691 0.6000000238
18395  -13.351  -80.771  12.088 0.6000000238
20109  -13.732  -79.077  12.145 0.6000000238
17617  -15.122  -81.392  7.702 0.5000000000
130088  -14.831  -82.313  9.749 0.6000000238
16668  -14.222  -82.425  11.399 0.6000000238
17534  -13.733  -81.712  12.158 0.6000000238
19239  -13.821  -80.188  12.498 0.6000000238
14134  -20.944  -85.103  2.547 0.5000000000
17618  -16.000  -81.049  8.039 0.5000000000
17595  -15.223  -81.623  8.719 0.5000000000
17535  -14.497  -81.885  12.400 0.5000000000
18396  -14.115  -81.217  12.670 0.5000000000
128140  -21.058  -84.710  5.202 0.4000000060
14118  -20.563  -83.761  4.121 0.5000000000
15008  -21.351  -84.620  2.545 0.5000000000
134490  -21.886  -85.320  1.991 0.4000000060
17596  -16.124  -81.120  8.918 0.5000000000
16684  -15.518  -82.007  10.458 0.5000000000
139003  -15.519  -81.921  12.204 0.5000000000
17516  -14.970  -81.530  13.013 0.5000000000
127528  -20.731  -82.836  5.416 0.5000000000
15009  -22.225  -84.699  2.358 0.4000000060
14135  -23.562  -84.940  2.667 0.4000000060
14136  -24.278  -85.289  2.967 0.4000000060
17636  -16.435  -81.250  7.709 0.5000000000
17579  -16.283  -81.158  9.711 0.5000000000
17556  -15.875  -81.961  11.237 0.6000000238
17536  -16.808  -81.389  12.203 0.6000000238
14156  -24.346  -85.193  2.197 0.4000000060
16699  -17.546  -81.822  9.189 0.6000000238
17580  -16.852  -80.955  9.831 0.6000000238
17557  -16.684  -81.465  11.289 0.6999999881
16714  -21.833  -81.791  7.816 0.4000000060
14066  -14.839  -84.872  8.689 0.6000000238
17599  -22.561  -81.483  9.235 0.5000000000
17621  -22.567  -80.868  8.619 0.4000000060
14054  -14.471  -85.572  9.175 0.6000000238
13199  -14.699  -86.846  10.432 0.6000000238
14018  -16.023  -86.030  11.230 0.6000000238
17601  -24.521  -81.313  9.922 0.4000000060
14039  -17.316  -84.955  11.090 0.6000000238
13179  -16.611  -86.617  11.441 0.6999999881
15819  -19.219  -84.202  12.009 0.6000000238
15805  -19.617  -83.624  12.587 0.6000000238
15806  -20.381  -83.717  12.657 0.5000000000
15795  -20.731  -83.106  13.164 0.5000000000
17577  -11.491  -81.215  11.075 0.6999999881
17553  -11.911  -80.332  11.228 0.6999999881
19250  -12.313  -79.496  11.236 0.6000000238
19238  -13.133  -79.510  11.681 0.6000000238
20119  -13.354  -78.345  11.358 0.6000000238
20120  -13.880  -78.126  11.673 0.6999999881
20110  -14.260  -78.632  12.606 0.6000000238
19226  -14.301  -79.653  13.040 0.6000000238
15910  -20.591  -82.922  3.839 0.5000000000
15917  -20.639  -83.523  3.428 0.5000000000
15004  -20.752  -84.010  2.867 0.5000000000
15005  -21.081  -83.578  2.940 0.5000000000
19227  -14.980  -80.074  13.734 0.6000000238
20101  -14.777  -79.071  13.526 0.5000000000
15919  -21.039  -83.008  3.372 0.5000000000
133539  -22.610  -84.364  2.973 0.5000000000
18380  -16.356  -81.002  13.801 0.6000000238
17517  -15.994  -81.518  13.129 0.6000000238
19207  -15.463  -79.455  14.174 0.5000000000
15885  -20.827  -82.018  5.983 0.5000000000
14932  -15.697  -84.340  8.487 0.6000000238
14933  -16.608  -83.826  8.642 0.4000000060
15844  -17.433  -82.658  8.712 0.6000000238
17558  -17.304  -81.324  11.315 0.6000000238
18361  -16.655  -80.471  14.368 0.6000000238
16727  -21.243  -81.322  6.628 0.4000000060
16742  -20.933  -80.941  5.620 0.4000000060
138663  -16.168  -84.308  9.212 0.5000000000
15843  -17.157  -83.442  8.789 0.5000000000
17581  -17.502  -81.464  10.663 0.6999999881
17559  -17.788  -81.568  11.487 0.6000000238
17537  -17.554  -81.416  12.144 0.6000000238
18381  -17.231  -81.087  13.922 0.6000000238
14055  -15.213  -84.877  9.585 0.6000000238
15830  -17.685  -82.833  9.654 0.6000000238
16685  -17.671  -81.954  10.103 0.6000000238
17538  -18.006  -81.615  12.323 0.6000000238
17519  -17.806  -81.428  13.123 0.6000000238
18362  -17.427  -80.583  14.580 0.6000000238
122366  -22.158  -81.233  8.300 0.4000000060
14901  -16.160  -84.623  10.055 0.5000000000
14914  -16.971  -83.976  9.386 0.6000000238
15831  -17.984  -82.774  10.642 0.6000000238
16653  -18.523  -82.307  12.759 0.6000000238
17520  -18.382  -81.594  13.702 0.6000000238
14037  -15.552  -85.425  10.544 0.6000000238
14038  -16.452  -85.192  10.880 0.6000000238
14902  -17.063  -84.461  10.316 0.6000000238
15818  -18.472  -83.708  11.422 0.6000000238
138082  -18.252  -82.739  11.480 0.6000000238
125143  -18.564  -85.153  11.435 0.6000000238
15794  -19.939  -83.141  13.184 0.5000000000
16640  -21.100  -82.592  13.687 0.5000000000
18419  -10.958  -80.267  11.018 0.6999999881
19249  -11.430  -79.527  10.998 0.6999999881
19255  -9.382  -78.602  10.408 0.6999999881
20126  -9.681  -77.869  10.485 0.6999999881
19256  -10.633  -78.811  10.653 0.6999999881
19257  -11.740  -78.723  10.802 0.6999999881
20129  -13.110  -77.641  10.778 0.6000000238
21027  -13.791  -77.467  10.956 0.6000000238
21037  -14.551  -76.839  10.684 0.5000000000
21028  -14.191  -77.434  11.205 0.5000000000
21021  -14.391  -77.754  12.004 0.5000000000
20111  -14.796  -78.080  13.032 0.5000000000
15911  -20.856  -82.652  3.794 0.4000000060
14996  -21.636  -83.483  3.281 0.5000000000
14986  -22.265  -83.263  4.331 0.5000000000
14997  -22.767  -84.241  4.160 0.5000000000
14119  -23.555  -85.033  4.870 0.4000000060
121728  -20.643  -81.839  5.005 0.4000000060
15912  -21.241  -82.581  3.923 0.4000000060
134263  -16.220  -79.716  14.571 0.6000000238
19209  -16.950  -79.905  14.883 0.6000000238
18363  -18.130  -80.760  14.845 0.6000000238
18345  -17.688  -80.092  15.187 0.6000000238
16654  -19.176  -82.896  13.060 0.6000000238
17521  -19.100  -81.911  14.100 0.6000000238
18346  -18.552  -80.311  15.534 0.6000000238
15804  -18.796  -83.169  12.282 0.6000000238
17498  -18.599  -81.343  14.454 0.5000000000
16638  -19.521  -82.534  13.679 0.5000000000
16639  -20.304  -82.663  13.751 0.5000000000
20125  -8.610  -77.902  10.550 0.6999999881
21929  -10.953  -76.953  10.767 0.6999999881
20127  -10.990  -77.960  10.507 0.6999999881
21930  -12.083  -76.990  10.580 0.6000000238
143484  -12.464  -77.409  10.559 0.6999999881
21035  -13.073  -77.094  10.511 0.4000000060
21025  -8.160  -77.719  11.110 0.6999999881
21927  -8.988  -77.030  11.503 0.6999999881
21928  -9.898  -76.993  11.225 0.6000000238
21916  -11.544  -76.574  10.967 0.6000000238
21932  -14.557  -76.587  10.439 0.5000000000
20107  -8.071  -77.677  11.861 0.6999999881
21020  -8.356  -77.192  11.811 0.6999999881
146166  -15.190  -76.462  10.239 0.5000000000
19237  -9.113  -78.455  12.302 0.6999999881
21933  -15.402  -76.585  10.352 0.5000000000
20098  -10.158  -78.431  12.728 0.6000000238
20099  -11.026  -78.401  13.308 0.6000000238
20100  -11.880  -78.464  13.804 0.6000000238
20092  -13.525  -78.196  14.914 0.5000000000
21874  -13.717  -76.786  15.302 0.5000000000
14987  -23.094  -84.272  5.177 0.4000000060
17482  -19.326  -80.829  15.520 0.6000000238
22826  -12.181  -76.167  11.424 0.5000000000
21917  -12.733  -76.697  10.728 0.5000000000
21913  -8.708  -76.668  12.050 0.6000000238
21914  -9.269  -76.407  11.814 0.6000000238
22825  -10.880  -75.986  11.688 0.6000000238
22814  -11.508  -75.500  12.074 0.6000000238
22827  -13.480  -76.141  10.945 0.5000000000
21931  -13.753  -76.705  10.576 0.5000000000
22838  -14.356  -76.309  10.458 0.5000000000
20108  -9.020  -77.397  12.288 0.6999999881
21903  -8.821  -76.518  12.124 0.6000000238
22823  -9.178  -75.950  12.272 0.6000000238
22813  -10.150  -75.280  12.243 0.6000000238
23683  -10.331  -74.061  13.048 0.6000000238
23727  -15.311  -75.602  10.202 0.5000000000
138126  -9.561  -76.953  12.611 0.6999999881
21886  -9.122  -76.013  13.017 0.6000000238
22801  -9.292  -75.412  13.584 0.6000000238
23694  -9.008  -74.741  13.512 0.6000000238
23682  -9.126  -74.203  13.585 0.6000000238
121495  -10.152  -76.827  13.168 0.6000000238
128211  -9.860  -76.150  13.456 0.6000000238
22791  -9.450  -75.128  14.348 0.6000000238
22790  -8.863  -74.623  13.968 0.6000000238
21010  -11.238  -77.594  13.604 0.6000000238
22792  -11.117  -75.449  14.539 0.6000000238
23668  -10.021  -74.688  14.992 0.6000000238
23667  -9.014  -74.246  14.627 0.6000000238
21888  -11.974  -77.206  14.053 0.5000000000
135975  -13.219  -76.320  14.763 0.5000000000
22793  -12.688  -75.595  14.841 0.5000000000
20987  -14.022  -77.390  15.981 0.5000000000
22783  -13.014  -75.016  15.449 0.5000000000
23669  -11.830  -74.830  15.162 0.6000000238
23656  -10.821  -74.028  15.685 0.6000000238
21860  -13.645  -75.859  16.853 0.5000000000
129968  -13.712  -75.591  16.310 0.5000000000
22784  -13.589  -75.748  15.503 0.4000000060
23657  -12.493  -74.237  15.920 0.6000000238
22815  -12.714  -75.564  11.883 0.6000000238
23713  -13.791  -75.301  11.433 0.5000000000
22828  -14.455  -75.770  10.531 0.5000000000
23697  -12.033  -74.989  12.401 0.6000000238
23698  -13.069  -74.756  12.558 0.5000000000
23714  -14.746  -74.969  11.087 0.5000000000
24594  -11.404  -73.454  13.500 0.6999999881
24592  -8.707  -73.753  14.227 0.6000000238
24593  -9.735  -73.504  13.774 0.6999999881
24578  -8.701  -73.369  14.738 0.6000000238
24579  -9.036  -73.150  14.609 0.6999999881
24566  -9.297  -73.113  15.518 0.6000000238
25433  -9.644  -72.610  15.669 0.6999999881
24567  -9.942  -73.173  16.176 0.6000000238
24556  -9.892  -72.285  16.548 0.6999999881
21847  -12.028  -75.140  18.683 0.5000000000
134760  -13.026  -75.024  17.886 0.5000000000
23658  -13.395  -74.825  16.298 0.4000000060
23647  -12.644  -73.827  16.921 0.6000000238
24568  -11.425  -73.401  16.588 0.6000000238
22777  -13.473  -74.989  17.064 0.4000000060
24559  -12.190  -73.461  18.343 0.5000000000
23699  -14.219  -74.512  12.124 0.5000000000
24595  -12.781  -73.933  13.292 0.6000000238
25468  -12.640  -73.198  13.827 0.5000000000
24596  -14.246  -73.218  13.345 0.5000000000
129633  -11.686  -72.748  14.022 0.6999999881
123842  -11.182  -72.089  14.627 0.6999999881
25451  -9.866  -72.387  15.188 0.6000000238
25427  -10.205  -71.788  17.408 0.6999999881
25434  -9.992  -71.481  16.151 0.6000000238
24558  -11.484  -72.849  17.819 0.6000000238
24546  -10.871  -72.004  17.976 0.6000000238
22760  -11.887  -74.370  19.537 0.5000000000
23640  -12.480  -74.159  18.417 0.4000000060
122137  -12.083  -74.489  19.918 0.4000000060
23626  -12.073  -73.797  19.906 0.4000000060
23639  -12.028  -73.299  19.494 0.5000000000
25452  -12.512  -72.357  14.301 0.6000000238
25469  -13.526  -72.774  13.920 0.5000000000
26319  -10.647  -71.305  15.539 0.6000000238
26299  -10.290  -70.634  16.354 0.6000000238
26300  -11.179  -70.393  15.852 0.5000000000
139978  -10.024  -70.682  16.877 0.6000000238
25414  -10.453  -71.343  17.746 0.6999999881
27125  -10.741  -70.450  17.464 0.5000000000
24547  -11.819  -72.621  18.779 0.5000000000
23611  -12.459  -73.855  20.103 0.4000000060
24525  -12.234  -73.333  19.679 0.5000000000
131323  -13.161  -75.645  22.619 0.4000000060
128284  -13.172  -74.222  22.658 0.3000000119
22706  -13.547  -74.939  22.575 0.4000000060
26321  -13.202  -70.631  14.676 0.5000000000
21798  -13.682  -76.394  22.507 0.3000000119
131322  -13.952  -75.624  22.515 0.4000000060
27155  -10.615  -70.093  16.675 0.5000000000
27171  -12.262  -70.266  15.322 0.5000000000
20901  -14.705  -78.213  21.580 0.3000000119
21799  -14.470  -76.250  22.376 0.4000000060
27137  -11.211  -69.887  16.762 0.5000000000
19991  -15.030  -78.389  20.758 0.3000000119
26268  -11.284  -71.017  18.000 0.6000000238
124512  -12.241  -72.469  19.010 0.6999999881
25402  -12.037  -71.749  18.552 0.6000000238
24526  -12.975  -73.478  20.037 0.5000000000
24535  -12.897  -72.883  19.630 0.4000000060
25404  -13.791  -72.795  18.922 0.4000000060
24500  -11.884  -73.347  23.011 0.3000000119
128285  -12.281  -74.155  22.811 0.3000000119
128283  -13.914  -74.307  22.536 0.3000000119
22707  -14.448  -74.981  22.406 0.4000000060
27156  -11.905  -69.742  16.065 0.5000000000
132152  -14.393  -77.259  22.251 0.4000000060
141059  -14.493  -75.648  22.396 0.4000000060
28046  -12.305  -69.415  16.289 0.5000000000
20909  -15.486  -77.962  20.990 0.4000000060
20902  -15.353  -77.466  21.754 0.4000000060
26284  -11.569  -70.220  17.252 0.5000000000
27138  -12.350  -69.540  16.366 0.5000000000
20008  -15.400  -78.003  20.190 0.4000000060
26269  -12.342  -71.112  17.637 0.5000000000
25403  -12.820  -72.374  18.891 0.5000000000
142381  -12.799  -71.833  18.212 0.5000000000
22742  -13.799  -75.077  19.874 0.3000000119
23613  -14.746  -74.940  19.400 0.4000000060
24536  -13.802  -73.348  19.472 0.4000000060
25416  -13.808  -72.221  17.837 0.4000000060
24501  -12.846  -73.447  22.815 0.3000000119
24502  -13.746  -73.578  22.655 0.4000000060
28077  -14.398  -69.221  14.850 0.4000000060
122646  -13.736  -68.762  15.415 0.4000000060
141334  -15.141  -76.771  22.165 0.4000000060
22708  -15.191  -75.838  22.205 0.4000000060
28047  -13.063  -68.823  16.154 0.4000000060
21800  -16.073  -76.768  21.779 0.4000000060
26285  -12.910  -70.499  16.835 0.5000000000
21806  -15.993  -77.428  21.233 0.4000000060
20924  -16.158  -77.302  20.121 0.3000000119
26270  -13.524  -71.489  17.103 0.5000000000
22761  -15.977  -75.487  18.938 0.3000000119
25376  -12.496  -72.637  23.016 0.3000000119
128275  -13.492  -72.719  22.828 0.3000000119
139339  -14.332  -72.917  22.655 0.4000000060
128064  -14.712  -73.865  22.417 0.4000000060
139777  -15.316  -72.755  22.377 0.3000000119
28078  -15.336  -69.247  14.766 0.4000000060
28079  -15.913  -69.277  14.852 0.4000000060
23587  -15.465  -74.804  22.180 0.4000000060
120889  -13.661  -68.437  15.911 0.4000000060
28048  -13.394  -68.854  16.315 0.4000000060
27139  -13.365  -69.769  16.513 0.4000000060
20910  -15.945  -77.537  20.670 0.3000000119
21807  -16.722  -76.935  20.897 0.3000000119
21835  -16.578  -76.688  19.685 0.3000000119
24537  -14.867  -73.296  18.706 0.4000000060
143826  -12.712  -71.385  22.849 0.3000000119
143110  -14.075  -72.445  22.763 0.4000000060
127871  -14.571  -72.176  22.602 0.4000000060
27157  -16.392  -69.631  15.045 0.4000000060
28065  -15.464  -68.542  15.154 0.4000000060
24503  -15.803  -73.793  22.123 0.4000000060
28993  -14.307  -67.993  16.019 0.4000000060
22709  -16.228  -75.690  21.980 0.4000000060
28975  -13.924  -68.387  16.166 0.4000000060
22714  -16.964  -76.251  21.516 0.3000000119
21818  -17.420  -76.335  20.433 0.3000000119
26286  -14.106  -70.824  16.598 0.5000000000
21817  -16.870  -76.717  20.186 0.3000000119
26271  -15.137  -71.036  16.598 0.5000000000
23628  -15.648  -74.709  18.857 0.3000000119
25417  -15.016  -72.627  17.807 0.4000000060
23627  -14.803  -73.999  19.119 0.4000000060
26225  -13.459  -71.310  22.685 0.3000000119
130659  -16.283  -72.950  22.127 0.3000000119
28066  -16.178  -68.727  15.205 0.4000000060
23588  -16.409  -74.721  21.962 0.3000000119
28994  -14.944  -67.808  15.675 0.4000000060
28995  -15.741  -67.825  15.450 0.3000000119
22710  -16.957  -75.458  21.776 0.3000000119
28049  -14.205  -68.448  16.434 0.4000000060
29963  -14.831  -67.554  16.185 0.4000000060
21808  -17.408  -76.285  21.013 0.3000000119
27127  -15.493  -70.176  16.720 0.4000000060
22744  -16.719  -76.151  19.151 0.3000000119
23629  -17.063  -74.343  18.514 0.3000000119
121909  -15.988  -74.038  18.508 0.3000000119
25418  -16.057  -72.578  17.587 0.3000000119
24504  -16.737  -73.842  21.956 0.3000000119
25378  -16.706  -72.399  22.150 0.3000000119
29979  -15.376  -67.229  15.914 0.3000000119
28977  -14.997  -67.496  16.639 0.4000000060
29964  -15.260  -67.074  16.362 0.4000000060
22726  -17.880  -75.774  20.706 0.3000000119
28032  -14.893  -68.874  16.769 0.4000000060
28961  -15.177  -68.042  17.031 0.4000000060
22745  -18.006  -75.783  19.937 0.3000000119
129640  -17.542  -75.731  19.261 0.3000000119
26272  -16.157  -71.171  17.024 0.3000000119
25405  -16.758  -72.837  17.950 0.3000000119
23594  -18.748  -74.657  21.001 0.3000000119
134999  -15.326  -67.265  17.090 0.3000000119
143966  -18.123  -75.326  19.354 0.3000000119
136892  -16.873  -73.586  18.293 0.3000000119
25419  -16.568  -72.033  17.491 0.3000000119
23595  -19.344  -73.999  21.044 0.3000000119
130006  -19.287  -73.404  21.436 0.3000000119
22746  -18.586  -75.056  19.746 0.3000000119
28033  -15.840  -69.142  17.213 0.3000000119
23604  -19.109  -74.456  20.288 0.3000000119
24519  -19.627  -73.604  20.437 0.3000000119
22743  -15.756  -76.093  19.146 0.3000000119
22762  -16.743  -75.140  18.738 0.3000000119
131473  -22.507  -93.975  -0.488 0.6000000238
6719  -21.869  -94.634  -3.050 0.5000000000
6731  -21.546  -94.894  -3.169 0.5000000000
7637  -20.187  -93.859  -2.739 0.5000000000
6732  -22.374  -95.113  -3.361 0.5000000000
5119  -24.721  -96.064  -1.122 0.5000000000
7576  -21.381  -93.240  1.030 0.6999999881
7579  -23.848  -92.831  1.209 0.6999999881
146200  -21.395  -92.947  2.437 0.6999999881
140606  -20.570  -93.019  0.630 0.6999999881
5133  -24.320  -95.812  -2.169 0.4000000060
8428  -19.607  -92.813  1.556 0.6999999881
7627  -25.165  -94.059  -2.040 0.5000000000
131507  -30.707  -90.820  3.526 0.3000000119
8463  -25.589  -92.705  -1.381 0.5000000000
10026  -25.480  -91.134  -0.566 0.3000000119
9219  -23.259  -91.444  2.976 0.6000000238
9987  -22.687  -90.019  2.780 0.5000000000
9951  -20.844  -90.552  6.077 0.6000000238
11571  -27.815  -88.926  5.005 0.3000000119
123813  -20.920  -92.706  4.336 0.6000000238
7595  -24.525  -93.169  -0.783 0.5000000000
6706  -24.583  -94.481  -2.272 0.6000000238
6720  -22.916  -94.852  -3.065 0.5000000000
8394  -19.440  -93.110  3.408 0.6000000238
8408  -18.758  -92.634  1.892 0.6999999881
8342  -18.149  -92.837  7.887 0.6000000238
8392  -17.165  -92.518  2.486 0.5000000000
10794  -28.406  -90.114  1.083 0.3000000119
9979  -31.231  -91.157  3.062 0.3000000119
8391  -16.465  -92.805  2.947 0.5000000000
11607  -21.851  -88.196  0.868 0.4000000060
11546  -30.638  -88.408  6.449 0.3000000119
133698  -19.850  -87.612  7.947 0.6000000238
10667  -17.056  -88.782  10.220 0.6999999881
12313  -18.437  -87.583  10.940 0.6000000238
13181  -19.500  -86.528  11.459 0.6000000238
13233  -21.454  -86.535  8.293 0.6000000238
14971  -21.314  -84.162  5.916 0.5000000000
13324  -22.001  -86.684  1.209 0.4000000060
14068  -22.040  -85.033  8.775 0.6000000238
14079  -21.881  -84.668  8.047 0.5000000000
14040  -21.688  -85.525  10.293 0.6000000238
134611  -15.193  -87.077  10.923 0.6000000238
14019  -16.925  -85.813  11.464 0.6999999881
122834  -13.939  -82.830  9.945 0.6000000238
18430  -23.790  -80.783  9.044 0.4000000060
140675  -22.159  -82.272  13.139 0.4000000060
12324  -14.286  -87.510  9.962 0.6000000238
16666  -12.689  -82.231  11.262 0.6000000238
16669  -15.025  -82.313  11.378 0.6000000238
17597  -16.717  -80.999  9.233 0.5000000000
18360  -15.792  -80.343  14.142 0.6000000238
15857  -17.096  -82.232  7.921 0.4000000060
14889  -18.238  -84.343  11.155 0.5000000000
17638  -21.216  -80.398  6.205 0.5000000000
16670  -18.197  -82.100  11.881 0.6000000238
14903  -17.924  -83.595  10.541 0.5000000000
136854  -10.110  -79.444  12.740 0.6000000238
21865  -13.935  -76.394  16.096 0.5000000000
23696  -10.891  -74.739  12.515 0.5000000000
22800  -9.198  -75.237  13.270 0.6000000238
23695  -9.587  -74.706  12.888 0.6000000238
23684  -11.770  -74.296  12.856 0.6000000238
22802  -10.505  -75.888  13.922 0.6000000238
21857  -13.110  -76.016  17.551 0.5000000000
24611  -13.828  -74.086  13.098 0.5000000000
25426  -9.971  -71.313  17.209 0.6000000238
25415  -11.343  -71.690  18.228 0.6000000238
26320  -12.113  -71.290  14.962 0.5000000000
23612  -13.322  -74.209  20.067 0.3000000119
27172  -12.908  -69.609  15.194 0.4000000060
28063  -12.947  -68.977  15.772 0.4000000060
137586  -13.868  -73.919  19.747 0.4000000060
134492  -14.747  -76.006  19.361 0.3000000119
134597  -14.609  -71.773  16.912 0.5000000000
28064  -14.493  -68.483  15.373 0.4000000060
136523  -13.056  -71.991  22.965 0.3000000119
27126  -14.369  -69.754  16.509 0.4000000060
24548  -15.952  -73.246  18.074 0.3000000119
122556  -15.675  -71.920  17.101 0.4000000060
27080  -13.777  -70.465  22.301 0.3000000119
22715  -17.618  -75.583  21.322 0.3000000119
22727  -18.451  -75.182  20.443 0.3000000119
5812  -12.762  -95.554  2.442 0.5000000000
5813  -13.397  -95.289  2.987 0.5000000000
6675  -14.175  -94.217  2.668 0.5000000000
7563  -14.614  -93.692  2.535 0.4000000060
5067  -12.658  -96.715  3.791 0.5000000000
5794  -13.347  -96.125  3.959 0.5000000000
6663  -14.067  -94.697  3.138 0.5000000000
7551  -15.234  -93.560  3.196 0.5000000000
8390  -15.769  -93.068  2.886 0.4000000060
5057  -12.780  -96.594  4.650 0.4000000060
5782  -13.592  -95.956  4.947 0.5000000000
6647  -14.572  -94.704  4.370 0.5000000000
126209  -15.986  -93.231  3.538 0.4000000060
5783  -14.204  -95.257  4.865 0.5000000000
5795  -14.015  -95.307  4.010 0.5000000000
5774  -14.064  -95.328  5.575 0.5000000000
6637  -14.626  -94.780  5.202 0.5000000000
6638  -15.267  -94.267  5.462 0.5000000000
138350  -16.297  -93.486  5.004 0.4000000060
5773  -13.393  -95.785  5.822 0.5000000000
6629  -15.369  -94.163  6.296 0.5000000000
7523  -16.729  -93.488  5.711 0.5000000000
8321  -12.874  -93.091  8.894 0.5000000000
146190  -13.630  -95.134  6.694 0.5000000000
6617  -13.581  -94.512  7.561 0.5000000000
139156  -14.247  -94.342  7.463 0.5000000000
6604  -13.989  -93.962  8.101 0.5000000000
6618  -14.797  -94.397  6.929 0.5000000000
7495  -14.869  -93.903  7.751 0.5000000000
7509  -16.093  -93.647  6.592 0.5000000000
7510  -17.013  -93.423  6.792 0.5000000000
7479  -13.638  -93.427  8.896 0.5000000000
8322  -13.343  -92.659  9.290 0.5000000000
9913  -13.711  -90.724  9.204 0.5000000000
7480  -14.552  -93.564  8.692 0.5000000000
9149  -14.017  -92.221  9.621 0.5000000000
9914  -14.449  -90.895  9.652 0.5000000000
7481  -15.406  -93.466  8.442 0.5000000000
7466  -15.127  -93.139  9.183 0.5000000000
122350  -15.316  -92.010  9.906 0.5000000000
7482  -16.253  -93.296  8.189 0.5000000000
8323  -15.937  -93.072  8.936 0.5000000000
123852  -15.789  -93.627  7.539 0.5000000000
7496  -16.490  -93.447  7.380 0.5000000000
7497  -17.911  -93.187  7.069 0.5000000000
125941  -14.081  -88.176  9.406 0.5000000000
11505  -14.474  -88.368  10.169 0.6000000238
123305  -14.653  -90.166  9.773 0.5000000000
10682  -15.228  -89.994  10.099 0.5000000000
9152  -16.136  -91.844  9.796 0.5000000000
9915  -16.435  -91.033  9.914 0.5000000000
8324  -16.703  -92.907  8.727 0.5000000000
8307  -16.868  -92.329  9.311 0.5000000000
123625  -17.202  -93.170  7.835 0.5000000000
13232  -13.992  -86.304  8.514 0.5000000000
13219  -14.293  -86.550  9.596 0.5000000000
11494  -14.916  -88.573  10.480 0.6000000238
17615  -11.125  -81.927  7.609 0.5000000000
16709  -11.581  -82.661  8.634 0.6000000238
17614  -10.070  -81.646  7.423 0.5000000000
16708  -10.583  -82.342  8.622 0.5000000000
16695  -11.085  -82.636  9.436 0.6000000238
16694  -10.198  -82.208  9.437 0.6000000238
16693  -9.629  -81.927  8.561 0.5000000000
17576  -9.917  -81.623  10.129 0.6000000238
18429  -8.346  -80.728  9.661 0.5000000000
123892  -10.705  -81.345  10.690 0.6000000238
18418  -10.022  -80.570  10.602 0.6000000238
18416  -8.216  -79.855  10.178 0.5000000000
126592  -9.174  -79.720  10.416 0.6000000238
132564  -10.218  -79.564  10.668 0.6000000238
141807  -7.650  -79.301  10.500 0.5000000000
19254  -8.398  -78.720  10.429 0.5000000000
19248  -7.585  -78.586  11.371 0.5000000000
19236  -8.065  -78.608  11.974 0.6000000238
141189  -10.401  -80.269  12.895 0.6000000238
18393  -9.670  -80.138  12.571 0.5000000000
20117  -7.785  -78.143  11.253 0.6000000238
20124  -8.030  -78.260  10.812 0.5000000000
134542  -9.143  -79.338  12.344 0.5000000000
131909  -12.221  -79.279  13.975 0.6000000238
141598  -11.557  -79.044  13.544 0.6000000238
21011  -12.261  -77.857  14.068 0.6000000238
9232  -30.695  -91.635  2.509 0.3000000119
10766  -31.570  -90.133  2.478 0.3000000119
10004  -30.168  -91.245  1.504 0.3000000119
122853  -31.807  -87.572  2.244 0.3000000119
134674  -29.911  -90.096  1.370 0.3000000119
9241  -30.425  -91.896  1.964 0.3000000119
7538  -16.194  -93.378  4.308 0.4000000060
8306  -15.778  -92.571  9.490 0.5000000000
9898  -15.971  -90.190  10.113 0.5000000000
16710  -12.508  -82.852  8.726 0.5000000000
6664  -14.873  -94.049  3.857 0.4000000060
6648  -15.117  -94.212  4.636 0.5000000000
6627  -14.039  -94.815  6.905 0.5000000000
7494  -12.494  -93.982  7.958 0.5000000000
6603  -13.239  -94.042  8.107 0.5000000000
9169  -12.558  -92.275  8.720 0.5000000000
9170  -13.277  -91.576  9.185 0.5000000000
8304  -14.021  -92.891  9.458 0.5000000000
9151  -15.402  -91.030  9.902 0.5000000000
9992  -31.196  -91.052  2.534 0.3000000119
122504  -30.012  -89.224  1.549 0.3000000119
11595  -31.666  -88.816  2.335 0.3000000119
10780  -30.698  -90.479  1.776 0.3000000119
11594  -30.918  -89.337  1.939 0.3000000119
12426  -30.866  -88.026  1.997 0.3000000119
5131  -23.175  -96.254  -2.329 0.5000000000
5132  -23.716  -96.051  -2.528 0.4000000060
5144  -23.240  -95.814  -2.987 0.5000000000
5755  -13.346  -95.031  7.058 0.5000000000
5764  -13.147  -95.509  6.488 0.5000000000
5765  -13.853  -95.250  6.293 0.5000000000
5793  -13.012  -96.051  3.153 0.5000000000
5875  -26.436  -95.111  -0.207 0.5000000000
5885  -21.164  -95.836  -2.489 0.5000000000
5894  -20.455  -94.913  -2.779 0.6000000238
5897  -22.667  -95.497  -3.216 0.5000000000
6628  -14.599  -94.763  6.112 0.5000000000
6674  -13.622  -94.553  2.453 0.5000000000
6708  -26.314  -94.518  -0.886 0.5000000000
6730  -20.742  -94.587  -2.867 0.6000000238
7465  -14.397  -93.166  9.275 0.5000000000
7478  -12.902  -93.576  8.486 0.5000000000
7522  -15.902  -93.684  5.626 0.5000000000
7537  -15.728  -93.716  4.835 0.5000000000
7540  -19.626  -93.104  5.049 0.6000000238
7550  -14.567  -94.106  3.175 0.5000000000
7578  -23.288  -93.207  1.323 0.6999999881
7591  -21.008  -93.339  -0.026 0.8000000119
7596  -27.435  -94.063  0.043 0.4000000060
7629  -26.083  -93.947  -1.442 0.5000000000
7638  -20.927  -94.193  -2.899 0.5000000000
8305  -14.753  -92.581  9.630 0.5000000000
8325  -17.539  -92.640  8.550 0.5000000000
8341  -12.265  -93.129  8.273 0.5000000000
8369  -20.699  -92.117  5.932 0.6000000238
8382  -22.063  -92.069  4.092 0.6999999881
8405  -15.889  -92.673  2.300 0.5000000000
8410  -20.681  -92.997  2.556 0.6999999881
8412  -22.969  -92.416  2.697 0.6000000238
8416  -28.742  -92.709  1.662 0.3000000119
8425  -16.878  -92.033  1.444 0.5000000000
8430  -23.397  -92.619  1.978 0.6000000238
8432  -27.664  -93.615  1.469 0.3000000119
8435  -29.379  -92.564  1.243 0.4000000060
8450  -29.033  -92.865  0.978 0.4000000060
8464  -26.080  -93.249  -1.490 0.5000000000
8465  -26.864  -92.475  -0.595 0.4000000060
8480  -25.389  -93.368  -1.619 0.5000000000
9150  -14.692  -91.783  9.840 0.5000000000
9172  -18.297  -91.340  8.789 0.6999999881
9198  -20.616  -91.379  6.433 0.6000000238
9227  -23.622  -91.342  2.254 0.6000000238
9252  -24.024  -91.232  0.532 0.4000000060
9961  -22.422  -90.818  4.110 0.5000000000
9965  -30.673  -90.100  4.206 0.3000000119
10005  -30.734  -91.443  2.037 0.3000000119
10012  -23.891  -90.487  -0.152 0.4000000060
10016  -28.023  -90.749  0.661 0.3000000119
10693  -17.871  -89.724  9.106 0.6000000238
10711  -19.424  -88.993  6.127 0.5000000000
10727  -29.609  -89.164  5.015 0.3000000119
10752  -28.911  -89.989  3.809 0.3000000119
10793  -27.443  -89.864  0.934 0.3000000119
11506  -17.644  -88.760  9.662 0.6999999881
11592  -20.988  -87.902  1.836 0.4000000060
11593  -21.550  -88.377  1.400 0.4000000060
11620  -22.920  -88.582  0.399 0.4000000060
11621  -23.503  -89.072  0.144 0.4000000060
12293  -16.329  -87.237  11.275 0.6999999881
12297  -19.735  -86.995  11.245 0.6000000238
12311  -16.213  -87.884  10.973 0.6999999881
12315  -20.247  -87.150  10.818 0.6000000238
12328  -20.906  -87.338  9.384 0.6000000238
12337  -21.188  -87.117  8.802 0.6000000238
13178  -15.790  -86.823  11.230 0.6999999881
13183  -20.925  -86.307  11.088 0.6000000238
13200  -15.285  -86.347  10.805 0.6000000238
13201  -20.762  -86.789  10.822 0.6000000238
13314  -20.656  -86.606  2.343 0.4000000060
13325  -23.039  -86.361  1.466 0.4000000060
14036  -14.754  -85.849  10.158 0.6000000238
14133  -20.633  -85.726  2.728 0.5000000000
14155  -23.220  -84.931  2.311 0.4000000060
14888  -17.964  -84.828  11.185 0.6000000238
14905  -21.953  -84.192  10.644 0.6000000238
14915  -17.410  -83.366  9.217 0.5000000000
14985  -20.695  -83.586  4.993 0.5000000000
15820  -21.812  -83.468  11.771 0.6000000238
15856  -17.025  -83.171  8.172 0.6000000238
15859  -22.107  -83.116  9.125 0.6000000238
15899  -20.702  -82.417  4.153 0.5000000000
15918  -20.825  -83.201  3.360 0.5000000000
16626  -19.891  -82.179  14.333 0.5000000000
16637  -18.801  -82.204  13.441 0.6000000238
16651  -14.132  -82.187  11.941 0.6000000238
16652  -14.666  -82.202  11.868 0.5000000000
16680  -10.679  -82.229  10.077 0.6999999881
16681  -12.370  -82.775  10.544 0.6000000238
16682  -13.428  -82.774  10.756 0.6000000238
16683  -14.491  -82.541  10.645 0.6000000238
16686  -17.995  -81.953  10.981 0.6000000238
16698  -15.625  -81.535  9.499 0.5000000000
16712  -14.415  -81.884  8.260 0.5000000000
16713  -17.265  -81.672  8.427 0.4000000060
16726  -16.920  -81.504  7.878 0.4000000060
17481  -18.774  -80.999  15.090 0.6000000238
17497  -17.915  -81.170  14.102 0.6000000238
17518  -17.040  -81.293  13.127 0.6000000238
17554  -12.283  -81.296  11.318 0.6999999881
17598  -17.240  -81.208  9.770 0.6000000238
17600  -22.953  -80.990  9.260 0.4000000060
17619  -17.112  -81.162  8.936 0.5000000000
17637  -16.944  -81.188  8.226 0.5000000000
18375  -10.944  -80.039  13.226 0.6000000238
18378  -14.555  -80.688  13.211 0.5000000000
18379  -15.402  -80.945  13.591 0.5000000000
18417  -9.081  -80.810  10.222 0.5000000000
19223  -10.936  -79.211  13.173 0.6000000238
20106  -7.868  -77.953  11.572 0.6000000238
20116  -7.519  -78.752  10.939 0.5000000000
20118  -12.663  -78.562  11.073 0.6000000238
20128  -12.157  -77.952  10.602 0.6999999881
21009  -10.249  -77.596  12.878 0.6000000238
21019  -8.055  -77.649  11.581 0.6999999881
21022  -15.034  -77.279  12.241 0.5000000000
21026  -8.326  -77.381  11.642 0.6999999881
21029  -14.763  -77.065  11.151 0.5000000000
21032  -8.873  -77.469  10.868 0.6999999881
21033  -10.163  -77.443  10.742 0.6999999881
21034  -11.498  -77.391  10.575 0.6999999881
21036  -13.871  -77.076  10.585 0.5000000000
21836  -17.301  -76.332  19.748 0.3000000119
21873  -12.030  -76.365  14.309 0.5000000000
21887  -11.011  -76.676  13.735 0.6000000238
21902  -9.153  -75.991  12.480 0.6000000238
21915  -10.368  -76.454  11.369 0.6000000238
22716  -18.228  -75.233  21.016 0.3000000119
22812  -9.239  -75.415  12.724 0.6000000238
22824  -9.623  -75.810  11.961 0.6000000238
22839  -15.111  -76.215  10.041 0.5000000000
23648  -13.066  -74.315  17.267 0.5000000000
23654  -8.780  -73.511  14.904 0.6000000238
23655  -9.373  -73.815  15.326 0.6000000238
23666  -8.745  -73.829  14.337 0.6000000238
23681  -8.746  -74.211  13.974 0.6000000238
24511  -19.699  -73.237  21.068 0.3000000119
24557  -10.435  -72.500  17.193 0.6000000238
24577  -8.824  -73.093  15.038 0.6999999881
24580  -10.433  -72.810  14.199 0.6999999881
25450  -8.865  -72.974  15.052 0.6999999881
26267  -10.671  -71.012  17.875 0.6000000238
26283  -10.216  -70.765  17.419 0.5000000000
27136  -10.337  -70.227  17.059 0.6000000238
28076  -13.553  -69.190  15.146 0.4000000060
28976  -14.421  -67.933  16.373 0.4000000060
121454  -24.549  -86.897  1.226 0.4000000060
123735  -18.776  -84.573  11.559 0.6000000238
123760  -18.269  -81.753  13.069 0.6000000238
124904  -17.063  -81.120  10.490 0.6000000238
124979  -14.652  -68.054  16.640 0.4000000060
125421  -16.511  -81.320  10.437 0.5000000000
126731  -20.121  -85.213  11.671 0.5000000000
126928  -17.742  -84.293  10.658 0.5000000000
126957  -28.498  -91.680  0.539 0.4000000060
126986  -15.508  -93.645  4.061 0.4000000060
127201  -24.439  -95.104  -2.493 0.4000000060
128557  -20.122  -87.530  10.243 0.6000000238
129038  -15.738  -76.118  9.689 0.5000000000
130024  -17.497  -83.740  9.907 0.6000000238
130725  -23.169  -81.691  11.144 0.4000000060
131245  -14.032  -91.446  9.586 0.5000000000
131437  -7.161  -79.372  11.185 0.5000000000
135094  -9.954  -71.611  16.572 0.6000000238
136394  -18.065  -93.205  4.017 0.5000000000
137032  -13.443  -73.485  13.532 0.5000000000
137823  -16.635  -81.092  8.465 0.5000000000
137898  -15.431  -93.996  7.010 0.5000000000
138480  -13.110  -77.364  14.497 0.5000000000
138929  -14.449  -94.566  3.686 0.5000000000
139873  -16.776  -87.533  11.102 0.6999999881
140107  -31.329  -87.855  2.123 0.3000000119
140534  -21.749  -82.356  13.576 0.5000000000
140538  -18.823  -92.857  2.712 0.6000000238
140862  -7.704  -79.191  11.648 0.5000000000
142021  -21.706  -84.114  2.767 0.5000000000
142345  -16.989  -80.981  9.454 0.6000000238
143436  -10.847  -79.538  10.864 0.6999999881
144461  -16.249  -76.506  19.359 0.3000000119
144536  -9.459  -77.267  11.027 0.6999999881
144762  -31.180  -90.349  2.121 0.3000000119
145004  -16.332  -92.741  9.167 0.5000000000
145491  -19.052  -93.632  -2.521 0.5000000000
145666  -13.353  -83.016  10.058 0.6000000238
