#!ascii label  , from subject sub-01 vox2ras=TkReg
1515
125569  -5.027  -91.404  -0.722 0.5000000000
7585  -2.848  -93.507  0.828 0.5000000000
6681  -3.279  -94.525  1.559 0.5000000000
5842  -3.169  -95.535  0.731 0.5000000000
10783  -6.669  -89.466  -0.042 0.5000000000
10782  -5.943  -89.941  -0.491 0.5000000000
10022  -6.718  -90.133  -0.499 0.5000000000
130538  -5.783  -90.990  -0.563 0.5000000000
9245  -6.898  -91.091  0.153 0.6000000238
145272  -5.410  -91.464  -0.531 0.5000000000
5097  -2.749  -96.025  0.122 0.5000000000
7586  -3.769  -92.820  0.622 0.5000000000
5861  -3.734  -95.876  -0.047 0.5000000000
7569  -3.347  -93.762  1.539 0.6000000238
5843  -4.148  -95.645  0.667 0.6000000238
134105  -4.986  -93.627  2.152 0.6000000238
5823  -3.642  -95.143  1.339 0.6000000238
5862  -4.650  -95.855  -0.169 0.6999999881
6670  -4.951  -94.664  2.193 0.6999999881
5824  -4.521  -95.321  1.482 0.6999999881
5809  -5.797  -95.233  2.329 0.6999999881
5825  -5.378  -95.557  1.660 0.6999999881
5844  -5.154  -95.822  0.692 0.6999999881
10796  -7.171  -89.850  -0.314 0.5000000000
10023  -7.898  -90.017  -0.129 0.6000000238
124970  -8.052  -89.546  -0.056 0.6000000238
10024  -8.814  -89.910  0.181 0.6000000238
8439  -5.469  -91.892  0.096 0.5000000000
5113  -4.246  -95.912  -0.917 0.5000000000
5125  -4.734  -95.888  -1.883 0.5000000000
5140  -6.066  -96.916  -2.310 0.6999999881
121097  -5.086  -95.921  -1.009 0.6999999881
125790  -5.701  -96.209  -0.986 0.6999999881
144422  -4.378  -92.689  0.993 0.6000000238
8421  -5.773  -92.295  1.186 0.6999999881
5114  -6.278  -96.656  -0.492 0.6999999881
7571  -5.770  -93.015  2.009 0.6999999881
121622  -6.551  -94.121  2.835 0.6999999881
5100  -6.722  -96.795  0.303 0.6999999881
6672  -6.849  -95.010  3.044 0.6999999881
5810  -6.486  -95.624  2.447 0.6999999881
5845  -5.879  -95.941  1.092 0.6999999881
5087  -7.270  -96.802  1.542 0.6999999881
5811  -7.132  -95.989  2.772 0.6999999881
5075  -7.521  -96.616  2.306 0.6999999881
5064  -7.912  -96.407  3.047 0.6999999881
11613  -7.795  -88.609  0.705 0.5000000000
11615  -9.572  -88.757  0.055 0.6000000238
11616  -10.486  -88.928  -0.143 0.6000000238
11627  -9.698  -89.323  -0.121 0.6000000238
10786  -10.730  -89.187  -0.099 0.6000000238
140925  -7.430  -90.739  0.349 0.6000000238
10001  -9.486  -89.906  0.336 0.6000000238
9234  -6.640  -91.488  0.616 0.6000000238
4483  -6.930  -97.466  -2.099 0.6999999881
8440  -6.144  -91.860  0.867 0.6999999881
5127  -6.213  -96.805  -1.435 0.6999999881
4497  -7.680  -97.618  -2.660 0.6999999881
4498  -8.502  -97.753  -2.271 0.6999999881
8422  -6.673  -91.855  1.619 0.6999999881
4484  -7.789  -97.752  -1.739 0.6999999881
140985  -8.911  -97.574  -2.575 0.6999999881
7572  -6.230  -92.456  1.750 0.6999999881
8403  -7.068  -92.465  2.505 0.6999999881
5115  -7.042  -97.174  -0.344 0.6999999881
4485  -8.618  -98.048  -1.433 0.6999999881
7560  -6.352  -93.308  2.417 0.6999999881
8387  -7.468  -93.051  3.158 0.6999999881
4465  -7.409  -97.405  0.249 0.6999999881
3895  -8.753  -98.248  -0.529 0.6999999881
6661  -7.312  -94.561  3.352 0.6999999881
4456  -7.793  -97.473  1.076 0.6999999881
4466  -8.172  -97.943  0.216 0.6999999881
5790  -7.679  -95.426  3.384 0.6999999881
5076  -8.180  -97.126  2.579 0.6999999881
4457  -8.458  -97.703  1.821 0.6999999881
5791  -8.474  -96.088  3.660 0.6999999881
4445  -8.892  -97.553  2.696 0.6999999881
5792  -9.146  -96.487  3.944 0.6999999881
12434  -8.571  -87.950  1.494 0.5000000000
12451  -9.249  -88.246  0.833 0.6000000238
12436  -10.654  -87.778  0.986 0.6000000238
12421  -10.230  -87.335  2.084 0.5000000000
12437  -12.289  -87.756  1.066 0.6000000238
129021  -8.903  -87.407  2.733 0.5000000000
12435  -9.504  -87.738  1.539 0.5000000000
11617  -11.422  -88.634  0.349 0.6000000238
13322  -13.006  -87.489  1.241 0.6000000238
11603  -11.999  -88.408  0.674 0.6000000238
11604  -12.868  -88.081  0.818 0.6000000238
10000  -8.655  -90.408  1.000 0.6000000238
9236  -7.859  -90.833  1.686 0.6999999881
135972  -9.242  -90.020  1.394 0.6999999881
9225  -7.336  -91.577  2.098 0.6999999881
9984  -8.657  -90.418  2.401 0.6999999881
4499  -9.388  -97.325  -2.382 0.6999999881
8404  -7.652  -92.200  2.974 0.6999999881
9226  -8.010  -91.319  2.747 0.6999999881
4486  -9.783  -97.570  -1.621 0.6999999881
124537  -9.896  -96.764  -1.936 0.6999999881
9218  -8.581  -91.051  3.579 0.6999999881
3896  -9.571  -98.287  -0.279 0.6999999881
4487  -10.309  -97.109  -1.301 0.6999999881
5128  -9.750  -95.606  -1.877 0.6999999881
7534  -8.337  -93.674  4.231 0.6000000238
3883  -9.694  -98.375  0.542 0.6999999881
128844  -10.626  -97.706  0.056 0.6999999881
5116  -10.709  -96.823  -0.515 0.6999999881
5129  -10.202  -96.089  -1.187 0.6999999881
5879  -9.701  -94.639  -1.888 0.6999999881
6662  -7.868  -94.429  3.808 0.6999999881
4458  -9.317  -97.989  1.985 0.6999999881
3868  -10.589  -98.161  1.466 0.6000000238
4467  -10.907  -97.684  0.821 0.6999999881
5101  -10.994  -97.023  0.290 0.6999999881
5781  -9.019  -95.675  4.199 0.6000000238
5065  -8.745  -96.977  3.386 0.6999999881
4435  -9.466  -97.481  3.284 0.6999999881
138346  -9.579  -97.801  2.664 0.6999999881
120779  -10.243  -97.804  2.983 0.6000000238
4459  -11.208  -97.686  1.582 0.6000000238
5054  -9.772  -96.438  4.689 0.6000000238
4436  -10.035  -97.508  3.689 0.6000000238
4437  -10.778  -97.627  3.657 0.5000000000
131564  -10.992  -97.907  2.928 0.5000000000
5077  -11.963  -97.035  2.580 0.5000000000
5044  -10.491  -96.364  5.315 0.6000000238
5045  -11.323  -96.516  5.609 0.5000000000
4426  -11.084  -97.347  4.367 0.5000000000
12422  -11.286  -87.424  1.626 0.6000000238
13309  -10.942  -87.004  2.575 0.6000000238
14149  -13.574  -86.102  2.706 0.5000000000
14129  -12.690  -85.564  3.236 0.6999999881
13308  -9.926  -87.146  2.871 0.5000000000
13293  -10.761  -86.689  3.333 0.6000000238
121380  -11.382  -86.123  3.675 0.6000000238
12394  -9.311  -87.397  4.228 0.6000000238
12406  -9.165  -87.333  3.345 0.6000000238
13312  -14.347  -86.850  2.103 0.4000000060
13276  -10.060  -87.137  3.724 0.6000000238
11605  -13.556  -87.857  1.227 0.5000000000
10775  -12.647  -88.354  0.966 0.6000000238
124935  -11.261  -89.278  1.770 0.6000000238
9985  -9.562  -89.777  2.312 0.6999999881
10760  -10.437  -89.483  2.005 0.6000000238
9970  -9.433  -90.226  3.531 0.6999999881
8389  -8.637  -91.892  4.174 0.6000000238
9212  -9.229  -91.122  4.339 0.6000000238
7535  -9.114  -93.860  4.789 0.6000000238
5102  -11.317  -96.882  0.953 0.6000000238
5846  -11.092  -95.970  0.297 0.6000000238
123969  -10.543  -95.465  -0.502 0.6999999881
5880  -10.106  -95.045  -1.220 0.6999999881
6712  -10.243  -94.252  -1.506 0.6999999881
6646  -9.492  -95.075  4.894 0.6000000238
5089  -11.676  -96.886  1.731 0.6000000238
6711  -9.879  -93.992  -2.112 0.6999999881
5770  -10.156  -95.692  5.375 0.6000000238
4438  -11.437  -97.476  3.875 0.4000000060
5078  -12.499  -96.426  2.860 0.4000000060
5828  -12.189  -95.962  1.918 0.5000000000
5827  -11.602  -95.901  1.114 0.6000000238
5863  -10.994  -94.899  -0.025 0.6000000238
6697  -10.838  -93.782  -1.233 0.6000000238
5771  -10.727  -95.906  5.888 0.5000000000
5037  -11.799  -96.123  6.170 0.5000000000
129558  -12.206  -96.344  5.856 0.5000000000
4427  -11.966  -97.211  4.395 0.5000000000
145371  -12.526  -95.159  1.791 0.4000000060
6683  -11.987  -95.013  1.181 0.6000000238
138666  -12.368  -85.030  3.809 0.6000000238
13295  -12.435  -86.287  2.786 0.6000000238
121361  -13.717  -85.061  3.272 0.6000000238
13277  -10.778  -86.636  4.178 0.6000000238
13278  -11.428  -86.009  4.593 0.5000000000
14104  -11.543  -85.468  5.324 0.6000000238
14089  -11.247  -85.029  6.185 0.6000000238
12379  -10.216  -87.366  5.511 0.6999999881
13250  -11.113  -86.499  6.362 0.6000000238
14076  -10.886  -85.239  7.313 0.6000000238
12424  -14.649  -87.026  2.282 0.5000000000
13313  -15.144  -86.231  2.687 0.6000000238
124482  -9.768  -87.603  6.158 0.6000000238
13243  -10.908  -86.175  7.447 0.6999999881
11590  -14.027  -87.952  1.618 0.5000000000
12349  -10.588  -87.044  7.192 0.6999999881
10762  -12.668  -88.581  1.675 0.6000000238
140532  -9.802  -87.422  8.432 0.6000000238
9986  -10.127  -89.669  2.949 0.6000000238
10745  -10.972  -89.439  2.797 0.6000000238
144204  -11.637  -89.527  3.694 0.6000000238
9957  -10.141  -90.680  4.434 0.6000000238
8379  -10.047  -92.003  5.027 0.6000000238
8366  -10.370  -92.411  5.482 0.6000000238
8355  -11.224  -92.963  6.849 0.6000000238
127221  -10.397  -94.214  5.859 0.6000000238
7493  -11.780  -93.579  7.576 0.6000000238
5761  -11.020  -95.385  6.430 0.6000000238
141234  -12.289  -94.327  0.853 0.6000000238
6691  -11.678  -94.408  0.311 0.6000000238
7587  -11.793  -93.695  -0.327 0.6000000238
5762  -11.689  -95.612  6.553 0.5000000000
5772  -12.782  -96.016  6.046 0.5000000000
5047  -12.823  -96.347  5.472 0.5000000000
8455  -12.205  -92.586  -1.460 0.6000000238
6673  -13.049  -94.922  2.089 0.4000000060
6692  -12.850  -93.919  1.079 0.6000000238
7588  -12.428  -93.618  0.209 0.6000000238
14993  -12.151  -84.385  4.398 0.6000000238
15896  -11.405  -83.352  5.375 0.5000000000
15906  -12.233  -83.670  4.829 0.6000000238
15897  -11.931  -82.881  5.309 0.5000000000
14116  -11.842  -85.001  4.533 0.6000000238
139231  -10.347  -83.395  5.947 0.6000000238
14994  -12.907  -84.310  4.089 0.5000000000
127208  -13.341  -83.565  4.455 0.5000000000
15001  -14.245  -84.181  3.791 0.5000000000
14967  -10.713  -83.991  5.890 0.5000000000
14968  -11.454  -84.535  5.372 0.6000000238
14952  -10.500  -84.308  6.836 0.5000000000
14130  -15.385  -84.950  3.155 0.6000000238
12333  -10.345  -86.717  8.263 0.6999999881
14064  -10.454  -85.651  8.184 0.6000000238
14053  -9.204  -85.736  9.257 0.6000000238
11578  -13.414  -88.357  2.216 0.5000000000
11504  -9.414  -87.824  8.932 0.5000000000
12332  -9.758  -87.041  9.041 0.6999999881
10746  -12.377  -88.818  2.950 0.5000000000
9958  -11.592  -90.115  4.723 0.5000000000
9213  -10.302  -91.333  4.922 0.6000000238
139572  -11.115  -92.170  6.387 0.6000000238
8367  -10.854  -91.916  5.813 0.5000000000
9183  -11.515  -91.968  7.177 0.6000000238
8354  -10.747  -92.699  6.070 0.6000000238
6616  -12.797  -94.739  7.474 0.5000000000
7562  -13.943  -93.913  2.094 0.5000000000
7573  -13.641  -93.580  1.329 0.5000000000
8441  -13.020  -92.650  -0.412 0.6000000238
16737  -10.332  -82.572  6.106 0.6000000238
16751  -11.151  -82.742  5.714 0.6000000238
15882  -9.061  -83.032  6.375 0.6000000238
16762  -13.673  -82.918  4.968 0.5000000000
14966  -9.737  -83.422  6.354 0.6000000238
15869  -8.652  -83.331  6.801 0.6999999881
15916  -15.374  -84.086  3.771 0.6000000238
14929  -8.472  -84.734  8.766 0.6000000238
14930  -9.375  -84.455  8.105 0.6000000238
14131  -15.813  -85.272  3.037 0.6000000238
14052  -8.268  -85.527  9.769 0.6000000238
14913  -7.577  -84.501  9.139 0.6000000238
12407  -14.224  -87.797  2.816 0.5000000000
9959  -12.282  -89.478  4.311 0.5000000000
12323  -9.267  -87.458  9.539 0.5000000000
13218  -9.197  -86.577  9.700 0.6000000238
9940  -11.524  -90.673  5.468 0.5000000000
9941  -11.976  -90.481  6.138 0.6000000238
145562  -11.101  -91.315  5.516 0.5000000000
9184  -12.057  -91.485  7.918 0.5000000000
132350  -11.897  -92.328  8.039 0.5000000000
7590  -14.071  -92.793  0.781 0.6000000238
17644  -9.306  -82.077  6.551 0.6000000238
17645  -10.548  -82.005  6.448 0.5000000000
16738  -11.205  -82.253  6.127 0.5000000000
16735  -8.592  -82.607  6.672 0.6999999881
16739  -12.214  -81.975  6.076 0.5000000000
15867  -6.781  -83.004  7.423 0.6999999881
15881  -8.297  -83.038  6.783 0.6000000238
16753  -13.968  -82.275  5.333 0.5000000000
14950  -8.239  -83.774  7.608 0.6000000238
16763  -14.617  -82.782  4.921 0.5000000000
15002  -15.671  -84.858  3.438 0.6000000238
14912  -7.152  -84.001  9.314 0.6999999881
13279  -15.730  -85.745  3.192 0.6000000238
14051  -7.615  -84.873  9.946 0.6000000238
12396  -14.495  -87.353  3.576 0.6000000238
13176  -7.997  -85.856  11.115 0.6999999881
14035  -8.037  -85.676  10.566 0.6999999881
10733  -13.079  -88.766  4.200 0.5000000000
10747  -13.539  -88.320  3.186 0.5000000000
13198  -8.249  -86.608  10.921 0.6000000238
10719  -12.692  -89.248  4.799 0.5000000000
13177  -8.320  -86.813  11.588 0.5000000000
132566  -12.778  -89.288  5.599 0.6000000238
9950  -12.193  -89.883  5.307 0.5000000000
11478  -8.188  -87.715  11.600 0.6000000238
9196  -11.833  -90.948  7.042 0.6000000238
9923  -12.651  -91.260  8.477 0.5000000000
127940  -8.390  -81.775  7.420 0.6999999881
140512  -9.959  -81.770  6.656 0.5000000000
17631  -10.774  -81.665  6.837 0.5000000000
17627  -6.149  -82.211  7.914 0.8000000119
17628  -7.315  -82.120  7.416 0.6999999881
145434  -12.174  -81.707  6.474 0.5000000000
135821  -12.984  -81.695  6.284 0.5000000000
15841  -6.147  -82.645  9.184 0.6999999881
15866  -6.151  -82.666  7.894 0.6999999881
16721  -6.833  -82.677  7.396 0.8000000119
15855  -6.346  -83.005  7.875 0.6999999881
17647  -13.820  -81.624  6.028 0.5000000000
15828  -6.868  -83.392  9.847 0.6999999881
126980  -6.824  -83.454  9.429 0.6999999881
15908  -15.180  -83.396  4.464 0.6000000238
16754  -14.775  -82.231  5.342 0.5000000000
14886  -8.080  -84.627  11.244 0.6000000238
14885  -7.716  -84.755  10.773 0.6000000238
12381  -14.649  -86.748  4.295 0.6000000238
14017  -8.457  -85.261  11.728 0.6999999881
14015  -7.755  -85.110  10.668 0.6999999881
11568  -13.671  -88.136  4.154 0.6000000238
12380  -13.924  -87.527  4.833 0.6000000238
14005  -8.333  -85.958  11.647 0.6000000238
10720  -13.159  -88.792  5.008 0.6000000238
10709  -12.506  -89.788  6.234 0.6000000238
12274  -8.267  -87.504  12.395 0.6000000238
125113  -12.365  -90.288  6.835 0.6000000238
9931  -12.498  -90.549  7.724 0.5000000000
17593  -6.916  -80.899  8.877 0.6000000238
17612  -7.610  -81.544  8.165 0.5000000000
142253  -9.214  -81.704  7.782 0.5000000000
16723  -12.302  -82.125  7.744 0.5000000000
144369  -5.507  -81.813  8.908 0.8000000119
16724  -13.251  -81.740  7.392 0.5000000000
16679  -6.419  -82.656  9.857 0.6999999881
125824  -15.486  -83.677  4.883 0.6000000238
128141  -7.996  -85.100  15.368 0.6000000238
15816  -8.174  -83.685  10.943 0.8000000119
129144  -8.788  -85.176  15.497 0.6000000238
14887  -9.168  -84.461  11.733 0.6999999881
15817  -9.092  -83.447  11.472 0.8000000119
14117  -15.594  -85.382  3.785 0.6000000238
12244  -8.248  -87.433  15.211 0.6000000238
121464  -9.488  -85.322  12.230 0.6000000238
12364  -13.635  -87.702  6.023 0.6000000238
13154  -9.583  -86.835  13.604 0.6000000238
13153  -8.825  -87.213  13.110 0.6000000238
13160  -9.352  -86.553  12.823 0.6000000238
10710  -12.954  -89.201  6.389 0.6000000238
11539  -13.347  -88.550  6.481 0.6000000238
13159  -8.595  -86.678  12.287 0.5000000000
9932  -12.963  -89.939  8.002 0.5000000000
9924  -13.092  -90.609  8.552 0.5000000000
11513  -13.652  -89.079  8.425 0.5000000000
120905  -8.034  -81.172  9.020 0.5000000000
17594  -9.187  -81.500  9.402 0.5000000000
18439  -6.000  -80.843  8.935 0.6000000238
18427  -6.584  -80.424  9.406 0.5000000000
141615  -5.888  -82.061  9.600 0.8000000119
18415  -6.008  -80.527  10.054 0.6999999881
121720  -7.362  -81.936  10.938 0.8000000119
16663  -7.322  -82.951  10.428 0.8000000119
16755  -15.339  -82.405  5.504 0.6000000238
17634  -14.856  -81.408  6.825 0.5000000000
145856  -8.345  -83.818  15.176 0.6000000238
16665  -9.092  -82.444  11.613 0.8000000119
16740  -15.639  -81.843  6.153 0.5000000000
14856  -9.133  -84.299  15.501 0.6999999881
14855  -8.249  -84.476  15.262 0.6000000238
15802  -10.023  -83.768  11.980 0.8000000119
13262  -14.748  -85.915  4.888 0.6000000238
14983  -15.523  -84.214  4.906 0.6000000238
15898  -15.568  -82.963  5.448 0.6000000238
13984  -9.785  -85.173  15.455 0.6000000238
12365  -14.075  -86.851  5.498 0.6000000238
14969  -15.048  -84.563  5.924 0.6000000238
13137  -9.482  -86.548  14.974 0.6000000238
14007  -10.366  -85.559  12.759 0.6000000238
14876  -10.252  -84.660  12.327 0.5000000000
12350  -13.644  -87.912  7.151 0.6000000238
13998  -10.147  -86.297  13.242 0.6000000238
11523  -13.459  -88.698  7.532 0.6000000238
11524  -13.799  -88.179  8.315 0.5000000000
11514  -13.914  -88.768  9.037 0.5000000000
10681  -14.067  -90.219  9.351 0.5000000000
10664  -14.677  -89.246  10.106 0.5000000000
19261  -6.429  -79.952  10.135 0.6000000238
17550  -6.438  -81.137  10.861 0.6999999881
17477  -8.268  -81.590  15.794 0.6000000238
16614  -8.586  -82.484  15.485 0.6000000238
125564  -8.280  -81.918  11.400 0.8000000119
126505  -15.379  -81.549  6.426 0.5000000000
16648  -9.818  -82.100  12.221 0.8000000119
17649  -16.056  -81.456  6.823 0.5000000000
15770  -8.897  -83.361  15.394 0.6999999881
126359  -10.454  -83.031  12.368 0.8000000119
135869  -15.548  -83.991  6.524 0.6000000238
130858  -16.255  -82.541  6.685 0.6000000238
14857  -10.067  -84.394  15.580 0.8000000119
15803  -10.893  -83.926  12.563 0.6999999881
13252  -14.112  -86.076  6.175 0.6000000238
14953  -14.912  -84.615  7.125 0.6000000238
14858  -10.674  -84.786  15.272 0.6999999881
14866  -11.107  -85.130  14.654 0.6999999881
14871  -11.076  -84.828  13.056 0.6000000238
13245  -13.849  -86.138  7.355 0.6000000238
14931  -15.009  -84.606  7.969 0.6000000238
13147  -10.277  -86.430  13.883 0.6000000238
14065  -14.356  -85.293  7.977 0.5000000000
12334  -13.960  -87.311  8.957 0.5000000000
19246  -6.629  -79.870  10.678 0.6000000238
19247  -7.262  -78.961  11.058 0.5000000000
18342  -7.073  -79.807  15.733 0.6000000238
18407  -7.683  -80.062  11.547 0.6999999881
17476  -7.307  -81.175  15.797 0.6000000238
17551  -7.563  -81.053  11.468 0.6999999881
18392  -8.578  -79.872  12.117 0.6000000238
18343  -7.997  -80.603  16.063 0.6000000238
17532  -9.411  -80.951  12.379 0.6000000238
18394  -10.191  -80.751  12.746 0.6999999881
16615  -9.540  -82.819  15.790 0.8000000119
16649  -10.672  -82.288  12.666 0.6999999881
17513  -10.950  -80.923  13.134 0.6000000238
15771  -9.850  -83.677  15.714 0.8000000119
16650  -11.367  -83.068  12.947 0.8000000119
16635  -11.946  -82.511  13.634 0.6999999881
15772  -10.912  -83.925  15.568 0.6999999881
14859  -11.416  -84.404  14.943 0.6999999881
15784  -11.918  -84.053  14.429 0.6000000238
16636  -12.355  -82.819  14.179 0.8000000119
143431  -6.644  -78.438  16.010 0.6000000238
18326  -7.918  -79.558  16.166 0.6000000238
18327  -8.667  -80.218  16.253 0.6999999881
19224  -11.603  -79.731  13.612 0.6000000238
17478  -9.187  -81.902  15.853 0.6999999881
17466  -9.725  -81.348  16.228 0.6999999881
17514  -11.773  -81.514  13.647 0.6999999881
18377  -12.390  -81.110  14.159 0.6000000238
16603  -10.184  -82.211  16.212 0.8000000119
16604  -11.210  -82.402  16.369 0.6000000238
16605  -12.056  -82.374  16.180 0.5000000000
17495  -12.783  -81.601  14.751 0.6999999881
18359  -13.201  -80.690  15.522 0.6999999881
19205  -12.896  -79.610  14.621 0.6000000238
16616  -10.549  -83.075  15.976 0.8000000119
142947  -12.491  -82.254  15.907 0.6000000238
16625  -12.578  -82.435  14.730 0.6000000238
20056  -7.415  -78.030  16.716 0.6000000238
19191  -8.045  -78.527  16.343 0.6999999881
19190  -7.205  -78.772  15.989 0.6000000238
19172  -8.595  -79.384  16.273 0.6999999881
133465  -8.954  -78.757  16.353 0.6999999881
146271  -9.342  -80.647  16.253 0.6999999881
18329  -10.302  -79.996  16.658 0.6000000238
19225  -12.316  -80.164  14.103 0.6000000238
17467  -10.739  -81.547  16.586 0.6000000238
126009  -12.349  -81.046  16.579 0.6000000238
20091  -12.868  -78.566  14.380 0.5000000000
19192  -13.496  -79.413  15.910 0.6000000238
131291  -13.385  -79.015  15.138 0.5000000000
20999  -13.743  -77.633  15.229 0.5000000000
20062  -13.324  -78.833  16.522 0.6000000238
20077  -13.791  -78.394  15.774 0.5000000000
20039  -6.663  -78.685  17.626 0.6000000238
20047  -6.920  -78.180  16.855 0.6000000238
20057  -7.889  -77.686  16.697 0.6999999881
145741  -7.675  -77.538  17.075 0.6999999881
20058  -8.534  -77.854  16.628 0.6999999881
20059  -9.396  -78.220  16.660 0.6000000238
19173  -9.841  -79.158  16.617 0.5000000000
20060  -10.292  -78.544  16.866 0.6999999881
20048  -10.634  -77.716  17.079 0.6000000238
19174  -10.807  -79.509  16.855 0.6000000238
19175  -11.784  -79.702  17.054 0.6000000238
133777  -12.142  -78.994  17.122 0.6000000238
19176  -12.725  -79.598  16.810 0.6000000238
19165  -12.777  -78.601  17.026 0.5000000000
20050  -13.272  -77.927  16.886 0.5000000000
20979  -13.676  -76.993  16.733 0.5000000000
19108  -6.055  -79.202  20.744 0.6999999881
19109  -6.995  -79.552  21.048 0.6999999881
19988  -6.379  -79.006  21.729 0.6999999881
19155  -6.652  -79.226  18.500 0.6000000238
19125  -6.737  -79.631  19.994 0.6999999881
19096  -7.371  -79.250  21.980 0.6999999881
19971  -7.862  -78.797  22.630 0.6000000238
19145  -7.359  -79.465  19.293 0.6999999881
19126  -7.623  -79.789  20.312 0.6999999881
19110  -7.871  -79.763  21.313 0.6999999881
20964  -7.512  -77.682  17.450 0.6999999881
20040  -7.425  -78.447  18.288 0.6999999881
129443  -8.282  -79.942  20.682 0.6999999881
20977  -9.023  -77.343  17.081 0.6000000238
20978  -9.803  -77.718  17.014 0.6000000238
20967  -9.668  -76.866  17.535 0.6000000238
21855  -10.011  -76.344  18.247 0.6000000238
20061  -11.266  -78.780  17.017 0.6000000238
20968  -10.841  -76.854  17.619 0.6000000238
20049  -11.830  -77.956  17.136 0.5000000000
21856  -11.024  -75.988  18.354 0.6000000238
21846  -11.143  -75.409  19.165 0.6000000238
20969  -11.997  -76.853  17.496 0.5000000000
133785  -12.138  -76.006  17.977 0.5000000000
19970  -6.836  -78.555  22.494 0.6999999881
124905  -7.251  -78.010  22.851 0.6000000238
20894  -7.974  -78.029  22.766 0.6000000238
20895  -8.753  -78.340  22.640 0.4000000060
19111  -8.785  -80.007  21.407 0.6000000238
19097  -8.289  -79.505  22.100 0.5000000000
19972  -8.687  -79.179  22.477 0.5000000000
133144  -10.046  -78.212  22.594 0.4000000060
131329  -10.371  -77.271  22.578 0.5000000000
20975  -7.940  -77.408  16.980 0.6999999881
19146  -8.294  -79.657  19.877 0.6999999881
19099  -10.040  -79.732  22.114 0.4000000060
19974  -10.526  -79.063  22.446 0.4000000060
20897  -10.972  -78.160  22.594 0.4000000060
20958  -8.043  -77.167  18.031 0.8000000119
20041  -8.285  -77.411  18.705 0.8000000119
20025  -8.153  -79.032  19.144 0.8000000119
19147  -8.919  -79.364  19.804 0.8000000119
18295  -9.440  -80.208  20.945 0.6000000238
19112  -9.659  -80.112  21.569 0.5000000000
20976  -8.295  -77.239  17.178 0.6999999881
20965  -8.469  -76.878  17.806 0.8000000119
20959  -8.624  -76.804  18.454 0.6999999881
21827  -9.074  -76.594  18.771 0.5000000000
19113  -10.873  -80.083  21.051 0.5000000000
124583  -11.015  -79.762  21.912 0.4000000060
19975  -11.470  -78.992  22.362 0.4000000060
21843  -8.900  -76.575  18.230 0.6000000238
21854  -9.242  -76.445  18.048 0.5000000000
21828  -9.716  -76.382  19.131 0.5000000000
21845  -10.335  -76.037  19.032 0.6000000238
21829  -10.542  -76.176  19.467 0.6000000238
20893  -6.188  -77.764  22.971 0.5000000000
136195  -7.635  -77.316  22.742 0.4000000060
130359  -8.453  -77.350  22.628 0.5000000000
20896  -9.398  -77.461  22.586 0.5000000000
21794  -9.812  -76.472  22.597 0.5000000000
21795  -10.626  -76.438  22.637 0.5000000000
131326  -10.271  -75.658  22.772 0.5000000000
131325  -11.317  -75.851  22.751 0.5000000000
20026  -8.858  -77.863  19.312 0.6999999881
19128  -9.590  -79.883  20.396 0.6000000238
19148  -9.630  -78.985  19.872 0.5000000000
18296  -10.103  -80.228  20.929 0.5000000000
131328  -11.372  -77.047  22.573 0.5000000000
21796  -12.028  -76.412  22.609 0.5000000000
20941  -8.778  -76.866  18.892 0.6999999881
20942  -9.263  -76.810  19.199 0.6000000238
19129  -10.459  -79.670  20.388 0.5000000000
19114  -11.715  -79.777  21.299 0.4000000060
19100  -11.869  -79.488  21.960 0.5000000000
20898  -11.924  -78.129  22.518 0.4000000060
131792  -12.382  -77.210  22.497 0.5000000000
128991  -10.496  -77.819  19.697 0.5000000000
20003  -10.273  -78.725  19.870 0.6000000238
19130  -11.424  -79.591  20.508 0.5000000000
19131  -12.297  -79.522  20.639 0.5000000000
19115  -12.613  -79.409  21.509 0.5000000000
20943  -9.981  -76.713  19.535 0.5000000000
20944  -10.798  -76.724  19.741 0.5000000000
20004  -11.052  -78.950  19.953 0.5000000000
20005  -11.941  -79.039  19.983 0.5000000000
20945  -11.662  -76.970  19.858 0.6000000238
21777  -6.073  -76.791  23.275 0.5000000000
144790  -6.881  -77.320  22.918 0.5000000000
21791  -7.151  -76.585  22.809 0.4000000060
21792  -8.030  -76.506  22.556 0.4000000060
22699  -6.510  -75.820  22.948 0.4000000060
21793  -8.911  -76.502  22.589 0.6000000238
131327  -9.339  -75.666  22.738 0.5000000000
22703  -10.802  -74.891  22.911 0.4000000060
128286  -11.276  -74.059  23.001 0.4000000060
135371  -7.022  -74.962  22.849 0.4000000060
22700  -7.553  -75.748  22.670 0.4000000060
131735  -8.451  -75.710  22.629 0.5000000000
22701  -8.858  -74.998  22.912 0.5000000000
133324  -8.000  -75.004  22.786 0.4000000060
23586  -8.436  -74.307  23.074 0.4000000060
143175  -9.141  -74.358  23.133 0.5000000000
128288  -9.665  -73.883  23.162 0.4000000060
128287  -10.422  -74.111  23.095 0.4000000060
24499  -11.025  -73.280  23.113 0.4000000060
23576  -5.941  -74.956  23.125 0.4000000060
24488  -6.209  -73.084  23.189 0.4000000060
24495  -6.766  -72.862  22.747 0.4000000060
23585  -7.570  -74.235  22.945 0.4000000060
24496  -8.058  -73.555  23.038 0.4000000060
139855  -8.895  -73.656  23.138 0.5000000000
24498  -10.231  -73.328  23.133 0.4000000060
129143  -8.494  -72.867  22.927 0.4000000060
25372  -8.945  -72.330  22.865 0.4000000060
128279  -9.489  -71.937  23.070 0.4000000060
25373  -9.798  -72.592  23.139 0.4000000060
25374  -10.565  -72.766  23.174 0.4000000060
25370  -6.987  -72.150  22.501 0.3000000119
134001  -7.569  -72.814  22.733 0.4000000060
26217  -6.276  -71.464  22.483 0.4000000060
25369  -6.410  -72.052  22.587 0.3000000119
26220  -6.499  -71.622  22.444 0.3000000119
27076  -7.755  -71.053  22.638 0.5000000000
26222  -8.602  -71.681  22.730 0.4000000060
26223  -9.397  -71.324  23.073 0.4000000060
26224  -10.182  -71.344  23.189 0.4000000060
128277  -11.073  -71.515  23.167 0.3000000119
27077  -8.319  -70.006  23.121 0.5000000000
128274  -8.893  -70.805  23.037 0.4000000060
128273  -9.852  -70.673  23.096 0.4000000060
128523  -10.828  -70.602  22.937 0.3000000119
135448  -6.051  -72.162  23.097 0.4000000060
127613  -6.240  -70.724  22.681 0.4000000060
133869  -6.571  -71.043  22.475 0.4000000060
127517  -6.572  -69.962  22.850 0.4000000060
134199  -7.257  -70.040  22.839 0.5000000000
27971  -7.814  -69.095  23.144 0.5000000000
27973  -10.067  -69.147  22.730 0.4000000060
144547  -10.234  -70.005  22.911 0.3000000119
28903  -7.550  -68.379  22.875 0.3000000119
28904  -8.518  -68.424  22.915 0.3000000119
26216  -6.048  -71.293  23.031 0.4000000060
27969  -6.519  -68.974  23.021 0.3000000119
28902  -6.883  -68.282  22.821 0.4000000060
145189  -10.366  -68.340  22.381 0.3000000119
27964  -5.922  -68.691  23.463 0.3000000119
29877  -6.213  -67.553  23.490 0.3000000119
13294  -11.518  -86.423  2.976 0.6000000238
139471  -11.785  -85.484  3.871 0.5000000000
18344  -13.313  -80.320  15.999 0.6000000238
142855  -12.861  -81.151  16.259 0.6000000238
5841  -2.209  -94.913  0.975 0.5000000000
6682  -3.986  -94.411  1.929 0.6000000238
9244  -6.170  -91.430  -0.078 0.5000000000
5098  -5.492  -96.049  -0.281 0.6999999881
5099  -6.031  -96.222  0.379 0.6999999881
133423  -6.933  -94.135  3.114 0.6999999881
5086  -6.546  -96.414  1.145 0.6999999881
5074  -6.814  -96.257  2.020 0.6999999881
10773  -10.942  -89.333  0.798 0.5000000000
4475  -7.809  -97.815  -0.686 0.6999999881
8388  -8.089  -92.726  3.787 0.6999999881
7549  -7.782  -93.539  3.694 0.6999999881
3882  -8.934  -98.266  0.349 0.6999999881
6645  -8.697  -94.663  4.316 0.6999999881
13310  -12.076  -86.997  2.054 0.6000000238
3884  -10.362  -98.213  0.683 0.6999999881
7536  -9.652  -92.914  5.142 0.6000000238
146298  -10.056  -94.839  5.476 0.6000000238
4425  -10.293  -97.234  4.253 0.5000000000
13260  -10.883  -86.801  5.263 0.6999999881
7520  -9.824  -94.007  5.338 0.6000000238
127282  -11.389  -95.151  0.628 0.6000000238
131126  -10.593  -94.566  -0.773 0.6000000238
142340  -12.751  -95.269  6.892 0.5000000000
6684  -12.622  -94.582  1.466 0.5000000000
13261  -11.378  -86.157  5.522 0.6000000238
12363  -10.485  -87.233  6.230 0.6999999881
141117  -15.111  -86.457  2.706 0.6000000238
9205  -10.572  -91.631  5.305 0.5000000000
7521  -10.309  -93.278  5.694 0.5000000000
7508  -11.286  -94.029  6.986 0.6000000238
7507  -10.806  -93.598  6.289 0.5000000000
6615  -11.979  -94.442  7.404 0.5000000000
7604  -12.297  -92.993  -0.715 0.6000000238
7589  -13.288  -93.201  0.480 0.6000000238
7574  -14.529  -93.197  1.672 0.5000000000
14928  -7.055  -83.614  8.474 0.6000000238
17660  -15.061  -81.777  5.762 0.5000000000
13982  -8.317  -85.890  15.501 0.6000000238
12267  -8.222  -87.800  13.262 0.6000000238
139892  -13.109  -89.075  7.071 0.6000000238
13983  -9.197  -85.930  15.452 0.6000000238
137799  -9.753  -82.962  11.896 0.8000000119
13138  -10.059  -85.993  15.085 0.6000000238
14077  -14.402  -85.336  6.752 0.6000000238
13999  -10.767  -85.830  13.556 0.6000000238
122303  -13.823  -87.174  7.840 0.6000000238
17533  -11.193  -81.941  13.129 0.8000000119
15870  -16.081  -83.380  7.007 0.6000000238
14877  -11.532  -83.987  13.125 0.6000000238
14872  -11.640  -84.405  13.742 0.6999999881
15773  -11.869  -83.645  15.171 0.6000000238
140485  -11.294  -80.618  16.823 0.6000000238
17479  -12.848  -81.940  15.492 0.6999999881
18330  -12.281  -80.346  16.821 0.6000000238
20970  -12.944  -76.976  17.287 0.5000000000
19144  -6.352  -79.443  19.029 0.6000000238
19127  -8.879  -79.955  20.526 0.6000000238
19973  -9.517  -79.039  22.523 0.5000000000
19098  -9.162  -79.684  22.128 0.5000000000
19976  -12.348  -78.907  22.215 0.5000000000
20027  -9.666  -77.729  19.568 0.6000000238
20028  -11.386  -78.052  19.783 0.5000000000
22702  -9.779  -74.804  23.026 0.5000000000
127078  -5.680  -74.145  23.558 0.4000000060
23584  -6.611  -73.969  22.985 0.4000000060
145907  -7.269  -73.491  22.867 0.4000000060
24497  -9.367  -73.057  23.076 0.4000000060
25371  -7.974  -72.133  22.532 0.4000000060
128278  -10.398  -72.103  23.261 0.4000000060
26221  -7.218  -71.638  22.430 0.5000000000
144246  -7.884  -71.677  22.519 0.4000000060
27972  -8.959  -69.127  23.089 0.5000000000
132052  -9.411  -69.957  23.102 0.4000000060
27970  -7.013  -69.094  22.853 0.5000000000
28905  -9.542  -68.425  22.626 0.4000000060
28894  -6.380  -68.189  23.146 0.3000000119
29878  -6.765  -67.624  22.890 0.3000000119
6747  -12.964  -94.555  -5.394 0.5000000000
6748  -13.990  -94.465  -5.371 0.5000000000
5905  -15.468  -95.371  -5.674 0.5000000000
6749  -14.602  -94.736  -5.326 0.5000000000
5158  -15.278  -95.202  -5.143 0.5000000000
6741  -14.714  -94.759  -5.243 0.5000000000
5151  -15.486  -96.174  -4.619 0.6000000238
7653  -11.617  -93.724  -4.837 0.5000000000
6739  -13.415  -93.936  -4.631 0.5000000000
6740  -13.882  -94.183  -4.785 0.5000000000
6737  -13.860  -94.234  -4.586 0.5000000000
4517  -14.593  -96.645  -3.272 0.6000000238
5901  -14.238  -94.914  -4.285 0.6000000238
5150  -14.489  -95.856  -4.089 0.6000000238
6745  -10.759  -94.242  -5.568 0.4000000060
5903  -7.042  -94.899  -4.720 0.4000000060
6738  -7.296  -94.197  -4.917 0.4000000060
7649  -7.679  -93.793  -5.088 0.5000000000
7650  -8.281  -93.652  -5.288 0.5000000000
7656  -8.793  -93.904  -5.944 0.5000000000
7644  -8.878  -93.466  -4.475 0.5000000000
7639  -8.871  -93.474  -3.937 0.5000000000
142221  -9.944  -93.672  -5.224 0.5000000000
7652  -9.693  -93.326  -4.547 0.5000000000
4503  -15.423  -97.358  -2.751 0.6000000238
144718  -15.239  -97.382  -0.923 0.6000000238
7646  -11.447  -93.170  -4.180 0.5000000000
138487  -12.248  -93.322  -4.327 0.5000000000
8490  -11.494  -92.969  -3.586 0.5000000000
4502  -14.726  -97.011  -2.139 0.6000000238
7648  -13.167  -93.469  -4.102 0.5000000000
5892  -13.417  -94.724  -3.151 0.6000000238
5141  -13.748  -95.885  -3.118 0.6000000238
4488  -14.754  -96.812  -1.237 0.6000000238
5893  -13.759  -95.502  -2.053 0.6000000238
138740  -14.859  -96.434  -0.683 0.6000000238
146222  -15.360  -96.485  0.050 0.6999999881
139982  -14.331  -95.500  -1.288 0.6000000238
5865  -15.444  -95.587  -0.308 0.6999999881
4526  -7.227  -97.164  -4.796 0.6000000238
4527  -7.929  -96.795  -4.189 0.6000000238
4512  -8.912  -97.170  -3.053 0.6000000238
5156  -7.402  -96.358  -4.940 0.5000000000
5904  -7.859  -95.663  -4.195 0.5000000000
5900  -8.787  -95.444  -3.003 0.6000000238
6734  -7.899  -93.923  -4.453 0.5000000000
5899  -8.151  -94.936  -3.446 0.5000000000
5890  -8.768  -94.491  -3.041 0.5000000000
125881  -9.485  -93.201  -3.910 0.5000000000
6725  -9.110  -93.800  -3.309 0.5000000000
7645  -10.490  -93.046  -3.833 0.5000000000
3899  -16.248  -98.452  -0.605 0.6999999881
3898  -15.550  -97.700  -0.373 0.6000000238
4469  -15.934  -97.615  0.837 0.8000000119
8489  -12.570  -92.952  -3.373 0.5000000000
7642  -12.770  -93.129  -3.315 0.5000000000
7636  -13.046  -92.767  -2.694 0.6000000238
4477  -15.168  -97.015  -0.413 0.6999999881
4460  -15.877  -97.070  0.858 0.6999999881
5881  -13.530  -94.462  -2.219 0.6000000238
5847  -16.159  -95.733  0.338 0.6999999881
5882  -14.024  -94.679  -1.587 0.6000000238
6699  -14.758  -95.094  -1.027 0.6000000238
6701  -16.313  -94.358  -0.838 0.6999999881
5866  -16.706  -95.138  -0.260 0.6999999881
5867  -17.675  -95.282  -0.368 0.6000000238
4509  -6.185  -97.434  -4.205 0.5000000000
4511  -7.762  -97.302  -3.876 0.6000000238
4513  -9.303  -96.389  -2.676 0.6000000238
5891  -9.161  -95.044  -2.403 0.6000000238
6726  -9.346  -94.166  -2.548 0.6000000238
7641  -10.187  -93.265  -3.292 0.5000000000
7616  -10.441  -93.600  -1.970 0.6000000238
3886  -16.187  -98.173  0.985 0.6999999881
7635  -10.956  -93.208  -2.597 0.5000000000
143312  -11.515  -92.778  -2.279 0.5000000000
5079  -16.679  -97.223  2.156 0.5000000000
3843  -17.527  -97.535  2.978 0.6000000238
8484  -11.871  -92.593  -2.658 0.6000000238
5090  -16.366  -96.914  1.457 0.6000000238
6713  -13.679  -93.304  -1.978 0.5000000000
5103  -15.950  -96.443  0.726 0.6999999881
5104  -16.626  -96.342  1.110 0.6000000238
6714  -14.570  -93.724  -1.346 0.5000000000
5848  -17.157  -95.737  0.531 0.6000000238
5849  -18.231  -95.744  0.455 0.6000000238
7620  -15.217  -92.406  -1.356 0.5000000000
6715  -15.797  -93.516  -1.207 0.6000000238
6703  -18.204  -94.715  -1.377 0.5000000000
141994  -18.670  -94.104  -2.232 0.5000000000
5869  -19.653  -95.561  -1.428 0.5000000000
4496  -6.792  -97.459  -3.189 0.6000000238
142049  -7.556  -97.491  -3.430 0.6000000238
5139  -5.699  -97.004  -3.177 0.4000000060
7603  -11.584  -93.298  -1.066 0.5000000000
5080  -17.169  -97.097  2.697 0.6000000238
8485  -12.564  -92.355  -2.308 0.5000000000
5091  -16.997  -96.634  2.136 0.5000000000
7618  -13.293  -92.131  -1.755 0.5000000000
5829  -17.429  -96.051  1.374 0.5000000000
5830  -18.182  -95.904  1.472 0.5000000000
124046  -18.588  -95.789  2.221 0.5000000000
8474  -14.955  -91.584  -1.227 0.5000000000
5850  -19.234  -95.814  -0.120 0.5000000000
8475  -16.002  -91.666  -1.347 0.6000000238
135273  -16.898  -92.006  -1.559 0.6000000238
5868  -18.695  -95.442  -0.797 0.5000000000
127136  -18.338  -92.456  -2.097 0.6000000238
132415  -18.490  -93.226  -2.294 0.5000000000
5126  -5.512  -96.235  -1.661 0.4000000060
8456  -12.931  -92.249  -1.304 0.5000000000
5831  -19.515  -95.566  1.950 0.5000000000
8473  -14.195  -91.761  -1.442 0.5000000000
9274  -14.938  -91.444  -1.415 0.5000000000
128172  -19.933  -95.941  0.635 0.5000000000
5832  -20.459  -95.564  1.718 0.5000000000
5833  -21.407  -95.655  1.499 0.5000000000
5835  -23.619  -95.743  1.528 0.5000000000
139808  -25.784  -95.955  1.982 0.5000000000
9265  -15.684  -91.357  -0.910 0.6000000238
9276  -16.943  -91.482  -1.223 0.6000000238
140960  -19.954  -95.961  -0.550 0.5000000000
8477  -18.136  -92.013  -1.781 0.6000000238
145709  -22.121  -96.225  -2.134 0.5000000000
8460  -18.987  -92.176  -1.537 0.5000000000
8479  -19.353  -92.671  -2.167 0.5000000000
8423  -14.819  -92.406  0.940 0.5000000000
125915  -20.895  -96.046  0.671 0.5000000000
120836  -21.771  -96.066  0.501 0.5000000000
5834  -22.501  -95.747  1.291 0.5000000000
145310  -15.076  -91.819  0.348 0.5000000000
9237  -16.278  -91.624  0.685 0.6000000238
5852  -21.274  -96.195  -0.168 0.5000000000
5853  -22.675  -96.240  0.118 0.5000000000
5854  -24.297  -96.110  0.617 0.5000000000
128351  -25.296  -96.006  1.048 0.5000000000
5838  -26.405  -95.593  2.087 0.5000000000
9251  -17.653  -91.503  -0.844 0.5000000000
5871  -21.229  -96.120  -1.248 0.5000000000
5131  -23.175  -96.254  -2.329 0.5000000000
7575  -15.329  -92.600  1.649 0.5000000000
5873  -25.325  -95.800  -0.588 0.5000000000
5855  -24.962  -96.108  -0.002 0.5000000000
5837  -26.037  -95.866  1.301 0.5000000000
7580  -27.946  -93.811  1.043 0.4000000060
5856  -25.643  -95.826  0.341 0.4000000060
12433  -7.820  -87.643  1.866 0.4000000060
145871  -7.776  -84.571  15.124 0.5000000000
16613  -7.617  -82.229  15.477 0.5000000000
19189  -6.399  -78.745  15.398 0.5000000000
15769  -7.990  -83.132  15.092 0.5000000000
19124  -5.593  -79.177  19.810 0.5000000000
136632  -5.098  -78.402  20.433 0.5000000000
130545  -5.769  -78.262  22.226 0.5000000000
8442  -13.785  -92.365  -0.127 0.5000000000
8457  -13.644  -91.911  -1.039 0.5000000000
6736  -13.284  -93.581  -3.835 0.6000000238
5142  -14.197  -96.379  -2.126 0.6000000238
6700  -15.420  -94.591  -0.835 0.6999999881
5149  -8.575  -96.376  -3.510 0.6000000238
8486  -12.733  -92.437  -2.495 0.5000000000
6702  -17.255  -94.443  -0.987 0.6000000238
6716  -16.921  -93.501  -1.303 0.6000000238
3869  -16.653  -98.382  1.629 0.6999999881
123240  -13.027  -92.103  -1.997 0.5000000000
7619  -14.173  -92.283  -1.523 0.5000000000
7621  -16.436  -92.554  -1.451 0.6000000238
7622  -17.581  -92.717  -1.766 0.6000000238
5870  -20.461  -95.889  -1.484 0.5000000000
135379  -18.947  -95.850  1.079 0.5000000000
9275  -15.551  -91.502  -1.207 0.5000000000
8478  -18.790  -92.375  -2.154 0.5000000000
9247  -15.010  -91.536  -0.379 0.5000000000
9250  -17.012  -91.197  -0.428 0.5000000000
9249  -16.395  -91.235  -0.241 0.5000000000
139410  -23.329  -96.074  0.680 0.5000000000
5117  -22.926  -96.500  -1.145 0.5000000000
5105  -23.587  -96.338  -0.285 0.5000000000
138799  -26.526  -95.488  1.259 0.5000000000
5118  -23.883  -96.376  -1.522 0.4000000060
6693  -26.852  -95.137  0.657 0.4000000060
127281  -21.076  -97.032  4.453 0.5000000000
5059  -20.729  -96.134  4.550 0.6000000238
5784  -20.421  -95.646  4.082 0.6000000238
128707  -19.538  -97.250  3.796 0.6000000238
3845  -18.912  -97.749  3.339 0.4000000060
5798  -20.811  -95.291  3.492 0.4000000060
5815  -20.120  -95.376  2.752 0.4000000060
5797  -19.879  -95.609  3.557 0.5000000000
4428  -19.195  -96.535  3.917 0.6000000238
139997  -19.042  -95.926  3.590 0.5000000000
5814  -19.154  -95.564  3.000 0.4000000060
134165  -18.742  -97.081  3.738 0.5000000000
5796  -18.338  -95.972  3.075 0.5000000000
3853  -17.619  -98.217  2.665 0.6000000238
3271  -16.802  -98.766  0.846 0.6000000238
3900  -17.228  -99.022  -0.229 0.6000000238
3914  -16.483  -98.474  -1.765 0.6000000238
3913  -15.715  -97.956  -1.236 0.6000000238
3922  -16.775  -98.428  -2.829 0.6000000238
3921  -15.957  -97.934  -2.239 0.5000000000
4504  -16.304  -97.752  -3.343 0.5000000000
4533  -16.515  -96.547  -5.118 0.4000000060
5169  -16.141  -95.762  -5.670 0.5000000000
136575  -27.141  -94.356  1.692 0.3000000119
5908  -14.447  -95.294  -5.940 0.4000000060
16725  -16.592  -81.809  7.233 0.4000000060
15871  -16.693  -82.816  7.425 0.4000000060
14954  -15.619  -84.119  7.498 0.5000000000
22739  -11.121  -75.590  19.610 0.5000000000
22740  -11.659  -75.343  20.022 0.5000000000
21831  -11.903  -75.994  20.205 0.4000000060
20029  -12.367  -78.291  19.845 0.4000000060
22741  -12.785  -74.676  20.182 0.4000000060
125965  -12.792  -79.016  20.176 0.4000000060
20030  -13.445  -78.416  19.888 0.4000000060
20946  -12.638  -77.313  19.836 0.4000000060
19116  -13.030  -79.387  20.835 0.4000000060
20006  -13.603  -79.021  20.539 0.4000000060
141457  -13.975  -76.936  19.607 0.4000000060
19989  -13.508  -79.124  21.248 0.4000000060
19990  -14.329  -78.772  20.925 0.4000000060
20032  -15.042  -78.144  19.766 0.4000000060
19977  -13.205  -78.800  21.965 0.4000000060
20900  -13.776  -78.111  22.161 0.4000000060
20899  -12.855  -78.126  22.385 0.4000000060
132521  -13.326  -77.256  22.415 0.4000000060
22704  -11.786  -74.923  22.807 0.3000000119
131324  -12.299  -75.678  22.699 0.4000000060
25375  -11.416  -72.415  23.192 0.3000000119
24500  -11.884  -73.347  23.011 0.3000000119
22705  -12.706  -74.922  22.694 0.3000000119
128285  -12.281  -74.155  22.811 0.3000000119
133686  -12.301  -75.346  20.171 0.4000000060
21832  -12.960  -76.481  19.917 0.4000000060
20947  -13.731  -77.638  19.653 0.4000000060
20031  -14.398  -78.225  19.756 0.4000000060
134492  -14.747  -76.006  19.361 0.4000000060
124669  -14.615  -77.643  19.554 0.4000000060
20007  -14.826  -78.476  20.256 0.4000000060
124901  -14.158  -78.668  20.226 0.4000000060
11526  -24.859  -88.983  7.894 0.3000000119
10705  -25.278  -89.217  7.119 0.3000000119
9928  -24.155  -90.332  7.857 0.4000000060
9936  -24.377  -90.786  7.331 0.3000000119
9944  -24.730  -90.492  6.818 0.4000000060
7499  -24.679  -94.008  7.201 0.3000000119
8358  -24.553  -92.182  6.903 0.3000000119
9199  -24.693  -91.368  6.634 0.4000000060
6606  -24.592  -94.807  7.676 0.3000000119
7512  -24.765  -93.079  6.803 0.3000000119
7513  -25.237  -93.966  6.414 0.3000000119
6619  -24.982  -94.849  7.004 0.3000000119
5757  -25.015  -95.688  6.949 0.3000000119
6630  -25.088  -94.736  6.341 0.3000000119
5039  -25.233  -97.234  6.994 0.3000000119
5040  -25.101  -96.496  6.977 0.3000000119
5767  -24.894  -96.076  6.701 0.3000000119
4413  -24.972  -97.917  6.563 0.3000000119
5050  -24.023  -96.628  6.128 0.3000000119
3840  -24.474  -99.914  5.264 0.3000000119
3826  -24.998  -99.082  6.495 0.3000000119
3831  -24.545  -98.871  5.576 0.3000000119
4431  -23.261  -97.983  5.130 0.3000000119
4420  -22.543  -97.010  5.362 0.3000000119
3839  -24.360  -99.575  4.931 0.4000000060
9945  -24.944  -90.577  6.105 0.3000000119
8345  -24.114  -92.514  7.536 0.4000000060
8359  -25.061  -92.345  6.198 0.4000000060
8328  -24.281  -93.336  7.496 0.3000000119
122894  -25.459  -93.216  5.969 0.4000000060
4408  -25.220  -97.391  7.092 0.3000000119
124765  -25.480  -94.198  5.819 0.4000000060
5776  -24.304  -95.843  6.103 0.4000000060
3817  -25.180  -98.699  7.103 0.3000000119
5049  -22.971  -96.397  5.636 0.4000000060
3246  -24.387  -100.102  5.707 0.3000000119
3825  -24.856  -99.378  6.727 0.4000000060
4430  -22.080  -97.459  4.767 0.3000000119
3245  -23.612  -100.215  5.678 0.3000000119
10713  -25.037  -89.824  6.576 0.3000000119
138373  -25.509  -89.290  6.411 0.3000000119
11541  -25.872  -88.734  6.751 0.3000000119
9200  -25.163  -91.554  5.742 0.3000000119
9953  -25.147  -90.629  5.140 0.3000000119
9174  -23.245  -91.913  8.783 0.4000000060
8371  -25.525  -92.572  5.480 0.3000000119
135081  -24.496  -95.508  8.113 0.3000000119
8327  -23.788  -93.186  8.064 0.4000000060
130464  -25.611  -93.786  5.702 0.4000000060
7527  -25.769  -94.070  5.283 0.3000000119
6639  -25.289  -94.565  5.660 0.4000000060
6652  -25.128  -94.712  4.952 0.4000000060
4398  -24.951  -97.132  7.603 0.3000000119
5026  -23.839  -96.797  8.738 0.3000000119
126452  -23.342  -95.789  5.643 0.4000000060
5786  -23.984  -95.161  5.267 0.4000000060
4406  -24.651  -98.174  7.798 0.3000000119
4405  -23.394  -98.031  7.959 0.3000000119
124212  -22.114  -95.533  5.037 0.4000000060
6649  -22.323  -95.095  4.509 0.5000000000
5060  -21.609  -96.592  4.964 0.4000000060
138721  -21.485  -95.809  4.911 0.4000000060
126484  -21.115  -95.467  4.277 0.5000000000
134705  -22.571  -100.014  5.643 0.3000000119
131465  -25.313  -89.743  5.641 0.3000000119
11542  -26.674  -88.510  6.402 0.3000000119
8309  -23.299  -92.935  8.756 0.4000000060
6653  -25.803  -94.327  4.872 0.4000000060
6651  -24.343  -94.854  4.304 0.4000000060
6594  -23.504  -94.794  8.861 0.4000000060
6650  -23.214  -94.927  4.469 0.4000000060
5801  -23.603  -94.893  3.602 0.5000000000
6676  -22.235  -95.008  3.087 0.4000000060
5018  -23.192  -96.140  9.195 0.3000000119
5800  -22.631  -94.882  3.801 0.4000000060
4395  -22.532  -97.198  8.427 0.3000000119
144149  -21.499  -95.072  3.090 0.4000000060
120821  -21.905  -95.282  2.300 0.4000000060
3815  -22.911  -98.507  7.347 0.3000000119
3226  -23.045  -99.664  6.219 0.3000000119
3244  -21.654  -99.320  5.910 0.3000000119
9209  -25.482  -91.720  4.975 0.3000000119
8383  -25.768  -92.770  4.817 0.3000000119
139928  -25.838  -94.609  4.302 0.3000000119
5742  -23.247  -95.364  9.223 0.4000000060
5802  -24.729  -95.113  3.397 0.5000000000
5818  -23.964  -95.265  2.575 0.4000000060
5025  -22.971  -96.743  9.007 0.4000000060
5817  -22.865  -95.313  2.289 0.4000000060
4403  -20.999  -97.153  7.412 0.3000000119
5034  -21.363  -96.786  8.070 0.3000000119
4412  -21.612  -98.001  7.066 0.3000000119
3822  -21.088  -98.404  6.426 0.3000000119
3243  -20.727  -99.435  5.375 0.3000000119
136365  -26.047  -93.581  4.584 0.3000000119
6654  -26.101  -94.440  4.165 0.4000000060
143210  -25.659  -95.305  3.302 0.4000000060
4402  -20.155  -96.878  7.225 0.3000000119
125399  -19.504  -97.133  6.769 0.3000000119
4411  -20.564  -97.544  6.814 0.3000000119
3821  -19.971  -98.006  6.224 0.3000000119
3830  -20.606  -98.785  5.852 0.3000000119
135140  -18.652  -97.310  6.385 0.3000000119
4418  -18.126  -97.701  5.924 0.3000000119
4419  -19.006  -97.834  5.761 0.3000000119
131109  -18.697  -98.419  5.235 0.3000000119
3829  -19.730  -98.727  5.432 0.3000000119
7556  -26.566  -94.233  2.789 0.3000000119
6677  -26.346  -95.253  2.809 0.4000000060
3827  -17.017  -98.539  5.971 0.3000000119
3241  -16.886  -99.253  5.510 0.3000000119
9989  -26.742  -91.327  2.937 0.3000000119
9976  -27.594  -90.677  3.046 0.3000000119
9228  -26.755  -92.361  2.520 0.3000000119
8414  -26.835  -93.383  2.163 0.3000000119
21830  -11.247  -75.936  19.937 0.5000000000
21797  -12.806  -76.407  22.560 0.5000000000
3870  -17.218  -98.543  2.080 0.6000000238
5069  -18.314  -96.534  3.508 0.5000000000
5819  -25.246  -95.576  2.623 0.4000000060
6678  -26.671  -95.035  2.401 0.4000000060
22759  -11.611  -74.986  19.704 0.5000000000
122137  -12.083  -74.489  19.918 0.4000000060
133891  -13.608  -75.906  19.771 0.4000000060
9188  -24.234  -91.613  7.387 0.3000000119
4414  -25.251  -98.139  7.015 0.3000000119
3228  -24.785  -99.726  6.142 0.3000000119
141703  -23.626  -92.465  8.209 0.4000000060
5775  -22.587  -95.762  5.374 0.4000000060
136415  -23.492  -93.944  8.664 0.4000000060
5750  -23.909  -95.424  8.632 0.3000000119
5027  -24.472  -96.652  8.327 0.3000000119
4404  -22.074  -97.636  7.757 0.3000000119
3823  -22.299  -98.874  6.652 0.3000000119
6665  -26.100  -95.039  3.539 0.4000000060
3242  -20.007  -99.548  4.865 0.3000000119
8399  -26.308  -93.199  3.222 0.3000000119
3834  -17.377  -98.795  5.256 0.3000000119
3929  -17.219  -98.238  -3.956 0.5000000000
3915  -17.259  -98.865  -2.382 0.5000000000
3272  -17.886  -98.987  1.407 0.4000000060
8424  -16.083  -92.231  1.541 0.4000000060
4440  -20.584  -97.472  3.883 0.5000000000
3837  -22.363  -98.721  3.476 0.3000000119
122135  -23.903  -98.975  4.494 0.3000000119
3838  -22.769  -98.355  4.297 0.3000000119
5017  -22.482  -96.152  9.340 0.3000000119
6585  -22.380  -94.593  10.220 0.3000000119
143326  -22.655  -95.060  9.766 0.3000000119
9935  -23.901  -91.003  7.892 0.3000000119
5730  -22.111  -95.256  10.188 0.3000000119
135596  -22.628  -93.984  10.054 0.3000000119
7467  -22.971  -93.539  9.458 0.3000000119
9918  -23.307  -90.042  9.238 0.3000000119
129643  -23.094  -90.919  9.170 0.3000000119
7453  -22.586  -93.282  10.190 0.3000000119
9154  -22.567  -91.868  9.961 0.3000000119
9155  -22.796  -91.654  9.453 0.3000000119
124595  -22.800  -90.237  9.943 0.3000000119
9927  -23.669  -90.354  8.508 0.3000000119
11518  -24.362  -88.666  8.759 0.3000000119
8292  -22.480  -92.482  10.393 0.3000000119
10695  -23.711  -89.438  8.946 0.3000000119
11517  -23.708  -88.723  9.502 0.3000000119
5910  -15.987  -95.598  -6.142 0.3000000119
3854  -18.597  -98.354  2.708 0.5000000000
3284  -17.654  -99.127  0.659 0.4000000060
125248  -17.220  -99.001  -1.451 0.5000000000
138516  -21.648  -97.849  4.060 0.3000000119
21834  -15.737  -76.847  19.435 0.3000000119
21833  -14.726  -76.872  19.446 0.3000000119
132152  -14.393  -77.259  22.251 0.3000000119
4519  -16.767  -97.493  -4.503 0.4000000060
3940  -18.188  -98.396  -5.284 0.4000000060
1725  -17.883  -101.737  -2.394 0.4000000060
2260  -19.031  -100.615  -3.297 0.4000000060
3334  -19.463  -100.176  -2.643 0.4000000060
3315  -19.223  -99.773  -2.307 0.4000000060
3297  -18.369  -99.469  -0.264 0.4000000060
3349  -18.638  -99.501  -4.215 0.4000000060
3314  -18.267  -99.292  -2.579 0.4000000060
122062  -18.233  -99.444  -1.322 0.4000000060
1234  -18.081  -102.617  -1.049 0.3000000119
2248  -19.869  -101.190  -1.801 0.4000000060
2755  -19.829  -100.598  -2.056 0.4000000060
3348  -18.641  -99.150  -4.071 0.4000000060
2254  -18.609  -101.232  -3.058 0.4000000060
2767  -18.652  -100.243  -4.028 0.4000000060
134802  -18.177  -102.026  -1.689 0.3000000119
2255  -19.423  -100.929  -2.636 0.4000000060
2761  -19.464  -100.566  -2.687 0.4000000060
3333  -19.023  -99.617  -3.375 0.4000000060
3316  -19.814  -100.248  -1.832 0.4000000060
3298  -19.258  -99.855  -1.192 0.4000000060
1704  -18.893  -102.665  -0.411 0.3000000119
1717  -19.122  -101.926  -1.220 0.3000000119
2756  -20.191  -100.873  -1.603 0.3000000119
2249  -20.422  -101.152  -1.158 0.3000000119
3286  -19.908  -99.850  0.139 0.3000000119
3273  -19.671  -99.420  1.012 0.3000000119
3299  -20.179  -100.217  -0.881 0.3000000119
3873  -20.399  -98.894  2.145 0.3000000119
3846  -20.078  -97.944  3.340 0.3000000119
3872  -19.413  -98.868  1.929 0.3000000119
134373  -19.292  -99.772  -0.305 0.3000000119
141772  -18.737  -99.094  1.419 0.3000000119
3285  -18.747  -99.419  0.608 0.3000000119
2087  -21.548  -101.979  10.176 0.3000000119
2089  -23.250  -102.033  9.468 0.3000000119
5031  -18.231  -96.324  7.854 0.3000000119
3173  -22.650  -100.074  10.250 0.3000000119
3172  -21.407  -99.488  10.260 0.3000000119
3807  -19.217  -98.879  9.931 0.3000000119
3798  -17.735  -97.961  10.014 0.3000000119
5012  -17.487  -96.718  9.836 0.3000000119
5736  -17.670  -96.340  9.334 0.3000000119
5737  -18.186  -95.755  9.233 0.3000000119
3155  -20.630  -98.817  11.066 0.3000000119
3800  -19.492  -98.614  10.730 0.3000000119
3790  -18.737  -98.142  11.255 0.3000000119
4387  -17.915  -97.736  10.866 0.3000000119
4386  -17.528  -97.246  10.399 0.3000000119
3300  -20.689  -100.564  -0.679 0.3000000119
2101  -22.869  -102.170  9.030 0.3000000119
3191  -19.939  -99.480  9.423 0.3000000119
3193  -22.171  -100.372  9.587 0.3000000119
3192  -21.011  -99.802  9.538 0.3000000119
3171  -20.273  -99.120  10.141 0.3000000119
4381  -19.018  -97.952  12.135 0.3000000119
1233  -17.338  -103.083  -0.976 0.3000000119
1726  -18.919  -101.524  -2.241 0.4000000060
2259  -18.314  -101.014  -3.813 0.4000000060
2685  -24.245  -100.188  5.218 0.3000000119
2768  -19.152  -100.100  -3.380 0.4000000060
3227  -24.313  -99.864  6.290 0.3000000119
3240  -16.686  -99.730  5.774 0.3000000119
3247  -24.614  -99.899  5.678 0.3000000119
3317  -20.266  -100.621  -1.351 0.3000000119
3332  -17.876  -98.890  -3.429 0.5000000000
3372  -18.348  -98.830  -5.452 0.4000000060
3799  -18.494  -98.343  10.422 0.3000000119
3828  -17.806  -98.256  5.487 0.3000000119
3832  -24.709  -99.634  5.736 0.3000000119
3844  -18.063  -97.900  3.130 0.6000000238
3851  -10.085  -98.126  2.145 0.6000000238
3852  -16.870  -97.856  2.398 0.6999999881
3855  -19.670  -98.419  2.738 0.3000000119
3866  -9.104  -98.200  1.177 0.6999999881
3867  -9.886  -98.361  1.339 0.6000000238
3871  -18.164  -98.727  2.088 0.4000000060
3885  -15.828  -98.011  0.313 0.6999999881
3909  -9.398  -98.122  -1.157 0.6999999881
3930  -18.204  -98.587  -4.572 0.4000000060
4391  -17.435  -97.453  9.519 0.3000000119
4396  -23.715  -97.456  8.488 0.3000000119
4397  -24.608  -97.416  8.132 0.3000000119
4407  -25.154  -97.941  7.316 0.3000000119
4417  -17.434  -97.940  6.147 0.3000000119
4421  -23.737  -97.485  5.842 0.3000000119
4429  -20.107  -96.670  4.153 0.6000000238
4439  -18.112  -97.277  3.438 0.5000000000
4446  -10.805  -98.076  2.285 0.5000000000
4447  -11.405  -97.629  2.375 0.5000000000
4448  -12.060  -97.264  3.514 0.4000000060
4461  -16.338  -97.601  1.553 0.5000000000
4468  -15.569  -97.302  0.283 0.6000000238
4474  -7.008  -97.305  -1.134 0.6999999881
4476  -10.203  -97.787  -0.758 0.6999999881
4489  -15.250  -97.445  -1.689 0.6000000238
4510  -7.062  -97.475  -4.179 0.6000000238
4518  -15.780  -97.100  -3.967 0.4000000060
5008  -17.446  -96.410  10.731 0.3000000119
5046  -12.094  -96.794  5.192 0.5000000000
5048  -22.122  -96.108  5.324 0.4000000060
5055  -10.680  -96.916  4.906 0.5000000000
5056  -11.408  -97.025  4.898 0.5000000000
5058  -19.804  -95.978  4.089 0.6000000238
5066  -9.562  -97.078  3.909 0.6999999881
5068  -17.673  -96.939  3.217 0.6000000238
5081  -17.677  -96.551  2.901 0.5000000000
5088  -7.846  -97.126  1.852 0.6999999881
5106  -24.335  -96.273  -0.479 0.5000000000
5130  -14.375  -96.111  -1.287 0.6000000238
5741  -22.605  -95.622  9.616 0.3000000119
5751  -24.760  -96.302  7.893 0.3000000119
5754  -12.185  -95.180  6.984 0.5000000000
5756  -24.850  -95.688  7.458 0.3000000119
5763  -12.379  -95.765  6.448 0.5000000000
5766  -24.844  -96.728  6.636 0.3000000119
5768  -24.907  -95.384  6.513 0.3000000119
5777  -24.787  -95.209  5.945 0.4000000060
5780  -8.327  -95.265  3.901 0.6999999881
5785  -22.830  -95.289  5.129 0.4000000060
5799  -21.720  -95.033  3.864 0.4000000060
5803  -26.076  -95.594  2.762 0.4000000060
5816  -21.013  -95.264  2.505 0.4000000060
5822  -2.865  -94.946  1.262 0.5000000000
5826  -6.122  -95.886  1.803 0.6999999881
5836  -24.777  -95.868  1.729 0.5000000000
5851  -20.610  -96.098  -0.330 0.5000000000
5857  -26.263  -95.531  0.515 0.4000000060
5864  -14.773  -95.891  -0.678 0.6000000238
5872  -21.976  -96.268  -0.647 0.5000000000
5898  -7.721  -94.513  -4.181 0.4000000060
5909  -15.227  -95.272  -5.689 0.5000000000
6593  -22.985  -94.479  9.489 0.3000000119
6605  -24.031  -94.737  8.310 0.3000000119
6625  -10.852  -94.563  6.481 0.5000000000
6626  -11.455  -94.890  6.878 0.6000000238
6636  -10.467  -95.154  6.004 0.6000000238
6666  -26.321  -94.759  3.304 0.4000000060
6671  -6.292  -94.897  2.736 0.6999999881
6680  -2.714  -94.306  1.320 0.5000000000
6685  -13.275  -94.269  1.747 0.5000000000
6686  -26.914  -95.123  1.521 0.5000000000
6698  -11.219  -94.109  -0.497 0.6000000238
6717  -17.896  -93.762  -1.706 0.5000000000
6727  -13.283  -93.656  -2.782 0.6000000238
6735  -8.420  -94.029  -3.848 0.5000000000
6744  -9.655  -94.156  -5.833 0.5000000000
7483  -24.136  -93.984  7.897 0.4000000060
7541  -26.077  -94.015  4.754 0.4000000060
7542  -26.328  -94.077  3.991 0.4000000060
7548  -7.339  -93.833  3.338 0.6999999881
7559  -5.802  -94.169  2.539 0.6999999881
7561  -6.932  -93.378  2.792 0.6999999881
7570  -4.212  -93.372  1.728 0.6000000238
7617  -11.237  -93.092  -1.784 0.5000000000
7623  -18.988  -92.986  -2.515 0.5000000000
7634  -9.845  -93.567  -2.761 0.5000000000
7640  -9.451  -93.453  -3.513 0.5000000000
7643  -8.337  -93.660  -4.490 0.5000000000
7647  -12.854  -93.284  -4.171 0.5000000000
7651  -9.153  -93.602  -5.262 0.5000000000
7654  -12.600  -93.814  -4.780 0.5000000000
8308  -22.812  -92.532  9.536 0.3000000119
8340  -11.682  -92.812  7.622 0.5000000000
8377  -8.843  -92.846  4.524 0.6000000238
8378  -9.416  -92.079  4.669 0.6000000238
8402  -6.626  -92.654  2.262 0.6999999881
8420  -5.012  -92.651  1.279 0.6000000238
8443  -14.496  -92.070  0.156 0.5000000000
8444  -15.527  -91.993  0.890 0.5000000000
8458  -14.344  -91.731  -0.702 0.5000000000
8459  -18.258  -91.851  -1.521 0.5000000000
8470  -11.959  -92.475  -1.990 0.5000000000
8471  -12.841  -92.241  -1.917 0.5000000000
8472  -13.524  -92.100  -1.602 0.5000000000
8476  -17.503  -91.914  -1.634 0.6000000238
8487  -11.256  -93.073  -3.175 0.5000000000
8488  -11.983  -92.685  -3.204 0.5000000000
8491  -12.201  -92.949  -3.810 0.5000000000
9134  -22.423  -91.619  10.688 0.3000000119
9187  -23.732  -91.767  8.017 0.4000000060
9195  -11.433  -91.367  6.167 0.5000000000
9206  -10.886  -90.837  5.015 0.6000000238
9235  -7.222  -91.180  0.968 0.6000000238
9246  -7.931  -90.622  0.708 0.6000000238
9248  -15.645  -91.401  0.056 0.5000000000
9262  -6.490  -90.754  -0.357 0.6000000238
9263  -7.217  -90.447  -0.112 0.6000000238
9264  -14.308  -91.777  -1.315 0.5000000000
9266  -16.573  -91.280  -0.863 0.5000000000
9267  -17.092  -91.344  -0.973 0.5000000000
9277  -17.578  -91.658  -1.369 0.6000000238
9917  -22.600  -91.150  9.914 0.3000000119
9971  -10.533  -89.867  3.758 0.6000000238
9972  -11.031  -90.243  4.385 0.5000000000
10010  -7.989  -90.324  0.200 0.6000000238
10011  -8.611  -90.196  0.429 0.6000000238
10021  -6.135  -90.287  -0.567 0.5000000000
10691  -13.536  -89.900  8.671 0.5000000000
10692  -14.063  -89.485  9.328 0.5000000000
10696  -24.230  -89.584  8.226 0.3000000119
10701  -12.784  -89.699  7.152 0.6000000238
10702  -13.246  -89.374  7.792 0.5000000000
10759  -10.062  -89.745  0.994 0.6999999881
10761  -11.799  -89.067  2.327 0.6000000238
10774  -11.892  -88.867  1.086 0.6000000238
10784  -7.495  -89.219  0.076 0.5000000000
10785  -10.395  -89.497  0.084 0.6000000238
10787  -11.232  -89.013  0.179 0.6000000238
10795  -6.488  -89.955  -0.570 0.5000000000
10797  -8.891  -89.672  -0.000 0.6000000238
10798  -9.673  -89.694  0.029 0.6000000238
10799  -10.240  -89.475  -0.096 0.6000000238
11556  -13.463  -88.298  5.389 0.6000000238
11558  -26.006  -89.031  6.015 0.3000000119
11579  -14.350  -87.642  2.036 0.5000000000
11589  -13.340  -88.155  1.229 0.6000000238
11602  -8.013  -88.118  1.314 0.5000000000
11614  -8.574  -88.540  0.589 0.5000000000
11618  -12.087  -88.276  0.685 0.6000000238
11625  -8.118  -88.972  0.095 0.5000000000
11626  -8.847  -89.167  -0.006 0.6000000238
12245  -8.970  -87.211  14.777 0.6000000238
12308  -8.322  -87.435  11.106 0.5000000000
12322  -8.699  -87.456  10.340 0.5000000000
12348  -9.966  -87.484  7.669 0.6000000238
12395  -10.186  -87.239  4.644 0.6000000238
12397  -15.277  -86.442  3.162 0.6000000238
12408  -14.762  -87.136  2.619 0.6000000238
12419  -8.506  -87.515  2.204 0.5000000000
12420  -9.397  -87.404  2.371 0.5000000000
12423  -14.132  -87.625  1.722 0.5000000000
12438  -13.090  -87.932  0.881 0.6000000238
12439  -13.686  -87.602  1.370 0.5000000000
12452  -10.167  -88.313  0.394 0.6000000238
12453  -11.115  -88.487  0.237 0.6000000238
13136  -8.660  -86.650  15.331 0.6000000238
13146  -9.609  -86.843  14.246 0.6000000238
13217  -8.542  -86.411  10.381 0.6999999881
13231  -9.884  -86.179  8.902 0.6999999881
13244  -11.271  -85.785  6.727 0.6000000238
13251  -11.418  -85.830  6.061 0.6000000238
13296  -15.663  -85.739  2.896 0.6000000238
13311  -13.256  -86.835  1.938 0.5000000000
13991  -10.714  -85.895  14.367 0.6999999881
13992  -11.293  -85.224  13.942 0.6999999881
14006  -8.946  -85.955  12.207 0.6000000238
14016  -7.932  -85.259  11.251 0.6999999881
14063  -9.751  -85.272  8.644 0.6000000238
14075  -10.275  -84.749  7.877 0.6000000238
14090  -14.638  -85.344  5.736 0.6000000238
14105  -15.346  -84.909  4.760 0.6000000238
14106  -15.635  -84.548  3.872 0.6000000238
14128  -11.944  -85.734  3.401 0.5000000000
14132  -15.828  -85.208  3.109 0.6000000238
14150  -14.858  -85.772  2.701 0.6000000238
14151  -15.617  -85.565  2.906 0.6000000238
14867  -11.522  -84.661  14.325 0.6999999881
14900  -7.337  -84.304  10.067 0.6000000238
14949  -7.128  -83.323  7.617 0.6999999881
14951  -9.374  -83.964  7.101 0.5000000000
14955  -16.350  -83.660  7.868 0.5000000000
14970  -15.566  -83.857  5.598 0.6000000238
14981  -11.061  -83.711  5.590 0.6000000238
14982  -11.771  -84.086  5.048 0.6000000238
14995  -15.489  -84.014  4.064 0.6000000238
15774  -12.335  -82.765  15.465 0.6000000238
15785  -12.293  -83.264  14.612 0.6000000238
15793  -12.017  -83.504  13.752 0.6000000238
15815  -7.550  -84.025  10.512 0.6000000238
15842  -6.485  -83.168  8.729 0.6999999881
15854  -5.911  -82.490  8.435 0.6999999881
15868  -7.653  -83.180  7.181 0.6999999881
15880  -7.571  -82.896  7.052 0.8000000119
15883  -9.844  -83.040  6.040 0.6000000238
15884  -15.810  -82.422  6.045 0.5000000000
15895  -10.592  -83.128  5.739 0.6000000238
15907  -14.539  -83.392  4.308 0.5000000000
15909  -15.303  -83.249  4.906 0.6000000238
16617  -11.556  -83.072  15.792 0.5000000000
16664  -8.339  -82.718  11.051 0.8000000119
16692  -5.511  -81.944  9.026 0.8000000119
16707  -5.708  -82.187  8.513 0.8000000119
16722  -7.761  -82.540  7.043 0.6999999881
16736  -9.499  -82.594  6.320 0.6000000238
16741  -16.122  -81.906  6.553 0.5000000000
16752  -12.794  -82.496  5.512 0.5000000000
16761  -12.744  -83.107  5.049 0.5000000000
16764  -15.084  -82.801  5.045 0.6000000238
17465  -8.882  -81.057  15.979 0.6999999881
17468  -11.759  -81.697  16.583 0.6000000238
17469  -12.959  -80.538  16.356 0.6000000238
17480  -13.149  -81.152  15.999 0.6999999881
17496  -13.058  -81.231  15.316 0.6999999881
17515  -12.415  -82.054  14.188 0.6999999881
17531  -8.449  -80.701  11.897 0.6999999881
17552  -8.838  -81.494  11.799 0.6000000238
17574  -5.761  -81.286  9.970 0.8000000119
17575  -6.414  -81.983  10.303 0.8000000119
17592  -5.665  -81.232  9.285 0.6000000238
17610  -5.736  -81.645  8.645 0.8000000119
17611  -6.536  -81.563  8.283 0.6000000238
17613  -8.693  -81.601  8.411 0.5000000000
17616  -14.135  -81.650  7.521 0.5000000000
17629  -8.489  -82.106  6.844 0.6999999881
17630  -9.230  -81.691  6.908 0.6999999881
17632  -12.666  -81.583  6.880 0.5000000000
17633  -13.771  -81.547  6.661 0.5000000000
17635  -15.774  -81.277  7.215 0.5000000000
17646  -11.414  -81.852  6.504 0.5000000000
17648  -14.590  -81.550  6.108 0.5000000000
17658  -13.356  -81.957  5.829 0.5000000000
17659  -14.328  -81.832  5.680 0.5000000000
18328  -9.389  -79.858  16.436 0.6999999881
18358  -12.918  -80.645  14.801 0.6999999881
18376  -11.660  -80.578  13.644 0.6000000238
18405  -6.182  -80.609  10.552 0.6999999881
18406  -6.747  -80.308  11.093 0.6999999881
18426  -6.166  -80.443  9.630 0.6000000238
18428  -7.374  -80.183  9.599 0.5000000000
19177  -13.193  -79.788  16.311 0.6000000238
19206  -13.254  -79.960  15.345 0.6000000238
19253  -7.071  -79.501  10.642 0.5000000000
19262  -6.786  -79.828  9.902 0.6000000238
19978  -13.933  -78.648  21.614 0.4000000060
20076  -7.392  -78.272  16.457 0.6000000238
20948  -15.404  -77.592  19.693 0.4000000060
20966  -8.832  -76.776  17.669 0.6000000238
20987  -14.022  -77.390  15.981 0.5000000000
21844  -9.435  -76.427  18.605 0.5000000000
121038  -9.168  -97.857  -1.972 0.6999999881
121351  -25.793  -93.487  5.214 0.3000000119
121931  -8.157  -91.836  3.498 0.6999999881
122458  -7.516  -83.989  14.919 0.5000000000
122469  -16.402  -98.533  0.306 0.6999999881
122708  -13.731  -77.929  16.416 0.5000000000
123205  -10.397  -81.473  12.705 0.6999999881
123238  -13.797  -87.010  6.692 0.6000000238
123367  -15.363  -86.105  3.815 0.6000000238
124297  -11.805  -82.410  5.724 0.5000000000
124538  -11.044  -88.893  -0.031 0.6000000238
124577  -10.037  -87.508  6.865 0.6999999881
128958  -5.494  -90.683  -0.527 0.5000000000
129581  -7.123  -96.986  0.869 0.6999999881
129585  -8.298  -97.487  -3.082 0.6000000238
130499  -12.378  -92.518  -2.774 0.5000000000
130792  -21.226  -98.224  3.347 0.3000000119
131787  -25.040  -96.574  7.244 0.3000000119
132254  -10.138  -80.690  16.526 0.6000000238
132346  -23.521  -91.185  8.465 0.3000000119
132403  -12.587  -81.714  16.212 0.6000000238
132593  -21.804  -96.373  8.868 0.3000000119
133057  -12.768  -88.828  3.602 0.5000000000
133158  -23.856  -96.087  8.786 0.3000000119
134103  -11.462  -97.609  3.197 0.5000000000
134391  -7.687  -83.916  8.320 0.6000000238
134405  -8.057  -77.223  17.379 0.6999999881
134451  -24.653  -89.891  7.405 0.3000000119
135560  -19.784  -100.804  -2.180 0.4000000060
136239  -12.695  -77.749  17.147 0.5000000000
136758  -16.235  -91.458  -1.197 0.5000000000
137137  -11.551  -87.948  0.710 0.6000000238
137148  -16.731  -91.654  -1.368 0.6000000238
137748  -14.079  -88.028  2.172 0.5000000000
137879  -17.766  -96.175  2.320 0.5000000000
137912  -10.550  -85.467  15.038 0.6000000238
137984  -10.104  -86.388  14.472 0.6000000238
138143  -4.473  -93.985  2.210 0.6000000238
138146  -23.031  -95.024  3.063 0.4000000060
138192  -11.289  -95.954  6.180 0.5000000000
138345  -25.424  -94.902  3.973 0.4000000060
138974  -14.880  -91.530  -1.055 0.5000000000
139155  -11.722  -81.624  6.961 0.5000000000
139324  -13.179  -88.858  5.780 0.6000000238
139955  -9.724  -85.982  12.630 0.6000000238
140009  -15.814  -83.187  5.998 0.6000000238
140574  -18.448  -95.938  8.484 0.3000000119
140871  -11.716  -92.832  -1.551 0.5000000000
141636  -10.190  -98.189  0.005 0.6999999881
141653  -14.260  -88.831  9.679 0.5000000000
141658  -10.369  -80.107  21.536 0.4000000060
141660  -8.369  -97.105  -3.556 0.6000000238
141731  -24.362  -96.009  8.408 0.3000000119
141970  -10.633  -93.500  -4.684 0.5000000000
142182  -17.174  -98.833  1.376 0.6000000238
143206  -15.988  -95.075  -0.365 0.6999999881
143412  -11.529  -75.552  18.591 0.5000000000
144190  -15.686  -96.009  0.301 0.6999999881
144381  -18.643  -99.281  -3.478 0.4000000060
144454  -7.214  -90.098  -0.329 0.6000000238
144527  -19.299  -97.534  6.251 0.3000000119
144691  -9.433  -78.263  22.593 0.4000000060
144948  -9.902  -82.150  6.388 0.6000000238
144970  -9.875  -91.490  4.717 0.6000000238
144983  -10.744  -73.695  23.117 0.4000000060
145000  -21.719  -95.336  4.547 0.5000000000
145106  -12.703  -89.130  4.257 0.5000000000
145264  -8.605  -84.087  11.339 0.8000000119
145447  -8.471  -97.957  0.930 0.6999999881
145521  -6.002  -89.391  0.220 0.5000000000
145614  -12.304  -89.235  3.700 0.5000000000
145794  -2.616  -95.241  0.955 0.5000000000
146136  -18.405  -98.038  5.569 0.3000000119
146217  -9.984  -89.649  -0.042 0.6000000238
