#!ascii label  , from subject sub-01 vox2ras=TkReg
667
12209  -35.970  -87.088  18.181 0.0000000000
14847  -42.216  -84.022  17.064 0.0000000000
16532  -38.321  -82.846  24.760 0.0000000000
13080  -39.985  -88.520  20.622 0.0000000000
17406  -44.649  -82.044  25.062 0.0000000000
16552  -31.868  -81.925  22.374 0.0000000000
20843  -34.608  -77.967  27.017 0.0000000000
142658  -37.382  -74.129  29.242 0.0000000000
19963  -39.368  -78.503  23.352 0.0000000000
17403  -41.795  -81.835  24.326 0.0000000000
145260  -42.368  -78.423  23.933 0.0000000000
121523  -33.631  -81.143  26.495 0.0000000000
123391  -36.233  -81.113  29.604 0.0000000000
138938  -31.985  -70.274  30.459 0.0000000000
27036  -32.841  -70.735  28.009 0.0000000000
9843  -37.713  -91.296  15.030 0.0000000000
13942  -41.038  -85.625  18.878 0.0000000000
13148  -39.619  -86.962  14.351 0.0000000000
141275  -41.315  -85.233  13.903 0.0000000000
13922  -37.064  -85.985  21.571 0.0000000000
11368  -38.325  -89.436  19.627 0.0000000000
13030  -43.288  -86.740  24.137 0.0000000000
13925  -44.506  -85.175  22.390 0.0000000000
16555  -35.088  -82.922  23.085 0.0000000000
18256  -36.635  -80.416  24.969 0.0000000000
22676  -35.837  -75.837  24.157 0.0000000000
19036  -40.552  -79.408  28.821 0.0000000000
21737  -37.091  -76.209  28.019 0.0000000000
137791  -33.942  -73.856  26.028 0.0000000000
27071  -36.359  -70.670  24.856 0.0000000000
11417  -38.801  -90.262  15.878 0.0000000000
139100  -40.004  -83.395  20.567 0.0000000000
15762  -40.065  -83.449  16.503 0.0000000000
17549  -39.287  -81.302  11.789 0.0000000000
21780  -38.845  -76.435  23.274 0.0000000000
19964  -40.243  -78.691  23.422 0.0000000000
11401  -36.964  -88.931  16.354 0.0000000000
13959  -42.388  -84.803  17.915 0.0000000000
133131  -41.279  -85.347  16.140 0.0000000000
13985  -41.761  -84.584  15.715 0.0000000000
14880  -41.423  -84.134  12.717 0.0000000000
15788  -41.569  -83.786  14.953 0.0000000000
135250  -37.735  -84.722  23.377 0.0000000000
14773  -39.246  -84.717  24.309 0.0000000000
122306  -42.985  -82.655  24.585 0.0000000000
15669  -42.475  -84.294  24.561 0.0000000000
14777  -44.225  -85.191  24.533 0.0000000000
13904  -44.389  -85.798  23.975 0.0000000000
14779  -45.392  -84.330  24.479 0.0000000000
140508  -34.471  -83.801  21.516 0.0000000000
15690  -33.699  -82.805  22.166 0.0000000000
18238  -34.015  -79.920  27.730 0.0000000000
129374  -35.116  -81.480  26.023 0.0000000000
19947  -34.881  -78.546  25.792 0.0000000000
19951  -36.079  -78.420  24.387 0.0000000000
21762  -35.055  -76.931  24.865 0.0000000000
141546  -39.610  -75.915  29.108 0.0000000000
19919  -38.784  -78.166  28.692 0.0000000000
139653  -37.912  -74.911  28.615 0.0000000000
27935  -32.704  -69.256  27.094 0.0000000000
24453  -33.718  -72.976  26.960 0.0000000000
27063  -33.926  -70.901  25.726 0.0000000000
25353  -34.715  -72.618  25.194 0.0000000000
10544  -39.292  -89.875  20.337 0.0000000000
10571  -39.109  -91.021  17.781 0.0000000000
11390  -39.424  -89.435  18.190 0.0000000000
11469  -39.052  -87.871  11.658 0.0000000000
16584  -38.304  -83.199  19.891 0.0000000000
15741  -39.403  -84.020  17.999 0.0000000000
16645  -38.486  -81.188  13.236 0.0000000000
145687  -39.038  -80.214  23.790 0.0000000000
16534  -40.073  -82.640  24.500 0.0000000000
18270  -40.585  -80.849  23.936 0.0000000000
18271  -41.827  -80.244  24.104 0.0000000000
138993  -43.575  -79.573  24.624 0.0000000000
131274  -32.797  -81.494  24.309 0.0000000000
18217  -34.032  -80.862  29.210 0.0000000000
19047  -35.239  -78.981  28.938 0.0000000000
24422  -34.351  -72.874  29.857 0.0000000000
25314  -35.629  -72.152  28.985 0.0000000000
26175  -33.047  -70.952  29.294 0.0000000000
28863  -32.183  -68.393  28.176 0.0000000000
29831  -32.919  -66.973  27.125 0.0000000000
13081  -40.358  -87.215  20.613 0.0000000000
12226  -39.361  -87.812  18.228 0.0000000000
13117  -39.851  -86.442  17.813 0.0000000000
13149  -40.300  -86.254  14.301 0.0000000000
14012  -40.090  -85.627  11.719 0.0000000000
126004  -40.594  -84.500  10.894 0.0000000000
14927  -40.832  -83.482  9.614 0.0000000000
16706  -41.122  -81.583  9.365 0.0000000000
13078  -36.470  -86.681  20.549 0.0000000000
12211  -37.494  -88.506  19.127 0.0000000000
12183  -38.930  -88.703  21.804 0.0000000000
11338  -40.233  -89.242  22.104 0.0000000000
14774  -41.117  -85.016  24.490 0.0000000000
13028  -41.558  -87.016  24.222 0.0000000000
12185  -41.260  -88.371  22.693 0.0000000000
13069  -41.801  -87.219  22.108 0.0000000000
141953  -43.325  -85.575  21.194 0.0000000000
13945  -43.241  -84.556  19.590 0.0000000000
13932  -35.270  -85.727  20.422 0.0000000000
14796  -36.625  -84.492  22.405 0.0000000000
15663  -36.971  -83.255  24.733 0.0000000000
17397  -34.263  -81.883  25.202 0.0000000000
16519  -35.972  -82.485  25.289 0.0000000000
17399  -37.313  -81.870  25.142 0.0000000000
19079  -37.350  -79.378  24.124 0.0000000000
20884  -37.871  -77.462  23.397 0.0000000000
23578  -37.480  -74.718  23.631 0.0000000000
18221  -38.783  -79.948  29.344 0.0000000000
19904  -37.128  -78.643  29.188 0.0000000000
20834  -36.038  -77.520  28.237 0.0000000000
121873  -35.707  -72.808  28.453 0.0000000000
22646  -34.863  -74.979  27.417 0.0000000000
21745  -34.570  -76.434  26.259 0.0000000000
23568  -34.549  -74.716  25.061 0.0000000000
145157  -36.372  -73.632  24.169 0.0000000000
11389  -38.029  -90.026  17.942 0.0000000000
143395  -38.121  -91.298  15.820 0.0000000000
11418  -39.007  -88.932  15.906 0.0000000000
11445  -38.546  -89.106  13.021 0.0000000000
131568  -45.479  -83.517  22.927 0.0000000000
14807  -44.147  -84.549  21.440 0.0000000000
15734  -42.984  -83.850  18.804 0.0000000000
124249  -41.774  -83.681  18.925 0.0000000000
15764  -41.840  -83.714  16.882 0.0000000000
15787  -40.994  -83.448  14.485 0.0000000000
16677  -40.374  -81.876  11.416 0.0000000000
22691  -38.885  -74.913  23.457 0.0000000000
21781  -39.633  -76.404  23.316 0.0000000000
11400  -35.922  -88.140  15.934 0.0000000000
12225  -36.630  -87.764  17.712 0.0000000000
13977  -41.879  -84.597  16.550 0.0000000000
14868  -41.831  -84.103  14.547 0.0000000000
14851  -41.993  -83.965  16.261 0.0000000000
15665  -38.358  -83.466  24.652 0.0000000000
14787  -38.439  -84.907  23.806 0.0000000000
15666  -39.090  -83.878  24.569 0.0000000000
17405  -43.657  -82.183  24.686 0.0000000000
141180  -43.908  -83.348  24.722 0.0000000000
142026  -44.542  -82.811  25.016 0.0000000000
14778  -44.881  -84.735  24.531 0.0000000000
16537  -45.062  -83.572  25.111 0.0000000000
138497  -31.629  -82.882  21.208 0.0000000000
16568  -32.173  -82.587  21.634 0.0000000000
16569  -33.035  -82.986  21.555 0.0000000000
16553  -32.828  -82.371  22.230 0.0000000000
19924  -34.584  -78.649  27.436 0.0000000000
19057  -34.435  -79.314  27.202 0.0000000000
19930  -34.624  -78.645  26.611 0.0000000000
20868  -34.882  -77.627  25.402 0.0000000000
19946  -34.667  -77.913  26.207 0.0000000000
23531  -37.595  -74.775  29.803 0.0000000000
22628  -37.220  -75.464  30.635 0.0000000000
22630  -39.071  -75.695  29.823 0.0000000000
21724  -39.665  -76.041  29.539 0.0000000000
22634  -39.192  -75.569  29.228 0.0000000000
22638  -39.195  -75.647  28.830 0.0000000000
23534  -37.884  -74.554  29.122 0.0000000000
27936  -33.244  -69.171  26.464 0.0000000000
27048  -33.315  -70.843  26.325 0.0000000000
128641  -34.609  -70.043  25.478 0.0000000000
27949  -34.456  -69.168  25.664 0.0000000000
12193  -39.913  -89.356  20.939 0.0000000000
11376  -39.465  -89.798  19.519 0.0000000000
123415  -39.510  -89.084  18.981 0.0000000000
131611  -38.220  -83.500  16.947 0.0000000000
16630  -38.611  -81.952  14.158 0.0000000000
16618  -38.503  -82.215  15.054 0.0000000000
19088  -38.714  -79.174  23.533 0.0000000000
18269  -39.743  -80.946  23.959 0.0000000000
19089  -39.651  -79.371  23.500 0.0000000000
19965  -41.142  -78.805  23.617 0.0000000000
19091  -41.492  -79.531  23.826 0.0000000000
19092  -42.026  -78.883  23.880 0.0000000000
18272  -42.782  -80.362  24.383 0.0000000000
19953  -42.947  -78.698  24.281 0.0000000000
19031  -34.826  -79.676  29.128 0.0000000000
18218  -35.474  -80.322  29.489 0.0000000000
24421  -33.446  -73.139  30.473 0.0000000000
26163  -32.741  -71.566  29.957 0.0000000000
26176  -33.500  -71.452  29.327 0.0000000000
27016  -32.431  -70.644  29.846 0.0000000000
136493  -32.338  -67.912  27.770 0.0000000000
142970  -37.678  -91.434  14.475 0.0000000000
13092  -40.229  -86.393  19.398 0.0000000000
13101  -39.643  -86.864  18.832 0.0000000000
13102  -40.413  -85.947  18.426 0.0000000000
13993  -41.210  -85.470  14.407 0.0000000000
144759  -40.635  -85.946  14.947 0.0000000000
13156  -40.682  -85.706  13.552 0.0000000000
14013  -40.725  -85.199  12.692 0.0000000000
140567  -40.191  -85.247  11.068 0.0000000000
15813  -41.410  -83.271  12.299 0.0000000000
122066  -41.104  -83.587  10.720 0.0000000000
15827  -41.498  -82.955  11.498 0.0000000000
135411  -41.295  -82.342  9.801 0.0000000000
16678  -41.306  -82.329  11.203 0.0000000000
13065  -36.771  -86.414  21.118 0.0000000000
13079  -37.163  -87.202  20.902 0.0000000000
11348  -39.803  -89.342  22.066 0.0000000000
12164  -40.837  -88.441  23.205 0.0000000000
16535  -41.115  -82.379  24.406 0.0000000000
121256  -40.760  -83.373  24.576 0.0000000000
121255  -41.752  -83.350  24.534 0.0000000000
13889  -41.837  -86.074  24.406 0.0000000000
13029  -42.493  -87.084  24.257 0.0000000000
12165  -41.489  -88.174  23.371 0.0000000000
12166  -42.112  -87.700  23.661 0.0000000000
123544  -44.127  -85.558  22.380 0.0000000000
13071  -43.761  -85.600  21.861 0.0000000000
13934  -43.272  -85.159  20.141 0.0000000000
13923  -43.762  -85.134  20.920 0.0000000000
15691  -34.579  -83.262  22.236 0.0000000000
15702  -35.119  -83.916  21.780 0.0000000000
15692  -35.472  -83.481  22.581 0.0000000000
15693  -36.295  -83.763  22.896 0.0000000000
15680  -35.822  -83.216  23.503 0.0000000000
17385  -32.856  -81.272  26.188 0.0000000000
141475  -33.473  -81.592  24.973 0.0000000000
123382  -33.622  -81.505  25.751 0.0000000000
143116  -35.533  -81.223  25.940 0.0000000000
17387  -35.903  -81.744  25.723 0.0000000000
16520  -36.616  -82.168  25.414 0.0000000000
17388  -36.664  -81.353  25.365 0.0000000000
143409  -37.726  -80.339  24.287 0.0000000000
19078  -36.548  -79.439  24.512 0.0000000000
20872  -36.149  -77.461  24.107 0.0000000000
19961  -36.727  -77.973  23.863 0.0000000000
21778  -37.041  -76.325  23.579 0.0000000000
22689  -37.516  -75.596  23.513 0.0000000000
22688  -36.612  -75.619  23.775 0.0000000000
123289  -39.634  -79.698  29.046 0.0000000000
123485  -38.272  -77.030  28.233 0.0000000000
19905  -38.078  -78.740  29.167 0.0000000000
20846  -37.221  -77.098  28.284 0.0000000000
19917  -36.668  -77.987  28.787 0.0000000000
20845  -36.375  -76.856  27.941 0.0000000000
25322  -34.920  -71.735  28.980 0.0000000000
24440  -36.101  -72.566  28.906 0.0000000000
25328  -34.481  -72.033  28.479 0.0000000000
25335  -33.530  -72.413  26.482 0.0000000000
127730  -34.036  -73.241  27.377 0.0000000000
23547  -34.276  -74.597  26.883 0.0000000000
22656  -34.869  -76.030  26.949 0.0000000000
23562  -34.133  -74.635  26.058 0.0000000000
22669  -34.477  -75.479  25.421 0.0000000000
123777  -34.365  -74.022  25.429 0.0000000000
27070  -35.613  -70.967  25.001 0.0000000000
25357  -35.340  -73.006  24.739 0.0000000000
125937  -36.181  -72.911  24.375 0.0000000000
24480  -37.147  -73.202  24.016 0.0000000000
11374  -37.398  -88.628  18.236 0.0000000000
11375  -38.227  -89.742  18.813 0.0000000000
10587  -39.242  -90.842  17.242 0.0000000000
9793  -38.973  -91.322  17.099 0.0000000000
10601  -38.456  -91.079  15.758 0.0000000000
10614  -38.295  -90.854  14.616 0.0000000000
10622  -38.208  -90.193  13.497 0.0000000000
12252  -39.389  -87.668  15.696 0.0000000000
12238  -39.278  -88.076  16.507 0.0000000000
12261  -39.208  -87.854  14.844 0.0000000000
12303  -38.634  -87.648  10.964 0.0000000000
11446  -38.881  -88.351  12.609 0.0000000000
139577  -46.228  -83.299  24.407 0.0000000000
16545  -46.069  -83.068  23.542 0.0000000000
15705  -44.045  -83.895  21.603 0.0000000000
14818  -43.330  -84.258  19.999 0.0000000000
15720  -43.001  -83.796  19.625 0.0000000000
15752  -40.314  -83.613  17.296 0.0000000000
14840  -40.746  -83.834  19.054 0.0000000000
15753  -41.449  -83.498  17.390 0.0000000000
15763  -41.113  -83.466  16.638 0.0000000000
15777  -40.889  -83.462  15.326 0.0000000000
121308  -40.233  -83.240  14.873 0.0000000000
17530  -39.034  -81.631  12.612 0.0000000000
16661  -39.825  -82.306  12.331 0.0000000000
17572  -39.658  -80.911  10.807 0.0000000000
20886  -39.240  -77.663  23.278 0.0000000000
128328  -39.858  -77.118  23.308 0.0000000000
133195  -40.638  -77.279  23.428 0.0000000000
20888  -41.361  -77.475  23.562 0.0000000000
125978  -31.732  -68.768  30.342 0.0000000000
28841  -31.793  -68.105  30.712 0.0000000000
10585  -37.522  -90.308  16.078 0.0000000000
13958  -41.605  -85.322  18.033 0.0000000000
13118  -40.937  -85.582  17.520 0.0000000000
13976  -41.426  -85.285  16.831 0.0000000000
14001  -41.614  -84.738  14.162 0.0000000000
14873  -41.663  -84.157  13.722 0.0000000000
14881  -41.487  -83.556  13.175 0.0000000000
14797  -37.372  -84.939  22.683 0.0000000000
13900  -38.095  -85.397  23.016 0.0000000000
13901  -38.866  -85.781  23.359 0.0000000000
13887  -39.935  -85.561  24.108 0.0000000000
122387  -42.146  -82.561  24.459 0.0000000000
16536  -42.784  -83.409  24.583 0.0000000000
123285  -43.596  -84.362  24.612 0.0000000000
13891  -43.757  -86.008  24.405 0.0000000000
13044  -43.796  -86.432  23.949 0.0000000000
13892  -44.331  -85.517  24.272 0.0000000000
13905  -44.995  -85.067  24.090 0.0000000000
14798  -45.155  -84.639  23.218 0.0000000000
15701  -33.853  -83.425  21.535 0.0000000000
16554  -34.311  -82.633  22.882 0.0000000000
18242  -33.634  -80.640  27.311 0.0000000000
17371  -34.351  -80.958  26.494 0.0000000000
18243  -34.292  -80.140  26.953 0.0000000000
18244  -35.083  -80.645  26.248 0.0000000000
129423  -35.401  -80.051  25.831 0.0000000000
19077  -35.743  -79.107  24.835 0.0000000000
19950  -35.269  -78.430  25.041 0.0000000000
20871  -35.435  -77.643  24.678 0.0000000000
21765  -35.415  -76.343  24.495 0.0000000000
145048  -41.356  -77.682  29.110 0.0000000000
19920  -40.277  -77.702  28.545 0.0000000000
19048  -39.610  -78.367  28.573 0.0000000000
20836  -40.015  -76.883  28.555 0.0000000000
21729  -39.051  -75.974  28.379 0.0000000000
22649  -37.720  -75.497  28.201 0.0000000000
27038  -32.663  -70.044  27.482 0.0000000000
26189  -33.224  -71.371  27.735 0.0000000000
27039  -32.879  -70.808  27.057 0.0000000000
25352  -33.947  -72.532  25.799 0.0000000000
24473  -34.221  -73.302  25.612 0.0000000000
26209  -34.278  -71.799  25.515 0.0000000000
27064  -34.802  -70.984  25.274 0.0000000000
27065  -35.724  -70.155  25.141 0.0000000000
11369  -38.936  -89.985  20.003 0.0000000000
10551  -38.879  -90.287  19.192 0.0000000000
10552  -39.222  -90.144  19.522 0.0000000000
10572  -39.302  -90.569  18.071 0.0000000000
11403  -39.118  -90.351  16.535 0.0000000000
127400  -39.320  -87.485  13.868 0.0000000000
142146  -38.595  -83.771  19.374 0.0000000000
15730  -39.029  -83.696  19.773 0.0000000000
15731  -39.849  -83.819  19.892 0.0000000000
15751  -39.217  -83.701  17.131 0.0000000000
15776  -39.911  -83.205  15.647 0.0000000000
16646  -39.326  -82.383  13.329 0.0000000000
122868  -38.962  -81.297  24.238 0.0000000000
16533  -39.100  -82.944  24.616 0.0000000000
142943  -39.597  -81.484  24.178 0.0000000000
17402  -40.241  -81.671  24.198 0.0000000000
134040  -41.175  -81.416  24.182 0.0000000000
19090  -40.582  -79.454  23.604 0.0000000000
18281  -40.977  -80.167  23.800 0.0000000000
122261  -42.061  -81.078  24.286 0.0000000000
128927  -43.118  -81.219  24.490 0.0000000000
135445  -43.978  -81.410  24.741 0.0000000000
128654  -32.498  -81.614  23.521 0.0000000000
17370  -32.936  -81.129  27.009 0.0000000000
17353  -33.371  -81.141  28.560 0.0000000000
18237  -33.583  -80.474  28.161 0.0000000000
18231  -34.118  -79.905  28.543 0.0000000000
19046  -34.587  -79.299  28.571 0.0000000000
19915  -34.814  -78.725  28.235 0.0000000000
141737  -34.842  -73.527  30.148 0.0000000000
24424  -36.461  -73.531  29.476 0.0000000000
24434  -36.940  -73.479  29.069 0.0000000000
25313  -34.962  -71.916  29.180 0.0000000000
25312  -34.314  -71.572  29.033 0.0000000000
26182  -32.947  -70.672  28.741 0.0000000000
27917  -31.913  -68.793  29.429 0.0000000000
27926  -32.298  -69.498  28.910 0.0000000000
27035  -32.570  -70.093  28.330 0.0000000000
28869  -32.491  -68.524  27.474 0.0000000000
28870  -32.910  -68.477  26.815 0.0000000000
29839  -33.236  -67.699  26.654 0.0000000000
13091  -39.718  -87.458  19.773 0.0000000000
143237  -39.488  -87.873  19.153 0.0000000000
122687  -39.463  -87.216  17.130 0.0000000000
13128  -39.701  -86.869  16.159 0.0000000000
13139  -39.838  -86.738  15.167 0.0000000000
14030  -39.706  -85.970  10.763 0.0000000000
14896  -41.267  -83.717  11.697 0.0000000000
15853  -40.853  -82.615  8.913 0.0000000000
16720  -40.738  -81.638  8.402 0.0000000000
13100  -36.080  -86.973  19.053 0.0000000000
12210  -36.757  -87.662  18.636 0.0000000000
127477  -36.811  -87.541  19.510 0.0000000000
12200  -37.569  -88.340  19.948 0.0000000000
11358  -38.408  -89.147  20.378 0.0000000000
12182  -38.010  -87.817  21.318 0.0000000000
12192  -38.582  -88.923  21.113 0.0000000000
11347  -39.456  -89.447  21.475 0.0000000000
129519  -39.928  -89.509  21.703 0.0000000000
11361  -40.078  -89.423  21.651 0.0000000000
121257  -39.863  -83.542  24.594 0.0000000000
124849  -40.199  -84.885  24.406 0.0000000000
15668  -41.416  -84.203  24.577 0.0000000000
12173  -40.862  -88.645  22.753 0.0000000000
12194  -40.335  -88.865  21.416 0.0000000000
13068  -40.958  -88.053  21.799 0.0000000000
13082  -41.426  -86.517  20.908 0.0000000000
13058  -43.516  -86.303  23.103 0.0000000000
13083  -42.473  -85.953  21.089 0.0000000000
13933  -42.448  -85.471  19.825 0.0000000000
13944  -42.996  -84.636  19.003 0.0000000000
13960  -42.681  -84.480  18.250 0.0000000000
139663  -35.513  -86.486  19.308 0.0000000000
13077  -35.795  -86.194  20.409 0.0000000000
13921  -36.483  -85.685  21.317 0.0000000000
14817  -35.002  -85.161  20.786 0.0000000000
14806  -36.212  -84.894  21.625 0.0000000000
13911  -36.908  -85.272  21.934 0.0000000000
14785  -37.089  -84.175  23.331 0.0000000000
15682  -37.191  -83.773  24.137 0.0000000000
120824  -37.690  -83.102  24.883 0.0000000000
17413  -33.244  -81.835  23.537 0.0000000000
16543  -34.083  -82.234  23.576 0.0000000000
127196  -34.739  -82.570  23.573 0.0000000000
17386  -34.426  -81.595  25.947 0.0000000000
17398  -35.167  -82.122  25.441 0.0000000000
16544  -35.358  -82.750  23.985 0.0000000000
16530  -36.558  -82.730  25.115 0.0000000000
16531  -37.151  -82.626  25.144 0.0000000000
126540  -37.867  -82.403  24.885 0.0000000000
18268  -38.189  -80.676  24.225 0.0000000000
19080  -38.008  -79.823  23.938 0.0000000000
19087  -37.829  -78.898  23.736 0.0000000000
19952  -36.998  -78.713  24.013 0.0000000000
19962  -37.472  -78.070  23.594 0.0000000000
140583  -38.432  -78.155  23.393 0.0000000000
21779  -37.886  -76.589  23.352 0.0000000000
129130  -38.416  -75.717  23.361 0.0000000000
19035  -39.020  -79.080  28.920 0.0000000000
19034  -38.228  -79.463  29.354 0.0000000000
18219  -36.657  -80.119  29.590 0.0000000000
19903  -36.151  -78.731  29.168 0.0000000000
19916  -35.636  -78.286  28.591 0.0000000000
20844  -35.305  -77.170  27.471 0.0000000000
24441  -37.073  -73.688  28.899 0.0000000000
23542  -36.783  -74.035  28.472 0.0000000000
23543  -37.195  -74.856  28.235 0.0000000000
24447  -34.665  -72.693  28.080 0.0000000000
131441  -35.842  -73.816  28.123 0.0000000000
22648  -36.693  -75.545  27.907 0.0000000000
22647  -35.589  -75.730  27.504 0.0000000000
21735  -35.267  -76.454  27.301 0.0000000000
141540  -34.662  -77.431  26.711 0.0000000000
21761  -34.686  -76.758  25.487 0.0000000000
21764  -34.806  -76.191  25.007 0.0000000000
22675  -35.140  -75.461  24.627 0.0000000000
24478  -34.800  -73.455  25.026 0.0000000000
140100  -35.544  -73.693  24.523 0.0000000000
24479  -36.133  -74.290  24.155 0.0000000000
24489  -36.927  -74.080  23.854 0.0000000000
24490  -37.748  -73.859  23.734 0.0000000000
11402  -37.746  -90.265  17.090 0.0000000000
10570  -38.623  -90.985  17.499 0.0000000000
10586  -38.354  -91.142  16.739 0.0000000000
9819  -37.993  -91.311  15.959 0.0000000000
9844  -38.073  -91.365  14.999 0.0000000000
123190  -39.294  -88.587  17.395 0.0000000000
11404  -39.245  -89.476  16.844 0.0000000000
126514  -38.673  -89.124  14.981 0.0000000000
125178  -38.851  -88.392  13.772 0.0000000000
11433  -38.478  -89.609  14.154 0.0000000000
21783  -41.486  -76.610  23.618 0.0000000000
130697  -43.885  -78.697  24.656 0.0000000000
19073  -44.874  -80.081  25.154 0.0000000000
18274  -44.778  -81.140  25.163 0.0000000000
17389  -45.533  -81.881  25.365 0.0000000000
138641  -46.132  -83.282  25.019 0.0000000000
15683  -45.825  -83.871  23.887 0.0000000000
14799  -45.476  -84.113  23.195 0.0000000000
129360  -45.133  -84.147  22.570 0.0000000000
141950  -44.505  -84.784  21.909 0.0000000000
14819  -43.740  -84.719  20.820 0.0000000000
14831  -43.177  -84.073  19.107 0.0000000000
14842  -42.897  -84.039  18.477 0.0000000000
15732  -41.037  -83.727  19.951 0.0000000000
15719  -41.954  -83.524  20.329 0.0000000000
15733  -42.405  -83.683  19.252 0.0000000000
15754  -42.136  -83.667  17.573 0.0000000000
15778  -41.554  -83.749  15.957 0.0000000000
15797  -41.088  -83.330  13.561 0.0000000000
122585  -40.494  -82.951  12.977 0.0000000000
16662  -41.020  -82.632  12.085 0.0000000000
17573  -40.792  -81.422  10.437 0.0000000000
9820  -38.513  -91.214  16.486 0.0000000000
9865  -37.428  -91.658  13.878 0.0000000000
9866  -37.938  -91.268  14.023 0.0000000000
10553  -39.470  -89.709  20.242 0.0000000000
10559  -38.804  -90.642  18.318 0.0000000000
10560  -39.156  -90.565  18.590 0.0000000000
10561  -39.421  -90.153  18.837 0.0000000000
11359  -39.114  -89.711  20.798 0.0000000000
11360  -39.649  -89.611  21.070 0.0000000000
11388  -37.235  -88.768  17.305 0.0000000000
12171  -39.447  -88.411  22.353 0.0000000000
12172  -40.317  -88.894  22.531 0.0000000000
12174  -41.520  -88.238  23.179 0.0000000000
12184  -40.507  -88.939  22.179 0.0000000000
12190  -36.944  -87.407  20.241 0.0000000000
12201  -39.650  -88.943  19.922 0.0000000000
12237  -36.374  -87.898  16.766 0.0000000000
12268  -39.257  -87.652  12.912 0.0000000000
13031  -43.890  -86.154  24.204 0.0000000000
13042  -42.038  -87.721  23.905 0.0000000000
13043  -43.022  -87.089  23.928 0.0000000000
13056  -42.035  -87.769  23.057 0.0000000000
13070  -42.748  -86.435  22.301 0.0000000000
13090  -36.086  -86.768  19.856 0.0000000000
13093  -41.229  -85.885  19.742 0.0000000000
13140  -40.470  -86.020  15.760 0.0000000000
13902  -39.689  -86.200  23.650 0.0000000000
13913  -44.211  -85.760  23.245 0.0000000000
13914  -44.716  -85.219  23.270 0.0000000000
13920  -35.765  -85.510  20.955 0.0000000000
13924  -44.232  -85.093  21.580 0.0000000000
13935  -43.461  -84.762  20.244 0.0000000000
13943  -42.268  -85.140  18.616 0.0000000000
13972  -42.075  -84.818  17.329 0.0000000000
13994  -41.749  -84.668  14.890 0.0000000000
14000  -41.377  -84.855  13.485 0.0000000000
14772  -38.392  -84.181  24.378 0.0000000000
14775  -42.153  -85.175  24.520 0.0000000000
14786  -37.733  -84.272  23.994 0.0000000000
14788  -39.186  -85.396  23.886 0.0000000000
14789  -45.438  -84.456  23.811 0.0000000000
14795  -35.883  -84.147  22.071 0.0000000000
14804  -34.710  -84.425  21.183 0.0000000000
14805  -35.449  -84.658  21.385 0.0000000000
14808  -44.805  -84.694  22.482 0.0000000000
14830  -39.494  -84.071  19.035 0.0000000000
14841  -42.524  -84.135  17.821 0.0000000000
14860  -41.936  -84.023  15.370 0.0000000000
14911  -40.422  -84.546  9.924 0.0000000000
14948  -40.443  -83.749  8.444 0.0000000000
15656  -45.774  -83.447  25.134 0.0000000000
15664  -37.711  -83.693  24.501 0.0000000000
15667  -40.489  -84.184  24.571 0.0000000000
15670  -44.672  -84.332  24.766 0.0000000000
15671  -45.392  -84.064  24.879 0.0000000000
15672  -45.864  -83.776  24.818 0.0000000000
15681  -36.560  -83.543  23.925 0.0000000000
15706  -44.596  -84.313  21.998 0.0000000000
15721  -43.611  -84.224  20.860 0.0000000000
15742  -40.586  -83.740  18.124 0.0000000000
15743  -41.750  -83.518  18.086 0.0000000000
15744  -42.507  -83.778  18.289 0.0000000000
15798  -41.546  -83.700  14.073 0.0000000000
15840  -41.398  -82.652  10.597 0.0000000000
16521  -45.338  -82.788  25.276 0.0000000000
16528  -34.725  -82.343  24.460 0.0000000000
16529  -35.494  -82.585  24.831 0.0000000000
16538  -46.406  -82.722  24.827 0.0000000000
16546  -46.436  -82.571  24.069 0.0000000000
16567  -31.282  -82.322  21.681 0.0000000000
16691  -41.317  -81.823  10.217 0.0000000000
17339  -33.781  -81.259  29.136 0.0000000000
17361  -33.089  -81.050  27.816 0.0000000000
17396  -32.782  -81.337  25.296 0.0000000000
17400  -38.067  -81.576  24.590 0.0000000000
17401  -38.623  -82.189  24.578 0.0000000000
17404  -42.593  -81.882  24.450 0.0000000000
17414  -33.801  -81.881  24.328 0.0000000000
17423  -32.013  -81.614  23.111 0.0000000000
17424  -32.654  -81.864  22.891 0.0000000000
18230  -33.814  -80.637  28.878 0.0000000000
18255  -35.919  -80.808  25.694 0.0000000000
18257  -37.413  -80.900  24.698 0.0000000000
18267  -37.289  -80.037  24.406 0.0000000000
18273  -43.826  -80.602  24.731 0.0000000000
18280  -40.083  -80.160  23.719 0.0000000000
19032  -35.790  -79.480  29.377 0.0000000000
19033  -37.404  -79.417  29.432 0.0000000000
19049  -40.432  -78.540  28.607 0.0000000000
19054  -34.337  -79.266  27.947 0.0000000000
19071  -35.295  -79.252  25.485 0.0000000000
19072  -35.925  -79.866  25.209 0.0000000000
19081  -42.429  -79.559  24.190 0.0000000000
19918  -37.838  -77.866  28.722 0.0000000000
19921  -41.067  -77.942  28.723 0.0000000000
19925  -35.102  -78.026  27.839 0.0000000000
19931  -34.823  -79.488  26.351 0.0000000000
19966  -41.793  -78.132  23.688 0.0000000000
20826  -41.050  -77.308  29.556 0.0000000000
20835  -39.129  -76.680  28.295 0.0000000000
20837  -40.805  -77.213  28.888 0.0000000000
20854  -34.577  -77.190  26.105 0.0000000000
20883  -37.012  -77.203  23.592 0.0000000000
20885  -38.581  -77.231  23.282 0.0000000000
20887  -40.009  -77.903  23.330 0.0000000000
21721  -40.130  -76.458  29.805 0.0000000000
21728  -38.266  -76.212  28.120 0.0000000000
21730  -40.222  -76.530  29.278 0.0000000000
21736  -36.071  -76.331  27.689 0.0000000000
21746  -34.787  -76.816  26.835 0.0000000000
21766  -36.204  -76.541  23.934 0.0000000000
22629  -38.217  -75.490  30.194 0.0000000000
22633  -38.495  -75.185  29.450 0.0000000000
22637  -38.562  -75.506  28.518 0.0000000000
22655  -34.473  -75.514  26.463 0.0000000000
22690  -38.109  -75.076  23.482 0.0000000000
22693  -41.116  -75.690  23.634 0.0000000000
23529  -36.069  -74.193  30.176 0.0000000000
23530  -36.873  -74.140  29.654 0.0000000000
23535  -38.511  -75.094  28.962 0.0000000000
23536  -37.693  -74.387  28.926 0.0000000000
23541  -34.544  -73.774  27.582 0.0000000000
23569  -35.327  -74.542  24.531 0.0000000000
23570  -35.955  -75.088  24.134 0.0000000000
23577  -36.705  -74.817  23.814 0.0000000000
24423  -35.764  -73.431  29.749 0.0000000000
24432  -35.464  -72.576  29.397 0.0000000000
24433  -36.283  -72.758  29.086 0.0000000000
24435  -37.367  -73.977  29.018 0.0000000000
24439  -35.456  -72.135  28.838 0.0000000000
24446  -33.931  -72.640  27.681 0.0000000000
24448  -36.472  -73.173  28.702 0.0000000000
24454  -33.948  -73.824  26.744 0.0000000000
24472  -33.809  -73.198  26.255 0.0000000000
25302  -33.662  -72.191  29.653 0.0000000000
25321  -33.966  -71.690  28.553 0.0000000000
25327  -33.555  -72.149  27.473 0.0000000000
25354  -35.601  -72.317  24.734 0.0000000000
25358  -36.492  -72.012  24.489 0.0000000000
25359  -36.981  -72.456  24.246 0.0000000000
26162  -32.039  -71.026  30.589 0.0000000000
26183  -33.557  -71.218  28.771 0.0000000000
26195  -33.209  -71.585  26.743 0.0000000000
26208  -33.573  -71.693  26.011 0.0000000000
26210  -35.129  -71.735  25.065 0.0000000000
26213  -35.996  -71.485  24.756 0.0000000000
27026  -32.622  -70.265  29.171 0.0000000000
27047  -33.013  -70.010  26.691 0.0000000000
27929  -32.364  -69.253  27.972 0.0000000000
28871  -33.562  -68.407  26.319 0.0000000000
28880  -34.304  -68.412  25.883 0.0000000000
29830  -32.478  -67.212  27.794 0.0000000000
29838  -32.665  -67.795  27.219 0.0000000000
121030  -36.192  -74.807  27.951 0.0000000000
121769  -36.103  -82.968  24.551 0.0000000000
123124  -34.441  -80.477  29.252 0.0000000000
123411  -39.457  -77.515  28.435 0.0000000000
124397  -39.618  -76.180  28.692 0.0000000000
124460  -40.759  -83.434  16.011 0.0000000000
126208  -36.579  -73.053  28.941 0.0000000000
126559  -38.718  -77.438  28.398 0.0000000000
126747  -39.402  -89.911  17.556 0.0000000000
128329  -39.237  -76.968  23.249 0.0000000000
128903  -32.125  -69.688  29.853 0.0000000000
129129  -39.281  -75.690  23.355 0.0000000000
129947  -40.830  -78.066  23.481 0.0000000000
130273  -38.978  -91.082  16.607 0.0000000000
131197  -33.495  -82.237  22.841 0.0000000000
131861  -35.606  -76.992  24.393 0.0000000000
132160  -32.111  -68.819  28.667 0.0000000000
133750  -39.820  -79.058  28.717 0.0000000000
135421  -41.330  -85.398  15.268 0.0000000000
136016  -41.317  -80.749  24.053 0.0000000000
136235  -36.616  -79.285  29.400 0.0000000000
136351  -38.536  -90.262  15.080 0.0000000000
136502  -42.630  -87.369  23.981 0.0000000000
139140  -39.753  -84.232  24.525 0.0000000000
140059  -36.243  -86.102  20.851 0.0000000000
140579  -34.535  -76.094  25.694 0.0000000000
142308  -39.434  -82.029  24.388 0.0000000000
143074  -37.082  -75.177  23.639 0.0000000000
144026  -34.329  -71.574  28.946 0.0000000000
144120  -43.237  -83.906  20.363 0.0000000000
144477  -37.382  -74.332  28.667 0.0000000000
144555  -34.857  -74.085  24.881 0.0000000000
