#!ascii label  , from subject sub-01 vox2ras=TkReg
421
74153  -24.986  -20.125  17.503 0.0000000000
76857  -21.263  -16.527  16.504 0.0000000000
88091  -23.811  -4.654  18.020 0.0000000000
83075  -24.871  -8.710  17.956 0.0000000000
145361  -25.736  -13.770  16.752 0.0000000000
77698  -26.704  -15.659  16.055 0.0000000000
88852  -22.748  -2.322  18.370 0.0000000000
82226  -25.484  -11.064  18.174 0.0000000000
80439  -21.587  -12.344  16.513 0.0000000000
75115  -23.263  -18.633  16.478 0.0000000000
133360  -24.501  -16.921  15.807 0.0000000000
75105  -25.719  -17.936  17.195 0.0000000000
68019  -21.500  -26.525  17.670 0.0000000000
135475  -22.388  -21.245  15.793 0.0000000000
128496  -19.396  3.358  17.325 0.0000000000
91862  -22.979  1.938  18.751 0.0000000000
131090  -25.274  0.018  18.904 0.0000000000
88856  -27.143  -2.042  18.855 0.0000000000
87292  -29.227  -4.894  18.045 0.0000000000
85670  -24.637  -6.990  17.870 0.0000000000
84858  -29.683  -7.704  16.568 0.0000000000
83104  -28.789  -9.948  15.464 0.0000000000
82269  -27.171  -11.436  13.784 0.0000000000
79563  -26.892  -13.751  13.604 0.0000000000
78578  -23.662  -14.964  17.509 0.0000000000
78620  -26.060  -14.913  14.573 0.0000000000
82256  -21.370  -10.774  15.900 0.0000000000
80473  -20.052  -12.108  14.907 0.0000000000
74175  -23.992  -19.746  16.208 0.0000000000
75117  -24.740  -18.230  16.437 0.0000000000
136679  -25.163  -19.349  17.297 0.0000000000
64272  -22.009  -30.771  20.288 0.0000000000
65255  -22.724  -29.329  20.092 0.0000000000
66217  -22.640  -28.573  19.739 0.0000000000
133117  -21.300  -20.074  15.753 0.0000000000
72458  -20.270  -21.347  15.621 0.0000000000
91863  -23.758  1.478  18.721 0.0000000000
88076  -23.756  -3.847  18.379 0.0000000000
137833  -24.871  -2.493  19.113 0.0000000000
88078  -26.211  -3.751  18.831 0.0000000000
88080  -28.108  -3.467  18.658 0.0000000000
87289  -26.710  -4.424  18.872 0.0000000000
84818  -25.245  -7.616  18.117 0.0000000000
85651  -27.813  -6.743  18.785 0.0000000000
83892  -28.211  -8.384  18.289 0.0000000000
83929  -29.518  -8.486  16.325 0.0000000000
142614  -28.309  -9.297  18.034 0.0000000000
81330  -26.205  -12.302  17.775 0.0000000000
81332  -27.592  -11.538  16.821 0.0000000000
81369  -26.452  -12.680  14.354 0.0000000000
81393  -26.753  -12.462  12.875 0.0000000000
80459  -26.211  -13.621  14.085 0.0000000000
77734  -20.131  -15.703  15.737 0.0000000000
79521  -20.434  -14.069  15.910 0.0000000000
77710  -21.566  -15.673  16.740 0.0000000000
76862  -25.580  -16.626  14.868 0.0000000000
77713  -25.429  -16.306  14.791 0.0000000000
78598  -26.540  -15.364  14.933 0.0000000000
78622  -26.741  -14.890  14.644 0.0000000000
79504  -27.697  -14.213  16.751 0.0000000000
68961  -22.839  -25.602  18.685 0.0000000000
69843  -22.035  -25.110  16.956 0.0000000000
69831  -23.008  -24.822  18.142 0.0000000000
124365  -23.502  -23.434  17.701 0.0000000000
83089  -22.429  -9.058  16.563 0.0000000000
125738  -25.105  -9.745  18.106 0.0000000000
82224  -23.608  -10.521  17.529 0.0000000000
81327  -23.222  -11.335  17.442 0.0000000000
80418  -23.702  -12.260  17.801 0.0000000000
125024  -22.205  -17.305  16.679 0.0000000000
76858  -22.370  -16.442  16.825 0.0000000000
75993  -24.213  -17.748  16.291 0.0000000000
75995  -25.033  -17.193  14.813 0.0000000000
76847  -26.220  -16.721  16.501 0.0000000000
67989  -22.681  -26.850  19.566 0.0000000000
76012  -20.520  -17.796  15.849 0.0000000000
74191  -21.468  -19.152  15.896 0.0000000000
141273  -22.868  -19.985  16.175 0.0000000000
72448  -23.813  -21.344  16.500 0.0000000000
94158  -20.280  4.988  17.577 0.0000000000
92635  -19.227  2.451  16.923 0.0000000000
92619  -21.255  2.899  17.947 0.0000000000
92622  -24.250  2.952  18.434 0.0000000000
91865  -25.103  1.565  18.046 0.0000000000
91128  -26.219  0.541  17.490 0.0000000000
135863  -24.221  -1.093  19.249 0.0000000000
90375  -26.047  -0.556  19.044 0.0000000000
89634  -27.718  -1.245  17.443 0.0000000000
88875  -28.698  -2.533  17.457 0.0000000000
88107  -29.555  -3.790  16.826 0.0000000000
132639  -29.874  -5.208  15.862 0.0000000000
86492  -24.394  -5.869  18.109 0.0000000000
133820  -27.240  -5.959  19.029 0.0000000000
135236  -29.758  -6.260  17.249 0.0000000000
85710  -29.814  -6.798  14.458 0.0000000000
135033  -29.656  -7.730  14.395 0.0000000000
83125  -28.678  -10.375  13.553 0.0000000000
82228  -27.767  -10.779  17.500 0.0000000000
82270  -27.928  -10.689  14.116 0.0000000000
79543  -20.131  -13.379  15.315 0.0000000000
79523  -21.620  -13.209  16.902 0.0000000000
79502  -24.889  -14.335  17.465 0.0000000000
77696  -23.453  -15.720  17.118 0.0000000000
78579  -24.722  -15.093  17.190 0.0000000000
79524  -25.750  -14.527  15.590 0.0000000000
79561  -26.314  -14.189  14.151 0.0000000000
79547  -27.433  -13.829  14.113 0.0000000000
70728  -22.174  -22.562  15.910 0.0000000000
71606  -23.459  -22.250  16.632 0.0000000000
121399  -24.476  -22.080  17.942 0.0000000000
122510  -24.217  -19.880  16.372 0.0000000000
74164  -24.664  -19.648  16.794 0.0000000000
142862  -25.506  -19.788  18.088 0.0000000000
64273  -22.745  -30.320  20.652 0.0000000000
65254  -22.171  -29.952  19.992 0.0000000000
143712  -22.729  -29.783  20.361 0.0000000000
130238  -24.593  -3.397  18.805 0.0000000000
88077  -25.200  -4.089  18.873 0.0000000000
87287  -24.877  -5.016  18.453 0.0000000000
83909  -24.109  -8.113  17.488 0.0000000000
83908  -23.389  -7.913  17.139 0.0000000000
83910  -24.788  -8.024  17.809 0.0000000000
83891  -27.121  -8.347  18.539 0.0000000000
83890  -26.073  -8.338  18.417 0.0000000000
83055  -27.721  -9.041  18.348 0.0000000000
83054  -26.852  -9.105  18.470 0.0000000000
80420  -25.833  -13.094  17.628 0.0000000000
81331  -26.838  -12.234  17.018 0.0000000000
80421  -26.266  -13.193  17.006 0.0000000000
136280  -26.319  -13.236  15.501 0.0000000000
79525  -25.858  -13.853  15.809 0.0000000000
76856  -20.464  -16.255  16.122 0.0000000000
77709  -20.780  -15.625  16.270 0.0000000000
141221  -26.273  -16.178  15.862 0.0000000000
77714  -25.944  -15.943  14.909 0.0000000000
78599  -27.175  -14.967  15.402 0.0000000000
78581  -27.196  -15.059  16.321 0.0000000000
134321  -27.600  -14.612  17.426 0.0000000000
77699  -27.225  -15.206  17.348 0.0000000000
82242  -21.808  -9.951  16.313 0.0000000000
82244  -22.874  -9.640  17.197 0.0000000000
81368  -21.521  -11.556  16.162 0.0000000000
81349  -22.558  -11.269  17.092 0.0000000000
80440  -22.133  -11.733  16.801 0.0000000000
80417  -22.801  -11.958  17.365 0.0000000000
140080  -22.078  -18.314  16.420 0.0000000000
75992  -23.031  -17.851  16.565 0.0000000000
75118  -24.944  -18.100  16.371 0.0000000000
132925  -24.990  -17.584  15.736 0.0000000000
75979  -25.188  -17.661  16.050 0.0000000000
76846  -25.389  -17.195  15.137 0.0000000000
75980  -25.876  -17.401  16.734 0.0000000000
121646  -26.542  -17.205  17.554 0.0000000000
63349  -21.378  -31.184  20.004 0.0000000000
63337  -21.034  -31.839  20.124 0.0000000000
66218  -22.810  -27.633  19.800 0.0000000000
67990  -23.204  -26.809  20.151 0.0000000000
75132  -21.167  -18.285  15.915 0.0000000000
73303  -21.835  -20.676  15.812 0.0000000000
74192  -22.069  -19.993  16.176 0.0000000000
73304  -22.692  -20.596  15.989 0.0000000000
73293  -23.457  -20.312  16.126 0.0000000000
72447  -23.246  -21.090  15.986 0.0000000000
93438  -19.440  4.020  17.517 0.0000000000
94157  -19.451  4.673  17.533 0.0000000000
93439  -20.027  3.929  17.368 0.0000000000
91861  -21.773  2.095  18.030 0.0000000000
135927  -20.393  2.211  17.235 0.0000000000
92620  -22.481  2.848  18.390 0.0000000000
93422  -21.972  3.607  18.187 0.0000000000
93424  -23.867  3.663  18.498 0.0000000000
92621  -23.457  2.885  18.624 0.0000000000
131272  -24.195  0.859  18.768 0.0000000000
91864  -24.446  1.545  18.550 0.0000000000
91110  -25.061  0.815  18.591 0.0000000000
91127  -25.562  0.926  17.823 0.0000000000
91111  -25.856  0.309  18.432 0.0000000000
89617  -23.553  -1.685  18.880 0.0000000000
133278  -26.507  -2.093  19.160 0.0000000000
89619  -25.724  -1.696  19.319 0.0000000000
89620  -26.655  -1.431  18.994 0.0000000000
90376  -26.807  -0.828  18.525 0.0000000000
89621  -27.373  -1.443  18.316 0.0000000000
89643  -28.396  -1.704  17.038 0.0000000000
88874  -28.147  -1.831  17.830 0.0000000000
87291  -28.811  -4.065  18.236 0.0000000000
88093  -29.085  -3.461  17.502 0.0000000000
134173  -29.408  -4.277  17.536 0.0000000000
130300  -29.779  -4.144  16.023 0.0000000000
87304  -29.582  -4.966  17.432 0.0000000000
133786  -24.007  -7.111  17.532 0.0000000000
85668  -23.307  -6.883  17.339 0.0000000000
85650  -24.843  -6.364  18.190 0.0000000000
132243  -25.583  -6.122  18.573 0.0000000000
132068  -26.208  -6.270  18.890 0.0000000000
84822  -29.180  -7.095  17.970 0.0000000000
85652  -28.768  -6.556  18.465 0.0000000000
141729  -29.543  -6.824  17.489 0.0000000000
86533  -29.931  -6.306  16.266 0.0000000000
85691  -29.925  -7.157  16.162 0.0000000000
144551  -29.835  -7.333  14.946 0.0000000000
84869  -29.820  -7.855  15.529 0.0000000000
83093  -29.208  -9.235  16.023 0.0000000000
142303  -29.526  -8.696  15.555 0.0000000000
83118  -29.148  -9.389  14.211 0.0000000000
82277  -29.225  -10.382  12.795 0.0000000000
83117  -28.718  -10.032  14.561 0.0000000000
82208  -26.137  -10.362  18.374 0.0000000000
82227  -27.107  -10.678  18.086 0.0000000000
130268  -27.265  -11.347  17.485 0.0000000000
81370  -26.868  -11.736  14.609 0.0000000000
81351  -27.719  -11.419  15.884 0.0000000000
123646  -27.531  -11.199  13.078 0.0000000000
82282  -27.352  -11.714  12.411 0.0000000000
80481  -26.931  -13.124  13.238 0.0000000000
80474  -27.351  -13.322  13.469 0.0000000000
79559  -19.222  -13.053  14.617 0.0000000000
78595  -21.684  -14.222  17.108 0.0000000000
124432  -20.998  -13.737  16.498 0.0000000000
79500  -22.666  -13.774  17.422 0.0000000000
128709  -23.255  -12.939  17.602 0.0000000000
79501  -23.993  -14.115  17.779 0.0000000000
77712  -23.395  -16.417  16.748 0.0000000000
139830  -24.175  -16.414  16.407 0.0000000000
78597  -25.654  -15.468  14.951 0.0000000000
78596  -25.154  -15.911  15.484 0.0000000000
78580  -25.310  -14.933  16.412 0.0000000000
79545  -26.121  -14.231  14.644 0.0000000000
78621  -26.271  -14.652  14.455 0.0000000000
79526  -27.507  -14.398  15.427 0.0000000000
79546  -27.129  -14.468  14.429 0.0000000000
79527  -27.850  -13.702  15.273 0.0000000000
70686  -24.139  -23.302  18.630 0.0000000000
144358  -23.580  -22.697  17.281 0.0000000000
71580  -24.040  -22.715  17.867 0.0000000000
71593  -24.000  -22.101  17.229 0.0000000000
140253  -24.469  -22.601  18.429 0.0000000000
81383  -20.327  -11.457  14.930 0.0000000000
80457  -20.477  -12.083  15.272 0.0000000000
74174  -23.469  -19.554  16.292 0.0000000000
75116  -24.226  -18.696  16.375 0.0000000000
74176  -24.431  -19.179  16.435 0.0000000000
74177  -24.868  -18.854  16.677 0.0000000000
75104  -25.325  -18.493  17.071 0.0000000000
75093  -25.619  -19.105  17.821 0.0000000000
74154  -26.010  -19.359  18.536 0.0000000000
63338  -21.800  -31.532  20.512 0.0000000000
66216  -21.785  -28.517  19.158 0.0000000000
126183  -23.328  -28.910  20.292 0.0000000000
74190  -20.659  -19.599  15.587 0.0000000000
73302  -20.652  -20.365  15.594 0.0000000000
138296  -21.111  -20.751  15.630 0.0000000000
72459  -21.458  -21.354  15.667 0.0000000000
135217  -19.368  3.177  17.299 0.0000000000
125409  -22.180  1.210  18.254 0.0000000000
91108  -23.225  0.847  18.683 0.0000000000
131337  -23.857  0.162  19.032 0.0000000000
88853  -23.835  -2.696  18.682 0.0000000000
88854  -25.703  -2.875  18.950 0.0000000000
88855  -26.779  -2.810  18.839 0.0000000000
129713  -27.562  -2.692  18.574 0.0000000000
88079  -27.150  -3.511  18.753 0.0000000000
137645  -27.571  -4.114  18.904 0.0000000000
87290  -28.188  -4.425  18.790 0.0000000000
130233  -26.688  -6.866  18.952 0.0000000000
84819  -26.303  -7.604  18.609 0.0000000000
84820  -27.431  -7.570  18.648 0.0000000000
84839  -28.988  -7.922  17.825 0.0000000000
83911  -29.361  -8.277  17.160 0.0000000000
135789  -28.883  -8.785  17.720 0.0000000000
83928  -29.146  -9.045  16.934 0.0000000000
83092  -28.702  -9.876  16.552 0.0000000000
81313  -26.566  -11.375  17.946 0.0000000000
81350  -26.928  -12.170  15.714 0.0000000000
81384  -26.572  -12.142  13.519 0.0000000000
80480  -26.508  -13.017  13.533 0.0000000000
79569  -26.535  -13.709  13.776 0.0000000000
129902  -20.005  -14.295  15.312 0.0000000000
78593  -20.418  -14.930  15.752 0.0000000000
78594  -21.057  -14.765  16.485 0.0000000000
78577  -22.582  -14.907  17.334 0.0000000000
76861  -25.079  -16.873  14.651 0.0000000000
126069  -24.842  -16.626  14.940 0.0000000000
77735  -25.921  -15.503  14.800 0.0000000000
140270  -26.257  -15.023  14.561 0.0000000000
79505  -28.148  -13.485  16.507 0.0000000000
68020  -22.152  -26.117  18.135 0.0000000000
68976  -21.756  -25.789  17.376 0.0000000000
68977  -22.398  -25.338  17.785 0.0000000000
69844  -22.635  -24.627  17.358 0.0000000000
70701  -22.887  -23.873  17.030 0.0000000000
69845  -23.160  -24.214  17.720 0.0000000000
69832  -23.603  -24.199  18.490 0.0000000000
83090  -23.088  -8.568  16.986 0.0000000000
83074  -24.216  -9.072  17.742 0.0000000000
83053  -25.842  -9.205  18.375 0.0000000000
83073  -23.557  -9.378  17.508 0.0000000000
82225  -24.388  -10.148  17.773 0.0000000000
81348  -22.046  -10.838  16.623 0.0000000000
82223  -22.716  -10.592  17.167 0.0000000000
134601  -24.543  -11.068  17.910 0.0000000000
81329  -25.335  -12.135  18.125 0.0000000000
80419  -24.851  -12.800  18.029 0.0000000000
76859  -23.502  -17.129  16.512 0.0000000000
126091  -24.676  -17.210  15.574 0.0000000000
129098  -24.799  -17.753  16.130 0.0000000000
75994  -24.923  -17.330  15.247 0.0000000000
76860  -25.008  -17.068  14.687 0.0000000000
77684  -26.824  -15.926  17.318 0.0000000000
75970  -26.334  -17.776  17.827 0.0000000000
62430  -20.762  -32.662  20.252 0.0000000000
67112  -22.182  -27.937  19.315 0.0000000000
67113  -22.232  -27.253  19.134 0.0000000000
68004  -22.456  -26.481  18.919 0.0000000000
68948  -23.012  -26.158  19.561 0.0000000000
75990  -20.475  -16.964  16.104 0.0000000000
75991  -21.255  -17.527  16.299 0.0000000000
74173  -22.498  -19.298  16.333 0.0000000000
73294  -23.856  -20.457  16.190 0.0000000000
73285  -24.356  -20.489  16.887 0.0000000000
94156  -19.442  4.649  17.542 0.0000000000
92634  -18.876  2.342  16.978 0.0000000000
92636  -20.115  3.097  17.380 0.0000000000
93421  -20.902  3.589  17.826 0.0000000000
94143  -22.430  4.312  18.266 0.0000000000
128578  -23.882  2.188  18.703 0.0000000000
92623  -24.607  2.253  18.246 0.0000000000
92638  -25.208  2.390  17.521 0.0000000000
91883  -25.681  1.577  17.170 0.0000000000
144735  -25.894  1.006  17.275 0.0000000000
90402  -26.753  -0.094  17.069 0.0000000000
141346  -23.465  -0.683  19.012 0.0000000000
90374  -24.541  -0.381  19.171 0.0000000000
89618  -24.558  -1.778  19.180 0.0000000000
130914  -25.094  -0.971  19.254 0.0000000000
142963  -25.282  -0.458  19.107 0.0000000000
90390  -26.549  -0.169  18.172 0.0000000000
90391  -27.154  -0.705  17.801 0.0000000000
90403  -27.293  -0.719  16.810 0.0000000000
89642  -27.742  -1.254  16.451 0.0000000000
88897  -29.279  -2.881  15.831 0.0000000000
88876  -29.247  -3.024  16.731 0.0000000000
86508  -23.030  -5.982  17.272 0.0000000000
87303  -24.112  -5.285  17.978 0.0000000000
86493  -25.256  -5.638  18.469 0.0000000000
86494  -26.268  -5.459  18.856 0.0000000000
86496  -28.139  -5.318  18.803 0.0000000000
141446  -28.238  -6.048  18.815 0.0000000000
86510  -29.524  -5.598  17.731 0.0000000000
137516  -29.880  -5.484  16.943 0.0000000000
123374  -29.966  -6.079  15.114 0.0000000000
83940  -29.528  -8.597  14.781 0.0000000000
83951  -29.449  -8.584  13.884 0.0000000000
83133  -29.695  -9.602  12.417 0.0000000000
82284  -28.934  -10.816  11.702 0.0000000000
138161  -26.711  -9.866  18.420 0.0000000000
83091  -28.282  -10.040  17.475 0.0000000000
82246  -28.308  -10.653  15.756 0.0000000000
82258  -28.291  -10.447  14.955 0.0000000000
81401  -27.015  -12.188  12.414 0.0000000000
129166  -20.161  -12.610  15.153 0.0000000000
79544  -20.519  -12.729  15.607 0.0000000000
141199  -20.536  -13.338  15.954 0.0000000000
79522  -20.968  -12.889  16.273 0.0000000000
126163  -22.284  -12.586  17.130 0.0000000000
128604  -24.437  -13.420  17.956 0.0000000000
79503  -25.378  -13.910  17.279 0.0000000000
77711  -22.467  -15.712  17.092 0.0000000000
77697  -24.396  -15.909  16.620 0.0000000000
79562  -26.710  -14.231  13.903 0.0000000000
78640  -26.575  -14.525  14.267 0.0000000000
71616  -21.071  -22.318  15.681 0.0000000000
132583  -21.992  -21.858  15.799 0.0000000000
70717  -23.130  -23.032  16.827 0.0000000000
71605  -22.970  -22.554  16.101 0.0000000000
126726  -23.276  -21.818  16.133 0.0000000000
72437  -24.380  -21.373  17.411 0.0000000000
73277  -24.787  -20.810  17.683 0.0000000000
64256  -23.038  -30.829  21.183 0.0000000000
68003  -21.843  -26.896  18.408 0.0000000000
72460  -22.761  -21.870  15.935 0.0000000000
79560  -19.816  -12.853  14.898 0.0000000000
80458  -21.052  -12.185  15.779 0.0000000000
80472  -19.520  -12.212  14.830 0.0000000000
81328  -24.138  -11.631  17.867 0.0000000000
81367  -20.899  -11.481  15.512 0.0000000000
82243  -22.372  -9.997  16.776 0.0000000000
82245  -28.178  -10.808  16.716 0.0000000000
82255  -20.693  -10.756  15.284 0.0000000000
82257  -27.544  -10.955  14.833 0.0000000000
83076  -27.587  -9.862  18.110 0.0000000000
83077  -28.688  -9.412  17.408 0.0000000000
83105  -29.204  -9.321  15.085 0.0000000000
83889  -25.340  -8.331  18.133 0.0000000000
84821  -28.458  -7.394  18.358 0.0000000000
84838  -24.367  -7.504  17.636 0.0000000000
84840  -29.472  -7.474  17.320 0.0000000000
85653  -29.386  -6.341  17.978 0.0000000000
85669  -23.964  -6.534  17.678 0.0000000000
85671  -29.824  -6.960  16.869 0.0000000000
85702  -29.930  -6.925  15.447 0.0000000000
86495  -27.365  -4.942  18.974 0.0000000000
86497  -28.968  -5.656  18.441 0.0000000000
86507  -22.667  -5.995  17.060 0.0000000000
86509  -23.658  -5.997  17.639 0.0000000000
87288  -25.768  -4.756  18.734 0.0000000000
87320  -29.775  -4.619  16.813 0.0000000000
88092  -28.600  -3.202  18.072 0.0000000000
88857  -27.705  -2.088  18.324 0.0000000000
88858  -28.212  -2.563  18.217 0.0000000000
88887  -28.784  -2.366  16.466 0.0000000000
91109  -24.612  0.291  18.935 0.0000000000
124501  -21.787  -15.045  17.061 0.0000000000
126017  -25.553  -6.855  18.498 0.0000000000
129065  -24.388  -4.399  18.491 0.0000000000
129515  -29.622  -10.745  10.938 0.0000000000
130290  -19.854  -20.194  15.557 0.0000000000
133011  -28.703  -4.866  18.451 0.0000000000
135920  -29.549  -3.436  16.177 0.0000000000
143780  -26.458  0.475  16.829 0.0000000000
143915  -23.609  -8.531  17.360 0.0000000000
