#!ascii label  , from subject sub-01 vox2ras=TkReg
983
50558  29.181  -43.005  76.580 0.0000000000
71401  43.123  -22.688  66.949 0.0000000000
137839  34.339  -32.106  72.050 0.0000000000
42085  14.020  -51.851  85.810 0.0000000000
49390  23.137  -44.095  82.100 0.0000000000
68327  33.343  -25.737  73.414 0.0000000000
44144  18.382  -49.504  81.672 0.0000000000
142640  17.031  -51.323  84.439 0.0000000000
43117  22.433  -50.227  79.945 0.0000000000
68388  48.915  -26.199  67.904 0.0000000000
54789  30.600  -39.743  77.809 0.0000000000
146871  31.404  -36.090  77.259 0.0000000000
52711  34.456  -41.594  77.697 0.0000000000
73172  48.119  -20.174  66.945 0.0000000000
69568  51.957  -23.728  65.589 0.0000000000
71373  39.689  -21.882  69.976 0.0000000000
67363  42.448  -26.344  69.561 0.0000000000
137932  37.215  -26.127  70.067 0.0000000000
64439  37.670  -29.550  73.154 0.0000000000
48411  28.746  -45.155  80.625 0.0000000000
140986  12.596  -56.559  87.166 0.0000000000
133358  9.058  -55.284  88.716 0.0000000000
38122  7.371  -55.114  92.034 0.0000000000
52702  26.341  -41.613  79.382 0.0000000000
46277  25.836  -47.333  79.531 0.0000000000
61549  30.301  -32.590  74.991 0.0000000000
58749  34.908  -35.059  77.229 0.0000000000
73169  54.121  -21.128  67.411 0.0000000000
70453  45.836  -23.940  67.063 0.0000000000
69523  45.467  -24.850  68.770 0.0000000000
52738  30.595  -41.492  75.949 0.0000000000
53790  31.654  -40.174  75.485 0.0000000000
51640  32.360  -42.675  76.390 0.0000000000
74030  42.770  -19.832  68.143 0.0000000000
124161  45.544  -19.390  69.129 0.0000000000
142744  45.762  -20.824  66.285 0.0000000000
128211  48.006  -23.086  66.218 0.0000000000
34211  6.096  -59.195  90.878 0.0000000000
69513  38.537  -24.563  69.638 0.0000000000
70425  36.707  -24.004  71.691 0.0000000000
65413  33.328  -28.467  72.658 0.0000000000
66345  35.032  -27.769  71.910 0.0000000000
63541  36.245  -30.604  72.556 0.0000000000
60616  36.504  -33.398  73.715 0.0000000000
42116  15.266  -51.426  84.691 0.0000000000
143046  16.823  -53.129  85.682 0.0000000000
39225  14.925  -54.257  85.643 0.0000000000
38147  14.949  -56.278  87.660 0.0000000000
39217  13.617  -54.617  86.272 0.0000000000
39183  10.629  -53.725  88.854 0.0000000000
139162  8.261  -54.776  89.879 0.0000000000
51578  25.025  -42.021  81.067 0.0000000000
136005  25.247  -44.646  79.228 0.0000000000
48430  23.808  -45.622  78.629 0.0000000000
42141  21.413  -51.591  82.068 0.0000000000
42153  23.841  -51.125  81.583 0.0000000000
56900  34.171  -37.312  78.402 0.0000000000
58736  32.484  -35.172  77.897 0.0000000000
70394  36.041  -23.654  73.855 0.0000000000
66308  32.868  -27.239  75.283 0.0000000000
63530  32.838  -30.182  73.318 0.0000000000
42143  19.399  -51.429  82.285 0.0000000000
42095  18.676  -52.130  84.980 0.0000000000
43084  17.676  -50.230  83.039 0.0000000000
134981  15.734  -49.063  84.216 0.0000000000
44084  14.447  -49.423  86.414 0.0000000000
47423  22.611  -46.835  79.093 0.0000000000
45223  21.589  -48.029  79.871 0.0000000000
43118  20.404  -50.506  80.820 0.0000000000
56875  29.041  -37.587  79.457 0.0000000000
57826  27.696  -36.080  77.478 0.0000000000
55851  30.110  -38.374  76.547 0.0000000000
55848  33.201  -38.854  76.079 0.0000000000
72290  51.376  -21.618  67.187 0.0000000000
71416  50.091  -22.555  66.242 0.0000000000
68424  50.108  -25.061  66.649 0.0000000000
71390  40.825  -22.025  67.810 0.0000000000
69525  42.379  -24.634  68.059 0.0000000000
69527  40.320  -24.438  68.331 0.0000000000
67365  40.232  -26.640  69.485 0.0000000000
65439  39.618  -28.039  70.903 0.0000000000
68352  35.357  -25.699  71.157 0.0000000000
66359  36.768  -27.766  71.431 0.0000000000
49434  29.235  -44.402  78.153 0.0000000000
49432  31.728  -44.402  78.453 0.0000000000
73145  41.271  -20.211  70.160 0.0000000000
42060  12.960  -51.387  88.224 0.0000000000
40177  11.628  -53.622  87.488 0.0000000000
37173  10.822  -56.395  87.529 0.0000000000
36217  10.126  -57.526  88.289 0.0000000000
36203  8.079  -57.384  88.918 0.0000000000
37122  7.051  -56.284  89.912 0.0000000000
146546  5.995  -56.186  91.431 0.0000000000
36134  4.423  -56.556  92.671 0.0000000000
52727  27.746  -41.938  77.734 0.0000000000
50507  26.830  -43.813  78.936 0.0000000000
47406  27.340  -46.241  81.039 0.0000000000
44174  24.082  -49.196  79.343 0.0000000000
61573  32.224  -32.764  72.895 0.0000000000
59678  29.681  -34.545  75.628 0.0000000000
59691  32.162  -34.766  75.047 0.0000000000
59715  34.308  -34.274  73.629 0.0000000000
50506  33.872  -43.594  79.214 0.0000000000
74046  55.437  -19.572  66.268 0.0000000000
71413  53.349  -21.966  66.077 0.0000000000
71429  55.006  -21.732  64.946 0.0000000000
70475  44.823  -23.215  66.613 0.0000000000
138869  45.514  -24.430  67.874 0.0000000000
70455  44.295  -23.881  67.045 0.0000000000
143871  30.058  -42.213  76.043 0.0000000000
51642  30.683  -42.329  75.880 0.0000000000
50556  30.972  -43.129  76.207 0.0000000000
124643  42.909  -20.786  67.251 0.0000000000
73189  44.229  -20.619  66.796 0.0000000000
72307  44.380  -21.327  66.586 0.0000000000
71421  45.454  -22.484  66.355 0.0000000000
34212  5.584  -58.516  91.278 0.0000000000
70423  38.157  -23.375  71.658 0.0000000000
70402  37.528  -23.680  73.190 0.0000000000
126968  34.229  -30.209  71.994 0.0000000000
132884  35.047  -29.843  72.106 0.0000000000
62567  35.071  -31.828  72.044 0.0000000000
142502  36.458  -31.978  72.806 0.0000000000
61586  35.736  -32.446  72.556 0.0000000000
42100  14.615  -51.650  85.116 0.0000000000
41143  15.536  -52.719  84.990 0.0000000000
40207  14.357  -53.508  85.705 0.0000000000
40194  14.235  -54.212  85.959 0.0000000000
41126  13.774  -52.749  86.011 0.0000000000
50468  23.953  -42.815  82.176 0.0000000000
50511  23.712  -43.516  79.881 0.0000000000
49410  23.202  -44.183  79.849 0.0000000000
41167  21.198  -52.237  83.548 0.0000000000
60561  28.595  -33.788  79.578 0.0000000000
56889  34.375  -36.500  78.925 0.0000000000
137794  32.742  -28.719  74.474 0.0000000000
64423  32.945  -29.468  75.016 0.0000000000
136735  18.832  -50.916  82.153 0.0000000000
146593  18.294  -50.785  82.728 0.0000000000
44145  17.775  -49.449  82.343 0.0000000000
45158  15.921  -48.201  84.196 0.0000000000
46226  15.695  -47.949  85.000 0.0000000000
44102  15.108  -49.265  84.869 0.0000000000
143826  22.284  -46.971  80.855 0.0000000000
45207  19.404  -48.624  80.995 0.0000000000
45225  20.019  -49.047  80.567 0.0000000000
44153  19.152  -49.570  81.123 0.0000000000
141566  19.500  -50.987  81.687 0.0000000000
56904  28.671  -37.806  77.632 0.0000000000
55837  30.225  -39.116  77.071 0.0000000000
52736  33.230  -41.447  76.237 0.0000000000
135869  32.869  -39.784  75.683 0.0000000000
53776  34.036  -40.054  76.639 0.0000000000
131624  34.503  -39.984  77.308 0.0000000000
53759  34.796  -40.767  77.821 0.0000000000
124671  46.971  -19.579  67.644 0.0000000000
145404  50.117  -21.145  67.195 0.0000000000
124369  48.877  -21.773  66.321 0.0000000000
69532  48.341  -24.798  66.929 0.0000000000
69551  48.927  -24.109  66.482 0.0000000000
68409  49.603  -25.825  67.355 0.0000000000
72283  40.405  -21.584  68.597 0.0000000000
70459  40.870  -22.894  67.741 0.0000000000
71392  39.662  -22.976  68.776 0.0000000000
68380  37.910  -24.929  69.874 0.0000000000
68378  39.329  -25.504  69.153 0.0000000000
67367  38.627  -26.079  69.487 0.0000000000
66376  39.531  -27.592  70.288 0.0000000000
66377  38.016  -27.346  70.274 0.0000000000
69472  34.362  -24.475  73.285 0.0000000000
124074  34.952  -24.274  72.783 0.0000000000
68340  34.229  -25.590  72.104 0.0000000000
64451  36.310  -28.982  72.485 0.0000000000
66344  35.971  -27.790  71.844 0.0000000000
65409  37.490  -28.700  72.478 0.0000000000
65408  38.129  -28.706  72.533 0.0000000000
48426  28.767  -44.839  79.736 0.0000000000
48424  30.312  -44.724  79.339 0.0000000000
72257  40.466  -21.502  71.382 0.0000000000
135874  40.664  -20.757  69.931 0.0000000000
72274  40.786  -20.764  69.016 0.0000000000
128259  17.642  -51.825  84.825 0.0000000000
138165  18.015  -52.005  85.365 0.0000000000
37170  14.145  -56.678  87.702 0.0000000000
37150  15.019  -56.573  88.472 0.0000000000
140272  13.586  -56.953  88.281 0.0000000000
131697  12.256  -57.026  87.707 0.0000000000
41090  12.128  -52.217  88.608 0.0000000000
40176  12.366  -53.254  87.220 0.0000000000
40159  11.814  -52.839  88.015 0.0000000000
39197  9.625  -54.875  88.405 0.0000000000
39196  10.237  -54.435  88.078 0.0000000000
37174  10.163  -56.335  87.796 0.0000000000
37154  10.534  -57.011  87.896 0.0000000000
37155  9.752  -56.784  88.064 0.0000000000
36218  9.302  -57.342  88.385 0.0000000000
144260  8.923  -56.349  88.415 0.0000000000
38121  7.852  -54.787  91.540 0.0000000000
147628  7.382  -55.584  90.180 0.0000000000
38132  7.160  -55.442  90.965 0.0000000000
126347  6.442  -56.246  90.771 0.0000000000
37110  6.691  -55.582  91.902 0.0000000000
52701  27.641  -41.411  79.455 0.0000000000
52700  28.713  -41.553  78.970 0.0000000000
52716  26.619  -41.833  78.693 0.0000000000
50526  27.340  -43.297  78.128 0.0000000000
50527  26.495  -42.883  78.521 0.0000000000
48413  26.002  -45.581  79.551 0.0000000000
48428  26.301  -44.952  79.661 0.0000000000
47408  26.406  -46.534  79.940 0.0000000000
127248  22.748  -48.792  78.970 0.0000000000
45239  23.395  -48.008  78.716 0.0000000000
43129  23.227  -50.208  79.896 0.0000000000
43093  24.721  -50.951  81.917 0.0000000000
68393  42.815  -25.247  68.555 0.0000000000
68392  43.732  -25.227  68.788 0.0000000000
68364  43.804  -25.835  70.080 0.0000000000
62530  31.056  -31.996  74.729 0.0000000000
62546  31.453  -32.189  73.997 0.0000000000
61560  30.884  -32.774  74.200 0.0000000000
125547  29.313  -36.766  76.500 0.0000000000
58756  28.492  -35.088  76.613 0.0000000000
58754  30.189  -35.938  76.518 0.0000000000
58750  33.877  -34.793  77.312 0.0000000000
59676  32.556  -34.805  76.271 0.0000000000
59675  33.599  -34.715  76.233 0.0000000000
59704  33.760  -34.555  74.260 0.0000000000
59688  35.217  -34.569  75.001 0.0000000000
146045  35.841  -34.452  75.155 0.0000000000
49416  33.128  -43.938  78.828 0.0000000000
73184  54.784  -20.522  66.661 0.0000000000
71433  51.865  -22.853  65.682 0.0000000000
71414  52.523  -22.107  66.330 0.0000000000
70485  52.470  -23.220  65.487 0.0000000000
70483  53.947  -23.075  64.866 0.0000000000
71439  55.698  -22.445  64.396 0.0000000000
46252  18.428  -47.658  81.900 0.0000000000
46253  17.530  -47.849  82.502 0.0000000000
69533  47.419  -24.626  67.099 0.0000000000
68371  47.830  -26.296  69.030 0.0000000000
69521  46.896  -25.057  67.935 0.0000000000
54788  30.766  -40.447  77.723 0.0000000000
54815  30.733  -40.008  76.095 0.0000000000
53780  30.865  -40.641  75.900 0.0000000000
142971  32.325  -41.802  75.856 0.0000000000
51639  33.088  -42.233  76.505 0.0000000000
124199  45.005  -19.416  70.002 0.0000000000
129267  44.237  -19.384  68.346 0.0000000000
74041  45.396  -19.677  67.158 0.0000000000
73188  46.247  -20.337  66.489 0.0000000000
72304  48.061  -21.677  66.168 0.0000000000
146266  46.817  -22.213  66.126 0.0000000000
69553  47.155  -23.988  66.668 0.0000000000
35240  7.262  -59.264  90.077 0.0000000000
71374  39.277  -22.436  70.542 0.0000000000
70429  38.812  -23.037  70.135 0.0000000000
70430  38.299  -23.498  70.647 0.0000000000
70431  37.629  -23.861  70.884 0.0000000000
69503  36.453  -24.919  70.599 0.0000000000
129494  33.063  -27.058  72.915 0.0000000000
67320  33.995  -26.473  72.086 0.0000000000
65412  34.134  -28.306  72.139 0.0000000000
64452  35.442  -29.087  72.236 0.0000000000
63529  37.106  -30.399  72.990 0.0000000000
136755  37.452  -31.001  73.201 0.0000000000
61559  37.968  -32.883  74.388 0.0000000000
47391  28.181  -46.075  81.948 0.0000000000
42115  16.090  -51.274  84.386 0.0000000000
42084  17.320  -52.320  85.409 0.0000000000
41142  16.478  -52.532  85.027 0.0000000000
40205  16.158  -53.309  85.352 0.0000000000
39214  16.235  -54.512  86.257 0.0000000000
38169  14.029  -55.502  86.444 0.0000000000
38170  13.102  -55.387  86.539 0.0000000000
40142  11.094  -53.230  89.582 0.0000000000
39170  9.880  -53.929  90.067 0.0000000000
39185  9.376  -54.436  89.324 0.0000000000
38139  8.447  -55.549  89.069 0.0000000000
38130  9.054  -54.186  90.288 0.0000000000
38110  8.538  -54.450  92.001 0.0000000000
38111  7.888  -54.787  92.548 0.0000000000
52690  25.650  -41.788  80.602 0.0000000000
51602  25.233  -42.437  79.626 0.0000000000
50510  24.403  -43.179  79.730 0.0000000000
129728  24.176  -44.683  78.950 0.0000000000
46291  25.171  -47.168  78.958 0.0000000000
42155  21.983  -50.998  80.843 0.0000000000
43104  23.497  -50.717  80.755 0.0000000000
42140  22.459  -51.657  82.240 0.0000000000
66373  42.172  -27.300  70.760 0.0000000000
61542  29.343  -32.810  76.102 0.0000000000
147447  32.853  -37.324  77.277 0.0000000000
57841  32.187  -35.829  77.916 0.0000000000
56890  33.574  -36.308  78.590 0.0000000000
57824  33.666  -35.532  78.665 0.0000000000
72289  53.561  -21.715  67.842 0.0000000000
35211  3.999  -58.336  92.460 0.0000000000
69447  35.848  -23.981  75.545 0.0000000000
69448  34.391  -24.748  75.412 0.0000000000
67285  32.911  -26.253  74.190 0.0000000000
66318  32.382  -27.962  74.015 0.0000000000
64441  33.103  -29.302  72.873 0.0000000000
148125  33.075  -30.747  72.670 0.0000000000
42129  20.282  -52.125  83.263 0.0000000000
41157  19.546  -52.367  84.575 0.0000000000
42113  18.883  -51.806  83.952 0.0000000000
43083  18.164  -51.024  83.591 0.0000000000
142574  16.889  -50.604  84.011 0.0000000000
45175  16.983  -48.483  83.019 0.0000000000
44135  16.706  -49.118  83.519 0.0000000000
43071  16.218  -50.510  84.169 0.0000000000
43072  15.438  -50.652  84.498 0.0000000000
44103  14.548  -49.958  85.491 0.0000000000
43047  14.174  -50.260  86.466 0.0000000000
48401  22.815  -44.824  80.472 0.0000000000
47395  22.602  -46.373  81.130 0.0000000000
46278  22.158  -47.428  79.774 0.0000000000
45240  21.828  -49.043  79.457 0.0000000000
125146  20.468  -48.529  80.454 0.0000000000
137198  20.608  -49.147  80.252 0.0000000000
146219  20.986  -50.369  80.445 0.0000000000
125457  21.008  -51.359  81.454 0.0000000000
125871  20.042  -51.762  82.490 0.0000000000
57805  28.355  -36.065  79.893 0.0000000000
129537  27.838  -35.274  78.763 0.0000000000
57814  28.083  -36.555  78.998 0.0000000000
57842  28.522  -37.092  76.984 0.0000000000
145090  29.898  -37.567  76.536 0.0000000000
54823  31.433  -39.316  75.578 0.0000000000
55850  31.482  -38.338  75.930 0.0000000000
56914  32.447  -37.950  76.415 0.0000000000
55836  33.419  -38.113  76.904 0.0000000000
54786  35.111  -39.138  78.303 0.0000000000
72291  50.824  -21.282  67.900 0.0000000000
72301  50.831  -22.151  66.352 0.0000000000
70468  51.163  -23.572  65.783 0.0000000000
71418  48.395  -22.472  66.189 0.0000000000
70470  49.489  -23.374  66.232 0.0000000000
71402  42.204  -22.332  67.256 0.0000000000
70456  43.411  -23.630  67.054 0.0000000000
70458  41.684  -23.137  67.539 0.0000000000
69526  41.371  -24.556  68.107 0.0000000000
147123  41.454  -25.808  68.804 0.0000000000
69512  39.068  -24.234  69.212 0.0000000000
68396  39.977  -25.198  68.704 0.0000000000
67364  41.050  -26.690  69.479 0.0000000000
66388  40.806  -27.159  69.969 0.0000000000
66356  40.996  -27.972  71.163 0.0000000000
70403  36.611  -23.742  73.073 0.0000000000
69493  36.153  -24.417  71.363 0.0000000000
68366  35.976  -25.656  70.684 0.0000000000
66360  35.354  -27.144  71.571 0.0000000000
67336  35.713  -26.548  71.012 0.0000000000
143368  37.200  -27.449  70.722 0.0000000000
66358  37.716  -27.891  71.119 0.0000000000
49445  29.157  -43.965  77.446 0.0000000000
50542  30.515  -43.786  76.747 0.0000000000
49433  30.765  -44.535  78.468 0.0000000000
49418  31.391  -44.679  79.534 0.0000000000
73155  41.988  -19.744  69.625 0.0000000000
73177  41.670  -20.978  67.822 0.0000000000
43033  13.803  -50.480  87.321 0.0000000000
43018  13.410  -50.678  88.179 0.0000000000
130489  13.479  -51.970  86.660 0.0000000000
40175  13.120  -52.854  86.869 0.0000000000
39218  12.836  -54.614  86.547 0.0000000000
38171  12.275  -55.044  86.694 0.0000000000
39195  10.919  -54.021  87.790 0.0000000000
39207  10.844  -54.901  87.396 0.0000000000
37172  11.735  -56.400  87.228 0.0000000000
37153  11.363  -57.062  87.755 0.0000000000
36216  10.980  -57.561  88.308 0.0000000000
35251  8.184  -58.394  89.290 0.0000000000
37136  8.177  -56.490  88.827 0.0000000000
37137  7.617  -56.689  89.233 0.0000000000
35252  7.347  -58.589  89.750 0.0000000000
35253  6.796  -58.025  89.959 0.0000000000
36183  5.819  -57.931  90.930 0.0000000000
36164  5.301  -57.587  91.564 0.0000000000
37099  6.038  -55.835  92.259 0.0000000000
124950  5.395  -56.162  92.631 0.0000000000
35210  4.467  -57.510  92.237 0.0000000000
52725  29.012  -41.904  76.808 0.0000000000
52714  28.319  -41.635  77.900 0.0000000000
51630  28.568  -42.500  76.929 0.0000000000
50545  27.928  -42.914  77.439 0.0000000000
49436  27.761  -44.111  78.777 0.0000000000
48427  27.912  -44.986  80.285 0.0000000000
49422  26.461  -44.418  79.535 0.0000000000
49409  27.041  -45.040  80.160 0.0000000000
48400  27.803  -45.899  81.346 0.0000000000
47422  23.093  -46.549  78.676 0.0000000000
46292  24.308  -47.440  78.679 0.0000000000
45222  24.906  -48.825  79.579 0.0000000000
43103  24.407  -50.608  81.112 0.0000000000
44152  24.890  -49.925  80.748 0.0000000000
45203  26.117  -48.784  80.850 0.0000000000
134460  44.186  -24.849  68.373 0.0000000000
63510  32.768  -30.666  75.026 0.0000000000
63531  32.612  -31.058  73.246 0.0000000000
62570  32.828  -32.206  72.525 0.0000000000
59666  27.878  -34.836  77.189 0.0000000000
59679  28.869  -34.281  76.078 0.0000000000
60599  29.392  -33.626  75.573 0.0000000000
58753  31.189  -35.528  76.759 0.0000000000
59692  31.188  -34.668  75.072 0.0000000000
59708  30.765  -34.186  74.521 0.0000000000
60621  31.895  -33.549  73.358 0.0000000000
60620  33.194  -33.747  72.828 0.0000000000
60631  34.443  -33.342  72.545 0.0000000000
60617  35.653  -33.642  73.421 0.0000000000
49442  32.041  -44.051  77.646 0.0000000000
50539  33.226  -43.127  77.578 0.0000000000
127641  33.908  -42.761  78.005 0.0000000000
50504  35.383  -42.973  80.095 0.0000000000
51613  35.334  -41.949  79.000 0.0000000000
125652  54.398  -18.634  66.329 0.0000000000
71397  53.348  -21.904  67.270 0.0000000000
71396  53.989  -21.675  66.955 0.0000000000
70484  53.137  -23.164  65.311 0.0000000000
71430  54.274  -22.057  65.102 0.0000000000
72300  54.472  -21.296  66.657 0.0000000000
73191  55.380  -20.427  66.013 0.0000000000
73182  55.874  -19.764  65.919 0.0000000000
71400  43.983  -22.982  66.754 0.0000000000
51643  29.402  -42.396  76.437 0.0000000000
50557  29.992  -42.965  76.213 0.0000000000
72293  42.941  -21.673  66.977 0.0000000000
72308  43.599  -21.077  66.814 0.0000000000
71423  43.755  -21.988  66.700 0.0000000000
71422  44.601  -22.262  66.532 0.0000000000
35226  4.825  -58.413  92.014 0.0000000000
62568  34.327  -31.329  72.003 0.0000000000
61587  34.810  -32.637  72.252 0.0000000000
41144  14.567  -52.590  85.330 0.0000000000
50480  23.427  -43.410  81.598 0.0000000000
50493  23.483  -43.436  80.540 0.0000000000
49399  23.051  -44.052  80.973 0.0000000000
41155  21.576  -52.437  84.520 0.0000000000
59636  28.600  -34.551  80.019 0.0000000000
43094  18.255  -50.239  82.173 0.0000000000
45208  18.663  -48.674  81.432 0.0000000000
43108  18.913  -50.342  81.576 0.0000000000
55824  29.317  -38.422  78.269 0.0000000000
146716  33.714  -41.215  76.584 0.0000000000
53777  33.516  -40.564  76.237 0.0000000000
53768  34.206  -40.902  76.973 0.0000000000
74039  47.342  -19.868  67.054 0.0000000000
74026  47.349  -19.589  68.461 0.0000000000
74025  47.791  -19.706  67.812 0.0000000000
72303  49.385  -21.075  66.720 0.0000000000
73185  48.587  -20.968  66.485 0.0000000000
68410  48.663  -25.597  67.397 0.0000000000
34209  8.420  -59.734  90.330 0.0000000000
71383  39.750  -22.031  69.049 0.0000000000
71384  39.348  -22.584  69.615 0.0000000000
67368  37.895  -25.738  69.753 0.0000000000
67352  37.925  -26.546  69.865 0.0000000000
66391  38.710  -26.808  69.735 0.0000000000
69461  33.734  -24.888  73.856 0.0000000000
68326  33.880  -25.145  72.867 0.0000000000
64450  37.174  -28.959  72.716 0.0000000000
48425  29.641  -44.952  80.150 0.0000000000
48410  29.381  -45.283  81.142 0.0000000000
72264  40.270  -21.363  70.442 0.0000000000
72275  40.213  -21.351  69.487 0.0000000000
42097  17.528  -51.994  85.082 0.0000000000
38156  13.418  -56.252  86.915 0.0000000000
37171  13.147  -56.868  87.632 0.0000000000
38148  9.542  -55.840  88.082 0.0000000000
144414  26.890  -41.488  80.491 0.0000000000
52688  27.591  -41.473  80.354 0.0000000000
129394  26.909  -41.405  79.812 0.0000000000
139639  26.934  -41.473  79.108 0.0000000000
51616  26.381  -42.238  78.627 0.0000000000
51601  25.948  -42.000  79.099 0.0000000000
47420  25.567  -46.439  79.197 0.0000000000
46276  26.475  -47.374  80.344 0.0000000000
45220  26.460  -48.046  80.725 0.0000000000
44176  22.583  -49.655  79.476 0.0000000000
44175  23.336  -49.465  79.301 0.0000000000
68376  42.247  -25.810  68.934 0.0000000000
68375  43.233  -25.733  69.302 0.0000000000
67362  43.124  -26.227  69.936 0.0000000000
127194  30.000  -32.229  75.902 0.0000000000
62531  30.788  -31.769  75.647 0.0000000000
57854  30.437  -36.790  76.606 0.0000000000
137863  30.867  -36.009  76.863 0.0000000000
59689  34.213  -34.680  75.158 0.0000000000
59674  34.738  -34.714  76.168 0.0000000000
131093  35.540  -34.808  76.511 0.0000000000
74036  54.238  -20.436  67.173 0.0000000000
129720  54.521  -21.098  66.872 0.0000000000
47379  18.843  -46.694  82.538 0.0000000000
47380  18.078  -46.988  82.514 0.0000000000
47360  18.216  -46.372  83.130 0.0000000000
46251  19.351  -47.221  81.982 0.0000000000
69534  46.468  -24.371  67.311 0.0000000000
146126  45.101  -24.685  68.380 0.0000000000
69522  46.107  -24.795  68.376 0.0000000000
53769  30.537  -40.729  76.548 0.0000000000
51641  31.539  -42.483  75.951 0.0000000000
52737  31.329  -41.659  75.710 0.0000000000
51629  32.952  -42.823  76.919 0.0000000000
74021  42.847  -19.538  69.064 0.0000000000
74020  43.776  -19.390  69.068 0.0000000000
74029  43.468  -19.556  68.297 0.0000000000
126833  44.943  -20.673  66.554 0.0000000000
73174  44.602  -19.981  66.959 0.0000000000
73173  45.477  -20.184  66.653 0.0000000000
72305  46.500  -20.912  66.183 0.0000000000
128771  46.175  -21.711  66.156 0.0000000000
70474  45.651  -23.341  66.588 0.0000000000
71420  46.263  -22.694  66.279 0.0000000000
70473  46.527  -23.529  66.577 0.0000000000
35241  6.638  -58.771  90.268 0.0000000000
71367  39.511  -22.561  71.558 0.0000000000
70422  38.722  -22.890  71.113 0.0000000000
70424  37.359  -23.769  71.666 0.0000000000
69502  37.349  -24.545  70.424 0.0000000000
69492  36.873  -24.225  71.009 0.0000000000
66347  33.485  -27.653  72.515 0.0000000000
133209  35.820  -29.847  72.387 0.0000000000
62555  36.737  -31.258  72.868 0.0000000000
61572  36.552  -32.618  73.170 0.0000000000
61571  37.299  -32.769  73.756 0.0000000000
60615  37.269  -33.442  74.369 0.0000000000
41158  15.851  -52.013  84.613 0.0000000000
40206  15.201  -53.469  85.346 0.0000000000
39224  15.798  -54.110  85.651 0.0000000000
39215  15.435  -54.860  85.982 0.0000000000
39216  14.554  -54.896  86.021 0.0000000000
138206  9.624  -53.756  90.876 0.0000000000
134717  25.101  -42.040  81.850 0.0000000000
52676  25.692  -41.851  81.489 0.0000000000
52675  26.443  -41.638  81.078 0.0000000000
51590  25.031  -42.076  80.260 0.0000000000
51603  24.593  -42.566  80.091 0.0000000000
134258  23.398  -44.849  79.094 0.0000000000
49425  23.822  -44.033  79.452 0.0000000000
48429  24.903  -45.504  78.902 0.0000000000
47421  24.616  -46.468  78.719 0.0000000000
42156  21.772  -51.361  81.415 0.0000000000
60579  28.958  -32.788  76.901 0.0000000000
125927  33.488  -37.287  77.820 0.0000000000
56901  32.803  -36.447  77.982 0.0000000000
56873  34.999  -36.715  79.337 0.0000000000
57823  34.085  -35.918  78.999 0.0000000000
57812  34.743  -36.061  79.189 0.0000000000
36148  3.670  -57.274  92.415 0.0000000000
134520  32.690  -26.815  74.664 0.0000000000
67286  32.660  -27.089  73.811 0.0000000000
66317  32.589  -27.421  74.575 0.0000000000
64432  32.813  -29.391  73.894 0.0000000000
63543  33.411  -30.105  72.463 0.0000000000
42130  19.486  -51.866  83.059 0.0000000000
42112  19.728  -52.189  83.796 0.0000000000
132693  17.454  -50.750  83.909 0.0000000000
44118  16.982  -49.985  83.561 0.0000000000
46240  16.892  -47.625  83.202 0.0000000000
135511  16.214  -48.867  83.837 0.0000000000
44119  16.331  -49.698  83.903 0.0000000000
44120  15.595  -49.864  84.314 0.0000000000
45141  14.817  -49.001  85.791 0.0000000000
44121  14.980  -50.107  84.724 0.0000000000
47394  22.796  -45.578  81.304 0.0000000000
43119  19.886  -49.811  80.818 0.0000000000
44165  20.508  -49.802  80.456 0.0000000000
43106  21.141  -50.966  80.887 0.0000000000
146540  19.937  -51.385  81.882 0.0000000000
57813  28.698  -36.850  79.795 0.0000000000
56876  28.501  -37.268  79.028 0.0000000000
56916  29.287  -37.705  76.882 0.0000000000
56915  30.624  -37.894  76.292 0.0000000000
54814  31.093  -40.059  75.696 0.0000000000
148903  30.846  -39.466  75.824 0.0000000000
54813  33.578  -39.650  76.211 0.0000000000
55849  32.333  -38.919  75.643 0.0000000000
54801  34.034  -39.103  76.801 0.0000000000
136788  35.036  -39.887  78.047 0.0000000000
54787  34.665  -39.101  77.692 0.0000000000
124179  45.894  -19.684  70.219 0.0000000000
72292  50.256  -20.892  68.355 0.0000000000
136598  49.669  -21.820  66.485 0.0000000000
72302  50.469  -21.651  66.742 0.0000000000
124942  50.954  -22.809  65.945 0.0000000000
71419  47.543  -22.429  66.153 0.0000000000
70471  48.682  -23.268  66.304 0.0000000000
69550  49.772  -24.228  66.354 0.0000000000
69549  50.609  -24.326  66.130 0.0000000000
72295  41.555  -21.701  67.607 0.0000000000
71403  41.433  -22.424  67.552 0.0000000000
70448  40.248  -23.443  68.164 0.0000000000
70447  41.022  -23.745  67.792 0.0000000000
68395  40.803  -25.356  68.565 0.0000000000
70439  38.625  -23.794  69.869 0.0000000000
70438  39.163  -23.421  69.332 0.0000000000
68377  40.068  -25.872  69.011 0.0000000000
67378  40.851  -26.160  69.037 0.0000000000
66375  40.382  -27.753  70.570 0.0000000000
65427  40.198  -28.219  71.557 0.0000000000
68353  34.891  -25.249  71.603 0.0000000000
69494  35.353  -24.466  71.956 0.0000000000
68351  35.624  -25.013  71.116 0.0000000000
66346  34.119  -27.364  72.051 0.0000000000
66361  34.644  -27.003  71.780 0.0000000000
130096  36.015  -27.318  71.383 0.0000000000
66379  36.506  -27.137  70.791 0.0000000000
49444  30.033  -44.294  77.587 0.0000000000
136270  29.956  -44.565  78.506 0.0000000000
48409  30.637  -44.913  80.326 0.0000000000
74012  42.738  -19.493  70.068 0.0000000000
72282  41.071  -21.215  68.168 0.0000000000
73164  41.502  -20.552  68.451 0.0000000000
72294  42.230  -21.289  67.396 0.0000000000
141544  19.331  -52.515  85.264 0.0000000000
38146  15.604  -56.061  87.974 0.0000000000
44068  14.180  -49.601  87.238 0.0000000000
42070  13.354  -51.242  87.370 0.0000000000
41089  12.974  -51.958  87.492 0.0000000000
39205  12.226  -54.118  86.852 0.0000000000
39206  11.538  -54.495  87.124 0.0000000000
40160  11.207  -53.319  88.440 0.0000000000
38159  10.229  -55.485  87.666 0.0000000000
129133  11.021  -55.758  87.295 0.0000000000
38158  11.629  -55.466  86.998 0.0000000000
36201  10.572  -58.012  88.863 0.0000000000
35255  8.825  -57.853  88.774 0.0000000000
37121  7.788  -55.780  89.598 0.0000000000
36204  7.298  -57.523  89.486 0.0000000000
36181  6.556  -57.165  90.166 0.0000000000
36163  5.925  -57.114  90.918 0.0000000000
37100  5.491  -56.617  91.728 0.0000000000
37098  6.838  -55.573  92.900 0.0000000000
37087  6.744  -55.503  93.574 0.0000000000
131471  4.959  -56.902  92.096 0.0000000000
124450  29.588  -41.484  77.151 0.0000000000
52726  28.353  -41.981  77.338 0.0000000000
51631  27.949  -42.309  77.482 0.0000000000
135355  28.099  -44.586  79.486 0.0000000000
49421  27.316  -44.506  79.640 0.0000000000
50509  25.229  -43.206  79.386 0.0000000000
49423  25.587  -44.086  79.372 0.0000000000
129806  26.902  -45.815  80.316 0.0000000000
48412  27.486  -45.580  80.733 0.0000000000
48432  22.686  -46.015  79.357 0.0000000000
146653  22.807  -46.244  78.918 0.0000000000
45238  24.248  -48.429  78.949 0.0000000000
45237  25.131  -47.960  79.179 0.0000000000
43092  25.564  -50.737  82.232 0.0000000000
43102  25.241  -50.334  81.506 0.0000000000
44151  25.718  -49.584  81.142 0.0000000000
69537  42.912  -24.157  67.530 0.0000000000
69536  43.830  -24.350  67.611 0.0000000000
131723  43.328  -24.737  68.128 0.0000000000
62529  32.379  -31.203  74.936 0.0000000000
62557  31.880  -32.213  73.436 0.0000000000
62545  32.091  -31.515  73.910 0.0000000000
62556  32.357  -31.834  73.024 0.0000000000
58723  27.624  -35.567  77.837 0.0000000000
59654  27.878  -34.625  78.146 0.0000000000
58738  27.863  -35.725  77.049 0.0000000000
144971  29.220  -34.934  76.178 0.0000000000
58737  31.903  -35.457  77.566 0.0000000000
58752  32.104  -35.005  77.208 0.0000000000
59677  31.603  -34.959  76.169 0.0000000000
59706  31.756  -34.266  74.113 0.0000000000
59716  33.421  -34.272  73.426 0.0000000000
60619  33.986  -33.930  72.896 0.0000000000
60632  33.728  -33.367  72.536 0.0000000000
60618  34.834  -33.837  73.134 0.0000000000
59703  35.233  -34.177  74.008 0.0000000000
59687  36.428  -34.323  75.318 0.0000000000
49443  31.113  -44.251  77.546 0.0000000000
123725  32.819  -43.701  77.972 0.0000000000
50525  33.551  -43.363  78.396 0.0000000000
50524  34.273  -42.991  78.807 0.0000000000
51600  35.000  -42.638  79.246 0.0000000000
74047  54.514  -19.633  66.647 0.0000000000
74048  53.784  -19.099  66.686 0.0000000000
74980  55.160  -18.915  66.297 0.0000000000
71440  54.796  -22.695  64.671 0.0000000000
72313  54.691  -21.339  65.765 0.0000000000
72299  54.895  -20.804  66.328 0.0000000000
72312  55.258  -20.965  65.583 0.0000000000
70454  45.119  -23.927  67.146 0.0000000000
69535  44.709  -24.458  67.926 0.0000000000
52724  30.226  -41.157  76.799 0.0000000000
50555  31.756  -43.130  76.411 0.0000000000
131019  42.962  -20.205  67.613 0.0000000000
73175  43.654  -20.286  67.239 0.0000000000
72306  45.219  -21.521  66.358 0.0000000000
35242  6.091  -58.488  90.731 0.0000000000
130454  38.572  -23.511  72.579 0.0000000000
70416  37.851  -23.600  72.457 0.0000000000
70417  37.047  -23.759  72.375 0.0000000000
64454  33.747  -29.257  72.277 0.0000000000
63542  35.225  -30.770  72.101 0.0000000000
62566  35.911  -31.511  72.413 0.0000000000
60629  35.962  -33.101  73.083 0.0000000000
42099  15.112  -52.103  84.840 0.0000000000
40195  13.653  -53.648  86.207 0.0000000000
39158  9.891  -53.606  91.776 0.0000000000
51579  24.485  -42.340  81.588 0.0000000000
50492  24.008  -42.917  80.268 0.0000000000
50479  23.851  -42.785  81.127 0.0000000000
42128  21.798  -51.892  82.885 0.0000000000
41166  22.134  -52.229  83.761 0.0000000000
60569  28.351  -33.801  78.558 0.0000000000
55822  34.800  -38.251  78.382 0.0000000000
141010  34.739  -37.312  78.850 0.0000000000
56888  35.285  -37.790  79.187 0.0000000000
65371  32.759  -28.042  74.979 0.0000000000
65359  33.179  -28.753  75.419 0.0000000000
63522  32.836  -30.127  74.505 0.0000000000
42144  18.776  -51.416  82.919 0.0000000000
46241  16.432  -47.468  83.847 0.0000000000
46225  16.138  -47.357  84.595 0.0000000000
45159  15.491  -48.560  84.697 0.0000000000
147525  21.378  -47.768  80.733 0.0000000000
45206  20.093  -48.124  80.866 0.0000000000
144788  19.587  -49.258  80.828 0.0000000000
43107  19.674  -50.463  81.186 0.0000000000
56891  28.726  -37.858  78.587 0.0000000000
55838  29.561  -38.437  77.328 0.0000000000
53778  32.711  -40.824  75.729 0.0000000000
145131  32.126  -39.664  75.421 0.0000000000
53758  35.372  -40.598  78.505 0.0000000000
74040  46.165  -19.586  67.466 0.0000000000
69552  47.996  -23.917  66.492 0.0000000000
69531  49.236  -24.964  66.811 0.0000000000
68408  50.540  -25.765  67.106 0.0000000000
71391  40.245  -22.495  68.302 0.0000000000
134722  39.025  -24.903  69.236 0.0000000000
68379  38.553  -25.304  69.496 0.0000000000
67366  39.395  -26.317  69.402 0.0000000000
66390  39.467  -27.008  69.767 0.0000000000
128702  38.886  -27.384  70.074 0.0000000000
66357  38.742  -27.917  70.788 0.0000000000
69471  35.071  -23.918  73.626 0.0000000000
69486  34.528  -24.806  72.359 0.0000000000
65410  35.816  -28.341  72.153 0.0000000000
65431  36.731  -28.357  72.224 0.0000000000
65430  37.481  -28.305  71.986 0.0000000000
49420  28.613  -44.484  78.803 0.0000000000
49419  29.430  -44.703  79.088 0.0000000000
72256  40.972  -20.965  71.730 0.0000000000
72263  40.746  -20.746  70.835 0.0000000000
142047  41.020  -20.469  69.595 0.0000000000
42114  18.008  -51.485  84.501 0.0000000000
42096  18.081  -52.018  85.347 0.0000000000
38155  14.491  -56.041  87.026 0.0000000000
37151  14.222  -56.861  88.592 0.0000000000
42061  12.500  -51.617  89.061 0.0000000000
146677  12.589  -51.904  88.209 0.0000000000
41104  12.477  -52.460  87.704 0.0000000000
39184  9.996  -54.086  89.094 0.0000000000
36202  9.694  -58.062  88.713 0.0000000000
36219  8.624  -57.130  88.561 0.0000000000
38131  7.719  -54.982  90.490 0.0000000000
37089  5.099  -56.002  93.170 0.0000000000
52715  27.472  -41.604  78.429 0.0000000000
51615  27.148  -42.310  78.004 0.0000000000
47407  26.908  -46.644  80.769 0.0000000000
47393  27.240  -46.744  81.302 0.0000000000
46263  26.906  -47.371  81.191 0.0000000000
46294  22.630  -47.809  78.936 0.0000000000
46293  22.994  -47.296  78.665 0.0000000000
44162  23.860  -49.768  79.731 0.0000000000
42138  24.186  -51.479  82.378 0.0000000000
42137  25.074  -51.376  82.621 0.0000000000
68374  44.156  -25.421  69.551 0.0000000000
123904  31.821  -31.517  75.447 0.0000000000
132400  31.739  -31.642  74.581 0.0000000000
61574  31.493  -32.853  73.539 0.0000000000
57855  28.466  -36.172  76.682 0.0000000000
58755  29.215  -35.671  76.362 0.0000000000
139660  30.005  -35.355  76.090 0.0000000000
58735  33.265  -35.036  78.094 0.0000000000
58751  32.917  -34.751  77.327 0.0000000000
59690  33.200  -34.744  75.120 0.0000000000
59705  32.794  -34.503  74.135 0.0000000000
141109  34.568  -34.495  74.384 0.0000000000
49417  32.467  -44.403  79.322 0.0000000000
49431  32.452  -44.140  78.423 0.0000000000
49415  33.449  -44.170  79.787 0.0000000000
140332  34.164  -43.779  79.899 0.0000000000
71415  51.571  -22.176  66.275 0.0000000000
127121  52.118  -21.785  66.998 0.0000000000
71432  52.774  -22.610  65.616 0.0000000000
45190  17.941  -48.639  81.938 0.0000000000
46264  19.764  -47.743  81.459 0.0000000000
46265  19.062  -47.963  81.436 0.0000000000
68411  47.759  -25.374  67.601 0.0000000000
68389  48.141  -26.058  68.133 0.0000000000
68390  47.329  -25.662  68.516 0.0000000000
68391  46.572  -25.232  68.937 0.0000000000
54802  30.517  -39.919  76.871 0.0000000000
53779  31.224  -40.825  75.691 0.0000000000
52747  31.897  -40.938  75.552 0.0000000000
52723  33.800  -41.775  76.953 0.0000000000
74019  44.605  -19.332  69.147 0.0000000000
123943  44.934  -19.294  68.441 0.0000000000
74042  43.982  -19.680  67.641 0.0000000000
123750  44.757  -19.470  67.675 0.0000000000
74028  45.542  -19.362  68.024 0.0000000000
74049  46.646  -19.866  66.861 0.0000000000
73187  47.124  -20.455  66.444 0.0000000000
73186  47.806  -20.924  66.317 0.0000000000
127722  47.148  -21.462  66.134 0.0000000000
140729  46.915  -22.825  66.251 0.0000000000
70472  47.377  -23.300  66.358 0.0000000000
69501  38.073  -24.198  70.238 0.0000000000
68365  37.234  -25.314  70.122 0.0000000000
67300  33.020  -26.480  73.392 0.0000000000
67321  33.405  -26.414  72.743 0.0000000000
128959  33.587  -26.982  72.425 0.0000000000
65411  35.005  -28.518  72.046 0.0000000000
64453  34.572  -29.194  72.066 0.0000000000
64440  36.732  -29.691  72.730 0.0000000000
61570  38.072  -32.159  73.904 0.0000000000
62554  37.301  -31.883  73.261 0.0000000000
48399  28.548  -45.598  81.370 0.0000000000
47390  29.149  -45.838  81.985 0.0000000000
132955  39.903  -21.984  70.979 0.0000000000
42098  16.816  -51.896  84.705 0.0000000000
144397  16.666  -53.697  86.075 0.0000000000
38168  14.997  -55.508  86.432 0.0000000000
39169  10.569  -53.641  89.876 0.0000000000
38138  8.829  -54.795  89.417 0.0000000000
39159  9.108  -54.022  91.416 0.0000000000
38120  8.476  -54.493  90.980 0.0000000000
52703  25.684  -41.834  79.778 0.0000000000
49424  24.650  -43.899  79.418 0.0000000000
43105  22.608  -50.689  80.472 0.0000000000
42154  22.784  -51.238  81.296 0.0000000000
42139  23.375  -51.526  82.077 0.0000000000
139620  22.613  -51.934  83.148 0.0000000000
42127  23.485  -51.816  82.974 0.0000000000
67350  42.646  -26.743  70.279 0.0000000000
61531  29.744  -32.206  76.784 0.0000000000
61550  29.712  -32.883  75.457 0.0000000000
56902  32.125  -36.768  77.316 0.0000000000
57840  32.920  -35.652  78.337 0.0000000000
58734  34.137  -35.129  78.187 0.0000000000
72288  54.060  -21.421  67.259 0.0000000000
69547  52.274  -24.506  65.843 0.0000000000
69458  36.501  -23.761  74.801 0.0000000000
69459  35.450  -23.847  74.622 0.0000000000
69460  34.449  -24.288  74.427 0.0000000000
68316  33.863  -24.894  74.768 0.0000000000
68317  33.347  -25.502  74.517 0.0000000000
65389  32.841  -27.795  73.149 0.0000000000
132078  32.781  -28.599  73.418 0.0000000000
124832  33.616  -30.984  72.239 0.0000000000
41156  20.504  -52.443  84.266 0.0000000000
43070  17.397  -51.230  84.349 0.0000000000
45191  17.468  -48.739  82.537 0.0000000000
44134  17.219  -49.339  83.023 0.0000000000
45176  16.448  -48.292  83.558 0.0000000000
42117  14.768  -50.798  84.951 0.0000000000
43061  14.335  -50.958  85.738 0.0000000000
42086  13.847  -51.124  86.558 0.0000000000
129989  22.960  -44.787  81.590 0.0000000000
48415  22.651  -45.743  80.259 0.0000000000
47409  22.421  -46.575  80.029 0.0000000000
132216  22.179  -48.275  79.305 0.0000000000
44163  21.959  -49.865  79.780 0.0000000000
45224  21.042  -48.570  80.105 0.0000000000
44164  21.208  -49.657  80.034 0.0000000000
145811  21.747  -50.474  80.289 0.0000000000
42157  20.297  -51.111  81.338 0.0000000000
42142  20.569  -51.513  81.919 0.0000000000
123915  20.896  -51.802  82.663 0.0000000000
141589  28.257  -35.249  79.593 0.0000000000
146362  27.961  -35.823  79.211 0.0000000000
142152  27.729  -35.948  78.571 0.0000000000
57825  27.748  -36.487  77.980 0.0000000000
56892  28.188  -37.274  78.275 0.0000000000
56905  28.108  -37.115  77.581 0.0000000000
57843  27.965  -36.489  77.216 0.0000000000
127630  30.539  -39.230  76.271 0.0000000000
137258  30.743  -38.777  75.933 0.0000000000
56903  31.371  -37.249  76.625 0.0000000000
55835  34.147  -38.201  77.612 0.0000000000
71417  49.190  -22.558  66.260 0.0000000000
70469  50.324  -23.470  66.041 0.0000000000
69548  51.443  -24.413  65.942 0.0000000000
70457  42.541  -23.335  67.289 0.0000000000
69538  41.987  -23.908  67.736 0.0000000000
68394  41.840  -25.257  68.433 0.0000000000
70449  39.591  -23.899  68.625 0.0000000000
69528  39.546  -24.730  68.811 0.0000000000
133428  41.627  -26.327  69.255 0.0000000000
67351  41.736  -26.926  69.935 0.0000000000
66374  41.321  -27.530  70.584 0.0000000000
66389  40.087  -27.243  69.974 0.0000000000
69485  35.691  -23.984  72.894 0.0000000000
69484  36.213  -23.973  72.179 0.0000000000
130393  36.671  -25.677  70.342 0.0000000000
67337  34.810  -26.240  71.532 0.0000000000
67353  36.518  -26.386  70.471 0.0000000000
66378  37.188  -26.901  70.281 0.0000000000
65429  38.335  -28.326  71.766 0.0000000000
65428  39.226  -28.301  71.613 0.0000000000
50543  29.559  -43.631  76.837 0.0000000000
73156  41.410  -20.242  69.251 0.0000000000
73163  42.035  -19.918  68.676 0.0000000000
73176  42.248  -20.435  67.845 0.0000000000
42081  18.659  -52.521  85.797 0.0000000000
40196  12.984  -53.846  86.640 0.0000000000
38157  12.430  -55.943  86.767 0.0000000000
40141  11.558  -52.669  89.087 0.0000000000
36215  11.882  -57.468  88.402 0.0000000000
36200  11.447  -57.866  89.077 0.0000000000
35239  8.804  -59.130  89.830 0.0000000000
34221  7.929  -59.232  89.837 0.0000000000
36182  6.287  -57.933  90.459 0.0000000000
38112  7.318  -55.232  92.853 0.0000000000
138370  6.196  -55.711  92.991 0.0000000000
56860  29.461  -37.211  80.338 0.0000000000
52739  29.806  -41.807  76.383 0.0000000000
143032  28.864  -41.679  77.378 0.0000000000
50544  28.704  -43.353  77.056 0.0000000000
49435  28.318  -43.872  77.830 0.0000000000
50528  25.822  -42.605  79.011 0.0000000000
50508  25.979  -43.509  79.162 0.0000000000
141022  28.088  -45.417  80.923 0.0000000000
48414  22.873  -45.128  79.515 0.0000000000
48439  23.399  -46.105  78.622 0.0000000000
46313  23.509  -47.193  78.571 0.0000000000
47433  23.785  -46.569  78.520 0.0000000000
45221  25.830  -48.273  80.019 0.0000000000
43116  24.086  -50.201  80.320 0.0000000000
44161  24.538  -49.549  79.997 0.0000000000
44160  25.372  -49.210  80.349 0.0000000000
69524  44.871  -24.953  68.850 0.0000000000
69511  44.393  -25.197  69.045 0.0000000000
67349  43.383  -26.443  70.574 0.0000000000
63509  33.231  -30.325  75.577 0.0000000000
63523  32.584  -30.779  74.152 0.0000000000
63544  32.980  -31.461  72.536 0.0000000000
62569  33.571  -31.977  72.157 0.0000000000
59645  28.206  -34.513  79.116 0.0000000000
60580  28.164  -33.948  77.513 0.0000000000
60590  28.322  -34.160  76.675 0.0000000000
144354  28.448  -33.422  76.975 0.0000000000
60589  28.794  -33.500  76.313 0.0000000000
60598  29.889  -33.347  75.007 0.0000000000
139203  30.631  -35.000  75.852 0.0000000000
146262  30.407  -34.509  75.145 0.0000000000
59693  29.978  -34.026  74.905 0.0000000000
60609  30.432  -33.462  74.520 0.0000000000
59707  31.118  -33.569  73.928 0.0000000000
59717  32.558  -34.065  73.339 0.0000000000
135970  32.562  -33.474  72.898 0.0000000000
61589  33.125  -32.926  72.488 0.0000000000
61588  33.978  -32.739  72.231 0.0000000000
60630  35.270  -33.233  72.736 0.0000000000
59702  35.901  -34.260  74.654 0.0000000000
60607  36.577  -33.926  74.500 0.0000000000
50541  31.484  -43.723  76.842 0.0000000000
50540  32.409  -43.385  77.057 0.0000000000
51628  33.533  -42.513  77.251 0.0000000000
51627  34.094  -42.210  77.649 0.0000000000
50505  34.590  -43.279  79.591 0.0000000000
51614  34.628  -42.257  78.384 0.0000000000
52710  35.084  -41.443  78.378 0.0000000000
52696  35.639  -41.236  78.983 0.0000000000
71431  53.552  -22.389  65.383 0.0000000000
71412  54.076  -21.707  65.924 0.0000000000
73183  55.273  -20.248  66.271 0.0000000000
48431  23.057  -45.727  78.859 0.0000000000
51564  25.661  -42.015  82.341 0.0000000000
51591  24.451  -42.394  80.700 0.0000000000
52689  26.286  -41.556  80.156 0.0000000000
53789  32.258  -40.276  75.481 0.0000000000
60608  35.994  -33.909  74.038 0.0000000000
68341  33.705  -25.842  72.582 0.0000000000
74050  45.980  -19.876  66.809 0.0000000000
124937  23.519  -48.816  78.926 0.0000000000
140973  43.341  -19.865  67.742 0.0000000000
148224  34.999  -24.198  75.280 0.0000000000
