#!ascii label  , from subject sub-01 vox2ras=TkReg
1411
35223  11.242  -58.344  91.164 0.0000000000
65385  41.774  -28.312  73.548 0.0000000000
44117  28.218  -49.827  84.281 0.0000000000
47291  37.299  -46.578  86.590 0.0000000000
137212  20.997  -52.580  85.061 0.0000000000
40064  18.502  -54.324  94.345 0.0000000000
66395  54.792  -27.493  68.793 0.0000000000
68271  51.982  -25.009  77.191 0.0000000000
133251  36.558  -38.815  80.623 0.0000000000
74984  56.401  -18.284  65.932 0.0000000000
39191  27.794  -54.278  88.511 0.0000000000
138943  14.844  -56.814  92.097 0.0000000000
123953  54.004  -26.628  73.386 0.0000000000
68347  47.051  -24.920  71.530 0.0000000000
62497  42.456  -31.501  77.123 0.0000000000
65324  44.965  -28.039  78.905 0.0000000000
60587  39.275  -33.352  76.270 0.0000000000
132412  33.416  -45.231  81.769 0.0000000000
45133  32.560  -48.673  85.113 0.0000000000
40135  23.684  -54.190  89.294 0.0000000000
39106  22.182  -54.793  94.948 0.0000000000
41085  19.107  -52.884  88.853 0.0000000000
39203  16.511  -55.117  87.640 0.0000000000
41152  24.818  -52.269  84.519 0.0000000000
131535  59.538  -22.940  68.163 0.0000000000
141461  59.264  -23.709  72.684 0.0000000000
66314  46.750  -27.504  74.479 0.0000000000
58670  38.684  -36.010  82.275 0.0000000000
50441  38.575  -43.679  82.964 0.0000000000
69574  56.073  -23.976  64.686 0.0000000000
72316  60.338  -20.856  65.083 0.0000000000
74066  60.498  -19.028  61.993 0.0000000000
141706  27.175  -54.811  90.733 0.0000000000
36161  12.683  -57.579  91.329 0.0000000000
37061  13.175  -57.073  94.874 0.0000000000
129545  11.824  -57.900  93.958 0.0000000000
68359  47.774  -26.089  69.867 0.0000000000
60565  42.859  -33.365  78.692 0.0000000000
61508  44.882  -32.319  79.193 0.0000000000
33244  7.320  -61.335  92.469 0.0000000000
130260  38.758  -31.745  74.101 0.0000000000
46235  28.332  -47.296  82.674 0.0000000000
47354  30.543  -46.788  83.095 0.0000000000
45136  30.138  -49.125  85.097 0.0000000000
40171  22.440  -53.563  87.516 0.0000000000
141171  21.623  -54.156  89.802 0.0000000000
41099  19.912  -53.189  87.176 0.0000000000
41153  23.417  -52.380  84.643 0.0000000000
138127  24.193  -53.473  87.127 0.0000000000
40071  19.659  -53.985  93.947 0.0000000000
68387  57.870  -25.715  68.654 0.0000000000
70428  59.209  -22.800  70.535 0.0000000000
68358  57.418  -25.013  71.079 0.0000000000
67270  53.271  -26.114  75.218 0.0000000000
69452  56.599  -24.072  75.541 0.0000000000
66355  41.753  -27.806  71.328 0.0000000000
67319  44.814  -26.796  72.201 0.0000000000
147695  44.159  -28.282  74.113 0.0000000000
57811  35.448  -36.227  79.639 0.0000000000
58711  36.560  -35.940  79.527 0.0000000000
56841  37.327  -37.006  82.120 0.0000000000
48363  35.760  -45.854  84.034 0.0000000000
49387  36.328  -44.377  82.524 0.0000000000
48360  38.174  -45.358  84.652 0.0000000000
68405  53.125  -25.792  66.876 0.0000000000
69565  54.356  -24.089  65.157 0.0000000000
67394  56.405  -26.063  66.786 0.0000000000
68431  58.411  -24.693  65.960 0.0000000000
125253  59.284  -16.316  62.273 0.0000000000
75939  58.784  -17.193  64.556 0.0000000000
73200  60.982  -20.095  64.338 0.0000000000
74059  57.867  -19.076  64.035 0.0000000000
41113  28.412  -52.675  86.353 0.0000000000
42078  30.132  -51.343  86.857 0.0000000000
41083  29.937  -53.298  88.072 0.0000000000
38108  17.186  -55.540  92.712 0.0000000000
39083  17.480  -55.319  95.647 0.0000000000
38085  15.342  -56.094  95.752 0.0000000000
66397  51.439  -27.009  68.383 0.0000000000
66367  54.586  -27.329  70.586 0.0000000000
66371  50.816  -27.341  69.931 0.0000000000
67330  50.652  -26.437  71.992 0.0000000000
129491  50.197  -25.805  74.663 0.0000000000
64407  41.507  -29.214  75.952 0.0000000000
126348  43.321  -28.106  76.767 0.0000000000
63470  43.714  -30.233  78.137 0.0000000000
53747  35.878  -40.453  79.172 0.0000000000
47266  40.326  -46.392  88.057 0.0000000000
137466  9.709  -59.034  90.010 0.0000000000
35209  10.090  -59.248  92.575 0.0000000000
33243  8.851  -60.642  92.198 0.0000000000
65379  39.609  -28.830  73.893 0.0000000000
63508  40.367  -30.243  74.871 0.0000000000
61530  40.786  -32.795  76.925 0.0000000000
59650  41.185  -34.284  78.660 0.0000000000
128236  30.760  -45.189  81.249 0.0000000000
47352  32.617  -46.322  83.266 0.0000000000
46197  34.876  -47.798  86.015 0.0000000000
43042  31.870  -50.251  86.890 0.0000000000
44058  34.642  -49.829  87.024 0.0000000000
124108  24.847  -54.547  91.140 0.0000000000
39116  24.704  -54.942  94.090 0.0000000000
39137  22.794  -54.294  92.021 0.0000000000
40102  20.212  -54.171  91.535 0.0000000000
40104  18.082  -53.469  91.082 0.0000000000
41124  18.055  -52.755  86.690 0.0000000000
41088  17.743  -53.079  88.918 0.0000000000
39168  17.335  -54.341  90.368 0.0000000000
38129  16.111  -56.117  89.801 0.0000000000
37134  13.957  -57.214  90.128 0.0000000000
36199  12.382  -57.610  89.339 0.0000000000
45186  27.136  -48.517  81.981 0.0000000000
43092  25.564  -50.737  82.232 0.0000000000
43069  26.942  -51.041  83.951 0.0000000000
40189  26.269  -53.481  86.666 0.0000000000
39193  25.941  -54.395  88.832 0.0000000000
67338  59.621  -26.595  70.740 0.0000000000
68322  56.547  -24.519  73.573 0.0000000000
68363  44.656  -25.442  70.336 0.0000000000
68325  47.467  -25.667  72.835 0.0000000000
144369  49.260  -25.011  75.986 0.0000000000
66284  45.563  -27.536  77.641 0.0000000000
67247  48.681  -26.234  78.643 0.0000000000
141887  37.146  -34.589  76.557 0.0000000000
58717  39.024  -35.658  78.975 0.0000000000
58681  41.314  -36.000  81.648 0.0000000000
125594  36.172  -42.455  80.280 0.0000000000
53726  38.064  -40.981  81.287 0.0000000000
49348  41.187  -44.793  84.985 0.0000000000
51536  40.464  -42.194  83.465 0.0000000000
129846  39.035  -39.882  83.303 0.0000000000
55764  39.125  -37.964  84.886 0.0000000000
57747  41.079  -36.843  85.376 0.0000000000
72319  56.593  -20.842  64.194 0.0000000000
70488  58.544  -22.740  64.323 0.0000000000
71410  59.654  -22.556  66.738 0.0000000000
39132  27.929  -55.540  92.253 0.0000000000
36162  11.853  -57.854  91.004 0.0000000000
123877  12.481  -57.671  92.736 0.0000000000
35207  11.329  -58.402  92.052 0.0000000000
60547  43.132  -34.063  80.047 0.0000000000
60546  43.899  -33.801  80.163 0.0000000000
33258  5.507  -60.407  91.991 0.0000000000
45169  28.764  -48.306  83.682 0.0000000000
45168  29.737  -48.221  84.039 0.0000000000
44115  29.460  -49.328  84.918 0.0000000000
136746  21.464  -52.739  85.551 0.0000000000
41098  20.926  -53.240  87.022 0.0000000000
41140  20.671  -52.784  85.694 0.0000000000
139620  22.613  -51.934  83.148 0.0000000000
145534  22.042  -52.576  85.197 0.0000000000
41118  23.218  -53.005  85.987 0.0000000000
40063  18.743  -54.141  94.322 0.0000000000
39094  18.812  -54.530  95.136 0.0000000000
67372  56.197  -27.089  69.027 0.0000000000
68357  57.574  -25.217  70.363 0.0000000000
131437  56.512  -26.706  70.362 0.0000000000
68300  52.587  -25.501  75.874 0.0000000000
68299  53.691  -25.078  76.127 0.0000000000
65405  41.763  -28.180  72.687 0.0000000000
65403  43.474  -28.087  72.936 0.0000000000
126899  42.782  -28.349  73.758 0.0000000000
56888  35.285  -37.790  79.187 0.0000000000
56872  35.447  -36.927  79.877 0.0000000000
57802  35.925  -36.529  80.281 0.0000000000
55791  36.613  -37.891  81.129 0.0000000000
47311  36.205  -46.405  85.539 0.0000000000
48362  36.552  -45.750  84.235 0.0000000000
47309  37.967  -46.278  85.879 0.0000000000
67387  54.129  -26.506  67.429 0.0000000000
68403  54.729  -26.051  66.940 0.0000000000
67386  55.015  -26.645  67.584 0.0000000000
67384  56.984  -26.416  67.526 0.0000000000
124542  57.678  -16.808  64.678 0.0000000000
75931  57.504  -17.545  65.276 0.0000000000
124430  58.359  -18.340  64.415 0.0000000000
74060  57.291  -18.935  64.980 0.0000000000
40187  28.010  -53.249  86.793 0.0000000000
41097  29.432  -53.021  87.349 0.0000000000
40148  28.651  -53.977  88.351 0.0000000000
38109  16.249  -56.402  92.909 0.0000000000
37069  16.082  -56.325  94.075 0.0000000000
133438  15.126  -56.633  94.156 0.0000000000
37049  13.108  -57.173  96.008 0.0000000000
37048  13.817  -56.850  96.687 0.0000000000
67376  49.566  -26.567  68.247 0.0000000000
66386  51.520  -27.514  69.294 0.0000000000
67360  49.274  -26.832  69.175 0.0000000000
148842  47.482  -25.610  70.437 0.0000000000
67332  49.146  -26.304  71.202 0.0000000000
68335  49.167  -25.871  72.158 0.0000000000
67296  49.980  -26.142  73.137 0.0000000000
68336  48.366  -25.531  72.590 0.0000000000
63494  41.604  -30.171  75.961 0.0000000000
143364  42.386  -29.152  76.879 0.0000000000
62496  42.846  -30.878  77.225 0.0000000000
68408  50.540  -25.765  67.106 0.0000000000
34196  9.546  -59.804  91.286 0.0000000000
33255  8.555  -60.434  91.432 0.0000000000
64438  38.542  -29.247  73.389 0.0000000000
64430  39.559  -29.193  74.040 0.0000000000
63521  38.998  -30.163  73.916 0.0000000000
61548  39.098  -32.611  75.029 0.0000000000
61547  39.861  -32.186  75.094 0.0000000000
60586  40.092  -33.095  76.633 0.0000000000
60576  41.051  -33.162  77.583 0.0000000000
59662  39.979  -34.138  77.813 0.0000000000
140572  30.096  -45.089  80.915 0.0000000000
46220  31.630  -47.666  84.049 0.0000000000
46231  32.014  -46.851  83.545 0.0000000000
46219  32.520  -47.486  84.133 0.0000000000
46217  34.071  -47.052  84.677 0.0000000000
46209  33.737  -47.926  85.053 0.0000000000
42067  31.331  -51.424  87.757 0.0000000000
43043  31.095  -50.449  86.735 0.0000000000
43012  31.932  -51.116  88.111 0.0000000000
43009  34.400  -50.426  88.603 0.0000000000
44056  36.109  -49.162  87.837 0.0000000000
39167  24.245  -54.378  90.544 0.0000000000
39154  24.063  -54.393  91.367 0.0000000000
39155  23.364  -54.296  90.690 0.0000000000
40138  20.209  -53.757  89.392 0.0000000000
130421  20.755  -54.065  89.988 0.0000000000
131478  19.772  -53.765  90.222 0.0000000000
140996  19.304  -53.872  91.554 0.0000000000
40120  18.829  -53.268  90.148 0.0000000000
42096  18.081  -52.018  85.347 0.0000000000
147604  16.694  -54.088  86.584 0.0000000000
142214  17.797  -52.979  87.076 0.0000000000
129228  17.444  -53.454  88.257 0.0000000000
41077  17.730  -53.386  89.705 0.0000000000
39182  17.092  -54.670  89.518 0.0000000000
38128  16.887  -55.370  90.178 0.0000000000
38136  16.587  -55.523  89.186 0.0000000000
147154  12.993  -57.310  89.218 0.0000000000
46247  27.211  -47.761  81.690 0.0000000000
45202  26.767  -48.294  81.316 0.0000000000
42126  24.536  -51.793  83.165 0.0000000000
42125  25.379  -51.654  83.378 0.0000000000
43081  26.627  -50.767  83.303 0.0000000000
42109  26.549  -51.700  84.319 0.0000000000
146945  26.602  -52.505  85.296 0.0000000000
41136  25.888  -52.694  85.396 0.0000000000
132351  24.194  -53.654  87.722 0.0000000000
40151  25.487  -53.936  88.091 0.0000000000
39179  25.138  -54.406  89.364 0.0000000000
39166  25.085  -54.526  90.299 0.0000000000
124285  23.270  -54.693  94.674 0.0000000000
34171  9.491  -59.703  94.745 0.0000000000
35184  9.776  -58.971  95.288 0.0000000000
70444  60.278  -23.180  68.816 0.0000000000
70411  59.078  -22.709  72.226 0.0000000000
148240  59.838  -23.548  70.875 0.0000000000
68343  59.489  -24.748  72.000 0.0000000000
67308  59.208  -25.832  72.310 0.0000000000
67326  54.142  -26.650  71.943 0.0000000000
67325  55.614  -26.389  71.678 0.0000000000
123736  54.951  -26.230  73.347 0.0000000000
69437  57.327  -24.143  75.468 0.0000000000
66328  45.807  -27.473  73.423 0.0000000000
67318  45.690  -26.333  72.358 0.0000000000
66313  47.402  -26.845  73.904 0.0000000000
67283  48.595  -25.662  74.997 0.0000000000
67274  48.100  -26.541  75.363 0.0000000000
66272  44.444  -27.974  78.201 0.0000000000
145760  44.030  -27.782  76.904 0.0000000000
66271  45.202  -27.655  78.255 0.0000000000
131093  35.540  -34.808  76.511 0.0000000000
58697  37.703  -36.296  80.914 0.0000000000
58709  38.446  -35.980  79.509 0.0000000000
131507  39.118  -36.201  81.263 0.0000000000
58694  40.658  -35.836  80.455 0.0000000000
58683  39.676  -36.270  81.801 0.0000000000
49407  32.840  -44.590  80.231 0.0000000000
49405  34.149  -44.246  80.576 0.0000000000
49386  37.081  -44.087  82.868 0.0000000000
50478  36.257  -43.421  81.287 0.0000000000
126125  37.090  -43.123  81.442 0.0000000000
51587  37.464  -42.073  80.872 0.0000000000
51572  38.342  -42.534  81.746 0.0000000000
48326  40.682  -45.712  86.334 0.0000000000
52628  41.497  -41.646  84.984 0.0000000000
53711  39.902  -40.831  83.639 0.0000000000
125035  39.941  -40.374  84.213 0.0000000000
54743  39.044  -38.993  84.022 0.0000000000
54732  39.913  -39.236  85.564 0.0000000000
69564  55.353  -24.261  65.038 0.0000000000
71438  56.741  -22.605  63.956 0.0000000000
71445  57.131  -21.771  63.656 0.0000000000
138065  57.171  -23.295  64.080 0.0000000000
69530  58.865  -23.606  67.526 0.0000000000
71411  59.118  -22.756  66.416 0.0000000000
70467  59.345  -22.854  67.183 0.0000000000
70451  60.275  -22.973  67.357 0.0000000000
75955  60.413  -17.458  62.448 0.0000000000
73193  60.680  -20.288  64.780 0.0000000000
71443  60.669  -21.755  64.226 0.0000000000
142354  60.434  -22.163  65.400 0.0000000000
138621  27.329  -54.704  90.016 0.0000000000
39177  28.121  -54.668  89.882 0.0000000000
39164  27.883  -54.906  90.661 0.0000000000
37109  14.190  -56.989  91.876 0.0000000000
37084  13.815  -56.957  93.269 0.0000000000
37085  13.120  -57.399  93.005 0.0000000000
36121  12.551  -57.595  94.397 0.0000000000
36116  11.821  -57.862  95.819 0.0000000000
69508  45.996  -24.888  69.368 0.0000000000
68361  46.175  -24.792  70.290 0.0000000000
61518  42.928  -32.561  78.101 0.0000000000
133192  43.587  -31.954  78.109 0.0000000000
61509  44.190  -32.812  79.014 0.0000000000
61495  45.232  -32.875  79.855 0.0000000000
34198  7.177  -60.265  91.005 0.0000000000
34199  6.220  -60.021  91.200 0.0000000000
33245  5.650  -61.167  92.406 0.0000000000
62544  38.276  -31.051  73.612 0.0000000000
60606  37.934  -33.434  74.975 0.0000000000
48389  30.056  -45.994  82.259 0.0000000000
47355  29.771  -46.953  83.085 0.0000000000
46221  30.708  -47.918  84.049 0.0000000000
45134  31.738  -48.769  85.113 0.0000000000
128884  22.899  -53.747  88.124 0.0000000000
146286  22.324  -54.176  89.593 0.0000000000
40154  22.123  -53.828  88.283 0.0000000000
40173  20.611  -53.518  87.820 0.0000000000
41084  19.613  -53.181  88.119 0.0000000000
38153  16.015  -55.673  87.527 0.0000000000
38168  14.997  -55.508  86.432 0.0000000000
42127  23.485  -51.816  82.974 0.0000000000
135980  24.165  -52.435  84.786 0.0000000000
41137  24.801  -52.744  85.426 0.0000000000
41117  24.029  -52.986  85.973 0.0000000000
40170  23.424  -53.560  87.451 0.0000000000
40070  20.574  -54.286  94.069 0.0000000000
68386  58.394  -25.025  68.325 0.0000000000
70437  59.585  -22.735  69.868 0.0000000000
69507  58.129  -24.163  70.003 0.0000000000
69498  57.909  -23.837  70.926 0.0000000000
70421  58.685  -22.779  72.304 0.0000000000
126685  53.483  -26.687  74.234 0.0000000000
67291  55.173  -25.890  74.221 0.0000000000
67269  54.329  -25.370  75.534 0.0000000000
69427  56.075  -24.493  76.488 0.0000000000
67349  43.383  -26.443  70.574 0.0000000000
66353  43.338  -27.406  71.675 0.0000000000
66341  44.377  -27.653  72.690 0.0000000000
66315  45.795  -27.811  74.261 0.0000000000
66256  46.256  -27.608  79.509 0.0000000000
58733  35.085  -35.343  78.141 0.0000000000
132837  35.863  -35.432  78.161 0.0000000000
58712  35.746  -35.927  79.414 0.0000000000
57800  37.161  -36.378  81.068 0.0000000000
57785  37.713  -36.365  82.359 0.0000000000
48384  34.408  -45.383  82.536 0.0000000000
49389  34.833  -44.891  82.052 0.0000000000
48382  35.912  -45.026  82.918 0.0000000000
49379  36.652  -44.785  83.191 0.0000000000
49377  38.147  -44.197  83.695 0.0000000000
69547  52.274  -24.506  65.843 0.0000000000
69567  52.715  -23.859  65.483 0.0000000000
68420  53.538  -25.289  66.305 0.0000000000
68435  54.878  -24.871  65.723 0.0000000000
68434  55.842  -25.036  65.655 0.0000000000
69562  57.352  -24.675  65.083 0.0000000000
68417  57.165  -25.669  66.188 0.0000000000
144671  58.198  -25.501  67.049 0.0000000000
123576  57.454  -16.870  63.610 0.0000000000
147203  59.015  -16.428  63.754 0.0000000000
75947  60.476  -17.785  63.556 0.0000000000
74064  60.774  -19.185  63.014 0.0000000000
74990  60.194  -18.471  64.313 0.0000000000
74057  60.504  -19.122  64.496 0.0000000000
73201  58.734  -19.969  63.814 0.0000000000
42092  28.443  -51.582  85.454 0.0000000000
43058  29.410  -50.506  85.726 0.0000000000
42079  29.485  -51.708  86.440 0.0000000000
41096  30.339  -52.646  87.675 0.0000000000
41082  30.734  -53.024  88.414 0.0000000000
39121  17.538  -55.143  93.444 0.0000000000
39107  18.170  -54.627  94.767 0.0000000000
38083  16.947  -55.394  94.949 0.0000000000
38075  15.954  -55.623  96.350 0.0000000000
37070  14.742  -56.536  95.066 0.0000000000
37047  14.605  -56.540  97.116 0.0000000000
129870  53.190  -27.493  68.663 0.0000000000
66366  55.114  -27.559  69.926 0.0000000000
66384  53.431  -27.670  69.647 0.0000000000
66369  52.776  -27.414  70.457 0.0000000000
67328  52.200  -26.744  71.884 0.0000000000
67346  49.175  -26.719  70.173 0.0000000000
143246  50.676  -26.626  71.368 0.0000000000
67314  52.543  -26.778  72.785 0.0000000000
67294  51.190  -26.629  73.444 0.0000000000
67272  50.982  -26.128  75.149 0.0000000000
123527  50.711  -25.384  75.903 0.0000000000
65369  40.999  -28.594  75.101 0.0000000000
65368  42.400  -28.375  75.589 0.0000000000
65356  42.567  -28.449  76.242 0.0000000000
65341  43.284  -28.525  77.448 0.0000000000
65325  44.447  -28.647  78.723 0.0000000000
62482  43.998  -31.188  78.358 0.0000000000
63458  44.907  -30.427  79.264 0.0000000000
64370  45.137  -29.582  79.702 0.0000000000
54775  36.030  -39.619  79.537 0.0000000000
47268  38.505  -46.647  87.668 0.0000000000
69549  50.609  -24.326  66.130 0.0000000000
68407  51.413  -25.790  66.985 0.0000000000
135991  51.890  -26.420  67.545 0.0000000000
75943  54.490  -17.300  64.852 0.0000000000
74985  55.300  -18.152  65.994 0.0000000000
35237  10.654  -58.743  90.406 0.0000000000
35208  10.596  -58.843  92.347 0.0000000000
35225  10.088  -59.295  91.809 0.0000000000
33236  9.355  -60.343  93.043 0.0000000000
34172  9.105  -60.390  94.393 0.0000000000
130250  8.171  -61.105  92.542 0.0000000000
65406  40.287  -28.387  72.611 0.0000000000
143976  39.614  -28.443  72.291 0.0000000000
65386  40.221  -28.468  73.601 0.0000000000
65370  40.466  -28.856  74.959 0.0000000000
63495  40.982  -29.709  75.429 0.0000000000
62511  41.620  -31.262  76.046 0.0000000000
62543  39.249  -31.080  74.029 0.0000000000
62512  41.048  -31.765  75.671 0.0000000000
62498  41.903  -31.763  76.789 0.0000000000
144751  41.650  -32.909  77.749 0.0000000000
60559  42.009  -33.868  78.754 0.0000000000
59632  42.392  -34.742  80.338 0.0000000000
127815  32.246  -45.259  81.474 0.0000000000
48388  30.738  -45.609  82.024 0.0000000000
134415  32.122  -45.641  82.228 0.0000000000
48385  33.557  -45.543  82.471 0.0000000000
47350  34.212  -46.057  83.615 0.0000000000
47313  34.771  -46.740  85.010 0.0000000000
46196  35.573  -47.285  86.463 0.0000000000
44098  29.909  -49.833  85.528 0.0000000000
44075  31.452  -49.812  86.133 0.0000000000
44095  32.232  -49.252  85.735 0.0000000000
43011  32.641  -50.862  88.326 0.0000000000
44059  33.695  -50.005  86.926 0.0000000000
45121  34.193  -49.451  86.334 0.0000000000
45120  34.612  -48.709  86.097 0.0000000000
46180  35.917  -47.756  87.025 0.0000000000
46179  36.497  -47.605  87.609 0.0000000000
39134  25.765  -54.918  92.644 0.0000000000
123959  25.204  -54.919  93.326 0.0000000000
126485  23.392  -54.454  92.981 0.0000000000
39118  22.454  -54.382  93.004 0.0000000000
40117  22.362  -54.245  90.422 0.0000000000
39138  21.750  -54.375  92.185 0.0000000000
39119  21.371  -54.371  93.268 0.0000000000
126403  20.243  -54.161  93.134 0.0000000000
133833  18.615  -53.969  92.917 0.0000000000
40087  18.422  -54.132  92.751 0.0000000000
139020  19.754  -52.733  85.797 0.0000000000
41100  18.869  -52.845  87.399 0.0000000000
128384  18.604  -52.727  88.214 0.0000000000
41125  17.692  -52.731  86.173 0.0000000000
41102  18.086  -52.796  87.816 0.0000000000
41075  18.115  -52.834  89.109 0.0000000000
41076  17.957  -53.074  89.508 0.0000000000
40105  17.856  -53.626  91.132 0.0000000000
40106  17.845  -54.090  91.858 0.0000000000
39156  17.364  -54.888  91.742 0.0000000000
38119  16.235  -56.285  91.102 0.0000000000
128941  15.474  -56.624  90.909 0.0000000000
38137  15.850  -56.099  88.833 0.0000000000
37118  15.414  -56.616  90.091 0.0000000000
37119  14.743  -56.893  90.511 0.0000000000
36177  13.293  -57.359  90.732 0.0000000000
36178  12.542  -57.701  90.368 0.0000000000
36179  11.773  -57.964  89.989 0.0000000000
36180  11.036  -58.284  89.691 0.0000000000
35249  10.197  -58.581  89.397 0.0000000000
47392  27.609  -46.492  81.572 0.0000000000
46246  27.699  -47.748  82.238 0.0000000000
44132  27.729  -49.721  83.705 0.0000000000
44150  26.520  -49.144  81.561 0.0000000000
44133  27.025  -49.983  83.174 0.0000000000
43068  27.715  -50.538  84.244 0.0000000000
42093  27.746  -51.885  85.087 0.0000000000
41114  27.594  -52.858  86.158 0.0000000000
40167  26.776  -53.850  87.270 0.0000000000
139362  25.487  -53.478  86.773 0.0000000000
40168  25.890  -53.774  87.344 0.0000000000
39192  26.934  -54.398  88.633 0.0000000000
39165  26.579  -54.687  90.307 0.0000000000
124785  26.321  -54.946  92.168 0.0000000000
139584  10.671  -58.627  94.072 0.0000000000
127147  11.165  -58.159  95.442 0.0000000000
69496  60.264  -23.390  70.035 0.0000000000
123762  56.320  -26.269  71.150 0.0000000000
69489  57.103  -24.248  72.317 0.0000000000
69482  58.096  -23.250  73.549 0.0000000000
68310  56.638  -24.178  74.642 0.0000000000
69465  57.961  -23.585  74.201 0.0000000000
68321  58.674  -24.583  73.721 0.0000000000
69510  44.844  -25.241  69.651 0.0000000000
69491  45.976  -24.819  71.287 0.0000000000
67334  44.409  -26.399  71.546 0.0000000000
68339  46.032  -25.340  71.898 0.0000000000
128736  47.127  -25.232  72.204 0.0000000000
68324  48.392  -25.535  73.384 0.0000000000
68303  49.325  -25.149  75.466 0.0000000000
136298  50.529  -24.986  76.523 0.0000000000
143248  43.835  -28.180  75.137 0.0000000000
66307  44.511  -28.002  75.511 0.0000000000
66295  46.595  -27.592  76.328 0.0000000000
135995  46.825  -27.199  78.801 0.0000000000
66269  47.040  -27.235  77.801 0.0000000000
67264  47.994  -26.752  76.344 0.0000000000
136469  49.130  -25.421  76.940 0.0000000000
148768  50.000  -24.692  77.509 0.0000000000
60597  37.225  -33.917  75.105 0.0000000000
59673  37.891  -34.337  76.492 0.0000000000
58732  36.744  -35.261  77.819 0.0000000000
59653  38.494  -34.967  78.008 0.0000000000
129482  39.130  -34.501  77.663 0.0000000000
59643  40.761  -35.022  79.148 0.0000000000
59633  41.504  -35.353  80.320 0.0000000000
58680  42.214  -35.666  81.908 0.0000000000
49404  34.948  -44.038  81.019 0.0000000000
144421  35.811  -41.678  79.431 0.0000000000
134661  36.763  -41.026  80.200 0.0000000000
54767  36.945  -39.653  80.696 0.0000000000
48328  38.889  -46.131  86.034 0.0000000000
49349  40.059  -45.008  84.829 0.0000000000
50421  40.046  -43.881  83.757 0.0000000000
49360  41.333  -44.059  84.481 0.0000000000
50439  40.386  -43.041  83.475 0.0000000000
52655  39.348  -41.945  82.437 0.0000000000
54760  38.076  -40.193  81.744 0.0000000000
54754  37.626  -39.026  81.968 0.0000000000
55783  37.643  -37.821  82.408 0.0000000000
56810  38.122  -36.787  83.357 0.0000000000
57777  38.522  -36.346  83.455 0.0000000000
55751  40.066  -38.365  86.088 0.0000000000
139869  39.712  -37.136  85.350 0.0000000000
58642  39.945  -36.372  84.007 0.0000000000
58656  40.668  -36.555  83.231 0.0000000000
74054  56.121  -18.999  66.114 0.0000000000
73197  56.599  -19.771  65.007 0.0000000000
73196  57.342  -19.869  63.894 0.0000000000
72324  58.240  -20.801  63.544 0.0000000000
72317  59.680  -20.983  64.991 0.0000000000
69571  58.432  -23.682  64.757 0.0000000000
70481  58.916  -22.747  65.382 0.0000000000
71427  59.931  -21.863  65.927 0.0000000000
71426  60.243  -22.333  66.088 0.0000000000
141200  26.525  -55.703  93.429 0.0000000000
38107  27.206  -55.789  92.999 0.0000000000
148454  11.614  -58.070  91.565 0.0000000000
59631  43.312  -34.467  80.865 0.0000000000
44131  28.471  -49.191  83.984 0.0000000000
45153  29.183  -48.914  84.280 0.0000000000
44116  28.824  -49.562  84.578 0.0000000000
41120  21.255  -52.992  86.253 0.0000000000
147131  21.536  -52.541  85.106 0.0000000000
40074  18.494  -54.220  93.575 0.0000000000
67357  56.625  -26.820  69.655 0.0000000000
66382  55.374  -27.462  69.201 0.0000000000
130141  52.058  -25.268  76.338 0.0000000000
68285  52.828  -25.062  76.588 0.0000000000
126268  53.011  -25.104  77.505 0.0000000000
65404  42.516  -28.172  72.834 0.0000000000
55810  36.119  -38.784  80.013 0.0000000000
55802  35.738  -37.881  79.909 0.0000000000
55801  36.174  -37.902  80.493 0.0000000000
147843  35.828  -37.171  80.344 0.0000000000
47292  36.302  -46.686  86.443 0.0000000000
47310  37.041  -46.323  85.747 0.0000000000
140617  54.289  -27.156  68.205 0.0000000000
67373  55.442  -27.103  68.327 0.0000000000
130775  56.516  -26.775  68.250 0.0000000000
75932  56.840  -17.688  65.558 0.0000000000
128734  57.727  -18.133  64.995 0.0000000000
74052  57.093  -18.170  65.600 0.0000000000
123894  27.975  -53.957  87.898 0.0000000000
40165  28.536  -53.566  87.468 0.0000000000
37095  15.235  -56.765  92.724 0.0000000000
37082  15.502  -56.650  93.442 0.0000000000
68388  48.915  -26.199  67.904 0.0000000000
123672  47.572  -25.341  71.242 0.0000000000
68346  48.314  -25.720  71.704 0.0000000000
123652  47.630  -25.370  72.055 0.0000000000
62510  42.231  -30.755  76.581 0.0000000000
63482  42.590  -29.948  76.999 0.0000000000
34209  8.420  -59.734  90.330 0.0000000000
65388  37.975  -28.971  72.948 0.0000000000
63527  38.355  -29.902  73.568 0.0000000000
60594  39.378  -32.829  75.594 0.0000000000
60577  40.376  -33.477  77.338 0.0000000000
60578  39.608  -33.771  77.087 0.0000000000
45150  32.137  -48.211  84.543 0.0000000000
45149  32.961  -48.074  84.661 0.0000000000
145471  33.242  -48.538  85.172 0.0000000000
42058  31.817  -51.765  88.476 0.0000000000
39180  24.386  -54.335  89.739 0.0000000000
39181  23.740  -54.263  90.024 0.0000000000
40157  19.781  -53.423  88.880 0.0000000000
40139  19.398  -53.324  89.490 0.0000000000
41074  18.612  -52.918  89.430 0.0000000000
141254  16.657  -54.528  87.007 0.0000000000
40174  17.195  -53.548  87.193 0.0000000000
126204  16.972  -54.215  87.944 0.0000000000
40158  17.338  -53.868  88.982 0.0000000000
39194  16.832  -54.883  88.575 0.0000000000
42111  24.876  -51.913  83.874 0.0000000000
42110  25.620  -51.906  84.229 0.0000000000
41150  26.179  -52.214  84.829 0.0000000000
41151  25.456  -52.393  84.871 0.0000000000
40153  23.732  -53.870  88.388 0.0000000000
40134  24.446  -54.203  88.931 0.0000000000
137260  9.048  -60.141  95.118 0.0000000000
34162  9.428  -59.751  95.691 0.0000000000
70445  59.992  -22.877  68.830 0.0000000000
69481  59.097  -22.901  72.730 0.0000000000
69480  59.386  -23.362  71.935 0.0000000000
68334  59.133  -24.713  72.927 0.0000000000
67312  54.315  -26.571  72.680 0.0000000000
66327  46.563  -27.248  73.651 0.0000000000
66304  47.514  -27.125  74.839 0.0000000000
58684  38.220  -36.165  81.529 0.0000000000
58696  38.615  -36.210  80.472 0.0000000000
58669  39.359  -36.114  82.639 0.0000000000
48407  33.057  -44.776  80.834 0.0000000000
49406  33.422  -44.524  80.529 0.0000000000
49398  33.639  -44.781  81.209 0.0000000000
50463  37.742  -43.612  82.508 0.0000000000
50477  37.702  -43.123  81.864 0.0000000000
51573  37.642  -42.590  81.290 0.0000000000
50462  38.440  -43.143  82.270 0.0000000000
133789  41.983  -41.930  85.721 0.0000000000
52629  40.835  -41.131  84.712 0.0000000000
54741  40.312  -40.314  84.954 0.0000000000
54742  39.645  -39.674  84.589 0.0000000000
53689  40.618  -39.946  86.008 0.0000000000
70491  55.446  -23.425  64.566 0.0000000000
71439  55.698  -22.445  64.396 0.0000000000
70490  56.313  -23.354  64.335 0.0000000000
69573  57.005  -24.054  64.499 0.0000000000
70452  60.082  -22.963  68.126 0.0000000000
74997  60.436  -18.139  61.695 0.0000000000
74081  60.145  -18.805  61.014 0.0000000000
73219  59.742  -20.106  60.831 0.0000000000
72315  60.491  -21.322  64.972 0.0000000000
72310  60.145  -21.631  65.573 0.0000000000
39152  27.537  -55.035  91.487 0.0000000000
36145  13.481  -57.341  91.620 0.0000000000
37097  13.677  -57.265  92.436 0.0000000000
36146  12.928  -57.527  92.198 0.0000000000
36131  12.505  -57.647  93.493 0.0000000000
36115  12.514  -57.597  95.380 0.0000000000
36122  11.829  -57.807  94.883 0.0000000000
68373  46.511  -25.019  69.817 0.0000000000
69509  45.478  -24.988  69.742 0.0000000000
61517  43.624  -32.778  78.572 0.0000000000
131938  43.579  -33.492  79.309 0.0000000000
133468  6.813  -59.611  90.548 0.0000000000
47375  28.669  -46.602  82.362 0.0000000000
47356  29.010  -47.055  82.956 0.0000000000
45152  29.766  -48.867  84.565 0.0000000000
125530  30.395  -48.585  84.563 0.0000000000
45151  31.245  -48.353  84.562 0.0000000000
45135  30.905  -48.885  85.131 0.0000000000
41165  23.065  -52.133  83.852 0.0000000000
41164  24.046  -52.020  84.014 0.0000000000
41138  23.752  -52.686  85.352 0.0000000000
40192  22.814  -53.311  86.721 0.0000000000
40061  20.027  -54.040  94.780 0.0000000000
68369  58.327  -24.558  69.104 0.0000000000
137665  58.110  -23.164  71.788 0.0000000000
68344  57.439  -24.086  71.691 0.0000000000
67281  52.631  -26.670  74.572 0.0000000000
67280  54.082  -26.139  74.784 0.0000000000
145256  55.282  -24.683  76.440 0.0000000000
66373  42.172  -27.300  70.760 0.0000000000
66372  42.958  -27.043  71.020 0.0000000000
66354  42.573  -27.604  71.495 0.0000000000
65384  43.621  -28.283  73.701 0.0000000000
65383  44.148  -28.111  73.385 0.0000000000
124998  44.953  -27.918  73.578 0.0000000000
66316  44.783  -28.120  74.641 0.0000000000
58722  34.514  -35.653  78.825 0.0000000000
58713  35.116  -35.921  79.217 0.0000000000
58721  35.367  -35.677  78.837 0.0000000000
132808  36.810  -36.590  81.158 0.0000000000
57801  36.569  -36.393  80.653 0.0000000000
57792  37.257  -36.546  81.638 0.0000000000
58685  37.637  -36.265  81.658 0.0000000000
48375  34.714  -45.648  83.175 0.0000000000
48383  35.176  -45.246  82.684 0.0000000000
48374  35.484  -45.562  83.339 0.0000000000
48361  37.339  -45.574  84.459 0.0000000000
48372  36.980  -45.157  83.845 0.0000000000
49364  37.759  -44.889  84.093 0.0000000000
49378  37.385  -44.500  83.490 0.0000000000
68421  52.699  -25.199  66.331 0.0000000000
69546  53.104  -24.599  65.783 0.0000000000
67395  55.509  -26.221  67.036 0.0000000000
68419  54.406  -25.420  66.324 0.0000000000
68418  55.432  -25.614  66.377 0.0000000000
133205  56.326  -25.549  66.123 0.0000000000
68433  56.812  -25.187  65.605 0.0000000000
137123  57.331  -26.358  68.235 0.0000000000
68402  57.933  -25.821  67.752 0.0000000000
146496  58.471  -16.766  64.641 0.0000000000
75950  58.383  -16.522  63.957 0.0000000000
75949  59.177  -16.779  64.275 0.0000000000
75948  59.969  -17.143  63.947 0.0000000000
74994  60.207  -17.883  64.171 0.0000000000
75938  59.626  -17.582  64.287 0.0000000000
74058  59.323  -18.235  64.318 0.0000000000
74062  58.520  -19.181  64.004 0.0000000000
73195  59.688  -19.309  64.420 0.0000000000
43046  29.088  -51.238  85.895 0.0000000000
42080  28.831  -52.046  86.013 0.0000000000
39108  17.500  -55.195  94.377 0.0000000000
38095  16.940  -55.828  93.667 0.0000000000
145604  15.471  -56.294  94.814 0.0000000000
38084  16.139  -55.736  95.213 0.0000000000
38067  15.854  -55.896  97.203 0.0000000000
38076  15.260  -55.960  96.778 0.0000000000
37071  14.082  -56.837  94.281 0.0000000000
37060  13.876  -56.754  95.481 0.0000000000
66396  52.198  -27.454  68.741 0.0000000000
66370  51.773  -27.417  70.154 0.0000000000
67342  52.772  -26.952  71.360 0.0000000000
67343  52.021  -26.969  71.037 0.0000000000
68371  47.830  -26.296  69.030 0.0000000000
67361  48.455  -26.544  69.582 0.0000000000
67331  49.961  -26.392  71.673 0.0000000000
67329  51.353  -26.667  71.678 0.0000000000
67315  51.571  -26.681  72.569 0.0000000000
143194  51.918  -26.826  73.389 0.0000000000
67316  50.692  -26.452  72.721 0.0000000000
68312  49.811  -25.881  73.926 0.0000000000
67282  50.723  -26.363  74.195 0.0000000000
65357  41.727  -28.677  75.708 0.0000000000
139050  42.101  -28.840  76.411 0.0000000000
64394  42.861  -29.224  77.332 0.0000000000
64393  43.394  -29.287  77.922 0.0000000000
65326  43.818  -28.518  78.123 0.0000000000
64382  44.006  -29.393  78.498 0.0000000000
61516  44.256  -32.141  78.555 0.0000000000
62469  44.655  -31.304  78.850 0.0000000000
63457  45.531  -30.468  79.786 0.0000000000
64369  45.680  -29.729  80.141 0.0000000000
54776  35.501  -39.624  78.807 0.0000000000
68423  50.973  -25.111  66.469 0.0000000000
67390  50.981  -26.373  67.648 0.0000000000
136803  52.474  -26.955  68.096 0.0000000000
75934  54.905  -17.591  65.477 0.0000000000
35238  9.974  -59.178  90.932 0.0000000000
34186  9.116  -60.211  91.607 0.0000000000
34185  9.617  -59.926  92.229 0.0000000000
33237  9.120  -60.579  93.672 0.0000000000
33256  7.836  -60.816  91.668 0.0000000000
65427  40.198  -28.219  71.557 0.0000000000
65387  38.808  -28.901  73.234 0.0000000000
131057  38.903  -28.595  72.489 0.0000000000
65407  39.518  -28.630  73.116 0.0000000000
65378  40.433  -28.640  74.418 0.0000000000
64422  39.919  -29.528  74.458 0.0000000000
62525  41.168  -30.801  75.353 0.0000000000
61557  39.319  -31.927  74.481 0.0000000000
61540  40.610  -32.472  76.185 0.0000000000
61546  40.454  -32.171  75.536 0.0000000000
61539  41.276  -32.136  76.435 0.0000000000
61529  41.467  -32.518  77.177 0.0000000000
60566  41.462  -33.537  78.153 0.0000000000
60558  42.627  -34.070  79.416 0.0000000000
59642  41.667  -34.711  79.481 0.0000000000
48397  31.593  -44.984  80.751 0.0000000000
126863  30.129  -46.509  82.698 0.0000000000
47373  30.706  -46.224  82.583 0.0000000000
125783  32.023  -46.131  82.911 0.0000000000
47371  32.745  -45.817  82.731 0.0000000000
47351  33.389  -46.080  83.306 0.0000000000
144137  34.044  -45.717  83.040 0.0000000000
46208  34.474  -47.445  85.334 0.0000000000
46207  35.045  -46.981  85.787 0.0000000000
47293  35.674  -46.716  85.962 0.0000000000
43045  29.726  -50.947  86.289 0.0000000000
44077  29.986  -50.406  86.056 0.0000000000
44074  32.283  -49.812  86.369 0.0000000000
43025  34.097  -50.282  87.707 0.0000000000
44072  34.923  -49.239  86.604 0.0000000000
45109  36.027  -48.539  87.354 0.0000000000
39135  24.801  -54.608  92.192 0.0000000000
145791  23.354  -54.317  91.477 0.0000000000
39136  23.789  -54.400  92.182 0.0000000000
40136  21.851  -54.067  89.029 0.0000000000
40119  20.513  -54.108  90.784 0.0000000000
40118  21.407  -54.221  90.611 0.0000000000
40101  21.118  -54.312  91.428 0.0000000000
40084  20.752  -54.331  92.278 0.0000000000
40103  18.527  -53.619  91.399 0.0000000000
40086  18.963  -53.887  92.122 0.0000000000
129777  18.349  -53.934  91.998 0.0000000000
42082  18.110  -52.387  85.833 0.0000000000
42081  18.659  -52.521  85.797 0.0000000000
41123  18.338  -52.781  86.645 0.0000000000
41101  18.226  -52.777  87.588 0.0000000000
42084  17.320  -52.320  85.409 0.0000000000
41103  17.760  -53.016  88.050 0.0000000000
41087  17.988  -52.803  88.606 0.0000000000
41086  18.161  -52.712  88.388 0.0000000000
146738  17.960  -52.887  89.036 0.0000000000
40140  17.478  -53.913  89.832 0.0000000000
40122  17.667  -53.644  90.463 0.0000000000
130790  17.497  -54.019  91.128 0.0000000000
140063  17.237  -54.828  90.905 0.0000000000
144146  16.442  -55.984  90.518 0.0000000000
38118  16.838  -55.610  91.049 0.0000000000
144352  15.951  -56.351  90.486 0.0000000000
38154  15.367  -55.850  87.201 0.0000000000
38146  15.604  -56.061  87.974 0.0000000000
37151  14.222  -56.861  88.592 0.0000000000
37133  14.652  -56.859  89.473 0.0000000000
37120  14.013  -56.956  91.054 0.0000000000
36198  13.162  -57.456  89.838 0.0000000000
36201  10.572  -58.012  88.863 0.0000000000
36202  9.694  -58.062  88.713 0.0000000000
45185  27.624  -48.684  82.660 0.0000000000
44141  27.486  -49.348  83.068 0.0000000000
44151  25.718  -49.584  81.142 0.0000000000
44143  26.000  -49.887  81.986 0.0000000000
43080  27.219  -50.412  83.669 0.0000000000
42108  27.357  -51.425  84.514 0.0000000000
43060  28.080  -51.096  84.877 0.0000000000
41115  26.631  -52.950  85.967 0.0000000000
41135  27.287  -52.460  85.490 0.0000000000
40188  27.157  -53.433  86.661 0.0000000000
40190  24.687  -53.260  86.471 0.0000000000
41116  25.631  -53.099  86.118 0.0000000000
40150  26.378  -54.075  88.008 0.0000000000
39178  26.696  -54.588  89.442 0.0000000000
130565  25.876  -54.565  89.800 0.0000000000
147948  25.338  -54.593  90.908 0.0000000000
131197  25.844  -54.627  90.684 0.0000000000
131965  25.632  -54.709  91.569 0.0000000000
39102  24.690  -55.269  94.556 0.0000000000
148947  17.971  -55.136  95.356 0.0000000000
135276  17.402  -55.546  95.950 0.0000000000
35194  11.022  -58.432  92.843 0.0000000000
35195  10.446  -58.850  93.271 0.0000000000
35176  10.480  -58.670  95.858 0.0000000000
35183  10.542  -58.625  94.860 0.0000000000
36111  10.986  -58.247  96.371 0.0000000000
35167  10.434  -58.645  96.863 0.0000000000
70427  59.753  -22.929  70.331 0.0000000000
68356  59.848  -25.084  71.019 0.0000000000
67340  55.547  -26.928  70.682 0.0000000000
67311  55.761  -25.738  72.725 0.0000000000
67324  56.194  -25.791  71.884 0.0000000000
67310  56.556  -24.952  72.531 0.0000000000
69483  57.316  -23.880  73.222 0.0000000000
68311  55.713  -24.851  74.810 0.0000000000
69451  57.441  -24.027  75.105 0.0000000000
69450  57.727  -23.957  74.747 0.0000000000
69464  58.261  -23.665  74.045 0.0000000000
68308  58.190  -24.504  74.474 0.0000000000
68374  44.156  -25.421  69.551 0.0000000000
69511  44.393  -25.197  69.045 0.0000000000
69500  45.300  -25.101  70.250 0.0000000000
69499  45.832  -24.795  70.616 0.0000000000
68362  45.371  -25.095  70.833 0.0000000000
67335  43.702  -26.774  71.264 0.0000000000
67348  44.104  -26.064  70.835 0.0000000000
67298  47.052  -26.365  73.191 0.0000000000
68338  46.631  -25.789  72.489 0.0000000000
148513  46.640  -25.168  72.075 0.0000000000
68337  47.792  -25.512  72.737 0.0000000000
145700  47.938  -25.577  73.223 0.0000000000
68304  48.926  -25.239  75.557 0.0000000000
123424  48.942  -25.270  74.835 0.0000000000
68287  49.849  -24.998  76.113 0.0000000000
68273  50.078  -24.742  76.953 0.0000000000
123462  43.128  -28.177  75.916 0.0000000000
65367  43.047  -28.296  75.182 0.0000000000
66285  44.746  -27.692  77.410 0.0000000000
66297  44.820  -27.822  76.310 0.0000000000
66296  45.623  -27.632  76.823 0.0000000000
129149  45.853  -27.804  75.878 0.0000000000
67248  47.719  -26.792  78.369 0.0000000000
67256  47.840  -26.820  77.318 0.0000000000
67255  48.436  -26.466  77.756 0.0000000000
67263  48.624  -26.160  76.875 0.0000000000
68275  48.977  -25.809  77.660 0.0000000000
59687  36.428  -34.323  75.318 0.0000000000
59686  37.168  -34.259  75.914 0.0000000000
60596  37.894  -33.858  75.693 0.0000000000
58720  36.209  -35.679  78.768 0.0000000000
58719  37.178  -35.674  78.651 0.0000000000
58718  38.240  -35.617  78.643 0.0000000000
59652  39.089  -35.172  78.397 0.0000000000
125295  39.700  -34.770  78.242 0.0000000000
59644  39.835  -35.296  78.899 0.0000000000
58682  40.560  -36.143  81.330 0.0000000000
58693  41.225  -35.802  80.924 0.0000000000
59626  41.889  -35.450  81.039 0.0000000000
49388  35.572  -44.658  82.270 0.0000000000
49396  35.238  -44.367  81.634 0.0000000000
144213  36.004  -42.997  80.691 0.0000000000
50490  35.460  -43.464  80.826 0.0000000000
50504  35.383  -42.973  80.095 0.0000000000
51599  35.672  -42.266  79.657 0.0000000000
51598  36.266  -41.760  79.913 0.0000000000
52668  37.527  -41.274  80.786 0.0000000000
53735  36.763  -40.234  80.307 0.0000000000
53727  37.703  -40.559  81.119 0.0000000000
47267  39.420  -46.490  87.883 0.0000000000
47289  39.161  -46.339  86.911 0.0000000000
48312  40.062  -46.111  87.100 0.0000000000
48342  41.238  -45.282  85.743 0.0000000000
48343  40.406  -45.390  85.545 0.0000000000
49362  39.582  -44.572  84.226 0.0000000000
49361  40.547  -44.369  84.312 0.0000000000
145469  41.503  -42.393  84.461 0.0000000000
50419  41.681  -43.280  84.495 0.0000000000
51525  41.027  -42.711  83.989 0.0000000000
50420  40.893  -43.562  84.037 0.0000000000
51537  39.692  -42.558  82.906 0.0000000000
53712  39.386  -40.620  83.080 0.0000000000
53713  38.748  -40.264  82.514 0.0000000000
54753  38.246  -39.507  82.395 0.0000000000
55782  38.124  -38.613  82.723 0.0000000000
55765  38.753  -37.719  84.131 0.0000000000
143137  38.366  -37.365  83.630 0.0000000000
56797  39.019  -37.086  84.760 0.0000000000
54723  40.461  -38.966  86.463 0.0000000000
54710  40.835  -38.656  87.168 0.0000000000
56778  40.292  -37.235  85.842 0.0000000000
57748  40.202  -36.964  85.370 0.0000000000
57749  39.549  -36.708  84.625 0.0000000000
57766  40.404  -36.685  84.680 0.0000000000
141348  40.818  -36.564  83.998 0.0000000000
74980  55.160  -18.915  66.297 0.0000000000
69566  53.510  -23.913  65.329 0.0000000000
70484  53.137  -23.164  65.311 0.0000000000
72311  55.868  -20.503  65.319 0.0000000000
70489  57.918  -22.581  63.655 0.0000000000
141131  57.896  -21.594  63.462 0.0000000000
71444  58.682  -21.640  63.906 0.0000000000
68432  57.726  -25.152  65.683 0.0000000000
144515  57.882  -24.214  64.637 0.0000000000
69561  58.204  -24.510  65.171 0.0000000000
71428  59.593  -22.229  66.193 0.0000000000
71437  59.456  -21.765  65.347 0.0000000000
133258  59.921  -22.238  66.357 0.0000000000
70465  60.458  -22.989  66.648 0.0000000000
75963  58.497  -16.705  61.972 0.0000000000
138307  58.203  -17.205  60.956 0.0000000000
76910  59.200  -16.515  61.210 0.0000000000
73204  60.807  -19.977  63.235 0.0000000000
123563  27.043  -55.234  92.270 0.0000000000
36147  12.100  -57.861  91.989 0.0000000000
36132  11.706  -57.917  92.956 0.0000000000
46236  28.177  -48.053  83.016 0.0000000000
146509  28.710  -47.654  83.161 0.0000000000
40193  21.878  -53.238  86.873 0.0000000000
41121  20.319  -52.961  86.405 0.0000000000
41166  22.134  -52.229  83.761 0.0000000000
41154  22.552  -52.372  84.552 0.0000000000
41139  22.857  -52.635  85.311 0.0000000000
41119  22.214  -52.990  85.966 0.0000000000
40072  18.917  -53.906  93.791 0.0000000000
40053  19.694  -54.241  95.199 0.0000000000
40054  19.013  -54.244  95.010 0.0000000000
39081  19.125  -54.701  95.366 0.0000000000
67371  57.135  -26.453  69.054 0.0000000000
68370  57.780  -25.499  69.534 0.0000000000
67356  57.222  -26.249  69.987 0.0000000000
67339  57.023  -25.897  70.748 0.0000000000
68284  53.766  -24.932  77.047 0.0000000000
65425  42.152  -27.980  72.078 0.0000000000
66343  42.992  -27.898  72.173 0.0000000000
56873  34.999  -36.715  79.337 0.0000000000
56857  36.300  -36.963  80.880 0.0000000000
56842  36.852  -37.067  81.483 0.0000000000
47329  36.023  -46.176  84.748 0.0000000000
48347  36.830  -46.076  84.940 0.0000000000
48346  37.667  -45.942  85.134 0.0000000000
67388  53.468  -26.290  67.278 0.0000000000
68404  53.903  -25.911  66.847 0.0000000000
67385  55.972  -26.607  67.542 0.0000000000
75941  57.284  -17.211  65.216 0.0000000000
75940  58.012  -17.040  64.999 0.0000000000
74991  58.204  -17.582  64.753 0.0000000000
40186  28.716  -53.018  86.909 0.0000000000
40164  29.225  -53.553  87.937 0.0000000000
40147  29.513  -53.754  88.584 0.0000000000
67375  50.456  -26.768  68.335 0.0000000000
126538  49.965  -26.952  68.875 0.0000000000
67359  49.997  -27.004  69.639 0.0000000000
67347  48.220  -26.111  70.645 0.0000000000
67317  49.911  -26.182  72.461 0.0000000000
124963  49.165  -25.640  73.122 0.0000000000
64406  42.045  -29.607  76.469 0.0000000000
63481  43.164  -30.123  77.528 0.0000000000
67391  50.220  -26.290  67.713 0.0000000000
34208  9.258  -59.582  90.491 0.0000000000
34197  8.840  -60.039  90.974 0.0000000000
65408  38.129  -28.706  72.533 0.0000000000
64437  39.123  -29.075  73.677 0.0000000000
148712  39.454  -29.637  74.084 0.0000000000
63520  39.663  -30.242  74.302 0.0000000000
61558  38.660  -32.399  74.487 0.0000000000
61541  39.923  -32.679  75.929 0.0000000000
60567  40.721  -33.840  78.023 0.0000000000
46232  31.086  -47.226  83.510 0.0000000000
47353  31.299  -46.505  83.033 0.0000000000
47333  32.923  -46.747  83.801 0.0000000000
47332  33.726  -46.600  84.011 0.0000000000
46218  33.337  -47.334  84.356 0.0000000000
45131  34.311  -48.174  85.598 0.0000000000
42068  30.660  -51.821  87.390 0.0000000000
43044  30.379  -50.698  86.564 0.0000000000
43029  30.829  -51.048  87.162 0.0000000000
43028  31.539  -50.828  87.381 0.0000000000
43027  32.286  -50.627  87.554 0.0000000000
44057  35.504  -49.390  87.237 0.0000000000
40137  21.032  -53.955  89.207 0.0000000000
146042  19.748  -53.925  90.988 0.0000000000
124780  19.039  -53.459  90.877 0.0000000000
40121  18.401  -53.319  90.727 0.0000000000
144397  16.666  -53.697  86.075 0.0000000000
146358  17.239  -53.229  86.475 0.0000000000
140272  13.586  -56.953  88.281 0.0000000000
37135  13.608  -57.037  89.172 0.0000000000
37152  12.832  -57.220  88.509 0.0000000000
46263  26.906  -47.371  81.191 0.0000000000
42137  25.074  -51.376  82.621 0.0000000000
43091  26.363  -50.375  82.641 0.0000000000
43082  25.885  -51.109  82.938 0.0000000000
42124  26.181  -51.400  83.663 0.0000000000
42094  26.990  -52.085  84.870 0.0000000000
40169  24.938  -53.644  87.377 0.0000000000
40152  24.655  -53.868  88.209 0.0000000000
40133  25.128  -54.193  88.674 0.0000000000
35196  9.963  -59.090  94.198 0.0000000000
70419  59.211  -22.918  71.347 0.0000000000
146567  59.706  -24.136  71.460 0.0000000000
67323  59.453  -26.207  71.559 0.0000000000
66351  53.993  -27.047  71.201 0.0000000000
67341  54.793  -26.775  71.383 0.0000000000
125430  54.931  -26.413  72.293 0.0000000000
69439  56.604  -24.133  76.169 0.0000000000
126426  57.103  -23.980  75.836 0.0000000000
66340  45.327  -27.231  72.831 0.0000000000
67299  46.186  -26.760  72.995 0.0000000000
67297  47.772  -25.912  73.470 0.0000000000
67284  48.086  -26.100  74.322 0.0000000000
67273  48.566  -25.924  75.892 0.0000000000
65340  43.880  -27.979  77.502 0.0000000000
68259  49.448  -25.471  78.355 0.0000000000
125171  35.713  -34.542  75.746 0.0000000000
128796  36.394  -34.629  76.314 0.0000000000
148579  37.835  -36.224  80.128 0.0000000000
58710  37.529  -35.999  79.455 0.0000000000
58708  39.356  -35.909  79.594 0.0000000000
58707  40.278  -35.668  79.667 0.0000000000
58695  39.694  -36.049  80.400 0.0000000000
145543  39.962  -36.153  81.032 0.0000000000
58668  40.388  -36.409  82.316 0.0000000000
49395  35.960  -44.053  81.854 0.0000000000
50464  36.869  -43.659  82.066 0.0000000000
143512  36.821  -42.690  80.864 0.0000000000
52667  38.136  -41.772  81.302 0.0000000000
48311  41.015  -46.042  87.177 0.0000000000
48325  41.700  -45.618  86.381 0.0000000000
52637  40.956  -41.788  84.135 0.0000000000
146742  40.367  -41.471  83.633 0.0000000000
53703  40.419  -40.956  84.159 0.0000000000
53704  39.484  -40.080  83.801 0.0000000000
54747  38.636  -39.286  83.049 0.0000000000
54733  39.390  -38.845  84.958 0.0000000000
55752  39.608  -38.216  85.525 0.0000000000
70483  53.947  -23.075  64.866 0.0000000000
70482  54.735  -23.524  64.771 0.0000000000
72320  55.730  -21.386  64.678 0.0000000000
126999  56.327  -21.861  64.096 0.0000000000
68415  58.481  -24.763  66.798 0.0000000000
69544  58.820  -23.733  66.573 0.0000000000
71409  60.071  -22.613  66.762 0.0000000000
70466  59.832  -22.713  67.414 0.0000000000
76903  60.160  -16.711  62.114 0.0000000000
76908  60.081  -16.609  61.289 0.0000000000
75962  60.293  -17.196  61.296 0.0000000000
75003  60.246  -17.914  60.693 0.0000000000
74056  60.819  -19.598  64.695 0.0000000000
72323  60.819  -20.969  64.306 0.0000000000
126479  60.542  -22.505  63.796 0.0000000000
139987  27.546  -54.557  89.238 0.0000000000
39176  28.388  -54.420  89.120 0.0000000000
39163  28.582  -54.813  90.549 0.0000000000
37096  14.398  -56.952  92.640 0.0000000000
37072  13.222  -57.256  93.879 0.0000000000
36109  12.366  -57.625  96.472 0.0000000000
124488  12.126  -57.823  97.557 0.0000000000
68391  46.572  -25.232  68.937 0.0000000000
68372  47.152  -25.566  69.628 0.0000000000
68360  46.930  -24.941  70.629 0.0000000000
62484  42.969  -31.743  77.592 0.0000000000
60557  44.469  -33.209  79.574 0.0000000000
34210  7.614  -59.774  90.384 0.0000000000
33257  6.561  -60.867  91.779 0.0000000000
138622  6.457  -61.423  92.534 0.0000000000
32193  5.872  -61.841  92.990 0.0000000000
148588  38.523  -32.952  74.882 0.0000000000
60595  38.686  -33.272  75.522 0.0000000000
47374  29.474  -46.505  82.542 0.0000000000
46234  29.338  -47.588  83.443 0.0000000000
46233  30.199  -47.435  83.542 0.0000000000
40116  23.040  -54.191  89.828 0.0000000000
123717  22.793  -54.063  88.924 0.0000000000
40172  21.536  -53.583  87.649 0.0000000000
40155  21.264  -53.815  88.436 0.0000000000
40156  20.429  -53.668  88.630 0.0000000000
39204  15.957  -55.271  86.762 0.0000000000
40191  23.731  -53.271  86.615 0.0000000000
69520  58.816  -23.613  68.510 0.0000000000
70446  59.553  -22.907  69.147 0.0000000000
130332  58.867  -23.118  69.675 0.0000000000
69497  58.609  -23.155  70.521 0.0000000000
70420  58.748  -22.839  71.400 0.0000000000
70412  58.943  -22.687  72.601 0.0000000000
123926  53.210  -26.774  73.354 0.0000000000
67292  54.489  -26.374  74.170 0.0000000000
67279  54.895  -25.639  74.850 0.0000000000
68297  55.540  -24.583  75.824 0.0000000000
68298  54.643  -24.777  76.129 0.0000000000
67350  42.646  -26.743  70.279 0.0000000000
66352  44.046  -27.146  71.941 0.0000000000
66342  43.662  -27.682  72.263 0.0000000000
140687  46.095  -27.823  75.049 0.0000000000
65309  45.497  -28.128  79.561 0.0000000000
58749  34.908  -35.059  77.229 0.0000000000
57810  36.187  -36.134  80.020 0.0000000000
58698  37.056  -36.193  80.318 0.0000000000
58671  37.992  -36.015  82.195 0.0000000000
48395  34.071  -45.107  81.884 0.0000000000
48373  36.253  -45.419  83.550 0.0000000000
50442  37.760  -43.967  83.140 0.0000000000
49376  39.088  -44.086  83.674 0.0000000000
69545  53.960  -24.716  65.749 0.0000000000
69563  56.384  -24.571  65.076 0.0000000000
68416  58.029  -25.460  66.357 0.0000000000
67393  57.491  -25.946  66.901 0.0000000000
68401  58.484  -24.827  67.632 0.0000000000
75957  57.872  -16.828  62.732 0.0000000000
148206  59.406  -16.290  62.843 0.0000000000
75956  60.177  -16.889  63.093 0.0000000000
74996  60.655  -18.353  62.745 0.0000000000
73206  60.521  -19.834  62.207 0.0000000000
131882  60.706  -18.633  63.595 0.0000000000
74993  60.550  -18.538  64.182 0.0000000000
74989  60.631  -19.135  64.474 0.0000000000
73194  60.628  -19.893  64.762 0.0000000000
136066  59.878  -20.218  64.769 0.0000000000
43067  28.449  -50.289  84.746 0.0000000000
44099  29.132  -50.023  85.147 0.0000000000
43059  28.747  -50.762  85.333 0.0000000000
41112  29.147  -52.467  86.658 0.0000000000
42069  29.901  -52.196  87.026 0.0000000000
42059  31.143  -52.248  88.058 0.0000000000
40132  29.108  -54.135  89.064 0.0000000000
40131  29.925  -53.888  89.505 0.0000000000
40130  30.192  -53.479  88.756 0.0000000000
41141  20.147  -52.649  85.112 0.0000000000
39120  18.069  -54.531  93.739 0.0000000000
39096  17.699  -54.982  95.056 0.0000000000
38074  16.804  -55.353  95.804 0.0000000000
139812  16.743  -55.753  94.463 0.0000000000
38066  16.558  -55.729  96.449 0.0000000000
38055  16.047  -56.010  97.325 0.0000000000
37083  14.714  -56.851  93.408 0.0000000000
37059  14.624  -56.541  96.157 0.0000000000
132197  54.129  -27.676  69.036 0.0000000000
148983  54.738  -27.619  69.335 0.0000000000
66383  54.301  -27.646  69.837 0.0000000000
66368  53.726  -27.471  70.477 0.0000000000
66385  52.471  -27.619  69.461 0.0000000000
148380  53.334  -27.141  71.040 0.0000000000
67327  53.432  -26.823  71.680 0.0000000000
123644  52.888  -26.712  72.024 0.0000000000
67377  48.665  -26.531  68.651 0.0000000000
67345  50.150  -26.796  70.707 0.0000000000
67344  51.146  -26.920  70.798 0.0000000000
67293  52.574  -26.879  73.806 0.0000000000
128759  51.725  -26.688  74.288 0.0000000000
67271  52.118  -26.297  75.190 0.0000000000
68301  51.621  -25.642  75.796 0.0000000000
68286  51.294  -25.167  76.448 0.0000000000
65377  41.251  -28.399  74.463 0.0000000000
124220  42.025  -28.377  74.315 0.0000000000
123960  41.763  -28.419  75.079 0.0000000000
65342  42.713  -28.609  76.883 0.0000000000
62483  43.435  -31.055  77.770 0.0000000000
63469  44.336  -30.348  78.675 0.0000000000
64381  44.605  -29.515  79.072 0.0000000000
65310  44.953  -28.731  79.433 0.0000000000
65297  45.603  -28.878  80.107 0.0000000000
55821  35.288  -38.741  78.798 0.0000000000
55811  35.664  -38.765  79.380 0.0000000000
47269  37.604  -46.763  87.470 0.0000000000
47247  38.795  -46.758  88.669 0.0000000000
69548  51.443  -24.413  65.942 0.0000000000
68422  51.840  -25.154  66.371 0.0000000000
68406  52.297  -25.788  66.924 0.0000000000
67389  52.775  -26.364  67.420 0.0000000000
67374  53.385  -26.814  67.841 0.0000000000
75933  55.977  -17.733  65.700 0.0000000000
148532  55.981  -18.152  66.011 0.0000000000
35224  10.652  -58.810  91.464 0.0000000000
136714  9.852  -59.561  93.202 0.0000000000
34179  9.487  -59.940  93.867 0.0000000000
33265  8.073  -60.224  90.909 0.0000000000
133889  8.743  -60.949  93.121 0.0000000000
130296  8.655  -61.045  94.011 0.0000000000
33229  8.666  -60.894  95.051 0.0000000000
65426  41.200  -28.192  72.028 0.0000000000
123796  41.032  -28.283  73.053 0.0000000000
124035  40.905  -28.365  73.866 0.0000000000
64420  40.918  -28.972  75.425 0.0000000000
64429  40.051  -29.017  74.485 0.0000000000
64421  40.385  -29.301  74.990 0.0000000000
62527  39.948  -31.222  74.468 0.0000000000
62526  40.575  -31.436  75.044 0.0000000000
61528  42.236  -32.316  77.509 0.0000000000
61519  42.174  -33.087  78.184 0.0000000000
59625  42.575  -35.054  81.187 0.0000000000
49408  32.156  -44.709  80.126 0.0000000000
48408  32.466  -44.903  80.797 0.0000000000
48396  32.946  -45.097  81.344 0.0000000000
48398  30.038  -45.463  81.611 0.0000000000
47372  31.392  -45.881  82.446 0.0000000000
48387  31.477  -45.390  81.711 0.0000000000
48386  32.842  -45.456  82.000 0.0000000000
47349  34.977  -45.972  83.835 0.0000000000
47331  34.491  -46.435  84.280 0.0000000000
47330  35.231  -46.256  84.551 0.0000000000
47312  35.474  -46.536  85.288 0.0000000000
44076  30.592  -50.120  86.094 0.0000000000
44097  30.728  -49.499  85.587 0.0000000000
44096  31.401  -49.223  85.568 0.0000000000
44094  33.028  -49.016  85.538 0.0000000000
43026  33.152  -50.459  87.641 0.0000000000
44060  32.718  -50.102  86.949 0.0000000000
44073  33.169  -49.575  86.149 0.0000000000
45132  33.793  -48.852  85.648 0.0000000000
45119  35.385  -48.447  86.650 0.0000000000
46195  36.097  -47.123  87.059 0.0000000000
47270  36.769  -46.896  87.246 0.0000000000
39114  25.966  -55.373  93.471 0.0000000000
124471  24.310  -54.626  93.119 0.0000000000
39117  23.878  -54.586  93.939 0.0000000000
147282  23.081  -54.439  93.720 0.0000000000
128523  22.312  -54.478  94.002 0.0000000000
142260  22.776  -54.298  91.171 0.0000000000
40100  22.030  -54.324  91.291 0.0000000000
40085  19.775  -54.099  92.280 0.0000000000
130720  19.270  -53.876  93.074 0.0000000000
40073  18.612  -54.105  93.500 0.0000000000
41122  19.272  -52.848  86.528 0.0000000000
42083  17.863  -52.348  85.783 0.0000000000
132109  18.406  -52.708  88.800 0.0000000000
41063  18.183  -53.164  90.043 0.0000000000
41064  17.929  -53.365  90.335 0.0000000000
128898  18.163  -53.938  91.872 0.0000000000
40088  18.138  -54.298  92.781 0.0000000000
39139  17.744  -54.625  92.695 0.0000000000
132206  16.709  -56.028  91.874 0.0000000000
37107  15.670  -56.616  91.854 0.0000000000
37108  14.821  -56.836  91.386 0.0000000000
38145  16.274  -55.614  88.269 0.0000000000
37150  15.019  -56.573  88.472 0.0000000000
37132  15.443  -56.525  89.329 0.0000000000
35236  11.332  -58.259  90.453 0.0000000000
36200  11.447  -57.866  89.077 0.0000000000
35250  9.218  -58.603  89.224 0.0000000000
35239  8.804  -59.130  89.830 0.0000000000
47391  28.181  -46.075  81.948 0.0000000000
47376  27.918  -46.844  82.124 0.0000000000
46262  27.389  -47.094  81.721 0.0000000000
45170  28.012  -48.852  83.403 0.0000000000
44142  26.934  -49.452  82.409 0.0000000000
41134  28.072  -52.273  85.730 0.0000000000
40166  27.631  -53.780  87.288 0.0000000000
40149  27.251  -54.083  87.923 0.0000000000
39153  26.583  -54.826  91.310 0.0000000000
39095  18.229  -54.829  95.185 0.0000000000
39082  18.491  -54.789  95.215 0.0000000000
36133  11.138  -58.310  93.597 0.0000000000
36123  11.196  -58.204  94.455 0.0000000000
36110  11.513  -57.875  96.806 0.0000000000
70436  60.093  -22.933  69.539 0.0000000000
69506  60.476  -23.672  69.354 0.0000000000
67358  55.919  -27.253  69.826 0.0000000000
68345  56.878  -25.290  71.614 0.0000000000
69488  57.917  -23.293  72.621 0.0000000000
144136  58.830  -22.900  72.952 0.0000000000
68323  55.763  -25.345  73.891 0.0000000000
69466  57.495  -23.683  74.206 0.0000000000
70397  58.381  -23.301  73.339 0.0000000000
136922  58.822  -23.454  73.289 0.0000000000
69524  44.871  -24.953  68.850 0.0000000000
69490  46.438  -24.731  71.061 0.0000000000
68350  44.824  -25.647  71.145 0.0000000000
67333  45.176  -25.954  71.775 0.0000000000
68349  45.456  -25.293  71.405 0.0000000000
68348  46.594  -24.908  71.687 0.0000000000
68313  48.982  -25.438  74.064 0.0000000000
68314  48.575  -25.604  74.195 0.0000000000
123680  49.450  -25.406  74.751 0.0000000000
68302  50.059  -25.363  75.358 0.0000000000
65376  42.549  -28.356  74.759 0.0000000000
65375  43.354  -28.333  74.426 0.0000000000
66298  43.892  -27.964  76.135 0.0000000000
66306  45.304  -27.952  75.291 0.0000000000
66305  46.763  -27.616  75.383 0.0000000000
66257  45.656  -27.660  78.925 0.0000000000
66270  46.091  -27.415  78.251 0.0000000000
146122  47.381  -26.901  79.036 0.0000000000
66283  46.349  -27.456  77.286 0.0000000000
66282  47.246  -27.288  76.806 0.0000000000
66294  47.458  -27.317  75.815 0.0000000000
68274  49.620  -25.073  77.414 0.0000000000
68288  49.484  -25.014  76.583 0.0000000000
68272  50.884  -24.801  77.090 0.0000000000
60588  38.479  -33.796  76.173 0.0000000000
58748  35.908  -35.166  77.256 0.0000000000
59665  36.744  -34.923  76.986 0.0000000000
58731  37.730  -35.105  77.943 0.0000000000
59664  37.443  -34.819  77.157 0.0000000000
59663  38.252  -34.651  77.319 0.0000000000
59672  38.748  -34.076  76.832 0.0000000000
59651  40.389  -34.608  78.441 0.0000000000
59634  41.009  -35.355  79.800 0.0000000000
49397  34.496  -44.582  81.389 0.0000000000
148544  35.564  -43.866  81.332 0.0000000000
50491  34.768  -43.617  80.350 0.0000000000
52695  36.173  -41.111  79.544 0.0000000000
53746  36.360  -40.362  79.812 0.0000000000
54768  36.467  -39.599  80.169 0.0000000000
47290  38.244  -46.485  86.740 0.0000000000
48345  38.564  -45.785  85.290 0.0000000000
48327  39.784  -45.873  86.211 0.0000000000
48344  39.471  -45.583  85.415 0.0000000000
48359  39.078  -45.164  84.768 0.0000000000
49363  38.636  -44.707  84.198 0.0000000000
49338  42.170  -44.925  85.712 0.0000000000
50408  42.320  -43.395  85.158 0.0000000000
49347  41.966  -44.139  84.997 0.0000000000
50440  39.534  -43.418  83.185 0.0000000000
51555  38.994  -42.541  82.265 0.0000000000
52656  38.807  -41.839  81.943 0.0000000000
52646  39.765  -41.552  83.063 0.0000000000
53719  39.170  -41.207  82.399 0.0000000000
53720  38.598  -41.034  81.770 0.0000000000
54761  37.472  -39.818  81.214 0.0000000000
55800  37.032  -38.901  81.249 0.0000000000
55790  37.139  -37.935  81.758 0.0000000000
55772  38.524  -38.270  83.427 0.0000000000
55773  37.997  -37.564  83.122 0.0000000000
56826  37.704  -36.862  82.809 0.0000000000
57778  37.956  -36.358  83.017 0.0000000000
57784  38.197  -36.001  82.806 0.0000000000
58658  38.841  -35.946  83.121 0.0000000000
147091  39.484  -37.478  85.335 0.0000000000
55736  40.612  -38.006  86.724 0.0000000000
55737  40.053  -37.584  85.937 0.0000000000
57767  38.935  -36.613  84.138 0.0000000000
57776  39.188  -36.314  83.780 0.0000000000
58657  39.620  -36.249  83.253 0.0000000000
58667  41.450  -36.353  82.503 0.0000000000
58655  41.683  -36.516  83.452 0.0000000000
74053  56.607  -18.927  65.779 0.0000000000
73202  57.966  -19.966  63.506 0.0000000000
72318  57.518  -20.832  63.571 0.0000000000
141915  58.986  -20.660  64.085 0.0000000000
69572  57.917  -23.555  64.187 0.0000000000
123733  58.658  -23.758  65.603 0.0000000000
71436  60.021  -21.391  65.561 0.0000000000
40055  18.658  -54.331  94.784 0.0000000000
40062  19.261  -54.002  94.608 0.0000000000
41155  21.576  -52.437  84.520 0.0000000000
50461  39.099  -43.118  82.637 0.0000000000
51588  36.864  -41.899  80.451 0.0000000000
53734  37.248  -40.441  80.675 0.0000000000
56809  38.588  -36.880  83.949 0.0000000000
64431  39.025  -29.432  73.764 0.0000000000
66387  50.654  -27.302  69.086 0.0000000000
67295  50.481  -26.338  73.483 0.0000000000
67313  53.501  -26.705  72.532 0.0000000000
68289  48.968  -25.297  76.273 0.0000000000
68315  48.201  -25.686  73.666 0.0000000000
69415  50.424  -24.657  77.650 0.0000000000
69523  45.467  -24.850  68.770 0.0000000000
70413  58.628  -22.915  72.954 0.0000000000
73218  60.142  -19.620  61.333 0.0000000000
74061  60.858  -19.270  64.186 0.0000000000
76898  59.575  -16.480  63.447 0.0000000000
76899  58.861  -16.319  63.018 0.0000000000
76904  59.792  -16.411  62.613 0.0000000000
76909  59.784  -16.380  61.746 0.0000000000
141657  59.005  -22.605  72.075 0.0000000000
142755  55.852  -18.627  66.139 0.0000000000
146004  51.089  -26.529  72.211 0.0000000000
146816  11.363  -57.997  96.093 0.0000000000
