#!ascii label  , from subject sub-01 vox2ras=TkReg
1062
47128  13.297  -46.898  98.951 0.0000000000
45142  10.695  -48.256  85.810 0.0000000000
39064  6.753  -52.498  99.192 0.0000000000
45008  4.231  -46.942  96.359 0.0000000000
52592  5.808  -42.488  90.219 0.0000000000
42877  9.369  -50.350  101.068 0.0000000000
46008  6.844  -47.533  100.756 0.0000000000
44973  15.612  -47.139  98.957 0.0000000000
41015  12.436  -51.381  98.230 0.0000000000
38058  8.942  -54.311  96.801 0.0000000000
133630  4.780  -41.343  99.100 0.0000000000
49301  4.266  -44.674  92.503 0.0000000000
54632  7.600  -39.375  96.791 0.0000000000
40059  5.389  -54.009  94.714 0.0000000000
41992  7.938  -51.279  94.734 0.0000000000
42892  5.324  -49.518  98.741 0.0000000000
49227  4.946  -44.220  100.528 0.0000000000
46121  8.748  -47.037  91.638 0.0000000000
47284  6.071  -46.120  87.215 0.0000000000
50474  4.161  -43.640  82.790 0.0000000000
52616  10.131  -41.165  87.022 0.0000000000
147050  11.036  -48.726  99.947 0.0000000000
46043  9.538  -47.787  99.473 0.0000000000
47111  14.393  -46.839  99.541 0.0000000000
42883  13.731  -49.521  98.894 0.0000000000
43906  12.168  -49.589  99.863 0.0000000000
147964  10.792  -51.005  100.090 0.0000000000
53584  5.802  -40.738  98.241 0.0000000000
39087  6.125  -53.834  96.269 0.0000000000
41023  6.813  -52.508  97.645 0.0000000000
41957  6.400  -51.030  98.933 0.0000000000
146314  7.107  -43.753  99.938 0.0000000000
48200  5.970  -45.517  100.531 0.0000000000
38048  8.294  -54.152  98.540 0.0000000000
37051  7.635  -55.257  95.852 0.0000000000
37040  6.598  -55.042  96.532 0.0000000000
131872  5.228  -54.573  94.774 0.0000000000
45018  6.447  -48.736  95.598 0.0000000000
126069  8.977  -49.392  93.824 0.0000000000
46097  6.112  -47.350  93.568 0.0000000000
51454  4.786  -42.804  91.760 0.0000000000
47239  4.522  -45.626  90.084 0.0000000000
50388  4.332  -44.283  88.473 0.0000000000
48356  4.979  -45.403  85.664 0.0000000000
50402  5.066  -43.340  86.735 0.0000000000
40023  8.069  -51.751  100.807 0.0000000000
41947  7.011  -50.319  100.785 0.0000000000
141030  8.124  -48.806  100.660 0.0000000000
47131  7.797  -46.916  99.753 0.0000000000
44998  16.293  -47.169  97.508 0.0000000000
45016  14.914  -48.012  95.933 0.0000000000
42900  14.624  -48.764  97.124 0.0000000000
127558  13.284  -50.425  97.008 0.0000000000
39071  10.678  -53.015  98.173 0.0000000000
39068  9.351  -53.126  99.482 0.0000000000
141365  4.139  -44.549  97.242 0.0000000000
128241  4.172  -45.832  94.434 0.0000000000
51405  4.457  -43.166  96.100 0.0000000000
52539  5.754  -42.155  94.852 0.0000000000
124482  7.242  -41.839  93.307 0.0000000000
49242  14.994  -45.815  98.479 0.0000000000
46075  19.613  -45.573  95.359 0.0000000000
46047  20.371  -45.844  97.498 0.0000000000
47124  17.656  -45.684  99.198 0.0000000000
49235  16.728  -45.157  98.951 0.0000000000
41049  4.896  -53.691  92.790 0.0000000000
42017  5.909  -52.870  92.203 0.0000000000
41032  6.621  -52.635  95.291 0.0000000000
42917  7.313  -51.009  97.232 0.0000000000
43943  5.155  -48.781  97.942 0.0000000000
43919  5.511  -48.915  100.194 0.0000000000
46032  4.716  -47.350  99.153 0.0000000000
47147  4.186  -45.519  98.362 0.0000000000
51367  4.404  -42.576  99.972 0.0000000000
42971  7.873  -50.943  91.464 0.0000000000
44022  9.189  -49.731  90.032 0.0000000000
46174  10.216  -47.564  88.330 0.0000000000
46123  5.406  -46.536  91.429 0.0000000000
47235  7.278  -46.270  89.221 0.0000000000
47303  8.643  -45.795  86.268 0.0000000000
47343  7.239  -45.555  83.957 0.0000000000
47402  5.490  -45.719  82.383 0.0000000000
55667  8.835  -38.253  95.025 0.0000000000
53640  9.717  -40.513  92.117 0.0000000000
132886  10.800  -39.347  90.155 0.0000000000
52589  8.389  -41.577  89.197 0.0000000000
51519  7.361  -42.538  85.338 0.0000000000
140717  11.708  -47.865  99.313 0.0000000000
143462  11.574  -47.644  99.199 0.0000000000
131547  12.367  -47.032  98.828 0.0000000000
47127  14.064  -46.560  99.001 0.0000000000
44964  13.255  -48.247  99.525 0.0000000000
46014  12.661  -48.011  99.426 0.0000000000
44954  11.256  -49.368  100.158 0.0000000000
136747  10.795  -49.137  84.635 0.0000000000
133041  10.548  -47.120  84.771 0.0000000000
39073  6.591  -53.689  97.786 0.0000000000
40042  6.812  -52.890  98.130 0.0000000000
40038  6.650  -52.281  98.847 0.0000000000
46086  16.048  -46.650  94.937 0.0000000000
38044  7.177  -53.418  99.128 0.0000000000
37029  7.492  -54.742  97.411 0.0000000000
128732  6.550  -54.035  97.726 0.0000000000
143087  6.206  -54.004  96.911 0.0000000000
45019  5.153  -48.024  95.615 0.0000000000
45033  6.756  -48.290  94.896 0.0000000000
45035  4.705  -47.497  94.993 0.0000000000
52577  5.672  -42.406  90.949 0.0000000000
51479  4.236  -43.632  90.045 0.0000000000
123927  4.924  -43.239  89.187 0.0000000000
50395  4.667  -43.725  87.489 0.0000000000
51489  5.329  -43.044  88.483 0.0000000000
41944  9.147  -51.101  101.235 0.0000000000
41939  8.310  -50.478  101.072 0.0000000000
43911  9.006  -49.930  100.899 0.0000000000
47130  8.555  -47.465  99.504 0.0000000000
48225  7.815  -45.017  98.979 0.0000000000
142163  15.973  -47.408  98.133 0.0000000000
147113  15.198  -48.263  97.086 0.0000000000
43933  15.417  -48.040  97.667 0.0000000000
41956  13.220  -50.653  98.189 0.0000000000
41964  13.374  -50.423  97.416 0.0000000000
41020  12.774  -50.988  97.197 0.0000000000
40040  11.646  -52.226  97.936 0.0000000000
140664  10.059  -50.741  100.864 0.0000000000
40034  10.023  -52.073  99.989 0.0000000000
41001  9.619  -51.397  100.987 0.0000000000
40028  8.828  -52.434  100.496 0.0000000000
143848  4.399  -42.879  98.349 0.0000000000
50310  4.296  -43.945  97.191 0.0000000000
51395  4.651  -42.630  97.676 0.0000000000
54617  6.997  -39.698  97.515 0.0000000000
52521  5.749  -41.674  96.284 0.0000000000
53627  6.761  -41.224  95.445 0.0000000000
52538  6.504  -41.714  94.618 0.0000000000
53610  7.545  -40.613  95.566 0.0000000000
46040  17.957  -46.080  98.753 0.0000000000
148323  4.884  -53.892  93.358 0.0000000000
41040  5.372  -53.517  93.722 0.0000000000
41033  6.004  -53.277  95.450 0.0000000000
41966  6.652  -51.700  98.466 0.0000000000
41972  7.210  -52.153  96.963 0.0000000000
42903  6.229  -50.464  98.336 0.0000000000
42918  5.942  -49.755  97.681 0.0000000000
42904  5.233  -49.179  98.371 0.0000000000
44961  7.018  -48.793  101.076 0.0000000000
42880  6.320  -49.573  100.600 0.0000000000
137951  6.060  -47.907  100.833 0.0000000000
48205  5.508  -44.605  100.573 0.0000000000
138455  5.011  -46.728  99.730 0.0000000000
47133  4.827  -45.861  99.745 0.0000000000
139196  4.392  -46.729  98.760 0.0000000000
125666  4.401  -44.774  99.468 0.0000000000
49244  4.363  -44.231  99.221 0.0000000000
50278  4.539  -43.285  100.234 0.0000000000
43974  14.148  -48.554  95.478 0.0000000000
45030  14.060  -48.439  94.524 0.0000000000
39086  9.361  -54.223  96.050 0.0000000000
39111  9.064  -54.312  94.809 0.0000000000
38068  8.843  -54.582  95.737 0.0000000000
37064  6.907  -55.547  95.289 0.0000000000
37074  7.437  -55.445  94.908 0.0000000000
39100  5.161  -54.368  94.514 0.0000000000
40069  4.537  -54.518  93.728 0.0000000000
124258  7.299  -51.610  93.234 0.0000000000
142976  7.030  -51.736  92.384 0.0000000000
42001  8.172  -50.852  93.485 0.0000000000
126422  9.064  -48.082  93.207 0.0000000000
43992  9.420  -48.961  92.386 0.0000000000
45066  9.544  -48.367  91.749 0.0000000000
45091  9.962  -48.436  89.897 0.0000000000
46137  9.631  -47.446  90.442 0.0000000000
48267  4.270  -45.101  94.058 0.0000000000
46112  4.464  -46.277  93.235 0.0000000000
47207  4.288  -45.683  92.044 0.0000000000
140895  5.446  -46.067  88.278 0.0000000000
47217  5.808  -46.437  89.707 0.0000000000
128059  6.893  -46.118  88.381 0.0000000000
123826  8.223  -45.816  87.636 0.0000000000
47304  7.528  -45.690  87.039 0.0000000000
47323  8.105  -45.742  85.511 0.0000000000
47324  6.775  -45.825  85.774 0.0000000000
49373  4.435  -44.368  84.452 0.0000000000
47368  5.806  -45.739  83.439 0.0000000000
48379  4.273  -45.182  83.167 0.0000000000
56671  9.211  -37.884  94.248 0.0000000000
53632  9.564  -39.943  93.529 0.0000000000
54665  10.066  -39.259  93.144 0.0000000000
54720  10.869  -40.050  87.873 0.0000000000
53662  10.427  -40.373  89.155 0.0000000000
53663  9.569  -40.925  89.678 0.0000000000
52605  9.406  -41.428  88.220 0.0000000000
51498  7.426  -42.284  87.129 0.0000000000
51508  8.393  -42.171  86.357 0.0000000000
44956  9.795  -49.896  100.824 0.0000000000
44967  9.210  -49.006  100.636 0.0000000000
46017  9.956  -48.706  100.251 0.0000000000
46027  15.299  -47.084  99.480 0.0000000000
43926  14.563  -48.835  98.487 0.0000000000
43915  14.021  -48.433  99.316 0.0000000000
42881  13.029  -49.767  99.367 0.0000000000
41948  12.542  -50.301  99.341 0.0000000000
41006  11.510  -51.137  99.413 0.0000000000
42873  11.654  -50.076  99.966 0.0000000000
43908  10.689  -49.871  100.497 0.0000000000
54593  5.105  -39.768  99.681 0.0000000000
52492  5.194  -41.219  98.474 0.0000000000
54603  5.737  -39.776  98.905 0.0000000000
144274  6.864  -39.121  98.040 0.0000000000
55641  7.275  -38.769  97.486 0.0000000000
40049  6.148  -53.625  96.144 0.0000000000
132410  6.171  -53.396  96.276 0.0000000000
41029  6.386  -53.158  96.823 0.0000000000
143175  6.540  -51.702  98.737 0.0000000000
41962  5.799  -50.151  98.924 0.0000000000
48202  6.997  -45.548  100.127 0.0000000000
47107  6.472  -46.507  100.471 0.0000000000
128327  6.586  -44.648  100.263 0.0000000000
49224  6.352  -43.841  100.569 0.0000000000
50266  6.122  -43.078  101.081 0.0000000000
51364  5.313  -42.081  101.217 0.0000000000
38052  8.651  -54.388  97.603 0.0000000000
37050  7.923  -54.948  96.217 0.0000000000
37038  7.607  -54.971  96.701 0.0000000000
37039  7.157  -55.293  96.375 0.0000000000
37053  6.071  -55.038  95.832 0.0000000000
37054  5.413  -55.029  95.138 0.0000000000
38071  5.741  -54.509  95.554 0.0000000000
39088  5.659  -54.119  95.349 0.0000000000
43964  7.993  -49.664  95.845 0.0000000000
42939  8.684  -49.941  94.617 0.0000000000
45032  7.883  -48.585  94.844 0.0000000000
45045  8.171  -48.152  94.220 0.0000000000
46108  7.670  -47.128  92.867 0.0000000000
50358  4.415  -43.626  92.561 0.0000000000
48288  4.129  -44.924  91.249 0.0000000000
48295  4.159  -44.649  90.310 0.0000000000
129266  4.242  -44.793  89.014 0.0000000000
48321  4.662  -45.449  87.646 0.0000000000
47306  5.489  -45.773  86.126 0.0000000000
48340  4.301  -44.993  86.462 0.0000000000
50416  4.482  -44.002  86.077 0.0000000000
50415  4.785  -43.527  85.402 0.0000000000
53692  10.687  -40.711  86.613 0.0000000000
52633  9.712  -41.822  85.691 0.0000000000
52632  10.333  -41.427  85.328 0.0000000000
39057  7.069  -52.518  99.692 0.0000000000
40031  6.783  -52.003  99.876 0.0000000000
41004  7.534  -50.785  100.957 0.0000000000
43912  7.343  -49.270  100.935 0.0000000000
46007  7.343  -48.217  100.797 0.0000000000
44968  8.398  -48.682  100.580 0.0000000000
46019  8.074  -47.958  100.233 0.0000000000
47114  7.335  -47.090  100.243 0.0000000000
48218  7.161  -45.189  99.861 0.0000000000
45005  16.204  -47.138  96.908 0.0000000000
43962  15.650  -47.613  96.143 0.0000000000
45006  15.639  -47.798  96.797 0.0000000000
42890  14.087  -49.506  97.548 0.0000000000
42915  13.570  -50.006  96.959 0.0000000000
41979  12.960  -50.560  95.832 0.0000000000
39084  10.449  -53.107  96.803 0.0000000000
39072  10.134  -53.544  97.865 0.0000000000
39065  10.814  -52.195  98.984 0.0000000000
145023  10.008  -52.801  99.194 0.0000000000
38045  9.576  -53.743  98.219 0.0000000000
38040  9.122  -53.437  99.204 0.0000000000
39062  7.962  -53.254  99.890 0.0000000000
48246  4.101  -45.799  96.518 0.0000000000
145169  4.214  -46.477  95.747 0.0000000000
49272  3.991  -45.055  96.255 0.0000000000
49281  4.090  -45.004  95.466 0.0000000000
50345  4.424  -43.821  94.735 0.0000000000
52508  5.391  -41.817  96.896 0.0000000000
51418  4.831  -42.695  95.661 0.0000000000
51440  4.593  -43.350  93.275 0.0000000000
52559  5.319  -42.659  93.121 0.0000000000
52558  5.923  -42.460  92.579 0.0000000000
123814  7.173  -41.989  91.750 0.0000000000
49243  14.211  -46.187  98.559 0.0000000000
46076  18.114  -45.719  95.597 0.0000000000
44996  22.145  -46.941  95.819 0.0000000000
44979  22.294  -46.574  96.892 0.0000000000
44997  21.314  -46.373  95.866 0.0000000000
46055  20.324  -45.828  96.903 0.0000000000
46056  19.260  -45.886  97.237 0.0000000000
46058  17.130  -46.491  97.154 0.0000000000
124707  17.288  -46.313  98.824 0.0000000000
44972  16.517  -46.586  98.795 0.0000000000
47109  16.862  -45.963  99.328 0.0000000000
46011  15.937  -46.406  99.292 0.0000000000
47125  15.522  -46.217  99.145 0.0000000000
48216  14.587  -46.355  98.814 0.0000000000
42002  6.468  -52.265  93.511 0.0000000000
41993  7.351  -51.972  95.028 0.0000000000
41028  6.687  -52.817  96.212 0.0000000000
41027  7.386  -52.145  95.950 0.0000000000
42930  8.094  -50.562  95.977 0.0000000000
43953  6.866  -49.843  97.040 0.0000000000
136676  5.424  -48.676  96.426 0.0000000000
45007  4.395  -47.378  96.962 0.0000000000
41953  6.370  -50.794  99.661 0.0000000000
41954  6.071  -50.279  99.403 0.0000000000
43927  4.967  -49.204  99.034 0.0000000000
46021  5.495  -47.549  100.207 0.0000000000
44975  4.996  -48.301  99.339 0.0000000000
137252  4.779  -48.765  98.873 0.0000000000
44991  4.619  -48.083  98.163 0.0000000000
46059  4.386  -47.297  97.630 0.0000000000
46060  4.200  -46.783  97.012 0.0000000000
48236  4.092  -45.431  97.627 0.0000000000
50301  4.305  -43.418  98.480 0.0000000000
51375  4.476  -41.936  99.565 0.0000000000
52482  5.081  -41.363  100.973 0.0000000000
128818  4.786  -40.883  100.654 0.0000000000
137185  4.696  -40.535  100.348 0.0000000000
144322  8.439  -54.678  93.693 0.0000000000
37073  7.864  -55.245  95.182 0.0000000000
43984  9.045  -49.663  92.938 0.0000000000
42970  8.647  -50.369  91.239 0.0000000000
144765  10.449  -47.774  86.951 0.0000000000
45049  4.644  -46.772  93.815 0.0000000000
136944  5.784  -46.781  92.896 0.0000000000
128424  6.969  -46.798  91.903 0.0000000000
46142  4.880  -46.335  90.839 0.0000000000
143866  6.138  -46.590  90.356 0.0000000000
47205  8.168  -46.773  90.690 0.0000000000
47234  8.975  -46.383  89.273 0.0000000000
47282  9.843  -46.546  87.293 0.0000000000
146722  10.337  -47.158  86.108 0.0000000000
47340  10.016  -46.568  85.078 0.0000000000
136754  6.114  -45.670  84.789 0.0000000000
47366  6.396  -45.656  83.230 0.0000000000
55648  7.600  -38.318  96.802 0.0000000000
56662  7.644  -37.049  95.626 0.0000000000
54631  8.121  -39.396  95.974 0.0000000000
53625  8.619  -40.272  94.826 0.0000000000
52545  8.473  -41.225  92.797 0.0000000000
52565  7.790  -41.582  91.045 0.0000000000
53647  10.243  -40.246  91.362 0.0000000000
52573  9.190  -40.986  90.463 0.0000000000
52590  7.544  -41.772  89.503 0.0000000000
51487  6.861  -42.147  87.977 0.0000000000
51510  6.206  -42.704  86.415 0.0000000000
50434  4.976  -43.165  84.170 0.0000000000
51550  6.644  -42.862  83.967 0.0000000000
47129  12.386  -47.262  98.926 0.0000000000
47150  13.062  -46.723  98.758 0.0000000000
145941  13.651  -46.835  99.073 0.0000000000
46015  12.814  -47.383  99.049 0.0000000000
44104  10.620  -49.117  85.328 0.0000000000
45160  10.836  -48.102  84.907 0.0000000000
39069  6.817  -53.148  98.403 0.0000000000
46077  17.012  -46.328  95.642 0.0000000000
46085  16.896  -46.089  94.978 0.0000000000
46078  16.204  -46.907  95.581 0.0000000000
143349  6.878  -53.170  98.954 0.0000000000
133275  6.913  -53.833  98.431 0.0000000000
45020  4.629  -47.621  95.855 0.0000000000
45036  4.308  -47.145  95.277 0.0000000000
147402  4.809  -43.052  89.849 0.0000000000
51478  5.278  -42.782  89.732 0.0000000000
144719  5.446  -42.805  89.120 0.0000000000
51477  5.950  -42.450  89.465 0.0000000000
41937  9.225  -50.677  101.217 0.0000000000
42870  9.108  -50.331  101.111 0.0000000000
44980  15.877  -47.336  98.402 0.0000000000
43925  15.333  -48.153  98.116 0.0000000000
41014  12.679  -51.026  98.470 0.0000000000
41017  13.020  -50.919  97.869 0.0000000000
41018  12.546  -51.349  97.726 0.0000000000
41021  12.465  -51.286  97.201 0.0000000000
40043  12.038  -51.768  97.582 0.0000000000
40044  11.577  -52.238  97.398 0.0000000000
40039  12.069  -51.799  98.066 0.0000000000
124323  9.579  -50.627  101.110 0.0000000000
41942  9.784  -51.033  101.044 0.0000000000
41943  9.447  -51.045  101.179 0.0000000000
129183  9.280  -51.431  101.116 0.0000000000
51386  4.596  -42.241  98.673 0.0000000000
127816  4.956  -41.874  98.149 0.0000000000
53594  7.113  -40.311  96.896 0.0000000000
142179  6.978  -40.772  96.162 0.0000000000
53593  7.643  -40.078  96.187 0.0000000000
40068  5.205  -54.047  93.977 0.0000000000
41034  5.475  -53.725  94.678 0.0000000000
42891  5.611  -49.881  98.625 0.0000000000
42919  5.490  -49.388  97.967 0.0000000000
128635  6.800  -48.210  101.131 0.0000000000
134427  6.670  -48.198  100.977 0.0000000000
48206  4.963  -45.151  100.190 0.0000000000
48219  4.547  -45.456  99.565 0.0000000000
49236  4.629  -44.597  100.064 0.0000000000
143567  4.437  -44.037  99.855 0.0000000000
50269  4.676  -43.895  100.331 0.0000000000
144723  9.012  -54.433  96.279 0.0000000000
142044  6.106  -55.497  94.631 0.0000000000
39112  4.867  -54.456  94.093 0.0000000000
148604  7.817  -51.225  93.985 0.0000000000
41991  8.382  -50.657  94.335 0.0000000000
46107  8.787  -47.427  92.658 0.0000000000
45055  9.339  -48.212  92.579 0.0000000000
46106  9.336  -47.651  92.059 0.0000000000
46120  9.427  -47.575  91.276 0.0000000000
46138  9.062  -46.974  90.773 0.0000000000
49296  4.319  -44.748  93.411 0.0000000000
47198  4.293  -45.469  92.678 0.0000000000
48282  4.208  -45.011  92.140 0.0000000000
47285  5.597  -46.043  87.624 0.0000000000
124591  5.806  -46.235  88.106 0.0000000000
47260  6.416  -46.141  87.825 0.0000000000
47283  7.193  -45.875  87.686 0.0000000000
143811  6.763  -45.885  86.850 0.0000000000
144340  6.246  -46.006  86.217 0.0000000000
50458  4.662  -43.739  83.813 0.0000000000
49391  3.761  -44.176  82.586 0.0000000000
56681  8.678  -37.034  93.720 0.0000000000
56680  9.365  -37.630  93.370 0.0000000000
55675  9.733  -38.515  93.745 0.0000000000
55685  9.951  -38.259  92.884 0.0000000000
53686  10.568  -40.670  87.478 0.0000000000
129894  10.742  -40.006  88.607 0.0000000000
52604  10.038  -41.102  87.905 0.0000000000
52587  9.942  -40.994  88.872 0.0000000000
52617  9.505  -41.487  87.360 0.0000000000
52626  8.957  -41.875  86.834 0.0000000000
52625  9.585  -41.607  86.518 0.0000000000
133678  10.532  -49.011  100.293 0.0000000000
44966  9.875  -49.347  100.641 0.0000000000
46016  10.900  -48.486  99.821 0.0000000000
47142  11.310  -47.323  98.922 0.0000000000
46012  14.946  -47.045  99.640 0.0000000000
44974  14.721  -47.788  99.150 0.0000000000
44963  14.188  -47.747  99.444 0.0000000000
43917  12.733  -49.036  99.795 0.0000000000
43916  13.425  -48.721  99.522 0.0000000000
127134  12.868  -49.398  99.627 0.0000000000
42882  12.346  -49.935  99.650 0.0000000000
141828  11.868  -50.394  99.686 0.0000000000
140927  11.143  -48.970  100.076 0.0000000000
44955  10.417  -49.563  100.536 0.0000000000
142619  6.117  -38.124  98.826 0.0000000000
55642  6.790  -38.125  98.141 0.0000000000
138682  6.334  -53.423  96.850 0.0000000000
41019  6.645  -52.004  98.681 0.0000000000
41024  6.815  -52.718  97.868 0.0000000000
48203  6.649  -45.504  100.297 0.0000000000
49223  6.833  -44.145  100.079 0.0000000000
130989  6.609  -43.196  100.711 0.0000000000
49225  5.846  -43.737  100.797 0.0000000000
142318  6.401  -42.633  101.187 0.0000000000
51363  5.891  -42.247  101.398 0.0000000000
146103  8.532  -54.376  98.046 0.0000000000
37037  8.167  -54.690  96.906 0.0000000000
37028  8.123  -54.604  97.559 0.0000000000
146699  6.720  -54.921  97.012 0.0000000000
145236  7.044  -55.111  96.937 0.0000000000
139181  6.760  -55.371  95.892 0.0000000000
38070  6.158  -54.447  96.347 0.0000000000
142508  6.034  -54.081  96.113 0.0000000000
40050  5.696  -53.921  95.325 0.0000000000
43965  7.172  -49.326  96.174 0.0000000000
43976  8.332  -49.395  95.154 0.0000000000
45017  7.512  -48.923  95.500 0.0000000000
142878  6.093  -47.919  94.602 0.0000000000
143996  7.272  -48.062  94.384 0.0000000000
45046  6.452  -47.823  94.218 0.0000000000
46096  7.191  -47.587  93.687 0.0000000000
51455  4.583  -43.120  92.167 0.0000000000
50364  4.081  -44.118  91.347 0.0000000000
50371  4.080  -43.861  90.717 0.0000000000
50381  4.280  -43.911  89.194 0.0000000000
125603  4.232  -44.355  89.096 0.0000000000
49327  4.272  -44.619  88.528 0.0000000000
48306  4.735  -45.539  88.339 0.0000000000
48307  4.253  -45.056  88.236 0.0000000000
48322  4.148  -45.014  87.329 0.0000000000
49336  4.265  -44.625  87.891 0.0000000000
50404  4.472  -44.027  86.973 0.0000000000
50403  4.730  -43.676  86.413 0.0000000000
50414  5.035  -43.297  85.733 0.0000000000
53685  11.068  -40.122  87.033 0.0000000000
53691  11.204  -40.122  86.158 0.0000000000
53698  10.733  -40.762  85.754 0.0000000000
53707  10.864  -40.909  84.943 0.0000000000
40029  7.893  -52.281  100.488 0.0000000000
40030  7.229  -52.159  100.182 0.0000000000
140219  7.500  -51.350  100.806 0.0000000000
43905  7.791  -49.594  100.853 0.0000000000
42872  7.610  -49.750  100.868 0.0000000000
44953  7.593  -49.086  100.860 0.0000000000
44960  7.191  -48.926  101.103 0.0000000000
44959  7.687  -48.742  100.766 0.0000000000
46029  9.781  -48.280  99.929 0.0000000000
46018  8.880  -48.496  100.334 0.0000000000
46031  8.127  -47.902  100.042 0.0000000000
47113  7.673  -47.328  99.999 0.0000000000
47132  7.362  -46.305  99.998 0.0000000000
48217  7.565  -45.691  99.590 0.0000000000
146166  15.498  -47.932  96.891 0.0000000000
43951  14.426  -48.827  96.874 0.0000000000
42886  14.093  -49.602  98.182 0.0000000000
41963  13.630  -49.922  97.139 0.0000000000
41969  13.165  -50.493  96.557 0.0000000000
132091  12.802  -50.850  96.230 0.0000000000
41031  12.034  -51.706  95.651 0.0000000000
40041  11.152  -52.640  97.743 0.0000000000
39074  10.593  -53.094  97.494 0.0000000000
39075  9.936  -53.523  97.158 0.0000000000
41007  10.780  -51.348  99.789 0.0000000000
40032  11.159  -51.657  99.182 0.0000000000
39059  9.666  -52.621  99.744 0.0000000000
39058  10.233  -52.408  99.428 0.0000000000
39067  9.643  -53.162  99.067 0.0000000000
38046  9.294  -53.545  98.803 0.0000000000
139381  8.507  -52.176  100.679 0.0000000000
39061  8.599  -53.226  99.839 0.0000000000
39055  8.363  -52.777  100.305 0.0000000000
39056  7.626  -52.723  100.082 0.0000000000
148338  4.023  -45.034  97.237 0.0000000000
142888  4.014  -45.461  96.501 0.0000000000
49263  3.957  -45.046  96.812 0.0000000000
50320  4.291  -43.860  96.456 0.0000000000
49280  4.117  -44.451  95.963 0.0000000000
50333  4.314  -43.813  95.607 0.0000000000
49288  4.225  -44.407  95.111 0.0000000000
52500  5.368  -41.554  97.716 0.0000000000
53595  5.833  -41.297  97.252 0.0000000000
145953  5.521  -42.050  95.585 0.0000000000
52509  5.158  -42.180  96.179 0.0000000000
52522  5.276  -42.442  95.199 0.0000000000
51433  5.001  -42.879  94.689 0.0000000000
52540  5.470  -42.581  94.150 0.0000000000
51439  4.957  -42.946  93.677 0.0000000000
52537  7.234  -41.502  94.058 0.0000000000
146700  6.345  -42.320  93.030 0.0000000000
52557  6.808  -42.173  92.661 0.0000000000
125702  6.418  -42.321  91.965 0.0000000000
52556  7.625  -41.739  92.627 0.0000000000
49249  14.504  -45.486  98.056 0.0000000000
46083  19.474  -45.651  94.525 0.0000000000
46038  20.575  -45.832  97.946 0.0000000000
46037  21.575  -46.105  97.573 0.0000000000
46046  21.406  -46.163  97.116 0.0000000000
44988  21.329  -46.243  96.545 0.0000000000
46063  20.408  -45.840  96.155 0.0000000000
46057  18.235  -46.122  97.304 0.0000000000
46024  17.789  -45.855  99.075 0.0000000000
46041  17.476  -46.414  98.460 0.0000000000
44989  16.644  -46.837  98.274 0.0000000000
46025  17.023  -46.125  99.217 0.0000000000
133891  17.460  -44.924  99.049 0.0000000000
48214  16.832  -45.530  99.172 0.0000000000
48201  16.099  -45.984  99.319 0.0000000000
48215  16.109  -45.706  99.071 0.0000000000
49248  15.376  -45.016  98.271 0.0000000000
48223  15.177  -46.033  98.664 0.0000000000
125360  14.558  -46.321  98.769 0.0000000000
41057  4.661  -53.714  92.047 0.0000000000
135890  5.971  -52.851  93.826 0.0000000000
41036  6.576  -52.457  94.369 0.0000000000
147730  6.477  -52.873  96.927 0.0000000000
41971  7.635  -51.380  96.381 0.0000000000
42916  7.548  -50.575  96.646 0.0000000000
43952  7.629  -49.946  96.420 0.0000000000
43955  5.369  -48.878  97.391 0.0000000000
43954  5.892  -49.166  97.063 0.0000000000
138331  4.932  -48.385  97.268 0.0000000000
43967  4.972  -48.220  96.537 0.0000000000
43956  4.730  -48.160  97.508 0.0000000000
41009  6.534  -51.249  100.056 0.0000000000
41950  6.499  -50.653  100.248 0.0000000000
43918  5.683  -49.481  100.109 0.0000000000
42884  5.802  -49.871  99.712 0.0000000000
42888  5.499  -49.704  99.184 0.0000000000
43923  5.306  -49.384  99.445 0.0000000000
48199  6.398  -45.671  100.426 0.0000000000
46010  5.927  -47.167  100.512 0.0000000000
47108  5.975  -46.435  100.511 0.0000000000
46022  5.114  -47.680  99.588 0.0000000000
136131  4.776  -48.150  99.033 0.0000000000
43934  4.911  -48.818  98.602 0.0000000000
44981  4.680  -48.212  98.546 0.0000000000
47146  4.241  -46.190  98.525 0.0000000000
47154  4.299  -46.893  98.217 0.0000000000
46052  4.253  -46.867  97.660 0.0000000000
47155  4.166  -46.093  98.102 0.0000000000
47158  4.075  -46.217  97.147 0.0000000000
50290  4.385  -43.465  99.352 0.0000000000
49252  4.256  -44.181  98.503 0.0000000000
51376  4.397  -42.743  99.086 0.0000000000
45028  15.495  -47.389  95.400 0.0000000000
45029  14.740  -47.865  95.050 0.0000000000
38077  8.694  -54.648  95.111 0.0000000000
38086  8.687  -54.584  94.350 0.0000000000
37062  7.885  -55.147  95.703 0.0000000000
40091  4.275  -54.031  92.262 0.0000000000
42032  7.188  -51.650  91.657 0.0000000000
42033  6.676  -52.200  91.128 0.0000000000
42043  7.326  -51.601  90.781 0.0000000000
42988  7.969  -50.895  90.541 0.0000000000
42946  8.808  -50.138  93.787 0.0000000000
44006  9.481  -49.107  91.686 0.0000000000
43993  9.178  -49.699  91.944 0.0000000000
44007  9.223  -49.626  90.979 0.0000000000
42987  8.662  -50.313  90.323 0.0000000000
44039  9.208  -49.812  89.345 0.0000000000
45090  10.115  -47.865  89.224 0.0000000000
45105  9.880  -48.737  89.061 0.0000000000
45104  10.124  -48.329  88.505 0.0000000000
45115  10.293  -48.344  87.639 0.0000000000
47179  4.147  -46.360  95.239 0.0000000000
45037  4.239  -46.710  94.732 0.0000000000
46098  4.405  -46.489  93.980 0.0000000000
46124  4.905  -46.422  91.946 0.0000000000
46110  5.243  -46.645  92.854 0.0000000000
145279  5.432  -46.598  92.225 0.0000000000
126508  5.979  -46.718  92.064 0.0000000000
48287  4.274  -45.213  90.588 0.0000000000
138883  4.362  -45.668  90.829 0.0000000000
47218  4.754  -46.088  90.190 0.0000000000
47216  6.584  -46.526  89.804 0.0000000000
46139  6.980  -46.720  90.740 0.0000000000
47215  7.406  -46.596  90.060 0.0000000000
128742  8.286  -46.526  89.834 0.0000000000
142467  8.189  -46.114  89.095 0.0000000000
125638  9.028  -45.934  87.068 0.0000000000
123452  9.268  -46.309  87.886 0.0000000000
47281  10.261  -46.999  86.656 0.0000000000
47302  9.581  -46.310  86.457 0.0000000000
47322  9.189  -46.085  85.515 0.0000000000
125094  7.612  -45.681  84.753 0.0000000000
141116  7.659  -45.629  83.475 0.0000000000
47325  5.955  -45.889  85.623 0.0000000000
47326  5.783  -45.670  84.925 0.0000000000
47386  5.587  -45.750  82.897 0.0000000000
47367  6.100  -45.672  83.445 0.0000000000
147608  6.329  -45.726  82.915 0.0000000000
124209  6.290  -45.817  82.546 0.0000000000
56673  7.906  -36.802  94.846 0.0000000000
56661  8.190  -37.624  95.358 0.0000000000
55657  8.384  -38.556  95.758 0.0000000000
54652  8.775  -39.333  95.211 0.0000000000
123357  9.285  -40.666  92.868 0.0000000000
53633  8.815  -40.670  93.817 0.0000000000
52555  8.092  -41.495  91.888 0.0000000000
53641  8.994  -41.070  92.043 0.0000000000
55701  10.707  -38.655  90.638 0.0000000000
55693  10.528  -38.710  91.474 0.0000000000
54671  10.459  -39.507  91.675 0.0000000000
146665  10.387  -40.175  90.693 0.0000000000
52588  9.207  -41.378  89.036 0.0000000000
128892  8.840  -41.234  89.753 0.0000000000
142662  8.145  -41.468  89.838 0.0000000000
52607  7.706  -41.814  88.637 0.0000000000
52608  6.743  -42.056  89.021 0.0000000000
146451  7.787  -42.258  86.564 0.0000000000
51509  7.057  -42.447  86.296 0.0000000000
51520  6.325  -42.668  85.640 0.0000000000
51533  5.432  -42.882  85.045 0.0000000000
51532  6.445  -42.741  84.759 0.0000000000
51517  9.120  -42.321  85.199 0.0000000000
47151  11.982  -46.786  98.596 0.0000000000
131204  14.161  -46.593  99.126 0.0000000000
46013  13.860  -47.353  99.517 0.0000000000
47112  13.478  -47.277  99.322 0.0000000000
129692  13.056  -48.109  99.516 0.0000000000
141705  12.597  -48.671  99.723 0.0000000000
44965  12.042  -49.208  99.950 0.0000000000
143985  12.040  -48.642  99.741 0.0000000000
132509  11.731  -48.270  99.555 0.0000000000
46227  10.867  -47.367  84.130 0.0000000000
140495  10.657  -46.974  83.519 0.0000000000
40046  6.447  -53.522  97.233 0.0000000000
41016  6.461  -51.570  99.051 0.0000000000
38049  7.577  -53.964  98.774 0.0000000000
37025  7.782  -54.496  98.088 0.0000000000
38053  7.290  -54.394  98.066 0.0000000000
37030  6.856  -54.541  97.515 0.0000000000
38060  6.409  -54.480  97.009 0.0000000000
145254  5.690  -48.568  95.755 0.0000000000
45034  5.801  -48.065  95.087 0.0000000000
142429  5.245  -47.736  94.857 0.0000000000
45047  5.655  -47.621  94.265 0.0000000000
51453  5.083  -42.592  91.278 0.0000000000
51465  4.397  -43.378  90.808 0.0000000000
127740  4.568  -43.165  90.264 0.0000000000
50380  4.526  -43.457  89.582 0.0000000000
142750  4.553  -43.643  88.961 0.0000000000
50396  4.399  -44.198  87.725 0.0000000000
51490  4.782  -43.515  88.381 0.0000000000
51500  5.165  -43.243  87.661 0.0000000000
129131  8.569  -51.687  100.995 0.0000000000
41003  8.178  -51.191  101.127 0.0000000000
40998  8.586  -50.873  101.221 0.0000000000
42871  8.511  -50.117  100.945 0.0000000000
43904  8.178  -49.315  100.788 0.0000000000
46030  8.953  -48.155  99.923 0.0000000000
47145  8.279  -46.315  99.068 0.0000000000
48234  8.558  -45.462  98.365 0.0000000000
44990  16.097  -47.362  97.707 0.0000000000
137733  15.567  -47.860  97.296 0.0000000000
42889  14.624  -48.825  97.310 0.0000000000
42887  13.447  -50.201  98.489 0.0000000000
41955  13.785  -50.095  98.252 0.0000000000
41960  13.411  -50.452  97.722 0.0000000000
41970  12.825  -50.876  96.728 0.0000000000
40999  10.135  -51.167  100.700 0.0000000000
41008  10.363  -51.372  100.301 0.0000000000
135461  10.175  -51.526  100.433 0.0000000000
40020  9.721  -51.630  100.728 0.0000000000
147450  9.423  -52.453  100.110 0.0000000000
39053  9.277  -52.765  99.933 0.0000000000
40027  9.223  -52.328  100.412 0.0000000000
40022  8.796  -52.024  100.860 0.0000000000
49262  4.196  -43.997  97.819 0.0000000000
51387  4.321  -43.353  97.768 0.0000000000
51396  4.503  -43.264  96.987 0.0000000000
51404  4.758  -42.637  96.617 0.0000000000
53583  6.487  -40.515  97.531 0.0000000000
139345  6.393  -40.982  96.710 0.0000000000
53611  6.351  -41.342  96.013 0.0000000000
52520  6.026  -41.722  95.448 0.0000000000
52548  6.030  -42.236  94.110 0.0000000000
53626  7.367  -41.087  94.888 0.0000000000
46074  20.601  -45.943  95.357 0.0000000000
147552  18.051  -46.150  98.540 0.0000000000
48222  15.947  -45.488  98.802 0.0000000000
41037  5.889  -53.044  94.578 0.0000000000
41965  6.987  -51.442  97.910 0.0000000000
42902  6.689  -50.505  97.746 0.0000000000
42879  6.882  -49.709  100.846 0.0000000000
140828  6.305  -50.038  100.336 0.0000000000
43914  6.729  -49.208  100.901 0.0000000000
126790  6.040  -49.090  100.605 0.0000000000
44970  5.738  -48.423  100.537 0.0000000000
47116  5.477  -45.639  100.388 0.0000000000
47117  5.107  -45.932  100.056 0.0000000000
127425  4.614  -46.323  99.294 0.0000000000
148968  4.371  -46.028  99.029 0.0000000000
48227  4.272  -45.488  99.004 0.0000000000
48235  4.238  -44.844  98.819 0.0000000000
39098  9.756  -53.755  95.675 0.0000000000
39099  9.186  -54.278  95.384 0.0000000000
38087  8.181  -55.004  94.806 0.0000000000
37063  7.584  -55.354  95.543 0.0000000000
39101  4.677  -54.726  94.148 0.0000000000
40078  4.545  -53.967  92.874 0.0000000000
142924  6.366  -52.143  92.718 0.0000000000
133807  6.501  -52.185  91.925 0.0000000000
42016  7.846  -51.105  92.477 0.0000000000
43983  9.190  -48.800  93.142 0.0000000000
139066  9.536  -48.886  91.129 0.0000000000
44021  9.621  -49.053  90.422 0.0000000000
45077  9.742  -48.240  90.735 0.0000000000
45076  10.066  -47.861  90.037 0.0000000000
46156  9.861  -47.292  89.682 0.0000000000
46113  4.312  -46.104  93.533 0.0000000000
47190  4.270  -45.831  93.514 0.0000000000
46125  4.469  -46.122  92.225 0.0000000000
47238  4.931  -45.933  89.466 0.0000000000
47237  5.509  -46.172  88.987 0.0000000000
47236  6.262  -46.333  88.834 0.0000000000
47259  7.689  -45.959  88.425 0.0000000000
143154  8.174  -45.668  86.839 0.0000000000
124059  7.567  -45.718  86.240 0.0000000000
145163  7.318  -45.734  85.406 0.0000000000
124107  6.827  -45.645  84.738 0.0000000000
48357  4.569  -45.119  84.985 0.0000000000
48368  5.244  -45.548  84.529 0.0000000000
48369  4.589  -45.156  84.065 0.0000000000
134395  5.214  -45.628  83.156 0.0000000000
48391  4.585  -45.415  82.545 0.0000000000
56672  8.491  -37.319  94.573 0.0000000000
55666  9.369  -38.821  94.495 0.0000000000
54659  9.683  -39.241  93.908 0.0000000000
142547  9.840  -40.095  92.810 0.0000000000
54690  10.812  -39.511  89.308 0.0000000000
53653  10.507  -40.100  90.060 0.0000000000
52606  8.636  -41.671  88.425 0.0000000000
52619  7.965  -41.904  87.792 0.0000000000
52618  8.822  -41.756  87.624 0.0000000000
51497  8.249  -42.046  87.051 0.0000000000
135941  7.787  -42.316  86.013 0.0000000000
43910  9.689  -50.252  100.946 0.0000000000
44957  9.384  -49.612  100.801 0.0000000000
46028  10.722  -48.172  99.668 0.0000000000
43920  15.053  -47.951  98.651 0.0000000000
43921  14.267  -48.631  99.016 0.0000000000
43922  13.574  -49.137  99.377 0.0000000000
136519  13.116  -50.141  99.025 0.0000000000
41952  12.794  -50.647  98.836 0.0000000000
41010  12.254  -50.992  98.968 0.0000000000
41011  12.009  -51.302  98.770 0.0000000000
41949  12.089  -50.743  99.340 0.0000000000
148874  11.461  -50.760  99.707 0.0000000000
140653  11.159  -50.503  100.035 0.0000000000
43907  11.444  -49.732  100.139 0.0000000000
42874  10.944  -50.192  100.360 0.0000000000
41941  10.512  -50.666  100.516 0.0000000000
42875  10.253  -50.303  100.717 0.0000000000
43909  10.007  -50.077  100.798 0.0000000000
53575  4.782  -40.534  99.757 0.0000000000
53578  5.145  -40.551  99.044 0.0000000000
54602  6.350  -38.978  98.624 0.0000000000
54618  6.445  -39.847  98.194 0.0000000000
40058  5.763  -53.729  95.423 0.0000000000
41961  6.269  -50.773  98.834 0.0000000000
47115  7.027  -46.393  100.306 0.0000000000
47106  6.777  -46.506  100.413 0.0000000000
48204  6.172  -44.699  100.523 0.0000000000
49226  5.351  -43.703  100.720 0.0000000000
50268  4.957  -43.378  100.649 0.0000000000
50267  5.485  -42.911  100.991 0.0000000000
38051  9.035  -54.195  97.498 0.0000000000
38069  8.468  -54.726  96.124 0.0000000000
38059  8.525  -54.535  96.837 0.0000000000
135484  7.503  -55.227  96.146 0.0000000000
37052  7.338  -55.386  95.881 0.0000000000
37065  6.083  -55.398  95.232 0.0000000000
41980  8.322  -50.631  95.143 0.0000000000
42929  8.377  -50.087  95.355 0.0000000000
45031  8.679  -49.019  94.475 0.0000000000
45044  8.887  -48.519  93.778 0.0000000000
46095  8.411  -47.717  93.499 0.0000000000
124787  8.051  -46.896  92.162 0.0000000000
50359  4.247  -44.169  92.080 0.0000000000
49309  4.138  -44.558  91.671 0.0000000000
49316  4.024  -44.344  90.849 0.0000000000
48294  4.299  -45.005  89.756 0.0000000000
49322  4.042  -44.123  89.931 0.0000000000
140905  4.206  -44.527  89.585 0.0000000000
47261  4.554  -45.388  89.079 0.0000000000
130683  5.085  -45.858  88.685 0.0000000000
124343  5.147  -45.887  87.997 0.0000000000
47305  5.791  -46.000  86.682 0.0000000000
47286  5.308  -45.801  87.192 0.0000000000
48339  4.736  -45.410  86.760 0.0000000000
49343  4.261  -44.506  86.983 0.0000000000
144789  4.411  -44.523  86.171 0.0000000000
147470  4.458  -44.919  85.750 0.0000000000
49358  4.406  -44.411  85.414 0.0000000000
50436  4.609  -43.805  84.932 0.0000000000
50435  4.853  -43.408  84.389 0.0000000000
52624  10.181  -41.240  86.154 0.0000000000
44085  10.494  -49.055  86.162 0.0000000000
148271  6.997  -52.914  99.328 0.0000000000
40024  6.954  -51.602  100.385 0.0000000000
41945  7.770  -50.703  101.050 0.0000000000
41946  7.592  -50.293  100.915 0.0000000000
42878  7.362  -49.769  100.899 0.0000000000
43913  7.015  -49.246  101.022 0.0000000000
44958  8.737  -49.189  100.728 0.0000000000
44969  7.704  -48.347  100.621 0.0000000000
145881  7.513  -47.869  100.524 0.0000000000
46020  7.228  -47.510  100.560 0.0000000000
48226  7.302  -44.425  99.591 0.0000000000
46066  16.257  -47.099  96.259 0.0000000000
143173  15.133  -48.261  96.751 0.0000000000
43950  15.047  -48.362  96.897 0.0000000000
43963  14.311  -48.710  96.442 0.0000000000
42927  13.617  -49.423  95.863 0.0000000000
42885  14.799  -48.705  98.177 0.0000000000
42901  14.021  -49.397  97.193 0.0000000000
41959  13.669  -49.992  97.426 0.0000000000
128515  13.946  -49.461  96.810 0.0000000000
126049  13.431  -50.100  96.340 0.0000000000
42928  13.234  -50.100  95.632 0.0000000000
41025  12.489  -51.253  96.226 0.0000000000
39097  10.411  -53.230  96.057 0.0000000000
39085  9.855  -53.635  96.419 0.0000000000
39076  9.371  -54.011  96.689 0.0000000000
38050  9.460  -53.898  97.397 0.0000000000
40037  11.468  -52.007  98.506 0.0000000000
39070  11.082  -52.467  98.378 0.0000000000
40033  10.496  -52.006  99.530 0.0000000000
39066  10.482  -52.656  98.820 0.0000000000
123577  10.115  -53.205  98.591 0.0000000000
132003  9.138  -54.061  98.132 0.0000000000
38047  8.864  -53.953  98.519 0.0000000000
39060  9.067  -53.167  99.702 0.0000000000
38042  8.172  -53.626  99.342 0.0000000000
38043  7.646  -53.484  99.400 0.0000000000
39063  7.391  -53.053  99.609 0.0000000000
46067  4.223  -46.681  96.425 0.0000000000
45022  4.196  -46.675  95.667 0.0000000000
47169  4.229  -46.389  96.062 0.0000000000
126728  4.160  -46.132  95.451 0.0000000000
49271  4.122  -44.511  96.695 0.0000000000
48260  4.123  -45.474  94.990 0.0000000000
49289  4.245  -44.794  94.452 0.0000000000
129551  4.299  -44.252  94.379 0.0000000000
50346  4.325  -44.295  93.708 0.0000000000
52501  5.056  -42.134  97.182 0.0000000000
51419  4.650  -43.275  95.185 0.0000000000
51434  4.705  -43.346  94.233 0.0000000000
50352  4.385  -43.847  93.254 0.0000000000
51446  4.786  -42.925  92.773 0.0000000000
147984  4.780  -42.856  92.257 0.0000000000
128234  5.924  -42.406  93.406 0.0000000000
149105  5.118  -42.625  91.775 0.0000000000
52567  5.663  -42.488  91.734 0.0000000000
52566  6.397  -42.252  91.318 0.0000000000
52576  6.342  -42.279  90.671 0.0000000000
47141  13.967  -46.434  98.793 0.0000000000
48224  13.556  -46.358  98.558 0.0000000000
48229  13.535  -45.802  97.920 0.0000000000
131007  17.075  -46.440  96.370 0.0000000000
44987  22.237  -46.719  96.380 0.0000000000
46064  19.343  -45.678  96.408 0.0000000000
46065  18.173  -45.891  96.448 0.0000000000
140090  16.746  -46.859  98.060 0.0000000000
128686  18.279  -45.206  99.243 0.0000000000
48213  17.589  -45.417  99.174 0.0000000000
145681  16.566  -46.190  99.351 0.0000000000
46026  16.179  -46.432  99.196 0.0000000000
47110  15.276  -46.387  99.251 0.0000000000
47126  14.865  -46.368  99.018 0.0000000000
128014  15.347  -46.083  98.848 0.0000000000
41039  5.765  -53.032  92.982 0.0000000000
128512  7.273  -51.824  94.137 0.0000000000
41981  7.891  -51.362  95.561 0.0000000000
43966  6.176  -49.090  96.315 0.0000000000
43968  4.632  -47.802  96.738 0.0000000000
40035  6.549  -51.888  99.268 0.0000000000
41012  6.478  -51.360  99.456 0.0000000000
41013  6.356  -50.858  99.168 0.0000000000
41951  6.256  -50.395  99.958 0.0000000000
41958  5.944  -50.267  99.067 0.0000000000
138636  5.454  -49.721  98.993 0.0000000000
42893  5.144  -49.341  98.839 0.0000000000
46009  6.516  -47.453  100.718 0.0000000000
44971  5.315  -48.345  99.888 0.0000000000
139180  5.480  -46.545  100.244 0.0000000000
125726  4.886  -48.905  99.202 0.0000000000
42905  5.125  -49.098  98.508 0.0000000000
43944  5.024  -48.639  98.016 0.0000000000
46044  4.500  -47.534  98.568 0.0000000000
46051  4.436  -47.514  98.125 0.0000000000
44999  4.528  -47.741  97.658 0.0000000000
45000  4.300  -47.135  96.864 0.0000000000
48242  3.963  -45.525  96.934 0.0000000000
49253  4.159  -44.672  97.720 0.0000000000
148190  4.203  -44.918  98.177 0.0000000000
50277  4.858  -42.451  100.727 0.0000000000
52484  4.594  -41.707  100.404 0.0000000000
52486  4.603  -41.131  99.975 0.0000000000
124315  4.740  -39.954  100.341 0.0000000000
46087  15.238  -47.171  94.704 0.0000000000
38078  8.256  -54.933  95.438 0.0000000000
134300  8.557  -50.422  93.004 0.0000000000
42955  8.580  -50.392  92.188 0.0000000000
43005  8.147  -50.848  89.684 0.0000000000
44038  9.619  -49.234  89.622 0.0000000000
45128  10.518  -48.313  86.536 0.0000000000
45048  4.941  -47.289  94.172 0.0000000000
45057  5.213  -46.923  93.505 0.0000000000
46109  6.547  -47.004  92.856 0.0000000000
47220  4.258  -45.457  91.331 0.0000000000
46143  4.563  -46.158  91.400 0.0000000000
46157  5.165  -46.289  89.921 0.0000000000
46141  5.513  -46.488  90.531 0.0000000000
46140  6.130  -46.642  91.154 0.0000000000
46122  7.785  -46.813  91.424 0.0000000000
47214  9.196  -46.843  89.975 0.0000000000
46175  10.069  -47.014  88.935 0.0000000000
47258  8.669  -46.141  88.491 0.0000000000
47257  9.505  -46.518  88.679 0.0000000000
46192  10.001  -46.790  88.124 0.0000000000
46191  10.272  -47.283  87.513 0.0000000000
46205  10.497  -47.606  86.273 0.0000000000
46216  10.476  -47.329  85.565 0.0000000000
131845  10.222  -46.562  84.133 0.0000000000
127724  6.330  -45.736  85.229 0.0000000000
47344  6.311  -45.590  84.343 0.0000000000
47345  6.050  -45.648  84.040 0.0000000000
134383  6.249  -45.594  83.713 0.0000000000
47365  7.023  -45.648  83.202 0.0000000000
47383  7.224  -45.786  82.610 0.0000000000
56640  7.217  -37.879  97.326 0.0000000000
55658  7.882  -37.908  96.107 0.0000000000
140612  7.981  -38.740  96.349 0.0000000000
53609  8.206  -40.090  95.521 0.0000000000
147261  8.076  -40.657  95.127 0.0000000000
53634  8.022  -40.936  94.413 0.0000000000
53624  9.232  -39.705  94.363 0.0000000000
52546  7.891  -41.371  93.539 0.0000000000
124140  7.046  -42.026  90.848 0.0000000000
53639  10.201  -39.810  92.264 0.0000000000
53654  10.007  -40.604  90.466 0.0000000000
53648  9.519  -40.791  91.280 0.0000000000
52574  8.354  -41.321  90.423 0.0000000000
52575  7.604  -41.703  90.288 0.0000000000
52591  6.740  -42.181  90.005 0.0000000000
51499  5.885  -42.728  87.798 0.0000000000
139552  6.524  -42.607  87.102 0.0000000000
51511  5.686  -42.967  86.971 0.0000000000
126237  4.919  -43.178  84.920 0.0000000000
51507  9.075  -42.130  86.055 0.0000000000
51518  8.345  -42.363  85.595 0.0000000000
50433  5.672  -42.913  84.090 0.0000000000
135929  4.233  -43.384  82.465 0.0000000000
38041  8.756  -53.559  99.236 0.0000000000
39054  8.924  -52.811  100.134 0.0000000000
40021  9.454  -51.773  100.804 0.0000000000
40025  10.405  -51.664  99.935 0.0000000000
40026  9.619  -52.052  100.392 0.0000000000
40036  11.851  -51.620  98.527 0.0000000000
41000  9.943  -51.213  100.864 0.0000000000
41002  8.818  -51.342  101.186 0.0000000000
41005  6.896  -51.020  100.637 0.0000000000
41938  8.859  -50.628  101.179 0.0000000000
41940  7.808  -50.167  100.916 0.0000000000
42876  9.988  -50.479  100.883 0.0000000000
43924  5.215  -48.954  99.666 0.0000000000
44962  6.434  -48.610  100.889 0.0000000000
45021  4.310  -47.176  96.158 0.0000000000
45056  5.434  -47.095  93.546 0.0000000000
46079  4.231  -46.576  95.947 0.0000000000
46099  4.244  -46.214  94.235 0.0000000000
46111  4.806  -46.474  92.940 0.0000000000
46126  4.305  -45.908  92.853 0.0000000000
47161  4.178  -46.480  96.545 0.0000000000
47206  4.350  -45.893  91.407 0.0000000000
47219  4.491  -46.023  90.767 0.0000000000
47233  9.577  -46.764  89.321 0.0000000000
47321  10.072  -46.685  85.919 0.0000000000
47346  5.745  -45.698  84.054 0.0000000000
47385  6.043  -45.799  83.008 0.0000000000
48251  4.145  -45.690  95.917 0.0000000000
48274  4.321  -44.965  92.890 0.0000000000
48378  5.220  -45.626  83.712 0.0000000000
49382  4.276  -44.316  83.454 0.0000000000
50353  4.326  -44.246  92.909 0.0000000000
50363  4.322  -43.631  91.577 0.0000000000
50387  4.460  -43.895  88.383 0.0000000000
50457  4.700  -43.439  83.316 0.0000000000
51463  5.036  -42.676  90.453 0.0000000000
51464  4.668  -42.898  90.995 0.0000000000
51488  5.989  -42.474  88.628 0.0000000000
51521  5.562  -42.982  86.083 0.0000000000
52547  6.637  -42.105  93.601 0.0000000000
52564  8.659  -41.224  91.195 0.0000000000
52568  5.142  -42.671  92.285 0.0000000000
53674  10.433  -40.582  88.330 0.0000000000
54678  10.641  -39.616  90.883 0.0000000000
127445  8.417  -45.823  84.857 0.0000000000
128772  4.282  -45.520  93.491 0.0000000000
129205  4.420  -43.806  93.909 0.0000000000
130183  6.614  -45.559  83.805 0.0000000000
133354  4.457  -47.075  94.508 0.0000000000
139023  4.234  -45.302  91.886 0.0000000000
140626  4.396  -46.712  94.247 0.0000000000
141972  8.022  -50.010  100.906 0.0000000000
143307  8.708  -46.787  90.330 0.0000000000
144057  10.100  -40.607  89.642 0.0000000000
144508  4.533  -43.126  91.461 0.0000000000
145538  15.088  -48.365  97.206 0.0000000000
146271  4.582  -43.211  92.691 0.0000000000
146934  9.517  -50.074  100.925 0.0000000000
146991  7.520  -51.828  100.549 0.0000000000
148657  10.388  -48.323  87.011 0.0000000000
