#!ascii label  , from subject sub-01 vox2ras=TkReg
753
141200  26.525  -55.703  93.429 0.0000000000
59616  43.034  -34.920  81.840 0.0000000000
63435  49.555  -30.168  81.526 0.0000000000
51480  45.224  -43.445  87.359 0.0000000000
140615  32.220  -52.027  89.250 0.0000000000
36137  29.817  -56.796  91.777 0.0000000000
61493  46.627  -32.272  80.689 0.0000000000
60488  47.923  -33.522  85.737 0.0000000000
48299  43.575  -46.163  88.160 0.0000000000
124908  35.962  -50.835  91.061 0.0000000000
67268  56.695  -26.529  76.103 0.0000000000
68221  50.359  -25.716  81.992 0.0000000000
53688  41.277  -40.597  86.425 0.0000000000
57703  43.441  -36.916  88.634 0.0000000000
137632  29.331  -54.778  90.918 0.0000000000
37079  27.694  -56.530  92.653 0.0000000000
131489  44.864  -33.653  81.102 0.0000000000
129609  47.412  -32.819  84.110 0.0000000000
60513  45.182  -33.854  84.447 0.0000000000
43036  42.919  -49.740  87.309 0.0000000000
41046  33.019  -53.440  90.862 0.0000000000
42049  33.370  -51.150  89.955 0.0000000000
134931  35.109  -53.415  91.226 0.0000000000
68283  55.471  -24.951  76.927 0.0000000000
65348  55.182  -28.579  77.058 0.0000000000
68255  54.484  -26.170  79.484 0.0000000000
65277  47.290  -29.074  81.484 0.0000000000
67238  47.965  -26.816  80.307 0.0000000000
66196  50.188  -28.337  83.256 0.0000000000
66235  50.845  -27.540  81.382 0.0000000000
130877  49.481  -29.476  80.138 0.0000000000
129972  44.806  -45.060  88.683 0.0000000000
50398  42.986  -43.869  86.355 0.0000000000
51468  43.486  -42.022  88.770 0.0000000000
54709  41.361  -38.815  87.771 0.0000000000
53666  44.630  -40.244  87.851 0.0000000000
54691  46.951  -38.671  88.014 0.0000000000
51501  47.213  -42.128  85.748 0.0000000000
39149  30.997  -54.811  91.253 0.0000000000
63457  45.531  -30.468  79.786 0.0000000000
62437  48.119  -31.553  81.447 0.0000000000
61478  49.596  -33.158  81.935 0.0000000000
59606  49.410  -34.139  83.480 0.0000000000
46149  38.890  -47.342  89.977 0.0000000000
46146  41.925  -47.946  89.245 0.0000000000
46159  44.313  -47.501  87.883 0.0000000000
46193  45.563  -46.803  85.860 0.0000000000
48370  46.292  -44.828  84.405 0.0000000000
45095  37.123  -48.583  88.942 0.0000000000
42958  38.343  -50.603  90.711 0.0000000000
65381  57.423  -28.083  73.351 0.0000000000
69390  50.949  -24.366  79.302 0.0000000000
67222  53.667  -26.639  81.467 0.0000000000
65336  52.026  -27.833  77.750 0.0000000000
58624  43.712  -35.807  85.490 0.0000000000
59548  46.081  -35.062  88.119 0.0000000000
56740  47.353  -36.834  87.255 0.0000000000
37081  26.388  -56.511  93.442 0.0000000000
37080  27.030  -56.518  93.127 0.0000000000
36125  27.274  -57.060  92.785 0.0000000000
60537  44.463  -34.068  81.537 0.0000000000
60530  45.049  -33.945  82.630 0.0000000000
59615  44.502  -34.508  83.063 0.0000000000
136669  34.071  -53.484  91.191 0.0000000000
68284  53.766  -24.932  77.047 0.0000000000
68254  54.871  -26.193  78.324 0.0000000000
68257  53.138  -25.139  78.541 0.0000000000
64348  48.838  -29.926  82.313 0.0000000000
65275  48.748  -28.619  82.850 0.0000000000
64347  50.019  -29.257  82.238 0.0000000000
65274  50.181  -29.214  81.972 0.0000000000
125228  44.969  -44.788  88.737 0.0000000000
49318  44.781  -44.129  88.722 0.0000000000
50382  44.651  -42.943  88.243 0.0000000000
52579  43.359  -41.189  88.550 0.0000000000
51492  44.734  -41.832  87.528 0.0000000000
53677  46.573  -40.492  87.374 0.0000000000
51491  46.333  -43.045  86.151 0.0000000000
142594  30.036  -54.696  91.198 0.0000000000
39129  30.465  -55.348  91.509 0.0000000000
38102  31.485  -55.437  91.320 0.0000000000
61494  45.874  -32.575  80.273 0.0000000000
62468  45.345  -31.355  79.344 0.0000000000
62451  46.521  -31.487  80.479 0.0000000000
63448  47.145  -30.968  80.978 0.0000000000
61492  47.412  -32.130  81.210 0.0000000000
61479  49.376  -32.684  81.716 0.0000000000
61468  48.265  -32.618  82.240 0.0000000000
147963  48.182  -33.052  85.035 0.0000000000
60511  48.802  -33.352  84.360 0.0000000000
59598  49.177  -34.152  84.288 0.0000000000
58652  48.974  -35.283  83.691 0.0000000000
58638  48.784  -35.178  84.401 0.0000000000
45068  40.348  -48.995  90.129 0.0000000000
46148  40.046  -47.463  89.726 0.0000000000
44008  41.750  -49.075  89.386 0.0000000000
44054  43.500  -49.256  87.649 0.0000000000
46176  44.981  -47.487  86.933 0.0000000000
42977  34.511  -50.878  90.687 0.0000000000
43008  35.290  -50.227  88.772 0.0000000000
44027  36.582  -49.921  89.651 0.0000000000
44011  37.720  -49.526  90.632 0.0000000000
137013  37.401  -50.597  90.894 0.0000000000
69438  57.047  -24.337  76.155 0.0000000000
66326  57.169  -27.754  74.102 0.0000000000
65333  54.443  -28.746  78.425 0.0000000000
67224  48.676  -26.483  80.923 0.0000000000
136289  47.912  -26.676  79.291 0.0000000000
68247  49.395  -25.644  79.488 0.0000000000
128696  49.861  -25.026  78.921 0.0000000000
68233  50.744  -24.946  81.173 0.0000000000
69374  52.844  -24.411  81.383 0.0000000000
68219  52.095  -25.310  82.532 0.0000000000
140033  49.991  -27.644  79.201 0.0000000000
67246  51.538  -27.228  79.775 0.0000000000
47265  41.271  -46.521  88.043 0.0000000000
48324  42.606  -45.412  86.691 0.0000000000
51504  42.334  -42.146  86.318 0.0000000000
51524  41.997  -42.540  85.004 0.0000000000
56728  42.512  -37.635  88.554 0.0000000000
56759  40.817  -37.435  86.515 0.0000000000
137935  42.138  -36.993  87.267 0.0000000000
57746  42.200  -36.685  85.104 0.0000000000
58599  43.584  -36.006  87.582 0.0000000000
58609  44.328  -35.275  86.158 0.0000000000
57701  44.759  -35.989  88.670 0.0000000000
136905  47.391  -39.587  86.890 0.0000000000
56741  47.244  -37.829  87.584 0.0000000000
138242  47.524  -39.244  86.820 0.0000000000
56776  46.547  -37.480  85.896 0.0000000000
39131  28.891  -55.618  92.101 0.0000000000
37078  28.539  -56.486  92.201 0.0000000000
35197  28.853  -57.249  91.708 0.0000000000
36139  27.602  -57.368  92.408 0.0000000000
61482  46.110  -32.847  80.953 0.0000000000
61469  47.035  -32.800  82.083 0.0000000000
60521  46.332  -33.068  82.533 0.0000000000
61434  46.568  -32.895  84.565 0.0000000000
61417  46.849  -32.860  85.568 0.0000000000
41061  32.473  -53.288  90.492 0.0000000000
42050  32.789  -51.608  89.611 0.0000000000
42023  33.538  -52.029  90.955 0.0000000000
42022  34.478  -51.877  91.333 0.0000000000
42005  35.755  -51.709  91.350 0.0000000000
41041  37.220  -51.795  90.929 0.0000000000
40095  36.635  -53.230  90.635 0.0000000000
67262  56.456  -26.141  76.641 0.0000000000
66290  56.213  -27.108  76.593 0.0000000000
66278  55.841  -26.911  77.276 0.0000000000
66264  54.874  -27.658  78.793 0.0000000000
66250  54.290  -27.785  79.812 0.0000000000
65296  46.532  -28.759  80.716 0.0000000000
65295  47.285  -28.353  81.279 0.0000000000
66215  48.810  -27.791  82.559 0.0000000000
67211  50.189  -26.717  82.890 0.0000000000
67192  51.607  -26.508  83.036 0.0000000000
66213  51.016  -27.854  82.724 0.0000000000
66236  50.146  -27.907  80.387 0.0000000000
48298  44.173  -45.384  88.555 0.0000000000
49331  43.310  -45.245  87.568 0.0000000000
49330  43.819  -44.591  88.392 0.0000000000
51493  42.862  -42.638  87.763 0.0000000000
52597  42.154  -41.188  87.713 0.0000000000
54722  41.064  -39.614  87.071 0.0000000000
53667  42.785  -40.381  88.525 0.0000000000
54682  43.187  -39.307  88.742 0.0000000000
55704  43.992  -38.121  88.922 0.0000000000
56710  45.677  -37.505  88.759 0.0000000000
54693  46.466  -39.315  88.192 0.0000000000
53676  47.089  -40.131  87.361 0.0000000000
53699  47.363  -41.330  85.158 0.0000000000
40131  29.925  -53.888  89.505 0.0000000000
40114  30.851  -53.880  90.253 0.0000000000
41062  31.847  -53.284  89.914 0.0000000000
128414  32.251  -53.868  90.826 0.0000000000
38101  32.264  -55.235  91.219 0.0000000000
64364  46.155  -29.466  80.514 0.0000000000
63437  47.976  -30.532  81.706 0.0000000000
63436  49.102  -30.852  81.534 0.0000000000
62435  49.551  -31.486  81.074 0.0000000000
61491  49.497  -32.752  81.377 0.0000000000
60534  49.678  -33.328  81.835 0.0000000000
61452  48.450  -32.922  83.507 0.0000000000
61466  49.444  -33.497  82.613 0.0000000000
47248  37.911  -46.893  88.374 0.0000000000
47246  39.712  -46.737  88.851 0.0000000000
47223  40.635  -47.186  89.228 0.0000000000
129921  42.257  -47.082  88.587 0.0000000000
44041  42.602  -49.711  88.302 0.0000000000
45078  43.071  -48.407  88.642 0.0000000000
47242  43.595  -46.788  88.239 0.0000000000
47240  44.698  -46.567  87.901 0.0000000000
47263  45.455  -46.307  87.092 0.0000000000
49328  45.828  -44.885  86.396 0.0000000000
49345  46.581  -44.451  85.114 0.0000000000
47327  46.020  -45.845  85.078 0.0000000000
45094  37.696  -47.769  89.300 0.0000000000
45070  38.706  -48.514  90.601 0.0000000000
42956  39.569  -50.125  90.369 0.0000000000
141408  37.949  -52.203  90.485 0.0000000000
42036  39.084  -51.529  89.953 0.0000000000
66339  57.999  -27.765  72.946 0.0000000000
69413  52.139  -24.860  78.203 0.0000000000
69399  53.498  -24.893  79.864 0.0000000000
68244  54.313  -26.393  80.492 0.0000000000
66251  53.926  -27.867  80.130 0.0000000000
141558  52.459  -27.118  81.801 0.0000000000
66253  52.339  -27.430  79.845 0.0000000000
65335  53.053  -28.791  77.965 0.0000000000
49346  42.607  -44.139  85.625 0.0000000000
58654  42.614  -36.088  83.322 0.0000000000
58653  43.335  -35.612  83.307 0.0000000000
59599  44.718  -34.549  84.846 0.0000000000
60492  45.454  -33.873  86.361 0.0000000000
60478  47.065  -33.869  86.845 0.0000000000
57684  46.454  -36.553  88.336 0.0000000000
58597  47.187  -35.929  87.533 0.0000000000
58608  47.823  -35.194  86.381 0.0000000000
57744  47.476  -36.065  85.849 0.0000000000
50405  47.115  -43.075  85.214 0.0000000000
51522  47.108  -42.434  84.679 0.0000000000
38080  25.885  -56.019  93.748 0.0000000000
38093  26.734  -56.013  93.462 0.0000000000
59624  43.873  -34.488  81.649 0.0000000000
59623  44.448  -34.346  82.202 0.0000000000
138539  43.705  -34.918  82.607 0.0000000000
68270  53.886  -25.419  78.089 0.0000000000
145927  52.557  -25.041  77.826 0.0000000000
145595  49.325  -30.032  82.030 0.0000000000
64334  49.568  -29.416  82.562 0.0000000000
64363  49.717  -30.078  81.306 0.0000000000
50390  45.130  -44.373  88.103 0.0000000000
49317  44.919  -43.836  88.637 0.0000000000
140341  45.105  -42.426  87.161 0.0000000000
138338  45.801  -42.456  86.578 0.0000000000
38104  29.529  -56.013  92.002 0.0000000000
139278  30.031  -55.812  91.751 0.0000000000
37093  30.046  -56.244  91.764 0.0000000000
143190  30.022  -56.911  91.528 0.0000000000
147486  46.146  -32.016  80.152 0.0000000000
62450  47.166  -31.750  80.907 0.0000000000
61481  47.092  -32.515  81.457 0.0000000000
61415  47.720  -33.101  85.508 0.0000000000
60500  48.322  -33.281  85.103 0.0000000000
59585  48.485  -33.805  85.318 0.0000000000
58621  48.842  -34.656  84.701 0.0000000000
127891  48.362  -34.524  85.554 0.0000000000
141099  40.630  -49.970  89.728 0.0000000000
44009  40.950  -49.524  89.659 0.0000000000
42976  35.332  -50.682  90.556 0.0000000000
42993  34.694  -50.572  89.679 0.0000000000
42992  35.704  -50.349  89.658 0.0000000000
44028  36.042  -49.984  88.911 0.0000000000
42975  36.206  -50.476  90.506 0.0000000000
44012  36.887  -50.134  90.390 0.0000000000
143594  36.645  -50.585  90.933 0.0000000000
67261  57.085  -25.513  76.054 0.0000000000
68295  57.435  -24.712  75.680 0.0000000000
66302  57.082  -26.593  75.425 0.0000000000
66311  57.435  -26.974  74.573 0.0000000000
66312  56.788  -27.362  74.856 0.0000000000
129990  49.477  -26.147  81.526 0.0000000000
148549  49.136  -25.957  80.451 0.0000000000
68234  49.817  -25.463  80.721 0.0000000000
69361  51.866  -24.631  81.599 0.0000000000
68220  51.284  -25.376  82.290 0.0000000000
65337  49.479  -27.979  77.247 0.0000000000
66281  50.143  -27.571  78.084 0.0000000000
47264  42.481  -46.653  88.034 0.0000000000
48310  42.104  -46.077  87.204 0.0000000000
48309  42.932  -45.938  87.470 0.0000000000
143195  41.537  -41.269  85.859 0.0000000000
53695  40.952  -40.841  85.509 0.0000000000
128249  42.744  -37.286  88.444 0.0000000000
56742  42.084  -37.424  88.130 0.0000000000
58587  43.009  -36.910  88.294 0.0000000000
58611  42.897  -36.605  86.891 0.0000000000
58586  43.672  -36.273  88.350 0.0000000000
58598  44.272  -35.484  88.144 0.0000000000
57702  44.096  -36.381  88.712 0.0000000000
54730  47.388  -39.954  86.536 0.0000000000
54721  47.491  -39.102  87.035 0.0000000000
54731  47.158  -39.477  86.097 0.0000000000
143876  46.323  -39.259  85.592 0.0000000000
38106  28.116  -56.038  92.536 0.0000000000
38091  28.256  -56.231  92.448 0.0000000000
38105  28.971  -56.004  92.251 0.0000000000
36124  27.995  -56.994  92.316 0.0000000000
60545  44.692  -33.492  80.336 0.0000000000
60544  45.404  -33.177  80.605 0.0000000000
60536  45.540  -33.372  81.373 0.0000000000
60528  46.236  -33.006  81.711 0.0000000000
60529  45.633  -33.499  82.170 0.0000000000
60523  45.108  -33.925  83.516 0.0000000000
60522  45.691  -33.474  83.047 0.0000000000
60512  45.702  -33.267  84.012 0.0000000000
60501  45.861  -33.222  85.005 0.0000000000
40097  32.920  -53.223  90.684 0.0000000000
41060  33.096  -52.586  90.609 0.0000000000
41054  33.413  -52.721  90.898 0.0000000000
41044  34.463  -52.656  91.345 0.0000000000
42006  35.077  -52.065  91.452 0.0000000000
41043  35.284  -52.693  91.394 0.0000000000
40080  36.085  -52.929  91.109 0.0000000000
129504  54.587  -24.852  76.685 0.0000000000
68282  56.073  -24.981  76.699 0.0000000000
67254  55.928  -25.856  77.029 0.0000000000
68268  55.388  -25.690  77.338 0.0000000000
123415  54.447  -25.854  78.574 0.0000000000
67245  54.803  -26.904  79.044 0.0000000000
66249  54.595  -27.567  79.417 0.0000000000
67233  54.561  -27.030  79.899 0.0000000000
66239  46.719  -27.851  80.402 0.0000000000
141260  49.488  -28.361  83.151 0.0000000000
67212  49.131  -26.966  82.150 0.0000000000
66214  49.766  -27.684  83.142 0.0000000000
67194  50.481  -27.606  83.307 0.0000000000
66195  50.656  -27.882  83.175 0.0000000000
65294  50.044  -28.653  81.158 0.0000000000
65293  50.558  -28.307  81.922 0.0000000000
65306  49.720  -28.708  80.187 0.0000000000
135685  49.653  -28.180  79.427 0.0000000000
65307  49.210  -28.916  79.183 0.0000000000
48297  44.754  -45.207  88.654 0.0000000000
49324  44.554  -45.004  88.862 0.0000000000
51481  43.754  -42.825  88.906 0.0000000000
51482  43.174  -42.352  88.665 0.0000000000
52612  42.658  -41.822  88.201 0.0000000000
136395  43.049  -41.694  88.695 0.0000000000
52596  42.684  -41.118  88.396 0.0000000000
52580  43.233  -41.172  88.538 0.0000000000
52595  43.623  -40.831  88.369 0.0000000000
53656  43.359  -40.053  88.542 0.0000000000
53655  44.044  -39.625  88.327 0.0000000000
139407  43.353  -38.551  88.861 0.0000000000
54680  44.590  -38.695  88.602 0.0000000000
54694  45.243  -39.383  88.177 0.0000000000
139052  46.952  -40.948  86.793 0.0000000000
52609  47.147  -40.664  86.774 0.0000000000
52620  47.341  -41.235  86.127 0.0000000000
52627  47.373  -41.659  85.478 0.0000000000
39163  28.582  -54.813  90.549 0.0000000000
132989  29.055  -54.452  89.917 0.0000000000
40099  30.780  -54.394  91.055 0.0000000000
40115  29.977  -54.273  90.563 0.0000000000
40113  31.661  -53.918  90.688 0.0000000000
144783  31.476  -54.323  91.005 0.0000000000
64369  45.680  -29.729  80.141 0.0000000000
63449  46.213  -30.442  80.448 0.0000000000
62436  49.269  -31.987  81.405 0.0000000000
126047  49.467  -32.507  81.265 0.0000000000
61453  47.328  -32.876  82.916 0.0000000000
60510  49.223  -33.710  83.872 0.0000000000
61450  49.232  -33.580  83.415 0.0000000000
60520  49.420  -33.724  82.926 0.0000000000
59613  49.535  -34.193  82.674 0.0000000000
59614  49.428  -34.493  82.524 0.0000000000
46161  38.305  -47.142  89.378 0.0000000000
47247  38.795  -46.758  88.669 0.0000000000
47225  39.178  -46.975  89.549 0.0000000000
46147  40.940  -47.740  89.465 0.0000000000
47222  41.624  -47.368  89.021 0.0000000000
43006  42.392  -50.004  88.126 0.0000000000
43021  42.854  -49.756  87.786 0.0000000000
45092  43.988  -48.459  87.843 0.0000000000
45093  43.409  -48.850  88.281 0.0000000000
46160  43.703  -47.945  88.268 0.0000000000
46144  43.275  -47.567  88.437 0.0000000000
47241  44.166  -46.619  88.202 0.0000000000
47288  45.392  -46.875  86.609 0.0000000000
47287  45.707  -46.205  86.353 0.0000000000
47262  45.537  -45.648  87.150 0.0000000000
47307  45.905  -46.029  85.593 0.0000000000
48341  46.206  -45.213  85.291 0.0000000000
42995  32.982  -50.976  89.143 0.0000000000
44056  36.109  -49.162  87.837 0.0000000000
45108  36.557  -48.501  88.108 0.0000000000
46163  37.071  -47.692  88.460 0.0000000000
45059  38.316  -49.332  90.710 0.0000000000
45071  38.214  -48.724  90.554 0.0000000000
45058  38.871  -49.233  90.720 0.0000000000
43995  38.891  -49.936  90.653 0.0000000000
42957  38.912  -50.546  90.521 0.0000000000
129399  37.769  -51.757  90.727 0.0000000000
42048  39.363  -51.609  89.405 0.0000000000
65401  57.622  -28.298  72.571 0.0000000000
65424  57.046  -28.845  72.185 0.0000000000
66291  55.606  -27.810  77.274 0.0000000000
66255  47.183  -27.160  79.734 0.0000000000
145044  46.173  -27.415  78.890 0.0000000000
134787  50.337  -24.652  78.895 0.0000000000
68258  49.987  -24.737  78.147 0.0000000000
69402  50.695  -24.512  78.418 0.0000000000
69414  51.219  -24.670  77.874 0.0000000000
69401  51.498  -24.490  78.787 0.0000000000
69400  52.509  -24.678  79.246 0.0000000000
69389  51.853  -24.385  79.790 0.0000000000
68232  53.282  -25.093  81.831 0.0000000000
69387  53.602  -24.738  80.982 0.0000000000
67221  54.058  -26.711  81.025 0.0000000000
66232  54.213  -27.266  80.503 0.0000000000
66233  53.713  -27.299  80.996 0.0000000000
66234  51.632  -27.259  82.316 0.0000000000
67209  52.251  -26.567  82.449 0.0000000000
67236  51.482  -27.235  81.014 0.0000000000
66267  51.915  -27.396  78.790 0.0000000000
123645  53.090  -28.019  79.463 0.0000000000
124344  52.167  -28.393  77.025 0.0000000000
50391  43.281  -44.322  87.296 0.0000000000
49337  42.871  -44.677  86.423 0.0000000000
57733  40.852  -37.096  86.082 0.0000000000
58640  43.138  -36.184  84.712 0.0000000000
58641  42.386  -36.431  84.131 0.0000000000
131487  43.022  -36.009  83.890 0.0000000000
58639  43.598  -35.665  84.066 0.0000000000
59600  44.194  -35.175  84.370 0.0000000000
139673  43.810  -35.664  84.735 0.0000000000
59564  44.947  -34.665  87.861 0.0000000000
59576  44.873  -34.522  86.833 0.0000000000
59575  45.634  -34.040  87.233 0.0000000000
60479  46.426  -33.908  87.154 0.0000000000
59562  46.634  -34.557  87.496 0.0000000000
55714  46.445  -38.076  88.480 0.0000000000
57685  45.841  -36.813  88.689 0.0000000000
56709  46.379  -37.342  88.497 0.0000000000
127357  47.067  -37.252  87.773 0.0000000000
136948  47.212  -36.972  87.492 0.0000000000
58596  47.480  -35.273  87.196 0.0000000000
57729  47.650  -35.777  86.594 0.0000000000
144475  47.803  -35.580  85.758 0.0000000000
57730  47.487  -36.434  86.786 0.0000000000
56794  46.102  -36.970  85.083 0.0000000000
50406  46.782  -43.808  85.222 0.0000000000
49359  46.637  -44.302  84.798 0.0000000000
38107  27.206  -55.789  92.999 0.0000000000
38092  27.452  -56.214  92.933 0.0000000000
127842  26.689  -57.019  93.129 0.0000000000
60538  44.158  -33.961  80.951 0.0000000000
124735  45.000  -33.843  81.826 0.0000000000
59607  44.636  -34.560  83.949 0.0000000000
39148  33.469  -54.738  91.098 0.0000000000
40082  33.270  -53.756  91.072 0.0000000000
39125  33.703  -54.199  91.127 0.0000000000
40081  34.455  -53.992  91.089 0.0000000000
68269  54.689  -25.472  77.576 0.0000000000
68256  54.042  -25.496  79.245 0.0000000000
146947  48.446  -29.483  82.469 0.0000000000
65276  47.996  -28.952  82.269 0.0000000000
64335  48.936  -29.313  82.813 0.0000000000
65260  49.638  -28.888  83.089 0.0000000000
64333  50.125  -28.766  82.967 0.0000000000
65273  50.439  -28.566  82.779 0.0000000000
49323  44.882  -44.715  88.741 0.0000000000
141258  44.736  -44.321  88.871 0.0000000000
50372  44.604  -43.747  88.806 0.0000000000
51467  43.924  -42.592  88.874 0.0000000000
52578  43.771  -42.042  88.820 0.0000000000
139948  44.197  -42.377  88.601 0.0000000000
52594  44.149  -41.353  88.037 0.0000000000
52593  45.232  -40.861  87.403 0.0000000000
52611  45.830  -41.535  86.856 0.0000000000
52610  46.722  -41.915  86.288 0.0000000000
51502  47.126  -42.287  85.724 0.0000000000
39130  29.710  -55.620  91.833 0.0000000000
39150  30.305  -55.009  91.482 0.0000000000
39128  31.182  -55.089  91.328 0.0000000000
38103  30.640  -55.738  91.505 0.0000000000
61508  44.882  -32.319  79.193 0.0000000000
61507  45.696  -32.155  79.632 0.0000000000
62452  45.890  -31.322  79.974 0.0000000000
61480  48.367  -32.233  81.696 0.0000000000
61467  49.119  -33.023  82.488 0.0000000000
61433  48.087  -32.863  84.824 0.0000000000
145580  48.584  -33.128  84.416 0.0000000000
58663  49.337  -34.637  83.266 0.0000000000
58651  49.210  -34.742  83.961 0.0000000000
57761  48.552  -35.731  84.043 0.0000000000
46128  39.604  -47.898  90.134 0.0000000000
131106  39.417  -47.340  89.924 0.0000000000
46127  40.385  -48.206  89.881 0.0000000000
133494  40.952  -48.831  89.759 0.0000000000
44055  43.234  -49.570  87.255 0.0000000000
45107  44.144  -48.723  87.117 0.0000000000
46177  44.507  -47.992  87.350 0.0000000000
45106  44.665  -48.172  86.592 0.0000000000
46194  45.172  -47.551  86.177 0.0000000000
42978  33.973  -50.842  90.134 0.0000000000
42994  33.787  -50.717  89.329 0.0000000000
44044  35.001  -50.045  87.847 0.0000000000
44043  35.780  -49.725  88.144 0.0000000000
44042  36.543  -49.397  88.637 0.0000000000
45082  37.061  -49.284  89.395 0.0000000000
45081  37.653  -48.713  89.937 0.0000000000
44026  37.245  -49.539  90.046 0.0000000000
42959  38.022  -50.813  90.856 0.0000000000
67290  57.896  -26.476  74.209 0.0000000000
66325  57.711  -27.407  73.730 0.0000000000
65332  55.009  -28.433  78.002 0.0000000000
67237  48.619  -26.300  79.796 0.0000000000
67247  48.681  -26.234  78.643 0.0000000000
68246  50.285  -24.867  79.820 0.0000000000
69376  51.267  -24.479  80.393 0.0000000000
69375  52.159  -24.291  80.746 0.0000000000
69360  52.629  -24.855  82.087 0.0000000000
67208  53.236  -26.135  81.978 0.0000000000
66254  50.666  -27.342  80.023 0.0000000000
66268  50.833  -27.269  78.868 0.0000000000
66280  51.120  -27.491  77.823 0.0000000000
51503  42.788  -42.864  86.549 0.0000000000
50407  42.687  -43.407  85.797 0.0000000000
51513  42.440  -42.687  85.687 0.0000000000
55725  41.669  -38.084  88.140 0.0000000000
56744  41.134  -37.609  87.106 0.0000000000
56743  41.586  -37.599  87.688 0.0000000000
57732  41.462  -37.267  86.799 0.0000000000
57731  41.892  -36.853  86.256 0.0000000000
57747  41.079  -36.843  85.376 0.0000000000
58625  42.951  -36.403  85.810 0.0000000000
58610  43.641  -35.903  86.512 0.0000000000
59565  44.304  -35.280  87.246 0.0000000000
59549  45.438  -34.933  88.231 0.0000000000
54707  47.163  -39.375  87.622 0.0000000000
55724  47.259  -38.683  87.626 0.0000000000
145126  47.451  -38.899  87.249 0.0000000000
55735  47.401  -38.612  87.448 0.0000000000
56757  47.358  -37.642  87.350 0.0000000000
56775  47.119  -37.191  86.581 0.0000000000
55749  47.118  -38.409  86.514 0.0000000000
143503  28.585  -55.145  91.473 0.0000000000
38090  28.962  -56.169  92.167 0.0000000000
37094  29.379  -56.414  91.953 0.0000000000
36154  29.556  -57.062  91.644 0.0000000000
36138  28.980  -56.898  91.861 0.0000000000
130501  28.251  -57.213  92.005 0.0000000000
61495  45.232  -32.875  79.855 0.0000000000
61454  46.431  -32.970  83.521 0.0000000000
140599  47.409  -32.783  85.028 0.0000000000
61416  47.723  -32.942  85.455 0.0000000000
61399  47.342  -33.012  86.017 0.0000000000
42990  41.401  -50.248  88.874 0.0000000000
141137  32.612  -52.478  90.006 0.0000000000
129050  33.194  -51.809  90.404 0.0000000000
42038  33.843  -51.355  90.716 0.0000000000
41045  33.665  -52.992  91.074 0.0000000000
123669  34.038  -51.739  91.108 0.0000000000
42037  34.492  -51.337  91.161 0.0000000000
42961  35.145  -51.029  91.200 0.0000000000
42021  35.818  -51.168  91.208 0.0000000000
42004  36.538  -51.368  91.155 0.0000000000
41042  36.434  -52.146  91.200 0.0000000000
41052  36.942  -52.641  90.817 0.0000000000
39144  36.913  -53.327  90.321 0.0000000000
68296  56.560  -25.038  76.522 0.0000000000
66303  56.487  -27.221  75.742 0.0000000000
139571  55.271  -26.710  77.967 0.0000000000
66279  55.262  -27.719  78.045 0.0000000000
65318  54.688  -28.327  78.649 0.0000000000
65319  54.245  -28.584  78.905 0.0000000000
65308  46.035  -28.187  80.113 0.0000000000
66238  47.503  -27.519  80.843 0.0000000000
66216  47.959  -28.049  81.989 0.0000000000
66237  48.281  -27.237  81.432 0.0000000000
67210  50.999  -26.099  83.066 0.0000000000
67193  51.028  -26.933  83.354 0.0000000000
66194  51.383  -27.184  83.025 0.0000000000
65322  49.451  -28.144  78.516 0.0000000000
50383  44.060  -43.987  88.743 0.0000000000
50384  43.446  -43.416  88.341 0.0000000000
129564  43.081  -43.447  87.227 0.0000000000
51494  42.439  -41.978  87.199 0.0000000000
53678  41.685  -40.467  87.333 0.0000000000
133800  41.688  -39.675  87.930 0.0000000000
144210  42.286  -39.775  88.388 0.0000000000
54695  42.780  -39.528  88.667 0.0000000000
54696  42.059  -38.926  88.480 0.0000000000
138076  42.847  -38.600  88.835 0.0000000000
55705  43.326  -38.048  88.952 0.0000000000
56712  43.781  -37.639  88.948 0.0000000000
57687  43.939  -37.064  88.887 0.0000000000
55703  45.134  -38.017  88.849 0.0000000000
54679  45.770  -38.643  88.547 0.0000000000
55715  46.524  -38.733  88.319 0.0000000000
53665  46.020  -40.034  87.876 0.0000000000
53664  46.927  -39.756  87.874 0.0000000000
54708  46.888  -40.011  88.006 0.0000000000
53675  47.172  -40.005  87.318 0.0000000000
53693  47.434  -40.892  85.809 0.0000000000
41072  31.598  -52.661  88.962 0.0000000000
41073  30.866  -53.396  89.290 0.0000000000
146437  32.101  -52.602  89.540 0.0000000000
40083  32.496  -54.135  91.013 0.0000000000
40098  31.703  -54.510  91.084 0.0000000000
39127  31.980  -54.814  91.214 0.0000000000
39126  32.871  -54.556  91.130 0.0000000000
63438  46.951  -29.798  81.135 0.0000000000
64349  47.879  -29.628  81.998 0.0000000000
63447  49.698  -31.001  80.961 0.0000000000
62449  49.573  -31.922  80.922 0.0000000000
61451  49.083  -33.356  83.494 0.0000000000
60527  49.611  -33.568  82.226 0.0000000000
47268  38.505  -46.647  87.668 0.0000000000
47224  39.884  -47.032  89.500 0.0000000000
47245  40.500  -46.807  88.822 0.0000000000
47244  41.425  -46.936  88.685 0.0000000000
47243  43.014  -46.912  88.298 0.0000000000
44025  41.631  -49.793  89.116 0.0000000000
44024  42.296  -49.470  88.808 0.0000000000
45079  42.525  -48.795  88.999 0.0000000000
44040  43.069  -49.457  88.149 0.0000000000
44023  42.874  -49.170  88.581 0.0000000000
46145  42.639  -48.118  88.925 0.0000000000
47221  42.655  -47.449  88.646 0.0000000000
129237  44.329  -45.907  88.425 0.0000000000
146048  44.563  -45.609  88.481 0.0000000000
48296  44.749  -45.611  88.400 0.0000000000
145095  45.118  -46.753  87.360 0.0000000000
131916  45.158  -46.021  87.825 0.0000000000
48308  45.056  -45.354  88.286 0.0000000000
49329  45.322  -44.942  87.702 0.0000000000
50389  45.576  -44.159  86.839 0.0000000000
126735  46.374  -43.966  85.768 0.0000000000
128078  46.338  -44.651  85.458 0.0000000000
48358  46.348  -45.054  84.919 0.0000000000
47328  45.688  -46.421  84.881 0.0000000000
47347  45.926  -45.707  84.568 0.0000000000
42057  32.362  -51.358  88.831 0.0000000000
43010  33.504  -50.620  88.449 0.0000000000
46178  37.135  -47.063  88.057 0.0000000000
46162  37.602  -47.245  88.717 0.0000000000
46150  38.361  -47.877  90.140 0.0000000000
46129  39.033  -47.790  90.316 0.0000000000
45069  39.265  -48.484  90.518 0.0000000000
44010  40.248  -49.716  90.077 0.0000000000
42973  40.232  -50.387  89.785 0.0000000000
42003  37.276  -51.055  91.017 0.0000000000
42020  37.670  -51.286  90.867 0.0000000000
42019  38.040  -51.224  90.778 0.0000000000
41050  38.445  -51.939  90.286 0.0000000000
42018  38.590  -51.225  90.482 0.0000000000
42974  39.408  -50.856  90.162 0.0000000000
38094  25.962  -55.691  93.685 0.0000000000
65423  57.862  -28.453  71.804 0.0000000000
68245  54.062  -25.512  80.305 0.0000000000
69388  52.838  -24.407  80.403 0.0000000000
65304  54.087  -28.341  79.411 0.0000000000
65320  53.945  -28.744  78.883 0.0000000000
67191  52.108  -25.964  82.857 0.0000000000
67223  53.162  -26.903  81.734 0.0000000000
67235  52.362  -27.313  80.743 0.0000000000
67234  53.138  -27.270  81.201 0.0000000000
66252  53.348  -27.740  80.375 0.0000000000
65321  53.594  -28.683  78.933 0.0000000000
64389  53.543  -29.341  77.643 0.0000000000
49338  42.170  -44.925  85.712 0.0000000000
57765  41.431  -36.660  84.462 0.0000000000
129543  42.198  -36.094  82.725 0.0000000000
58666  42.874  -35.582  82.591 0.0000000000
59608  43.998  -35.088  83.550 0.0000000000
58623  44.298  -35.231  85.208 0.0000000000
59586  44.799  -34.556  85.787 0.0000000000
60502  45.299  -33.847  85.395 0.0000000000
128326  46.035  -33.285  85.937 0.0000000000
60490  46.947  -33.383  86.569 0.0000000000
59574  47.608  -34.074  86.452 0.0000000000
57686  44.669  -36.667  88.854 0.0000000000
58574  45.346  -36.382  88.728 0.0000000000
58583  46.279  -35.768  88.306 0.0000000000
56708  46.814  -37.270  88.128 0.0000000000
57700  46.887  -36.582  87.871 0.0000000000
59547  46.586  -35.312  87.847 0.0000000000
59561  47.163  -35.153  87.451 0.0000000000
59560  47.591  -34.736  86.919 0.0000000000
59573  47.844  -34.681  86.367 0.0000000000
58622  48.277  -35.116  85.500 0.0000000000
57743  48.224  -35.529  85.038 0.0000000000
57762  47.643  -36.098  84.621 0.0000000000
57745  46.874  -36.577  85.456 0.0000000000
124490  46.987  -43.088  85.433 0.0000000000
50397  47.212  -42.540  85.382 0.0000000000
50418  46.794  -43.540  84.601 0.0000000000
50437  46.838  -42.913  84.459 0.0000000000
51512  47.302  -42.396  85.247 0.0000000000
52634  47.347  -41.894  84.899 0.0000000000
38117  32.434  -55.648  91.086 0.0000000000
39147  34.181  -54.613  90.860 0.0000000000
41053  33.920  -52.291  91.157 0.0000000000
41058  38.687  -52.095  89.740 0.0000000000
42960  36.719  -50.847  91.040 0.0000000000
42989  42.061  -49.942  88.544 0.0000000000
43994  39.581  -49.262  90.495 0.0000000000
43996  38.322  -49.975  90.760 0.0000000000
43997  37.833  -50.080  90.820 0.0000000000
43998  37.266  -50.353  90.864 0.0000000000
45067  41.343  -48.369  89.549 0.0000000000
45080  42.088  -48.466  89.262 0.0000000000
46158  44.729  -47.270  87.517 0.0000000000
48323  45.935  -45.468  85.958 0.0000000000
49344  46.910  -43.713  85.051 0.0000000000
50373  44.323  -43.285  88.765 0.0000000000
50417  47.156  -43.030  84.913 0.0000000000
51466  44.219  -42.929  88.828 0.0000000000
52621  47.201  -41.453  86.188 0.0000000000
52622  41.919  -41.353  86.640 0.0000000000
53657  43.203  -40.279  88.562 0.0000000000
53668  42.122  -40.450  88.130 0.0000000000
53687  47.288  -40.399  86.651 0.0000000000
53694  47.360  -40.502  85.689 0.0000000000
54681  43.621  -38.980  88.691 0.0000000000
54692  46.793  -39.429  88.037 0.0000000000
55702  45.967  -38.162  88.651 0.0000000000
55716  42.833  -37.960  88.841 0.0000000000
55717  42.289  -38.095  88.600 0.0000000000
55726  41.177  -38.027  87.470 0.0000000000
55748  47.503  -38.596  87.003 0.0000000000
56711  44.623  -37.398  88.938 0.0000000000
56713  43.216  -37.528  88.813 0.0000000000
56726  46.988  -37.891  88.045 0.0000000000
56727  46.788  -37.904  88.243 0.0000000000
56729  41.969  -37.675  88.272 0.0000000000
56758  41.385  -37.470  87.097 0.0000000000
57717  47.495  -36.103  87.188 0.0000000000
57718  47.138  -36.579  87.587 0.0000000000
57719  42.354  -37.113  87.982 0.0000000000
57720  41.792  -37.343  87.508 0.0000000000
58573  45.915  -36.235  88.597 0.0000000000
58582  46.769  -35.899  87.878 0.0000000000
58584  45.533  -35.638  88.512 0.0000000000
58585  44.821  -35.333  88.385 0.0000000000
58600  42.917  -36.705  87.800 0.0000000000
59563  45.843  -34.445  87.757 0.0000000000
60489  47.409  -33.370  86.175 0.0000000000
60491  46.272  -33.542  86.679 0.0000000000
60499  48.876  -33.637  84.669 0.0000000000
61400  46.741  -33.104  86.265 0.0000000000
65305  53.795  -28.332  79.548 0.0000000000
65349  54.684  -28.873  77.846 0.0000000000
66265  54.444  -28.159  79.207 0.0000000000
66266  52.756  -28.040  78.585 0.0000000000
68203  51.598  -25.894  82.968 0.0000000000
68218  52.670  -25.615  82.413 0.0000000000
68231  53.904  -25.811  81.264 0.0000000000
125705  35.066  -51.474  91.342 0.0000000000
126268  53.011  -25.104  77.505 0.0000000000
128789  39.819  -48.537  90.291 0.0000000000
132756  45.273  -36.932  88.854 0.0000000000
134791  44.330  -35.846  88.499 0.0000000000
138069  47.275  -34.450  87.073 0.0000000000
140569  35.735  -52.310  91.366 0.0000000000
140999  48.860  -34.125  84.918 0.0000000000
143199  48.081  -34.108  85.888 0.0000000000
145600  50.358  -28.423  83.080 0.0000000000
148370  51.300  -26.361  83.134 0.0000000000
148977  38.106  -51.676  90.606 0.0000000000
