#!ascii label  , from subject sub-01 vox2ras=TkReg
1861
63566  48.361  -30.559  71.244 0.0000000000
44093  37.921  -49.525  84.850 0.0000000000
37183  23.577  -56.138  87.014 0.0000000000
31129  20.253  -62.404  89.357 0.0000000000
146918  33.254  -55.835  89.497 0.0000000000
41173  28.748  -53.150  81.882 0.0000000000
60636  40.498  -33.268  71.716 0.0000000000
64474  56.988  -29.214  70.186 0.0000000000
56837  45.459  -37.304  81.806 0.0000000000
48452  40.737  -45.137  75.537 0.0000000000
47470  30.920  -46.351  75.635 0.0000000000
36155  25.334  -57.734  91.089 0.0000000000
37131  19.759  -56.911  89.295 0.0000000000
36129  21.701  -57.257  94.007 0.0000000000
36225  28.474  -56.871  87.508 0.0000000000
144030  48.773  -34.294  81.151 0.0000000000
42991  40.647  -50.619  89.211 0.0000000000
142897  43.817  -48.749  85.153 0.0000000000
49394  43.963  -44.639  81.187 0.0000000000
45229  39.095  -48.806  80.019 0.0000000000
46359  35.393  -47.908  75.330 0.0000000000
46274  35.141  -47.550  80.151 0.0000000000
124327  25.264  -54.990  80.065 0.0000000000
42178  26.282  -51.817  78.167 0.0000000000
64477  52.876  -29.375  70.889 0.0000000000
132510  52.880  -33.802  66.380 0.0000000000
141642  22.161  -55.011  82.507 0.0000000000
136642  18.963  -56.880  84.531 0.0000000000
40182  36.490  -53.361  87.092 0.0000000000
42121  33.485  -51.382  83.608 0.0000000000
39223  31.460  -55.107  85.369 0.0000000000
37216  26.996  -55.742  83.469 0.0000000000
62595  44.565  -31.648  70.864 0.0000000000
34149  20.284  -59.350  96.037 0.0000000000
33263  17.316  -59.928  90.854 0.0000000000
64388  53.929  -29.164  78.264 0.0000000000
65337  49.479  -27.979  77.247 0.0000000000
61526  45.617  -32.180  77.632 0.0000000000
58730  42.733  -35.729  77.557 0.0000000000
123843  39.446  -38.197  77.029 0.0000000000
53694  47.360  -40.502  85.689 0.0000000000
52681  40.670  -41.574  80.643 0.0000000000
51660  36.353  -42.778  74.832 0.0000000000
48507  37.120  -45.715  70.279 0.0000000000
44171  30.128  -49.390  79.274 0.0000000000
35186  26.348  -57.320  93.100 0.0000000000
123591  24.091  -57.348  92.391 0.0000000000
36118  24.390  -56.718  94.364 0.0000000000
35216  28.097  -57.724  91.765 0.0000000000
43040  40.013  -50.695  87.154 0.0000000000
139228  41.627  -48.858  84.311 0.0000000000
45179  41.356  -48.536  82.418 0.0000000000
45182  39.188  -48.162  82.294 0.0000000000
46271  37.626  -48.060  79.993 0.0000000000
45183  36.818  -48.349  82.675 0.0000000000
37281  22.832  -55.911  77.814 0.0000000000
38303  24.069  -55.207  76.900 0.0000000000
64479  50.251  -29.181  70.721 0.0000000000
64524  50.179  -29.971  67.705 0.0000000000
64526  48.045  -29.253  67.305 0.0000000000
38192  22.399  -55.435  84.801 0.0000000000
38207  20.277  -55.571  83.563 0.0000000000
38167  21.076  -55.795  86.081 0.0000000000
34216  19.843  -59.120  89.701 0.0000000000
149059  19.550  -59.550  87.352 0.0000000000
31162  20.530  -62.861  87.442 0.0000000000
30177  19.224  -63.624  87.013 0.0000000000
40112  37.334  -53.182  90.114 0.0000000000
38150  35.284  -55.053  88.240 0.0000000000
40185  33.563  -54.395  86.421 0.0000000000
37176  32.418  -56.210  87.025 0.0000000000
37162  26.379  -56.562  87.648 0.0000000000
37194  27.899  -56.072  85.682 0.0000000000
37196  25.899  -55.752  85.202 0.0000000000
38204  24.728  -55.122  82.981 0.0000000000
61595  42.364  -32.551  71.612 0.0000000000
63580  41.814  -30.823  67.737 0.0000000000
61624  40.022  -32.148  67.885 0.0000000000
35222  14.752  -58.655  91.257 0.0000000000
64392  46.907  -29.817  76.900 0.0000000000
62479  48.287  -30.970  79.011 0.0000000000
58679  47.109  -36.207  81.422 0.0000000000
59641  45.929  -34.971  79.440 0.0000000000
57808  44.336  -36.667  79.510 0.0000000000
57839  41.080  -36.879  77.297 0.0000000000
56856  42.044  -37.986  79.829 0.0000000000
48437  41.917  -45.140  78.010 0.0000000000
51584  42.997  -43.173  80.473 0.0000000000
50523  41.171  -43.610  77.771 0.0000000000
135102  38.494  -42.010  77.894 0.0000000000
50579  39.137  -44.348  74.292 0.0000000000
50605  37.427  -44.251  72.100 0.0000000000
48482  38.512  -45.315  72.718 0.0000000000
46404  33.851  -47.509  73.039 0.0000000000
41170  31.020  -51.908  83.178 0.0000000000
43099  31.643  -50.368  81.529 0.0000000000
42162  29.209  -51.270  80.628 0.0000000000
44197  26.691  -49.784  76.812 0.0000000000
63595  58.685  -30.231  65.852 0.0000000000
63596  56.745  -30.051  65.964 0.0000000000
36212  24.421  -57.034  88.958 0.0000000000
37147  21.551  -56.247  88.273 0.0000000000
36174  22.638  -56.847  90.211 0.0000000000
37106  20.747  -56.721  91.315 0.0000000000
34191  20.271  -59.633  91.936 0.0000000000
36167  31.307  -56.555  90.653 0.0000000000
36207  31.020  -57.029  88.460 0.0000000000
35228  29.482  -57.429  90.625 0.0000000000
36192  26.647  -57.144  89.203 0.0000000000
61504  49.343  -32.475  80.686 0.0000000000
57773  47.997  -36.214  83.517 0.0000000000
46243  44.376  -46.984  83.756 0.0000000000
47405  41.471  -46.420  80.406 0.0000000000
47432  39.692  -46.571  78.248 0.0000000000
47466  37.405  -46.745  75.198 0.0000000000
45267  37.460  -48.622  77.910 0.0000000000
46326  35.492  -47.588  77.574 0.0000000000
124695  33.037  -47.048  77.688 0.0000000000
136039  27.285  -54.603  81.065 0.0000000000
41193  27.327  -52.598  79.848 0.0000000000
40262  25.806  -53.602  78.552 0.0000000000
64476  54.565  -29.501  70.614 0.0000000000
63582  54.206  -30.075  66.845 0.0000000000
131824  51.934  -30.442  67.650 0.0000000000
126469  19.112  -57.096  87.205 0.0000000000
41094  38.778  -52.283  88.719 0.0000000000
42089  37.470  -51.226  85.913 0.0000000000
43065  35.769  -50.843  84.126 0.0000000000
42091  35.070  -51.987  84.991 0.0000000000
148356  32.401  -53.032  84.864 0.0000000000
40217  30.388  -53.851  83.844 0.0000000000
36237  30.084  -56.410  85.942 0.0000000000
37213  28.904  -55.761  84.277 0.0000000000
38218  28.155  -55.385  82.952 0.0000000000
125040  26.020  -55.506  81.540 0.0000000000
131988  24.124  -54.779  80.598 0.0000000000
63568  46.619  -30.819  70.678 0.0000000000
64543  45.595  -29.253  66.743 0.0000000000
64513  43.796  -29.677  67.804 0.0000000000
35180  20.887  -59.142  94.946 0.0000000000
124952  19.913  -61.250  92.132 0.0000000000
33233  18.456  -60.327  93.103 0.0000000000
32205  18.665  -62.115  90.107 0.0000000000
146446  55.241  -29.549  73.413 0.0000000000
63512  53.270  -30.950  74.632 0.0000000000
62536  51.238  -31.711  74.294 0.0000000000
63515  49.621  -31.565  74.472 0.0000000000
124670  47.147  -31.169  74.271 0.0000000000
62542  44.918  -31.511  74.207 0.0000000000
60603  43.039  -33.179  74.688 0.0000000000
60556  47.164  -33.444  79.316 0.0000000000
132805  44.047  -34.012  77.351 0.0000000000
59684  41.382  -34.460  74.866 0.0000000000
58769  39.525  -35.588  74.541 0.0000000000
57869  38.015  -36.969  74.369 0.0000000000
55763  44.693  -38.212  84.649 0.0000000000
51552  45.562  -42.930  83.086 0.0000000000
52645  43.787  -41.164  83.533 0.0000000000
55781  41.738  -39.050  82.274 0.0000000000
54774  39.505  -39.582  79.583 0.0000000000
53775  36.970  -40.895  76.235 0.0000000000
47503  35.779  -46.660  73.221 0.0000000000
44140  34.303  -49.949  82.285 0.0000000000
45218  32.997  -48.808  80.235 0.0000000000
46312  30.985  -47.973  77.974 0.0000000000
43127  28.301  -50.676  79.243 0.0000000000
45272  28.570  -48.607  77.295 0.0000000000
35187  25.662  -57.156  93.390 0.0000000000
37067  25.574  -56.483  93.739 0.0000000000
43055  38.859  -50.233  86.068 0.0000000000
43053  41.050  -49.523  86.136 0.0000000000
44111  39.775  -48.688  84.555 0.0000000000
45146  40.704  -48.710  82.996 0.0000000000
145714  38.243  -48.235  83.489 0.0000000000
145572  37.970  -47.837  82.458 0.0000000000
44127  37.255  -48.897  83.683 0.0000000000
64480  49.434  -29.399  70.796 0.0000000000
126373  49.054  -28.706  68.775 0.0000000000
125646  48.288  -28.655  68.952 0.0000000000
141810  23.390  -55.773  85.659 0.0000000000
38180  21.792  -55.570  85.423 0.0000000000
38166  22.170  -55.826  86.193 0.0000000000
33268  20.463  -61.067  89.646 0.0000000000
33274  20.214  -60.646  88.665 0.0000000000
31145  20.392  -62.431  88.660 0.0000000000
126595  20.279  -63.198  87.688 0.0000000000
30154  19.752  -63.248  88.179 0.0000000000
144535  33.541  -55.041  90.903 0.0000000000
38115  34.842  -54.717  90.175 0.0000000000
38125  35.349  -54.822  89.464 0.0000000000
37125  34.317  -55.605  88.899 0.0000000000
38152  33.692  -55.675  87.600 0.0000000000
132276  33.436  -56.060  88.416 0.0000000000
37182  24.593  -56.140  86.706 0.0000000000
37181  25.557  -56.048  86.322 0.0000000000
37198  23.909  -55.977  86.115 0.0000000000
38178  24.017  -55.755  85.318 0.0000000000
61596  41.331  -32.716  71.434 0.0000000000
61615  40.865  -31.879  69.657 0.0000000000
129265  40.289  -32.411  69.968 0.0000000000
64363  49.717  -30.078  81.306 0.0000000000
64368  49.176  -29.894  79.655 0.0000000000
63455  49.679  -30.797  80.776 0.0000000000
56821  46.405  -37.102  81.931 0.0000000000
57798  45.463  -36.739  80.648 0.0000000000
56853  44.388  -37.418  80.610 0.0000000000
56869  43.364  -37.404  79.658 0.0000000000
56839  43.785  -37.679  81.144 0.0000000000
48446  41.451  -45.304  77.014 0.0000000000
49430  41.837  -44.773  77.563 0.0000000000
49454  41.045  -44.755  76.013 0.0000000000
125793  40.542  -43.814  76.526 0.0000000000
49464  40.352  -44.775  74.572 0.0000000000
49483  38.986  -45.061  73.137 0.0000000000
48472  39.940  -45.287  74.114 0.0000000000
41171  30.276  -52.380  82.781 0.0000000000
42135  30.676  -51.604  82.407 0.0000000000
41178  29.169  -52.365  81.668 0.0000000000
64517  57.781  -29.386  68.139 0.0000000000
64519  56.029  -29.354  67.994 0.0000000000
36194  24.412  -57.178  89.856 0.0000000000
138019  23.773  -57.031  89.469 0.0000000000
36173  23.538  -57.085  90.320 0.0000000000
36142  22.171  -56.907  93.029 0.0000000000
36158  22.078  -56.805  91.978 0.0000000000
36143  21.195  -57.016  93.184 0.0000000000
35203  20.139  -58.304  92.209 0.0000000000
36130  20.875  -57.652  93.648 0.0000000000
37104  30.418  -56.512  91.442 0.0000000000
36168  30.806  -56.832  90.518 0.0000000000
147834  29.765  -57.082  91.561 0.0000000000
35232  26.072  -57.858  91.321 0.0000000000
35230  27.282  -57.881  90.755 0.0000000000
36171  25.960  -57.655  90.518 0.0000000000
36211  25.323  -57.019  88.882 0.0000000000
44088  43.225  -49.319  85.959 0.0000000000
45118  44.274  -48.743  86.338 0.0000000000
45129  44.756  -48.023  85.265 0.0000000000
46228  45.405  -46.587  84.510 0.0000000000
46230  43.938  -47.920  84.035 0.0000000000
45211  40.086  -48.656  81.110 0.0000000000
46258  41.491  -47.960  81.654 0.0000000000
46270  40.398  -48.232  80.713 0.0000000000
47419  40.524  -46.674  79.434 0.0000000000
46305  39.084  -48.000  78.815 0.0000000000
46324  38.196  -48.089  77.791 0.0000000000
45248  38.370  -48.688  78.824 0.0000000000
46273  35.913  -47.425  80.352 0.0000000000
46307  36.539  -47.858  78.678 0.0000000000
46288  35.026  -47.307  79.279 0.0000000000
46327  34.648  -47.086  77.349 0.0000000000
46289  34.005  -47.392  79.146 0.0000000000
39275  26.333  -55.003  80.238 0.0000000000
40250  26.495  -54.366  79.745 0.0000000000
39276  25.900  -54.808  79.651 0.0000000000
144115  54.028  -29.639  71.333 0.0000000000
64489  53.635  -29.349  69.198 0.0000000000
64490  52.884  -29.262  69.707 0.0000000000
62619  50.688  -31.538  67.269 0.0000000000
38263  21.333  -55.519  80.340 0.0000000000
38245  20.385  -55.983  81.502 0.0000000000
133124  20.252  -56.478  89.018 0.0000000000
37168  20.076  -56.134  87.267 0.0000000000
36214  19.394  -57.143  88.544 0.0000000000
33293  19.929  -60.452  86.878 0.0000000000
34233  19.334  -59.309  86.716 0.0000000000
39188  37.110  -53.650  88.667 0.0000000000
40128  37.964  -52.914  89.164 0.0000000000
132440  37.553  -53.039  87.841 0.0000000000
41108  38.127  -52.364  87.538 0.0000000000
42077  37.060  -52.195  86.403 0.0000000000
41130  35.873  -51.834  85.226 0.0000000000
41111  35.868  -53.033  86.369 0.0000000000
39222  32.111  -54.800  85.798 0.0000000000
40202  33.226  -53.662  85.846 0.0000000000
40204  31.607  -54.369  85.145 0.0000000000
40216  31.222  -53.178  84.135 0.0000000000
39230  30.448  -54.893  84.300 0.0000000000
126420  30.404  -57.222  88.153 0.0000000000
36223  30.801  -57.000  87.540 0.0000000000
36232  29.694  -56.721  86.632 0.0000000000
126012  27.604  -55.870  84.951 0.0000000000
37206  28.837  -55.886  84.590 0.0000000000
37214  28.459  -55.684  83.983 0.0000000000
38200  28.681  -55.550  83.731 0.0000000000
38219  27.612  -55.456  82.713 0.0000000000
38238  27.195  -55.398  82.012 0.0000000000
38202  26.473  -55.611  82.774 0.0000000000
38223  22.900  -54.850  82.235 0.0000000000
38242  23.718  -54.720  81.593 0.0000000000
147367  22.885  -54.681  81.604 0.0000000000
62594  45.420  -31.617  70.978 0.0000000000
64497  44.773  -29.873  69.178 0.0000000000
63573  44.517  -30.579  69.702 0.0000000000
61637  42.127  -32.376  66.062 0.0000000000
35171  20.845  -59.011  96.107 0.0000000000
130500  20.222  -60.502  93.585 0.0000000000
33225  19.852  -60.588  94.456 0.0000000000
34181  16.449  -59.087  92.106 0.0000000000
33251  17.586  -60.111  91.673 0.0000000000
141991  18.334  -61.229  91.233 0.0000000000
33262  17.605  -60.708  90.302 0.0000000000
147179  18.110  -61.990  88.367 0.0000000000
33276  17.292  -60.386  88.387 0.0000000000
64434  56.041  -29.047  73.478 0.0000000000
64413  54.273  -29.769  75.731 0.0000000000
63487  53.858  -29.683  76.934 0.0000000000
63513  52.587  -31.245  74.785 0.0000000000
63489  52.923  -30.488  75.850 0.0000000000
66293  50.482  -27.670  77.166 0.0000000000
64415  50.633  -30.055  75.293 0.0000000000
65365  49.054  -28.846  75.352 0.0000000000
63517  47.913  -31.292  74.348 0.0000000000
65366  48.216  -29.058  75.445 0.0000000000
63479  46.644  -30.481  77.346 0.0000000000
63506  46.016  -29.992  75.493 0.0000000000
62508  44.846  -31.296  76.319 0.0000000000
61555  44.185  -32.041  74.443 0.0000000000
61537  44.407  -32.157  76.391 0.0000000000
60543  49.441  -33.142  81.067 0.0000000000
61505  48.539  -32.457  79.833 0.0000000000
59640  47.482  -34.050  79.911 0.0000000000
58715  44.529  -35.482  78.655 0.0000000000
59648  44.942  -34.770  78.463 0.0000000000
59661  43.870  -34.705  77.698 0.0000000000
59670  42.891  -34.254  76.366 0.0000000000
59671  42.423  -34.667  76.272 0.0000000000
59685  40.839  -34.890  75.071 0.0000000000
58746  41.692  -35.589  76.491 0.0000000000
56899  40.621  -37.477  77.595 0.0000000000
57853  40.089  -36.852  76.346 0.0000000000
56922  38.761  -37.537  75.691 0.0000000000
124052  37.816  -38.875  75.912 0.0000000000
143876  46.323  -39.259  85.592 0.0000000000
49385  45.121  -44.556  82.652 0.0000000000
49383  46.103  -43.753  83.557 0.0000000000
50475  44.684  -43.630  81.888 0.0000000000
124876  42.236  -42.838  80.159 0.0000000000
51554  43.887  -42.444  81.809 0.0000000000
52653  42.322  -41.424  82.228 0.0000000000
53710  42.892  -40.279  83.562 0.0000000000
53718  41.563  -40.481  82.233 0.0000000000
54759  40.727  -39.059  81.002 0.0000000000
53732  40.138  -40.447  80.715 0.0000000000
51651  37.607  -42.868  75.916 0.0000000000
52722  37.868  -41.270  77.540 0.0000000000
52745  36.530  -41.410  75.667 0.0000000000
52746  35.982  -41.061  75.150 0.0000000000
52763  34.928  -41.842  73.826 0.0000000000
51682  35.098  -43.244  72.662 0.0000000000
49509  38.205  -44.933  70.384 0.0000000000
135753  37.699  -44.372  70.254 0.0000000000
46358  36.170  -47.671  75.280 0.0000000000
47467  36.887  -46.775  74.531 0.0000000000
46388  35.252  -47.378  73.978 0.0000000000
46418  33.523  -46.809  71.463 0.0000000000
43066  35.049  -51.128  83.894 0.0000000000
44130  34.953  -50.205  82.882 0.0000000000
43088  33.664  -50.548  82.600 0.0000000000
43112  31.327  -49.941  80.779 0.0000000000
131667  31.946  -49.498  80.575 0.0000000000
44158  31.475  -49.433  80.099 0.0000000000
45252  31.303  -48.380  78.631 0.0000000000
45236  30.749  -48.923  79.021 0.0000000000
42171  26.698  -52.058  78.936 0.0000000000
42169  28.047  -51.396  79.722 0.0000000000
42177  27.018  -51.406  78.707 0.0000000000
44196  27.450  -49.505  77.276 0.0000000000
46333  28.901  -47.986  76.883 0.0000000000
130259  52.936  -31.952  66.746 0.0000000000
62624  54.302  -31.027  66.070 0.0000000000
63614  46.297  -30.800  65.815 0.0000000000
35219  25.786  -57.816  92.153 0.0000000000
36156  24.730  -57.623  91.734 0.0000000000
35220  25.105  -57.544  92.723 0.0000000000
139600  24.077  -57.056  93.971 0.0000000000
36127  24.149  -56.913  94.471 0.0000000000
35200  26.641  -57.726  92.786 0.0000000000
42064  40.639  -51.030  88.387 0.0000000000
43007  41.794  -50.207  88.417 0.0000000000
43038  42.094  -50.046  87.228 0.0000000000
43051  42.764  -49.593  86.404 0.0000000000
44108  42.960  -48.933  84.511 0.0000000000
44124  42.764  -48.687  83.974 0.0000000000
44125  42.202  -48.705  83.727 0.0000000000
139488  40.242  -48.698  82.022 0.0000000000
45196  39.359  -48.672  80.854 0.0000000000
45214  38.457  -48.600  80.049 0.0000000000
45197  38.883  -48.546  80.821 0.0000000000
46260  36.899  -47.535  81.243 0.0000000000
45199  36.005  -47.899  81.548 0.0000000000
38289  23.693  -55.255  78.308 0.0000000000
129155  24.460  -54.856  78.716 0.0000000000
38304  23.447  -55.705  77.216 0.0000000000
130891  51.876  -29.302  70.958 0.0000000000
64507  51.123  -29.302  68.626 0.0000000000
64492  50.393  -28.775  68.981 0.0000000000
64525  49.519  -29.600  67.667 0.0000000000
124229  22.086  -55.288  83.941 0.0000000000
126486  20.797  -55.328  82.934 0.0000000000
38206  21.118  -55.315  83.747 0.0000000000
38194  20.547  -55.486  84.365 0.0000000000
142315  19.697  -55.911  85.301 0.0000000000
35247  19.491  -58.312  89.360 0.0000000000
35254  19.269  -58.148  88.531 0.0000000000
33275  19.928  -59.755  88.536 0.0000000000
33280  20.261  -61.211  87.882 0.0000000000
30186  19.796  -63.815  85.747 0.0000000000
39175  36.413  -54.272  89.120 0.0000000000
146944  36.257  -54.318  88.063 0.0000000000
127132  35.120  -53.550  86.523 0.0000000000
39202  34.856  -54.938  87.660 0.0000000000
38163  33.501  -55.316  86.958 0.0000000000
38165  31.908  -55.983  86.383 0.0000000000
36227  27.189  -56.778  87.869 0.0000000000
37179  27.940  -56.322  86.477 0.0000000000
37180  27.177  -56.080  86.307 0.0000000000
37195  26.799  -55.820  85.315 0.0000000000
37217  26.498  -55.770  84.214 0.0000000000
38203  25.565  -55.441  83.311 0.0000000000
38190  24.738  -55.357  83.937 0.0000000000
38205  23.833  -55.203  83.587 0.0000000000
62596  43.584  -31.698  70.751 0.0000000000
63575  42.882  -30.624  69.218 0.0000000000
62610  41.586  -31.378  69.440 0.0000000000
62622  40.585  -31.810  67.361 0.0000000000
34176  15.798  -58.762  92.567 0.0000000000
34192  16.181  -59.030  91.366 0.0000000000
33277  16.780  -59.704  88.900 0.0000000000
34218  15.293  -59.147  89.211 0.0000000000
65323  48.844  -28.721  78.026 0.0000000000
65339  47.921  -29.128  76.896 0.0000000000
64379  48.680  -29.579  78.684 0.0000000000
64380  47.994  -30.093  78.312 0.0000000000
62481  47.098  -31.816  78.451 0.0000000000
58690  47.540  -35.499  81.189 0.0000000000
59630  46.731  -34.844  79.979 0.0000000000
58691  46.738  -35.645  80.649 0.0000000000
58706  44.781  -35.945  79.290 0.0000000000
142007  43.630  -36.600  78.911 0.0000000000
57837  42.462  -36.444  77.933 0.0000000000
57821  42.825  -36.814  78.601 0.0000000000
56886  41.703  -37.454  78.585 0.0000000000
55819  41.066  -37.850  78.858 0.0000000000
48421  42.906  -44.734  79.707 0.0000000000
50488  43.712  -43.998  80.602 0.0000000000
50502  42.787  -44.262  79.340 0.0000000000
50503  42.291  -43.775  78.828 0.0000000000
127326  40.992  -42.660  79.201 0.0000000000
51597  39.989  -42.294  79.151 0.0000000000
51624  40.206  -43.285  77.543 0.0000000000
50554  38.750  -43.287  76.123 0.0000000000
50580  37.945  -44.042  74.404 0.0000000000
50593  37.048  -43.978  73.283 0.0000000000
50592  37.785  -44.222  73.583 0.0000000000
49495  38.510  -45.048  71.890 0.0000000000
48494  37.913  -45.588  71.560 0.0000000000
46360  34.512  -47.817  75.031 0.0000000000
124093  34.484  -47.638  74.045 0.0000000000
46390  33.958  -47.667  73.753 0.0000000000
46406  32.908  -47.374  72.569 0.0000000000
125600  31.919  -46.965  71.004 0.0000000000
42123  31.885  -51.694  83.307 0.0000000000
43089  32.827  -50.617  82.410 0.0000000000
42134  31.493  -51.316  82.668 0.0000000000
43100  30.802  -50.597  81.265 0.0000000000
43114  29.578  -50.483  80.179 0.0000000000
43150  26.333  -50.526  77.048 0.0000000000
43167  25.542  -50.771  75.518 0.0000000000
146421  58.404  -29.468  67.665 0.0000000000
129628  57.890  -29.990  66.250 0.0000000000
62643  56.072  -31.778  65.191 0.0000000000
37145  24.140  -56.583  88.319 0.0000000000
37165  22.894  -56.230  87.541 0.0000000000
36213  23.455  -56.730  88.783 0.0000000000
37128  22.074  -56.562  89.624 0.0000000000
37116  21.185  -56.472  90.069 0.0000000000
123625  22.636  -56.930  91.108 0.0000000000
37105  21.612  -56.609  91.342 0.0000000000
36196  19.933  -57.003  90.163 0.0000000000
148197  19.755  -58.286  90.751 0.0000000000
34203  20.359  -59.933  91.033 0.0000000000
33261  20.644  -60.900  90.663 0.0000000000
37114  32.602  -56.045  90.095 0.0000000000
143677  32.268  -56.494  88.545 0.0000000000
36187  31.478  -56.649  89.960 0.0000000000
124441  30.358  -57.309  89.037 0.0000000000
36190  28.789  -57.305  89.017 0.0000000000
35229  28.630  -57.763  91.075 0.0000000000
125037  28.018  -57.305  89.347 0.0000000000
36209  27.386  -57.046  88.730 0.0000000000
36210  26.545  -56.906  88.417 0.0000000000
37144  24.906  -56.620  88.250 0.0000000000
60637  39.603  -33.634  71.514 0.0000000000
60655  39.086  -33.202  69.883 0.0000000000
59733  38.111  -34.137  69.927 0.0000000000
63447  49.698  -31.001  80.961 0.0000000000
59621  49.308  -34.412  81.787 0.0000000000
58665  48.257  -35.955  82.592 0.0000000000
57782  47.821  -36.423  82.779 0.0000000000
142060  46.636  -36.992  82.599 0.0000000000
134631  45.479  -45.939  83.973 0.0000000000
47387  43.709  -45.748  82.207 0.0000000000
46245  42.736  -47.772  82.988 0.0000000000
46257  42.310  -47.124  82.054 0.0000000000
47403  43.003  -45.415  80.830 0.0000000000
47417  42.077  -45.564  79.627 0.0000000000
47431  40.802  -45.779  77.805 0.0000000000
47440  40.515  -45.746  76.957 0.0000000000
128168  39.465  -45.970  75.489 0.0000000000
47451  38.576  -46.523  76.258 0.0000000000
46337  37.860  -47.583  76.981 0.0000000000
45281  36.455  -48.338  76.753 0.0000000000
45231  37.910  -48.633  79.250 0.0000000000
45268  36.802  -48.529  77.475 0.0000000000
45282  35.805  -48.158  76.085 0.0000000000
125290  34.522  -47.257  76.560 0.0000000000
46328  33.805  -46.884  77.154 0.0000000000
47444  31.926  -46.755  76.925 0.0000000000
40231  27.757  -53.886  81.358 0.0000000000
41179  28.473  -52.676  81.332 0.0000000000
40237  27.410  -53.764  80.675 0.0000000000
40261  26.410  -53.505  79.277 0.0000000000
41202  26.288  -52.692  78.732 0.0000000000
39303  24.539  -54.659  77.519 0.0000000000
40277  24.791  -53.918  77.095 0.0000000000
64475  55.266  -29.465  70.369 0.0000000000
64504  55.143  -29.400  68.409 0.0000000000
128967  54.235  -29.445  68.568 0.0000000000
126520  53.353  -30.306  67.186 0.0000000000
62626  52.182  -31.854  67.128 0.0000000000
64523  50.998  -30.051  67.908 0.0000000000
62618  51.415  -31.737  67.266 0.0000000000
37167  21.089  -56.088  87.514 0.0000000000
37186  20.045  -56.024  86.381 0.0000000000
36239  18.959  -56.943  85.505 0.0000000000
126149  18.970  -57.889  87.200 0.0000000000
35259  19.052  -58.419  86.572 0.0000000000
42047  40.187  -51.152  89.050 0.0000000000
42065  39.660  -51.618  88.397 0.0000000000
42088  38.316  -51.053  86.435 0.0000000000
43056  37.638  -50.341  85.302 0.0000000000
43063  37.173  -50.017  84.668 0.0000000000
42103  36.188  -51.201  84.803 0.0000000000
42104  35.444  -51.459  84.534 0.0000000000
42106  33.766  -51.819  84.309 0.0000000000
40201  34.473  -53.278  86.055 0.0000000000
41147  33.704  -52.425  85.032 0.0000000000
42107  33.022  -51.789  83.976 0.0000000000
41162  31.531  -52.377  83.721 0.0000000000
41163  30.721  -52.788  83.482 0.0000000000
40223  29.394  -53.672  82.846 0.0000000000
36221  32.146  -56.598  87.868 0.0000000000
37177  31.536  -56.379  86.588 0.0000000000
37190  31.038  -56.108  85.861 0.0000000000
36238  29.324  -56.346  85.833 0.0000000000
37192  29.605  -56.170  85.182 0.0000000000
38187  30.446  -55.643  84.751 0.0000000000
136102  29.272  -55.384  83.767 0.0000000000
39234  29.321  -54.842  83.393 0.0000000000
39242  28.356  -54.755  82.463 0.0000000000
39251  27.739  -54.686  81.747 0.0000000000
38258  26.137  -55.293  80.682 0.0000000000
142987  25.707  -55.189  80.511 0.0000000000
38221  25.674  -55.391  82.245 0.0000000000
38241  24.737  -54.948  81.163 0.0000000000
38260  24.460  -54.903  79.864 0.0000000000
38278  23.572  -55.015  79.090 0.0000000000
63567  47.474  -30.638  70.892 0.0000000000
64494  47.443  -29.268  69.792 0.0000000000
129171  45.603  -29.577  69.243 0.0000000000
63589  42.330  -30.558  67.356 0.0000000000
62632  42.988  -30.857  66.100 0.0000000000
60667  38.948  -33.594  67.954 0.0000000000
37055  24.639  -55.785  94.594 0.0000000000
36112  23.928  -56.553  95.018 0.0000000000
36120  22.823  -57.150  95.534 0.0000000000
36114  22.366  -57.147  96.045 0.0000000000
35189  21.122  -57.974  94.650 0.0000000000
143972  20.550  -59.330  93.552 0.0000000000
33239  20.298  -60.490  92.597 0.0000000000
31120  20.246  -62.004  90.745 0.0000000000
33226  19.283  -60.464  94.314 0.0000000000
32180  19.321  -60.780  93.197 0.0000000000
32199  18.899  -61.872  91.042 0.0000000000
31131  19.114  -62.690  89.552 0.0000000000
31146  18.679  -62.797  88.257 0.0000000000
142725  57.440  -28.789  71.453 0.0000000000
64447  56.109  -29.345  72.166 0.0000000000
130137  55.179  -29.675  72.223 0.0000000000
64448  54.368  -30.006  72.700 0.0000000000
65363  55.420  -28.475  75.766 0.0000000000
63535  54.109  -30.308  73.452 0.0000000000
63551  53.233  -30.353  72.600 0.0000000000
63538  51.977  -31.045  73.012 0.0000000000
63539  51.078  -31.235  72.911 0.0000000000
63540  50.187  -31.528  72.742 0.0000000000
127991  52.010  -29.614  75.989 0.0000000000
63514  50.438  -31.659  74.509 0.0000000000
137594  48.905  -32.250  72.863 0.0000000000
61578  48.249  -32.368  72.869 0.0000000000
61566  47.439  -32.263  73.170 0.0000000000
134063  46.024  -32.127  72.529 0.0000000000
140971  46.671  -29.771  75.146 0.0000000000
63519  45.649  -31.170  74.316 0.0000000000
61581  45.016  -32.307  72.598 0.0000000000
61582  44.153  -32.541  72.600 0.0000000000
61569  42.858  -32.898  72.789 0.0000000000
60625  42.096  -33.242  72.958 0.0000000000
62466  49.180  -31.791  80.259 0.0000000000
61513  47.783  -32.178  79.093 0.0000000000
61525  46.400  -32.183  78.171 0.0000000000
132796  46.538  -34.229  79.349 0.0000000000
60564  45.616  -33.632  78.276 0.0000000000
61527  44.878  -32.794  77.239 0.0000000000
60584  43.828  -33.484  76.726 0.0000000000
60593  42.512  -33.784  75.085 0.0000000000
60614  41.391  -33.636  73.237 0.0000000000
59718  39.991  -34.249  72.840 0.0000000000
59713  39.552  -34.784  73.348 0.0000000000
57860  40.364  -36.184  75.927 0.0000000000
57867  39.249  -36.259  74.938 0.0000000000
57764  45.846  -36.898  84.299 0.0000000000
56807  44.586  -37.439  83.397 0.0000000000
141585  46.456  -41.991  84.142 0.0000000000
51570  44.193  -42.985  81.493 0.0000000000
52651  45.131  -42.320  82.982 0.0000000000
53708  45.411  -40.979  84.244 0.0000000000
53702  44.385  -40.063  84.497 0.0000000000
55770  43.462  -38.475  83.783 0.0000000000
56824  43.795  -37.585  82.118 0.0000000000
55788  42.194  -38.282  81.694 0.0000000000
55799  40.590  -38.638  80.138 0.0000000000
141766  39.602  -38.868  79.105 0.0000000000
52709  38.982  -41.025  79.172 0.0000000000
54785  38.576  -39.870  78.377 0.0000000000
123950  38.272  -39.194  77.012 0.0000000000
54822  36.527  -39.729  75.311 0.0000000000
50621  36.190  -43.927  71.026 0.0000000000
50633  36.568  -43.865  69.355 0.0000000000
47484  38.191  -46.095  74.270 0.0000000000
47517  37.769  -45.672  72.476 0.0000000000
47536  37.094  -45.872  71.623 0.0000000000
46389  34.735  -47.246  73.327 0.0000000000
47538  34.664  -46.418  71.500 0.0000000000
44128  36.551  -49.175  83.319 0.0000000000
44129  35.295  -49.412  82.398 0.0000000000
45201  34.183  -48.828  81.150 0.0000000000
43097  33.339  -50.041  82.032 0.0000000000
44156  33.399  -49.089  80.935 0.0000000000
45217  33.793  -48.491  80.460 0.0000000000
46290  33.018  -47.674  79.047 0.0000000000
46311  31.772  -47.774  78.168 0.0000000000
46342  31.028  -46.945  76.909 0.0000000000
42163  28.470  -51.657  80.365 0.0000000000
43115  28.753  -50.957  79.978 0.0000000000
44173  28.878  -50.047  78.997 0.0000000000
43149  27.074  -50.194  77.624 0.0000000000
44183  28.579  -49.580  78.397 0.0000000000
44182  29.424  -49.365  78.744 0.0000000000
45271  29.373  -48.386  77.547 0.0000000000
46343  30.244  -47.189  76.663 0.0000000000
63613  55.362  -30.228  66.229 0.0000000000
62644  55.184  -31.520  65.564 0.0000000000
61645  55.578  -33.331  65.015 0.0000000000
64527  47.062  -29.050  67.187 0.0000000000
142728  38.404  -49.803  85.446 0.0000000000
44092  39.361  -49.351  85.500 0.0000000000
44112  38.765  -49.019  84.859 0.0000000000
45148  39.025  -48.367  84.106 0.0000000000
145608  38.278  -48.815  84.350 0.0000000000
44113  37.549  -49.166  84.223 0.0000000000
64467  49.216  -30.182  71.362 0.0000000000
65438  48.791  -29.127  70.265 0.0000000000
64493  48.140  -28.980  69.713 0.0000000000
37199  23.070  -55.935  86.244 0.0000000000
37184  22.598  -56.052  86.905 0.0000000000
32210  20.473  -62.005  89.505 0.0000000000
129787  20.427  -61.676  88.749 0.0000000000
30153  20.281  -62.949  88.258 0.0000000000
30137  20.008  -62.759  88.825 0.0000000000
37113  33.191  -55.615  90.094 0.0000000000
38127  33.894  -55.121  90.271 0.0000000000
37112  33.970  -55.533  89.410 0.0000000000
38135  34.752  -55.305  89.102 0.0000000000
37140  34.229  -55.656  88.583 0.0000000000
123661  33.632  -55.920  88.946 0.0000000000
37164  24.363  -56.337  87.618 0.0000000000
60635  41.315  -33.215  72.162 0.0000000000
61597  40.462  -32.754  70.880 0.0000000000
56852  45.142  -37.235  80.932 0.0000000000
56838  44.596  -37.489  81.389 0.0000000000
124466  41.072  -45.298  76.315 0.0000000000
48451  41.328  -45.067  76.443 0.0000000000
49463  40.601  -44.763  75.213 0.0000000000
48461  40.398  -45.052  74.614 0.0000000000
49471  40.077  -44.960  74.070 0.0000000000
128735  40.287  -45.319  74.767 0.0000000000
41172  29.473  -52.916  82.397 0.0000000000
64486  56.991  -29.285  69.539 0.0000000000
64502  56.834  -29.355  68.677 0.0000000000
124173  56.262  -29.382  69.333 0.0000000000
124401  25.168  -57.431  90.194 0.0000000000
36172  24.472  -57.437  90.742 0.0000000000
36144  20.556  -57.448  92.785 0.0000000000
147606  30.539  -56.188  91.521 0.0000000000
143190  30.022  -56.911  91.528 0.0000000000
36154  29.556  -57.062  91.644 0.0000000000
44087  43.624  -49.029  85.607 0.0000000000
128281  43.874  -49.084  86.171 0.0000000000
45130  44.219  -48.661  85.584 0.0000000000
45117  44.777  -48.166  85.860 0.0000000000
45144  44.209  -48.451  85.016 0.0000000000
127226  44.647  -47.938  84.859 0.0000000000
45145  43.650  -48.686  84.785 0.0000000000
45212  39.419  -48.661  80.754 0.0000000000
45228  39.666  -48.577  80.444 0.0000000000
46284  40.077  -47.894  79.965 0.0000000000
46285  39.340  -48.395  79.656 0.0000000000
45247  38.759  -48.617  79.250 0.0000000000
46287  36.060  -47.410  79.478 0.0000000000
46275  34.287  -47.778  79.945 0.0000000000
38276  25.750  -55.089  80.177 0.0000000000
39277  25.170  -54.838  79.447 0.0000000000
38244  21.115  -55.309  81.361 0.0000000000
37149  19.780  -56.638  88.591 0.0000000000
33309  19.816  -60.483  85.867 0.0000000000
127734  36.951  -53.510  87.752 0.0000000000
126722  37.207  -53.508  88.208 0.0000000000
40181  37.045  -52.926  87.151 0.0000000000
148979  36.563  -52.769  86.560 0.0000000000
39229  31.006  -55.007  84.868 0.0000000000
128094  29.221  -56.984  87.435 0.0000000000
36224  30.065  -57.085  87.442 0.0000000000
37208  27.398  -55.814  84.153 0.0000000000
37207  28.204  -55.803  84.313 0.0000000000
37215  27.817  -55.665  83.502 0.0000000000
37230  27.281  -55.603  82.856 0.0000000000
38243  22.123  -54.810  81.677 0.0000000000
141079  21.883  -54.881  80.864 0.0000000000
63570  44.971  -31.108  70.336 0.0000000000
62607  44.130  -31.164  70.180 0.0000000000
35159  20.697  -58.700  96.335 0.0000000000
34165  20.156  -60.269  94.996 0.0000000000
34157  19.922  -59.936  95.467 0.0000000000
33252  16.895  -59.474  91.514 0.0000000000
33241  17.274  -59.620  92.323 0.0000000000
134131  17.838  -60.745  91.074 0.0000000000
33269  17.426  -60.521  89.353 0.0000000000
33270  16.999  -59.782  89.905 0.0000000000
65373  56.564  -27.981  74.451 0.0000000000
66303  56.487  -27.221  75.742 0.0000000000
64378  54.093  -28.897  78.579 0.0000000000
64400  54.193  -29.254  77.823 0.0000000000
64401  53.747  -29.543  77.340 0.0000000000
63488  53.458  -30.025  76.366 0.0000000000
64389  53.543  -29.341  77.643 0.0000000000
65353  50.293  -28.028  76.335 0.0000000000
65354  49.293  -28.245  76.047 0.0000000000
148168  48.547  -28.594  75.913 0.0000000000
62494  46.350  -31.362  77.693 0.0000000000
63480  45.983  -30.714  76.955 0.0000000000
62495  45.503  -31.300  76.966 0.0000000000
62509  44.460  -31.524  75.757 0.0000000000
61536  45.015  -31.915  76.932 0.0000000000
59628  48.627  -33.729  80.595 0.0000000000
58729  43.467  -35.472  77.904 0.0000000000
58728  44.070  -35.316  78.209 0.0000000000
58744  42.970  -34.854  77.124 0.0000000000
58745  42.306  -35.329  76.784 0.0000000000
58761  41.946  -35.014  76.139 0.0000000000
55833  39.883  -38.031  77.587 0.0000000000
56913  39.876  -37.579  76.839 0.0000000000
55846  39.001  -38.000  76.391 0.0000000000
55862  38.198  -38.165  75.682 0.0000000000
55847  38.347  -38.713  76.372 0.0000000000
54737  46.789  -40.092  85.383 0.0000000000
127621  44.498  -44.518  81.952 0.0000000000
49392  44.928  -43.987  82.174 0.0000000000
49393  44.405  -44.111  81.530 0.0000000000
52680  41.686  -42.185  80.744 0.0000000000
126798  42.040  -41.862  81.472 0.0000000000
52654  41.583  -41.172  81.829 0.0000000000
52665  41.232  -41.405  81.306 0.0000000000
52666  40.633  -40.762  81.184 0.0000000000
51638  37.261  -42.149  76.253 0.0000000000
51652  36.782  -42.284  75.643 0.0000000000
51653  36.054  -41.877  75.076 0.0000000000
51661  35.599  -42.308  74.359 0.0000000000
51670  35.256  -42.748  73.532 0.0000000000
50582  36.090  -43.211  73.971 0.0000000000
48506  37.789  -45.547  70.693 0.0000000000
48521  37.696  -45.243  69.829 0.0000000000
46374  35.728  -47.493  74.608 0.0000000000
42120  34.274  -51.276  83.771 0.0000000000
43077  34.662  -50.766  83.331 0.0000000000
43078  33.945  -50.945  83.166 0.0000000000
130180  30.849  -49.757  80.201 0.0000000000
44170  30.829  -49.369  79.651 0.0000000000
35201  25.907  -57.523  93.051 0.0000000000
36117  25.200  -56.824  93.763 0.0000000000
35188  24.883  -57.006  93.903 0.0000000000
127842  26.689  -57.019  93.129 0.0000000000
35185  27.010  -57.419  92.831 0.0000000000
42073  40.441  -51.062  87.743 0.0000000000
43024  41.374  -50.596  87.811 0.0000000000
43039  41.002  -50.237  87.032 0.0000000000
44090  41.748  -49.203  85.376 0.0000000000
43052  41.946  -49.642  86.329 0.0000000000
44089  42.997  -49.255  85.307 0.0000000000
44109  42.427  -49.001  84.607 0.0000000000
139904  41.912  -48.823  84.018 0.0000000000
45165  40.126  -48.639  82.459 0.0000000000
45164  40.814  -48.703  82.466 0.0000000000
45181  39.895  -48.679  81.734 0.0000000000
136933  39.950  -48.669  81.394 0.0000000000
135801  39.447  -48.584  81.297 0.0000000000
128834  38.786  -48.037  81.692 0.0000000000
45198  37.121  -47.736  81.864 0.0000000000
45184  36.076  -48.516  82.220 0.0000000000
64465  51.074  -29.599  71.461 0.0000000000
64478  51.118  -29.058  70.484 0.0000000000
65436  50.355  -28.792  69.888 0.0000000000
64508  49.301  -29.022  68.151 0.0000000000
131548  48.852  -29.265  67.648 0.0000000000
64540  48.119  -29.943  66.809 0.0000000000
38181  20.842  -55.581  85.185 0.0000000000
38182  19.978  -55.661  84.934 0.0000000000
37200  20.141  -55.794  85.618 0.0000000000
34224  19.580  -59.085  88.915 0.0000000000
32216  20.534  -62.265  88.001 0.0000000000
32228  20.478  -62.011  87.102 0.0000000000
126504  20.527  -62.883  86.753 0.0000000000
30166  19.764  -63.564  87.331 0.0000000000
30176  19.781  -63.764  86.477 0.0000000000
30187  19.314  -63.585  86.220 0.0000000000
31179  18.734  -62.994  86.637 0.0000000000
40096  35.934  -53.537  90.793 0.0000000000
38143  35.455  -54.985  88.691 0.0000000000
38142  35.843  -54.743  89.090 0.0000000000
148331  36.071  -54.614  88.819 0.0000000000
39190  36.044  -54.580  88.379 0.0000000000
39201  35.732  -54.493  87.774 0.0000000000
140281  33.098  -55.855  87.183 0.0000000000
38164  32.679  -55.717  86.688 0.0000000000
37161  27.147  -56.392  87.094 0.0000000000
129954  26.334  -56.222  86.803 0.0000000000
129740  26.471  -55.909  85.974 0.0000000000
148127  26.849  -55.793  84.752 0.0000000000
38189  25.596  -55.587  84.212 0.0000000000
38177  24.824  -55.596  84.846 0.0000000000
125369  23.252  -55.537  85.023 0.0000000000
38191  23.952  -55.472  84.495 0.0000000000
124196  23.057  -55.355  84.179 0.0000000000
61594  43.297  -32.270  71.502 0.0000000000
62597  42.851  -31.548  70.307 0.0000000000
62598  42.148  -31.669  70.225 0.0000000000
61616  40.164  -32.063  68.872 0.0000000000
62611  40.852  -31.513  68.877 0.0000000000
61639  40.651  -32.884  66.616 0.0000000000
60665  40.232  -32.487  67.177 0.0000000000
34182  15.578  -58.756  91.713 0.0000000000
34193  15.533  -58.793  90.870 0.0000000000
34205  15.496  -58.958  90.027 0.0000000000
35235  14.790  -58.838  90.432 0.0000000000
65307  49.210  -28.916  79.183 0.0000000000
63467  48.851  -30.443  79.288 0.0000000000
63468  47.368  -30.934  78.155 0.0000000000
62480  47.797  -31.513  78.858 0.0000000000
57799  44.751  -36.997  80.259 0.0000000000
57807  45.066  -36.402  79.959 0.0000000000
142181  44.239  -36.143  78.968 0.0000000000
128282  43.714  -37.032  79.417 0.0000000000
56855  42.817  -37.787  80.084 0.0000000000
56870  42.653  -37.585  79.386 0.0000000000
56871  41.935  -37.748  79.126 0.0000000000
55807  41.272  -38.119  79.609 0.0000000000
48422  42.404  -45.096  78.889 0.0000000000
49414  42.485  -44.778  78.874 0.0000000000
50522  41.823  -44.093  78.034 0.0000000000
51611  41.512  -43.338  78.587 0.0000000000
51596  41.895  -43.081  79.374 0.0000000000
51612  40.601  -42.954  78.441 0.0000000000
50569  39.504  -44.009  75.112 0.0000000000
135938  39.983  -43.847  75.853 0.0000000000
50570  38.273  -43.687  75.258 0.0000000000
123493  38.744  -45.015  72.546 0.0000000000
48492  38.684  -45.078  72.481 0.0000000000
48505  38.287  -45.200  71.207 0.0000000000
48493  38.362  -45.247  71.910 0.0000000000
46377  33.972  -47.678  74.373 0.0000000000
46407  32.286  -46.973  72.090 0.0000000000
46419  32.661  -47.110  71.907 0.0000000000
47540  32.007  -46.945  71.482 0.0000000000
42151  29.566  -51.613  81.340 0.0000000000
42150  30.328  -51.252  81.688 0.0000000000
43101  29.946  -50.856  80.999 0.0000000000
43113  30.450  -50.246  80.563 0.0000000000
64537  57.556  -29.580  67.102 0.0000000000
63611  56.742  -31.103  65.241 0.0000000000
63612  55.963  -30.843  65.559 0.0000000000
139058  23.519  -56.379  87.934 0.0000000000
36195  23.027  -56.871  89.547 0.0000000000
37115  21.884  -56.592  90.534 0.0000000000
123922  23.733  -57.292  91.377 0.0000000000
36157  22.987  -57.099  92.157 0.0000000000
36159  21.180  -56.785  92.243 0.0000000000
143656  21.181  -56.527  90.777 0.0000000000
36175  20.146  -57.162  90.954 0.0000000000
36176  19.761  -57.636  90.517 0.0000000000
35233  20.013  -58.799  91.292 0.0000000000
37103  31.137  -56.054  91.364 0.0000000000
145817  31.837  -55.731  91.248 0.0000000000
36151  31.835  -56.069  91.077 0.0000000000
37102  32.489  -55.891  90.704 0.0000000000
36166  31.879  -56.289  90.674 0.0000000000
36186  32.057  -56.397  90.088 0.0000000000
36169  30.257  -57.198  90.109 0.0000000000
36189  29.586  -57.420  89.541 0.0000000000
35198  28.135  -57.413  92.014 0.0000000000
144433  28.667  -57.478  91.678 0.0000000000
36170  26.772  -57.591  90.079 0.0000000000
35246  27.797  -57.710  90.224 0.0000000000
36191  27.316  -57.332  89.496 0.0000000000
60638  38.972  -33.701  71.064 0.0000000000
58677  48.790  -35.202  82.206 0.0000000000
58664  48.935  -35.276  83.006 0.0000000000
57761  48.552  -35.731  84.043 0.0000000000
57772  48.509  -35.903  83.280 0.0000000000
57783  47.120  -36.786  82.299 0.0000000000
57774  47.194  -36.659  83.136 0.0000000000
43022  42.552  -49.949  87.758 0.0000000000
47348  45.039  -46.622  84.053 0.0000000000
47369  44.758  -45.980  83.374 0.0000000000
131425  44.252  -45.604  82.627 0.0000000000
47370  43.951  -46.357  83.070 0.0000000000
45163  42.054  -48.565  83.155 0.0000000000
45162  42.599  -48.293  83.317 0.0000000000
45193  41.892  -48.271  82.487 0.0000000000
46269  41.088  -47.590  80.947 0.0000000000
46268  41.755  -46.789  81.230 0.0000000000
47388  43.031  -45.969  81.752 0.0000000000
47404  42.213  -45.774  80.578 0.0000000000
148888  40.409  -46.332  78.671 0.0000000000
47441  39.379  -46.421  77.433 0.0000000000
47450  39.641  -46.017  76.378 0.0000000000
46325  37.546  -48.423  77.526 0.0000000000
46338  36.987  -48.181  76.660 0.0000000000
45280  37.021  -48.575  77.275 0.0000000000
45250  36.347  -48.199  77.865 0.0000000000
45269  36.065  -48.289  76.970 0.0000000000
46339  35.337  -47.782  76.436 0.0000000000
140365  33.643  -47.053  78.204 0.0000000000
47443  32.971  -46.787  77.000 0.0000000000
40251  26.055  -54.217  79.222 0.0000000000
38288  24.182  -55.086  77.869 0.0000000000
39289  24.801  -54.727  78.494 0.0000000000
40276  25.324  -53.310  77.598 0.0000000000
145589  54.849  -29.383  69.044 0.0000000000
64488  54.566  -29.396  69.675 0.0000000000
64522  52.797  -29.935  67.723 0.0000000000
64505  53.429  -29.535  68.330 0.0000000000
63583  52.635  -30.890  67.152 0.0000000000
62617  51.896  -31.148  67.364 0.0000000000
127799  20.106  -55.775  82.827 0.0000000000
143050  20.593  -55.580  82.173 0.0000000000
37166  22.083  -56.178  87.560 0.0000000000
37169  19.479  -56.632  87.785 0.0000000000
37187  19.353  -56.556  86.653 0.0000000000
34229  19.491  -59.096  88.038 0.0000000000
35257  19.116  -58.278  87.778 0.0000000000
134527  19.178  -58.757  87.277 0.0000000000
126876  19.226  -58.985  86.074 0.0000000000
41051  37.490  -52.372  90.622 0.0000000000
40093  37.657  -52.732  90.282 0.0000000000
40127  38.535  -52.463  89.165 0.0000000000
41071  38.237  -52.604  89.535 0.0000000000
41070  38.908  -52.070  89.314 0.0000000000
41081  39.247  -51.936  88.986 0.0000000000
42066  38.848  -52.056  87.983 0.0000000000
42076  37.865  -51.878  86.757 0.0000000000
42075  38.641  -51.632  87.190 0.0000000000
136575  38.120  -50.553  85.813 0.0000000000
43057  36.887  -50.823  85.122 0.0000000000
42090  36.627  -51.620  85.546 0.0000000000
41131  35.480  -52.439  85.647 0.0000000000
42105  34.677  -51.633  84.356 0.0000000000
41146  34.353  -52.058  84.828 0.0000000000
40184  34.385  -53.971  86.573 0.0000000000
132300  33.878  -53.654  86.126 0.0000000000
40211  33.024  -52.983  85.272 0.0000000000
41148  32.876  -52.367  84.542 0.0000000000
41161  32.340  -52.068  83.875 0.0000000000
41149  32.000  -52.713  84.335 0.0000000000
40222  29.956  -53.242  83.142 0.0000000000
40218  29.641  -54.113  83.347 0.0000000000
147821  31.675  -56.725  88.280 0.0000000000
36231  30.491  -56.772  86.733 0.0000000000
36230  31.197  -56.726  86.946 0.0000000000
37178  30.785  -56.443  86.222 0.0000000000
37191  30.287  -56.188  85.496 0.0000000000
36234  28.613  -56.237  85.765 0.0000000000
146082  29.205  -56.015  84.863 0.0000000000
37205  29.288  -55.916  84.667 0.0000000000
38188  29.873  -56.019  84.806 0.0000000000
38198  29.831  -55.532  84.271 0.0000000000
38199  29.263  -55.749  84.297 0.0000000000
39235  28.774  -55.162  83.213 0.0000000000
39241  29.055  -54.428  82.934 0.0000000000
39243  27.653  -55.220  82.239 0.0000000000
38239  26.567  -55.403  81.439 0.0000000000
128461  25.889  -55.388  80.961 0.0000000000
38259  25.239  -55.119  80.594 0.0000000000
38261  23.318  -54.788  79.898 0.0000000000
64482  47.016  -29.888  70.231 0.0000000000
63571  46.141  -30.165  69.978 0.0000000000
64512  44.246  -29.666  68.469 0.0000000000
64496  45.049  -29.324  68.425 0.0000000000
64544  43.888  -29.619  67.073 0.0000000000
145942  41.938  -30.794  68.319 0.0000000000
63579  42.487  -30.492  68.230 0.0000000000
61653  42.685  -31.751  65.868 0.0000000000
60686  43.541  -33.228  65.560 0.0000000000
60664  38.536  -33.745  68.743 0.0000000000
60663  38.857  -33.134  68.958 0.0000000000
38081  25.073  -55.537  94.097 0.0000000000
37056  24.124  -56.146  95.049 0.0000000000
132077  23.602  -56.404  95.443 0.0000000000
36119  23.717  -56.834  95.043 0.0000000000
36113  23.212  -56.723  95.642 0.0000000000
35169  21.799  -57.687  95.882 0.0000000000
35179  21.284  -58.386  95.580 0.0000000000
35190  20.801  -58.750  94.048 0.0000000000
32187  20.042  -60.923  92.882 0.0000000000
123445  20.262  -61.129  91.908 0.0000000000
32197  20.105  -61.641  91.429 0.0000000000
33234  17.811  -59.777  93.062 0.0000000000
34166  18.333  -59.391  94.327 0.0000000000
33227  18.532  -60.061  93.867 0.0000000000
34158  18.987  -60.129  94.713 0.0000000000
33232  18.995  -60.575  93.624 0.0000000000
32181  18.918  -60.678  93.017 0.0000000000
32206  18.178  -61.445  90.616 0.0000000000
31122  19.395  -62.449  90.353 0.0000000000
148683  18.923  -62.917  88.888 0.0000000000
32211  18.479  -62.241  89.122 0.0000000000
32217  18.132  -62.139  87.655 0.0000000000
33283  16.646  -59.693  87.897 0.0000000000
65423  57.862  -28.453  71.804 0.0000000000
64460  56.604  -29.199  71.400 0.0000000000
65424  57.046  -28.845  72.185 0.0000000000
64435  55.635  -29.457  72.824 0.0000000000
64436  54.837  -29.846  73.038 0.0000000000
147690  54.532  -29.781  71.980 0.0000000000
65347  55.849  -27.827  76.303 0.0000000000
65348  55.182  -28.579  77.058 0.0000000000
63511  53.778  -30.410  75.161 0.0000000000
64426  54.393  -29.880  74.683 0.0000000000
63525  53.907  -30.458  74.256 0.0000000000
63536  53.583  -30.517  73.136 0.0000000000
63526  53.422  -30.831  73.902 0.0000000000
63552  52.530  -30.393  72.439 0.0000000000
62549  52.971  -31.032  73.668 0.0000000000
62535  51.992  -31.501  74.328 0.0000000000
62561  51.446  -31.536  73.545 0.0000000000
62550  51.354  -31.783  73.999 0.0000000000
62562  50.577  -31.900  73.598 0.0000000000
65350  52.690  -29.350  76.770 0.0000000000
65351  51.720  -28.747  76.294 0.0000000000
63505  50.110  -30.884  74.885 0.0000000000
129886  49.902  -32.064  74.164 0.0000000000
61552  49.559  -32.197  73.852 0.0000000000
61563  49.121  -32.241  73.570 0.0000000000
62563  48.424  -32.320  72.757 0.0000000000
61553  48.861  -32.251  73.676 0.0000000000
62540  47.741  -31.989  73.881 0.0000000000
142882  47.662  -32.153  73.503 0.0000000000
61580  47.077  -32.257  72.756 0.0000000000
62553  46.954  -32.081  73.424 0.0000000000
64391  47.568  -29.585  77.364 0.0000000000
64404  47.364  -29.365  76.489 0.0000000000
64405  46.687  -29.624  75.998 0.0000000000
62523  44.971  -30.985  74.731 0.0000000000
63507  45.409  -30.485  75.012 0.0000000000
141622  45.476  -32.217  73.113 0.0000000000
125619  44.815  -31.996  73.648 0.0000000000
133644  44.399  -32.423  73.250 0.0000000000
61545  43.581  -32.668  75.119 0.0000000000
61556  43.632  -32.594  74.046 0.0000000000
60612  43.032  -33.032  73.898 0.0000000000
60613  42.648  -33.144  73.457 0.0000000000
62449  49.573  -31.922  80.922 0.0000000000
62465  49.589  -31.248  80.591 0.0000000000
61506  47.719  -32.830  79.321 0.0000000000
61514  46.920  -32.695  78.781 0.0000000000
59660  44.592  -34.263  77.894 0.0000000000
132409  45.167  -34.154  78.256 0.0000000000
60574  45.039  -33.603  77.802 0.0000000000
133692  45.460  -33.042  77.823 0.0000000000
60575  44.458  -33.549  77.309 0.0000000000
133188  44.252  -32.961  76.744 0.0000000000
59682  42.580  -34.142  75.786 0.0000000000
59698  41.945  -33.936  74.570 0.0000000000
60605  41.965  -33.526  73.755 0.0000000000
59699  41.302  -33.948  74.058 0.0000000000
59712  40.686  -34.054  73.439 0.0000000000
58768  40.202  -35.164  74.821 0.0000000000
59701  39.838  -34.934  74.089 0.0000000000
58773  39.206  -35.368  73.834 0.0000000000
59714  38.901  -35.120  73.167 0.0000000000
57838  41.758  -36.654  77.628 0.0000000000
57851  41.409  -36.259  76.914 0.0000000000
57852  40.762  -36.523  76.610 0.0000000000
57862  38.976  -36.933  75.320 0.0000000000
57861  39.640  -36.533  75.646 0.0000000000
57868  38.601  -36.648  74.653 0.0000000000
57875  38.251  -36.388  73.991 0.0000000000
56777  45.888  -37.717  85.446 0.0000000000
56795  45.357  -37.485  84.726 0.0000000000
56806  45.299  -37.161  83.741 0.0000000000
56796  44.747  -37.582  84.142 0.0000000000
50459  45.783  -43.287  83.256 0.0000000000
50438  46.390  -43.224  83.945 0.0000000000
51534  46.494  -42.512  84.129 0.0000000000
51523  46.941  -42.042  84.478 0.0000000000
51535  45.776  -42.484  83.495 0.0000000000
50476  44.223  -43.645  81.322 0.0000000000
51583  43.665  -43.419  80.870 0.0000000000
52652  44.148  -42.000  82.681 0.0000000000
52644  44.879  -41.631  83.466 0.0000000000
126969  44.417  -40.887  84.024 0.0000000000
128055  45.330  -40.120  84.742 0.0000000000
53709  43.708  -40.432  84.070 0.0000000000
54751  42.188  -39.518  82.956 0.0000000000
54746  43.450  -39.563  84.122 0.0000000000
55771  42.760  -39.041  83.475 0.0000000000
55779  43.138  -38.081  82.862 0.0000000000
55780  42.403  -38.565  82.602 0.0000000000
56825  42.974  -37.859  81.906 0.0000000000
54766  40.090  -39.464  80.408 0.0000000000
54773  40.011  -38.803  79.651 0.0000000000
54784  39.135  -39.341  78.785 0.0000000000
147423  39.456  -42.444  78.399 0.0000000000
143319  39.310  -41.787  79.030 0.0000000000
144578  38.766  -41.536  78.612 0.0000000000
53767  37.523  -40.640  77.029 0.0000000000
124393  38.101  -40.427  77.796 0.0000000000
54799  38.337  -39.586  77.668 0.0000000000
54800  37.765  -39.850  77.148 0.0000000000
54810  37.765  -39.370  76.441 0.0000000000
54812  36.739  -40.209  75.822 0.0000000000
52756  34.894  -41.032  73.991 0.0000000000
50606  36.124  -43.945  72.013 0.0000000000
50620  37.685  -44.335  71.012 0.0000000000
49521  37.366  -44.588  69.468 0.0000000000
49510  36.940  -43.980  69.961 0.0000000000
49533  36.727  -44.412  68.895 0.0000000000
47465  38.649  -46.187  75.119 0.0000000000
47483  39.289  -45.621  74.106 0.0000000000
47502  36.559  -46.516  73.565 0.0000000000
47501  37.857  -45.901  73.448 0.0000000000
47518  36.871  -46.048  72.470 0.0000000000
146140  34.157  -47.584  73.604 0.0000000000
43064  36.477  -50.488  84.398 0.0000000000
44114  36.825  -49.684  84.005 0.0000000000
43075  36.102  -50.112  83.735 0.0000000000
44147  34.647  -49.181  81.778 0.0000000000
43090  31.980  -50.756  82.205 0.0000000000
43098  32.474  -50.196  81.787 0.0000000000
44157  32.602  -49.311  80.727 0.0000000000
45233  33.440  -48.110  79.748 0.0000000000
45234  32.564  -48.474  79.564 0.0000000000
46330  31.422  -47.369  77.519 0.0000000000
46331  30.627  -47.561  77.332 0.0000000000
41185  28.166  -52.366  80.709 0.0000000000
42164  27.808  -52.100  80.095 0.0000000000
43128  27.632  -51.178  79.153 0.0000000000
43126  29.009  -50.410  79.580 0.0000000000
45273  27.807  -48.838  76.939 0.0000000000
44195  28.204  -49.223  77.666 0.0000000000
45255  28.940  -48.910  78.058 0.0000000000
45254  29.753  -48.717  78.227 0.0000000000
46362  28.956  -47.097  75.729 0.0000000000
46344  29.333  -47.398  76.408 0.0000000000
47471  29.905  -46.781  75.856 0.0000000000
64548  59.353  -30.099  65.821 0.0000000000
64520  54.444  -29.591  67.707 0.0000000000
64539  55.193  -29.573  67.300 0.0000000000
142954  54.421  -32.055  65.786 0.0000000000
61646  54.975  -32.694  65.462 0.0000000000
127201  55.624  -32.457  65.215 0.0000000000
65459  46.241  -28.821  67.834 0.0000000000
65450  46.877  -28.737  68.405 0.0000000000
64528  46.246  -28.913  67.218 0.0000000000
36126  26.014  -56.965  93.393 0.0000000000
43054  39.964  -49.907  86.351 0.0000000000
44091  40.636  -48.970  85.235 0.0000000000
44110  40.750  -48.664  83.948 0.0000000000
45147  39.989  -48.484  83.534 0.0000000000
45166  39.346  -48.228  83.190 0.0000000000
45167  37.401  -48.378  83.127 0.0000000000
64466  50.051  -29.865  71.434 0.0000000000
65437  49.554  -28.875  70.120 0.0000000000
129309  48.910  -28.788  69.540 0.0000000000
64509  48.411  -28.785  68.127 0.0000000000
38179  22.690  -55.655  85.573 0.0000000000
34215  20.246  -60.031  90.132 0.0000000000
34223  20.112  -59.950  89.259 0.0000000000
129438  20.515  -62.820  88.023 0.0000000000
30167  19.192  -63.462  87.812 0.0000000000
39146  35.234  -54.094  90.678 0.0000000000
39162  35.638  -54.377  90.060 0.0000000000
38134  35.272  -55.066  88.958 0.0000000000
38144  34.876  -55.330  88.527 0.0000000000
38151  34.463  -55.456  88.076 0.0000000000
37157  33.797  -55.820  88.124 0.0000000000
37158  33.116  -56.129  87.726 0.0000000000
37163  25.403  -56.368  87.383 0.0000000000
37197  24.774  -55.909  85.764 0.0000000000
123422  41.836  -32.196  70.820 0.0000000000
130511  41.035  -32.299  70.511 0.0000000000
132903  49.809  -29.554  81.041 0.0000000000
64367  49.613  -30.233  80.598 0.0000000000
63456  49.436  -30.732  80.182 0.0000000000
133165  49.103  -31.164  79.800 0.0000000000
57790  46.754  -36.760  81.676 0.0000000000
57797  46.277  -36.472  81.016 0.0000000000
57791  45.931  -36.970  81.294 0.0000000000
56868  44.078  -37.239  79.911 0.0000000000
56854  43.603  -37.592  80.339 0.0000000000
128301  41.781  -45.091  77.399 0.0000000000
49429  42.108  -44.929  78.176 0.0000000000
48445  41.679  -45.054  77.123 0.0000000000
49453  41.489  -44.767  76.752 0.0000000000
50536  41.485  -44.303  77.186 0.0000000000
50537  41.029  -43.835  77.029 0.0000000000
50567  40.714  -44.368  75.792 0.0000000000
50568  40.331  -44.411  75.048 0.0000000000
50578  40.023  -44.588  74.339 0.0000000000
127392  39.597  -44.864  73.675 0.0000000000
48480  39.544  -45.099  73.609 0.0000000000
48473  39.409  -45.282  73.650 0.0000000000
42136  29.908  -52.004  82.046 0.0000000000
64518  56.906  -29.396  67.796 0.0000000000
64538  56.275  -29.549  66.999 0.0000000000
130807  25.042  -57.174  89.493 0.0000000000
36141  23.457  -57.091  93.217 0.0000000000
36160  20.319  -57.309  91.829 0.0000000000
136962  20.461  -58.353  93.208 0.0000000000
36152  31.155  -56.398  91.065 0.0000000000
36153  30.600  -56.673  91.123 0.0000000000
35214  30.069  -57.029  91.136 0.0000000000
35217  27.379  -57.991  91.531 0.0000000000
35231  26.672  -57.915  90.987 0.0000000000
123403  26.019  -57.021  88.862 0.0000000000
36193  25.844  -57.278  89.596 0.0000000000
43050  43.051  -49.634  86.788 0.0000000000
44071  43.364  -49.417  86.582 0.0000000000
44070  43.750  -49.234  86.859 0.0000000000
46206  45.228  -47.437  85.510 0.0000000000
47308  45.629  -46.632  85.283 0.0000000000
45143  45.244  -47.270  84.939 0.0000000000
46229  44.734  -47.423  84.435 0.0000000000
45195  40.625  -48.602  81.725 0.0000000000
45194  41.206  -48.509  81.922 0.0000000000
45210  40.875  -48.294  81.279 0.0000000000
46283  40.754  -47.154  80.229 0.0000000000
46304  39.697  -47.218  79.251 0.0000000000
46323  38.781  -47.413  78.084 0.0000000000
46306  38.490  -48.428  78.513 0.0000000000
45266  38.013  -48.659  78.222 0.0000000000
46272  36.738  -47.540  80.106 0.0000000000
46286  37.111  -47.978  79.264 0.0000000000
46308  35.716  -47.453  78.559 0.0000000000
46309  34.769  -47.082  78.372 0.0000000000
40238  26.929  -54.510  80.363 0.0000000000
39288  25.486  -54.500  78.960 0.0000000000
123928  53.786  -29.407  70.256 0.0000000000
140136  52.796  -29.442  68.663 0.0000000000
63586  49.710  -30.363  67.364 0.0000000000
63585  50.466  -30.664  67.474 0.0000000000
38208  19.636  -56.034  83.406 0.0000000000
37148  20.400  -56.244  88.256 0.0000000000
131919  19.511  -59.728  86.080 0.0000000000
40129  37.334  -53.400  89.595 0.0000000000
40111  37.766  -52.943  89.848 0.0000000000
39173  37.521  -53.352  89.128 0.0000000000
40146  37.683  -53.181  88.614 0.0000000000
41095  38.204  -52.685  88.313 0.0000000000
41109  37.550  -52.520  87.148 0.0000000000
41110  36.267  -52.310  85.932 0.0000000000
39221  32.801  -54.301  86.016 0.0000000000
40203  32.392  -53.760  85.417 0.0000000000
40212  31.761  -53.490  84.752 0.0000000000
40213  31.055  -54.105  84.521 0.0000000000
37193  28.453  -56.008  85.020 0.0000000000
38201  28.139  -55.532  83.384 0.0000000000
38220  26.993  -55.555  82.209 0.0000000000
137858  26.376  -55.558  81.978 0.0000000000
125119  23.770  -54.971  82.626 0.0000000000
137161  22.880  -54.626  80.885 0.0000000000
62593  46.252  -31.538  71.192 0.0000000000
63572  45.302  -30.412  69.828 0.0000000000
63569  45.785  -30.984  70.498 0.0000000000
63577  44.120  -30.123  69.133 0.0000000000
62634  41.166  -31.642  66.830 0.0000000000
63590  41.777  -30.944  66.893 0.0000000000
60675  42.061  -33.313  66.166 0.0000000000
35158  21.168  -58.306  96.328 0.0000000000
34155  20.874  -59.157  95.623 0.0000000000
34173  20.540  -59.858  94.192 0.0000000000
34164  20.543  -59.862  94.998 0.0000000000
33224  20.200  -60.381  94.397 0.0000000000
33231  19.951  -60.717  93.808 0.0000000000
34175  16.829  -59.084  92.953 0.0000000000
33240  17.949  -60.201  92.403 0.0000000000
32190  18.561  -60.659  92.428 0.0000000000
32200  18.172  -60.642  91.730 0.0000000000
32212  17.968  -61.486  89.750 0.0000000000
32218  17.814  -61.323  88.826 0.0000000000
65402  56.937  -28.624  73.020 0.0000000000
65382  56.720  -28.349  73.787 0.0000000000
65374  55.850  -28.572  74.526 0.0000000000
64412  54.734  -29.116  76.337 0.0000000000
64399  54.612  -29.135  77.284 0.0000000000
63500  53.767  -30.065  76.098 0.0000000000
62534  52.762  -31.271  74.207 0.0000000000
63501  53.174  -30.674  75.448 0.0000000000
63502  52.475  -31.052  75.248 0.0000000000
63490  52.366  -30.785  75.516 0.0000000000
66292  51.278  -27.915  76.796 0.0000000000
65352  50.949  -28.447  76.022 0.0000000000
135819  50.165  -28.811  75.522 0.0000000000
64427  49.146  -30.535  74.700 0.0000000000
63516  48.757  -31.424  74.418 0.0000000000
64417  48.671  -29.546  74.905 0.0000000000
136621  47.926  -29.597  74.956 0.0000000000
64419  47.297  -30.166  74.651 0.0000000000
63491  46.252  -30.160  76.464 0.0000000000
63492  45.401  -30.531  76.122 0.0000000000
63493  44.821  -30.913  75.472 0.0000000000
61544  44.087  -32.085  75.494 0.0000000000
60554  48.848  -33.003  80.370 0.0000000000
60555  48.073  -33.262  79.845 0.0000000000
58714  45.204  -35.226  79.016 0.0000000000
59649  44.436  -34.924  78.205 0.0000000000
59669  43.454  -34.127  76.867 0.0000000000
59683  42.039  -34.471  75.450 0.0000000000
58762  41.386  -35.093  75.686 0.0000000000
58763  40.637  -35.494  75.503 0.0000000000
56912  40.505  -37.088  76.937 0.0000000000
56921  39.385  -37.233  76.039 0.0000000000
56927  38.242  -37.399  75.023 0.0000000000
56928  37.432  -37.541  74.431 0.0000000000
123888  37.660  -37.978  75.079 0.0000000000
55873  37.022  -38.287  74.759 0.0000000000
55750  46.411  -38.457  85.841 0.0000000000
55762  45.525  -38.562  85.302 0.0000000000
135825  45.608  -44.667  83.290 0.0000000000
49375  46.056  -44.421  83.691 0.0000000000
49384  45.606  -43.967  82.932 0.0000000000
50460  45.215  -43.361  82.521 0.0000000000
51571  43.440  -42.804  81.164 0.0000000000
52679  42.589  -42.546  80.923 0.0000000000
52664  42.964  -42.219  81.624 0.0000000000
125904  43.033  -41.315  82.934 0.0000000000
53717  42.179  -40.478  82.825 0.0000000000
54752  41.692  -39.794  82.489 0.0000000000
54758  41.162  -39.594  81.828 0.0000000000
53725  40.522  -39.919  81.218 0.0000000000
53733  39.684  -40.165  80.181 0.0000000000
51637  37.807  -42.476  76.649 0.0000000000
147846  37.929  -41.998  77.264 0.0000000000
52734  37.400  -41.558  76.759 0.0000000000
53788  36.468  -40.782  75.643 0.0000000000
52755  35.437  -41.444  74.520 0.0000000000
50607  35.188  -43.537  71.857 0.0000000000
49496  38.299  -44.823  71.341 0.0000000000
142866  37.872  -44.658  69.860 0.0000000000
46405  33.198  -47.393  72.509 0.0000000000
47521  33.705  -47.177  72.163 0.0000000000
148976  33.094  -47.263  71.923 0.0000000000
43076  35.373  -50.505  83.493 0.0000000000
43087  34.322  -50.502  82.839 0.0000000000
44149  32.144  -49.796  81.149 0.0000000000
45219  32.213  -49.096  80.076 0.0000000000
45235  31.615  -48.845  79.409 0.0000000000
45253  30.534  -48.536  78.386 0.0000000000
42170  27.296  -51.875  79.458 0.0000000000
43137  27.548  -50.633  78.495 0.0000000000
44205  26.473  -49.439  76.138 0.0000000000
45283  28.178  -48.266  76.686 0.0000000000
63597  53.469  -30.956  66.610 0.0000000000
136835  45.909  -29.939  66.177 0.0000000000
63615  45.377  -30.647  65.774 0.0000000000
35202  25.362  -57.275  93.373 0.0000000000
36140  24.543  -57.223  93.316 0.0000000000
36128  23.066  -57.106  94.387 0.0000000000
36139  27.602  -57.368  92.408 0.0000000000
35199  27.444  -57.713  92.391 0.0000000000
35218  26.694  -58.025  91.944 0.0000000000
42046  41.045  -50.593  88.737 0.0000000000
42055  41.440  -50.485  88.298 0.0000000000
43023  42.159  -50.217  87.812 0.0000000000
43037  42.663  -49.853  87.313 0.0000000000
132557  43.310  -49.028  85.118 0.0000000000
44107  43.277  -48.820  84.619 0.0000000000
44138  41.426  -48.601  82.782 0.0000000000
44126  41.437  -48.720  83.318 0.0000000000
45180  40.696  -48.666  82.069 0.0000000000
45213  39.008  -48.783  80.329 0.0000000000
46259  37.882  -47.789  80.878 0.0000000000
140349  38.177  -47.768  81.589 0.0000000000
144903  37.149  -47.576  80.630 0.0000000000
46261  36.326  -47.471  80.879 0.0000000000
45215  35.455  -47.722  80.907 0.0000000000
38277  24.506  -54.860  79.272 0.0000000000
37299  22.889  -56.739  77.186 0.0000000000
37315  23.456  -56.593  76.498 0.0000000000
123628  52.001  -29.111  70.121 0.0000000000
64491  51.190  -28.920  69.518 0.0000000000
127848  50.176  -29.342  68.225 0.0000000000
65443  49.662  -28.714  69.338 0.0000000000
65448  49.721  -28.823  68.666 0.0000000000
63598  49.264  -30.874  66.950 0.0000000000
125117  21.691  -55.166  83.105 0.0000000000
131589  21.383  -55.163  82.293 0.0000000000
38193  21.471  -55.415  84.584 0.0000000000
38195  19.726  -55.767  84.176 0.0000000000
128449  19.328  -56.189  84.886 0.0000000000
36197  19.611  -57.569  89.770 0.0000000000
127561  19.453  -57.595  89.106 0.0000000000
33281  19.992  -60.086  87.884 0.0000000000
33292  20.186  -61.347  86.256 0.0000000000
30165  20.269  -63.375  86.806 0.0000000000
30175  20.121  -63.694  85.936 0.0000000000
39145  36.259  -53.756  90.300 0.0000000000
39161  36.871  -53.629  89.937 0.0000000000
133719  36.773  -53.836  89.454 0.0000000000
39174  36.970  -53.770  89.122 0.0000000000
39200  36.657  -53.978  88.222 0.0000000000
40163  36.361  -53.940  87.714 0.0000000000
40183  35.790  -53.773  87.102 0.0000000000
39211  35.042  -54.277  87.124 0.0000000000
39212  34.253  -54.731  87.072 0.0000000000
38162  34.149  -55.265  87.519 0.0000000000
39213  32.825  -55.025  86.362 0.0000000000
38175  32.228  -55.481  86.235 0.0000000000
38176  31.606  -55.563  85.825 0.0000000000
36226  27.898  -56.641  87.292 0.0000000000
147375  27.206  -55.903  85.667 0.0000000000
146243  26.229  -55.693  83.589 0.0000000000
125118  22.794  -55.117  83.187 0.0000000000
62582  44.160  -32.083  71.476 0.0000000000
62608  43.288  -31.153  69.945 0.0000000000
62609  42.469  -31.181  69.693 0.0000000000
62614  41.391  -31.106  68.405 0.0000000000
62621  41.170  -31.269  67.510 0.0000000000
62635  40.722  -32.185  66.809 0.0000000000
143498  15.938  -58.684  93.266 0.0000000000
140055  16.388  -59.249  90.568 0.0000000000
34217  16.173  -59.251  89.496 0.0000000000
35248  14.846  -59.055  89.755 0.0000000000
65338  48.538  -28.582  76.831 0.0000000000
64390  48.225  -29.253  77.703 0.0000000000
63478  47.268  -30.157  77.635 0.0000000000
59622  48.337  -34.975  81.461 0.0000000000
59629  47.725  -34.706  80.681 0.0000000000
58704  46.073  -35.428  80.031 0.0000000000
58692  45.786  -36.073  80.358 0.0000000000
58705  45.436  -35.686  79.670 0.0000000000
58716  43.876  -35.896  78.493 0.0000000000
57836  43.182  -36.196  78.247 0.0000000000
57822  42.094  -36.993  78.319 0.0000000000
57809  43.111  -37.145  79.142 0.0000000000
56885  42.420  -37.338  78.867 0.0000000000
56898  41.402  -37.196  77.969 0.0000000000
56887  41.066  -37.557  78.254 0.0000000000
55820  40.415  -37.921  78.239 0.0000000000
146116  47.402  -40.978  85.361 0.0000000000
48405  43.357  -44.928  80.511 0.0000000000
49402  44.011  -44.207  80.998 0.0000000000
49403  43.517  -44.491  80.516 0.0000000000
50501  43.221  -44.301  80.061 0.0000000000
50489  43.229  -43.811  80.135 0.0000000000
50521  42.237  -44.511  78.447 0.0000000000
51595  42.635  -43.500  79.686 0.0000000000
51585  41.327  -42.456  79.996 0.0000000000
51586  40.350  -41.978  79.843 0.0000000000
51625  39.203  -42.786  77.613 0.0000000000
50538  39.525  -43.306  76.805 0.0000000000
51626  38.549  -42.695  77.107 0.0000000000
50571  37.194  -43.288  75.176 0.0000000000
50581  36.946  -43.646  74.314 0.0000000000
49484  38.305  -44.635  72.440 0.0000000000
49472  38.810  -44.697  73.310 0.0000000000
124487  34.898  -47.909  74.906 0.0000000000
46375  34.860  -47.838  74.696 0.0000000000
46376  34.513  -47.741  74.496 0.0000000000
126856  33.377  -47.533  73.079 0.0000000000
42122  32.711  -51.511  83.429 0.0000000000
43079  33.179  -51.057  82.980 0.0000000000
42133  32.344  -51.148  82.835 0.0000000000
42149  31.136  -50.947  81.987 0.0000000000
44159  30.194  -49.822  79.929 0.0000000000
42179  25.776  -51.945  77.472 0.0000000000
42188  26.004  -51.285  77.319 0.0000000000
43157  25.689  -50.940  76.451 0.0000000000
43156  25.997  -50.097  76.093 0.0000000000
64536  58.551  -29.717  66.901 0.0000000000
63610  57.687  -30.608  65.436 0.0000000000
139813  56.750  -32.002  64.807 0.0000000000
61644  56.334  -32.856  64.733 0.0000000000
59760  52.500  -34.555  66.076 0.0000000000
37146  22.606  -56.386  88.282 0.0000000000
37127  22.644  -56.589  89.015 0.0000000000
126431  22.000  -56.393  88.868 0.0000000000
37129  21.107  -56.322  89.140 0.0000000000
37130  20.403  -56.582  89.726 0.0000000000
37117  20.547  -56.707  90.523 0.0000000000
35234  19.661  -58.313  90.102 0.0000000000
35221  19.864  -57.838  91.293 0.0000000000
34204  19.973  -59.061  90.494 0.0000000000
32204  20.510  -61.669  90.327 0.0000000000
38100  32.975  -55.144  91.116 0.0000000000
38116  33.075  -55.416  90.748 0.0000000000
37141  32.950  -56.257  88.762 0.0000000000
36205  32.209  -56.401  89.334 0.0000000000
36206  31.569  -56.679  89.039 0.0000000000
36188  30.923  -56.980  89.559 0.0000000000
124396  29.609  -57.286  88.383 0.0000000000
143968  28.684  -57.099  88.161 0.0000000000
35215  29.353  -57.301  91.494 0.0000000000
134082  27.854  -57.957  91.083 0.0000000000
35245  28.737  -57.594  89.977 0.0000000000
147270  28.144  -57.114  88.667 0.0000000000
36208  27.930  -56.969  88.021 0.0000000000
37143  25.758  -56.743  88.246 0.0000000000
60644  39.931  -33.164  71.062 0.0000000000
60645  39.349  -33.365  70.723 0.0000000000
60656  38.527  -33.656  69.468 0.0000000000
61491  49.497  -32.752  81.377 0.0000000000
60535  49.513  -33.721  81.463 0.0000000000
59620  49.761  -33.951  81.993 0.0000000000
58678  47.897  -35.769  81.849 0.0000000000
57789  47.468  -36.444  82.152 0.0000000000
56822  45.957  -37.141  82.549 0.0000000000
48371  45.859  -45.185  83.898 0.0000000000
48380  45.300  -45.255  83.303 0.0000000000
48381  44.679  -45.119  82.609 0.0000000000
48393  44.144  -45.072  81.895 0.0000000000
44123  43.342  -48.558  84.211 0.0000000000
45178  43.219  -48.147  83.633 0.0000000000
46244  43.556  -47.355  83.410 0.0000000000
46256  43.179  -46.703  82.637 0.0000000000
48394  43.622  -45.221  81.308 0.0000000000
48406  42.768  -45.170  79.910 0.0000000000
48423  41.938  -45.457  78.801 0.0000000000
47418  41.348  -46.087  79.512 0.0000000000
47430  41.304  -45.716  78.506 0.0000000000
48438  41.623  -45.308  77.616 0.0000000000
47449  40.560  -45.485  76.011 0.0000000000
48462  40.210  -45.545  75.356 0.0000000000
47442  38.633  -46.900  77.228 0.0000000000
47452  37.598  -47.036  76.072 0.0000000000
46357  36.753  -47.611  75.760 0.0000000000
45297  36.162  -48.216  76.007 0.0000000000
45230  38.573  -48.665  79.486 0.0000000000
45249  37.988  -48.711  78.651 0.0000000000
45232  37.232  -48.525  78.371 0.0000000000
127460  35.245  -47.894  75.396 0.0000000000
46340  34.742  -47.606  75.850 0.0000000000
46341  33.902  -47.064  76.095 0.0000000000
47453  32.735  -46.597  76.105 0.0000000000
149054  28.215  -53.329  81.513 0.0000000000
41180  27.845  -53.095  81.065 0.0000000000
41186  27.595  -52.898  80.369 0.0000000000
40249  27.055  -53.512  79.901 0.0000000000
41194  26.817  -52.678  79.394 0.0000000000
41203  25.800  -52.610  77.946 0.0000000000
39302  25.160  -54.200  78.069 0.0000000000
41212  25.416  -52.451  77.128 0.0000000000
64487  56.172  -29.393  70.081 0.0000000000
124424  55.447  -29.405  69.419 0.0000000000
64521  53.702  -29.756  67.648 0.0000000000
124774  52.027  -29.204  69.087 0.0000000000
64506  51.956  -29.744  68.237 0.0000000000
63584  51.209  -30.926  67.503 0.0000000000
37185  21.658  -56.011  86.845 0.0000000000
145054  20.798  -55.999  86.813 0.0000000000
37201  19.519  -56.211  85.730 0.0000000000
36228  19.106  -57.465  87.867 0.0000000000
36235  18.971  -57.451  86.470 0.0000000000
35261  18.962  -58.224  85.615 0.0000000000
35270  18.946  -57.768  84.562 0.0000000000
41059  38.155  -52.506  90.060 0.0000000000
42035  39.837  -51.051  89.548 0.0000000000
42056  40.664  -50.919  88.670 0.0000000000
42074  39.506  -51.382  87.555 0.0000000000
43041  39.186  -50.813  86.806 0.0000000000
40200  35.110  -52.957  86.006 0.0000000000
41132  34.559  -52.566  85.461 0.0000000000
41133  33.790  -53.053  85.647 0.0000000000
40224  28.887  -53.809  82.399 0.0000000000
37142  32.801  -56.390  88.129 0.0000000000
37159  32.498  -56.411  87.605 0.0000000000
36222  31.462  -56.802  87.692 0.0000000000
37160  31.899  -56.553  87.255 0.0000000000
38186  30.981  -55.649  85.295 0.0000000000
36233  28.747  -56.580  86.691 0.0000000000
140084  29.034  -56.158  85.138 0.0000000000
127381  30.477  -56.021  85.225 0.0000000000
39233  29.829  -54.829  83.794 0.0000000000
40230  28.287  -53.947  81.897 0.0000000000
39252  27.184  -55.168  81.536 0.0000000000
39263  26.735  -55.102  80.856 0.0000000000
38222  24.721  -54.958  82.002 0.0000000000
38240  25.483  -55.287  81.343 0.0000000000
38290  22.786  -55.535  78.560 0.0000000000
38279  22.593  -55.207  79.300 0.0000000000
37282  22.347  -56.260  78.358 0.0000000000
64481  47.970  -29.641  70.467 0.0000000000
64495  46.615  -29.234  69.368 0.0000000000
64510  45.951  -29.041  68.463 0.0000000000
64511  45.441  -29.038  67.553 0.0000000000
63574  43.726  -30.607  69.498 0.0000000000
63578  43.447  -30.116  68.578 0.0000000000
63588  43.060  -30.043  67.438 0.0000000000
62633  42.366  -31.126  66.383 0.0000000000
129127  42.597  -30.550  66.750 0.0000000000
63602  43.353  -30.162  66.568 0.0000000000
62649  43.517  -31.390  65.668 0.0000000000
61606  39.755  -32.889  70.356 0.0000000000
61617  39.545  -32.686  69.399 0.0000000000
61625  39.452  -32.687  68.420 0.0000000000
135689  39.569  -33.626  67.250 0.0000000000
37068  24.698  -56.381  94.347 0.0000000000
35178  21.978  -57.506  95.123 0.0000000000
37058  22.674  -56.837  96.048 0.0000000000
34180  20.377  -59.390  92.835 0.0000000000
128233  20.418  -60.051  93.393 0.0000000000
33250  20.487  -60.708  91.531 0.0000000000
125683  20.502  -61.419  91.107 0.0000000000
129447  20.305  -62.279  90.062 0.0000000000
135204  19.355  -59.974  95.229 0.0000000000
33220  19.624  -60.372  94.935 0.0000000000
32174  19.521  -60.681  93.829 0.0000000000
32188  19.598  -61.077  92.685 0.0000000000
127361  18.761  -61.158  91.795 0.0000000000
32189  19.134  -60.968  92.518 0.0000000000
32198  19.473  -61.455  91.806 0.0000000000
31116  19.734  -62.091  90.977 0.0000000000
31121  19.971  -62.402  90.426 0.0000000000
31130  19.830  -62.611  89.679 0.0000000000
30138  19.433  -62.928  88.913 0.0000000000
144494  19.170  -63.193  88.422 0.0000000000
31163  18.674  -63.017  87.419 0.0000000000
64459  57.395  -28.966  70.728 0.0000000000
148545  56.585  -29.274  70.672 0.0000000000
64461  55.871  -29.449  70.918 0.0000000000
140222  55.742  -29.478  71.606 0.0000000000
141732  56.381  -29.088  72.736 0.0000000000
64462  55.030  -29.604  71.303 0.0000000000
64463  53.164  -29.875  71.902 0.0000000000
65362  56.150  -27.868  75.233 0.0000000000
128733  55.178  -29.382  74.137 0.0000000000
64425  54.921  -29.164  75.167 0.0000000000
144064  54.573  -29.921  73.790 0.0000000000
64449  53.876  -29.994  72.308 0.0000000000
64464  52.208  -29.773  71.651 0.0000000000
63553  51.579  -30.422  72.267 0.0000000000
62560  52.216  -31.384  73.745 0.0000000000
63554  50.625  -30.545  72.138 0.0000000000
63555  49.745  -30.814  72.004 0.0000000000
63556  48.975  -31.142  71.829 0.0000000000
65334  53.788  -29.048  78.458 0.0000000000
64403  52.554  -30.172  75.999 0.0000000000
63503  51.806  -31.224  75.156 0.0000000000
65364  51.201  -29.285  75.698 0.0000000000
63504  51.005  -31.164  75.121 0.0000000000
62522  51.170  -31.572  74.621 0.0000000000
62551  49.949  -32.163  73.795 0.0000000000
62577  49.365  -31.735  72.505 0.0000000000
139512  48.397  -31.479  71.784 0.0000000000
63557  47.830  -31.428  71.559 0.0000000000
131826  47.545  -32.067  72.042 0.0000000000
61554  48.297  -32.232  73.572 0.0000000000
61579  47.783  -32.381  72.926 0.0000000000
62565  46.760  -32.044  72.028 0.0000000000
62580  45.807  -31.911  71.745 0.0000000000
61592  45.300  -32.139  72.094 0.0000000000
65355  47.928  -28.904  76.175 0.0000000000
64418  47.378  -29.385  75.517 0.0000000000
63518  46.356  -30.512  74.593 0.0000000000
62541  46.736  -31.695  73.920 0.0000000000
61567  45.874  -31.839  73.599 0.0000000000
61593  44.598  -32.320  72.045 0.0000000000
132923  43.827  -32.515  72.042 0.0000000000
126267  43.053  -32.666  72.156 0.0000000000
147355  44.223  -32.253  73.813 0.0000000000
61583  43.482  -32.689  72.560 0.0000000000
61584  42.359  -32.921  72.348 0.0000000000
148831  41.840  -33.150  72.448 0.0000000000
60626  41.494  -33.391  72.685 0.0000000000
62467  48.542  -31.699  79.439 0.0000000000
59647  45.679  -34.400  78.768 0.0000000000
60563  46.320  -33.558  78.788 0.0000000000
61515  46.049  -32.881  78.254 0.0000000000
61538  43.799  -32.774  76.074 0.0000000000
60585  43.145  -33.530  75.845 0.0000000000
60627  40.770  -33.645  72.625 0.0000000000
60628  40.049  -33.776  72.199 0.0000000000
59700  40.605  -34.510  74.298 0.0000000000
57850  42.057  -36.010  77.226 0.0000000000
58747  41.060  -35.860  76.186 0.0000000000
58764  39.897  -35.834  75.259 0.0000000000
58770  38.906  -36.015  74.250 0.0000000000
57763  46.657  -36.512  84.314 0.0000000000
57775  46.137  -36.867  83.409 0.0000000000
149090  45.624  -37.106  83.129 0.0000000000
124651  45.219  -37.221  82.828 0.0000000000
52635  47.051  -41.594  84.634 0.0000000000
53700  47.004  -40.840  84.991 0.0000000000
51569  44.722  -43.164  81.973 0.0000000000
126715  45.178  -42.825  82.672 0.0000000000
51553  44.608  -42.648  82.208 0.0000000000
52643  45.770  -41.883  83.747 0.0000000000
52636  46.470  -41.389  84.376 0.0000000000
53701  46.212  -40.563  84.819 0.0000000000
54739  44.914  -39.265  84.857 0.0000000000
54740  44.077  -38.902  84.452 0.0000000000
55769  44.114  -37.914  84.028 0.0000000000
56808  43.873  -37.679  83.119 0.0000000000
56840  42.910  -37.838  80.957 0.0000000000
55797  42.073  -38.102  80.758 0.0000000000
55789  41.425  -38.668  81.426 0.0000000000
55798  41.299  -38.382  80.476 0.0000000000
55808  40.619  -38.314  79.429 0.0000000000
55809  40.197  -38.319  78.922 0.0000000000
129345  39.599  -38.563  78.320 0.0000000000
52682  39.820  -41.058  80.211 0.0000000000
53745  39.377  -40.538  79.652 0.0000000000
52721  38.283  -41.172  78.147 0.0000000000
53757  38.577  -40.683  78.559 0.0000000000
53756  38.973  -40.153  79.057 0.0000000000
54798  38.889  -39.113  78.055 0.0000000000
148382  38.735  -39.001  77.445 0.0000000000
54821  37.188  -39.427  75.762 0.0000000000
53798  36.155  -40.329  75.210 0.0000000000
50594  36.048  -43.634  73.007 0.0000000000
130581  35.425  -43.633  70.619 0.0000000000
47464  39.799  -45.625  74.705 0.0000000000
47500  38.830  -45.465  73.489 0.0000000000
47520  34.743  -46.752  72.376 0.0000000000
47519  35.846  -46.365  72.449 0.0000000000
47537  36.240  -46.047  71.345 0.0000000000
44139  36.043  -49.063  82.766 0.0000000000
129380  35.703  -49.789  83.094 0.0000000000
140306  35.380  -48.733  81.874 0.0000000000
45200  35.005  -48.430  81.355 0.0000000000
45216  34.579  -48.117  80.705 0.0000000000
127690  32.963  -49.629  81.385 0.0000000000
44148  33.823  -49.473  81.585 0.0000000000
46310  32.603  -47.471  78.295 0.0000000000
45251  32.126  -48.105  78.866 0.0000000000
46329  32.256  -47.189  77.660 0.0000000000
145413  31.374  -46.608  76.347 0.0000000000
42152  28.845  -51.975  81.006 0.0000000000
44172  29.527  -49.901  79.476 0.0000000000
43138  26.672  -50.945  77.923 0.0000000000
44184  27.819  -49.844  78.079 0.0000000000
43136  28.235  -50.160  78.660 0.0000000000
44181  30.115  -48.986  78.740 0.0000000000
45270  30.205  -48.184  77.749 0.0000000000
46332  29.804  -47.799  77.096 0.0000000000
47454  30.690  -46.735  76.307 0.0000000000
61660  56.049  -33.666  64.402 0.0000000000
60670  53.250  -34.440  65.891 0.0000000000
65444  47.495  -28.796  69.151 0.0000000000
65449  47.715  -28.663  68.486 0.0000000000
64542  46.483  -29.367  66.651 0.0000000000
64541  47.367  -29.631  66.709 0.0000000000
32179  19.678  -60.877  93.324 0.0000000000
34156  20.443  -59.592  95.521 0.0000000000
37124  34.822  -55.346  88.770 0.0000000000
37126  32.803  -56.129  89.423 0.0000000000
38124  36.205  -54.229  89.618 0.0000000000
38126  34.574  -55.114  89.629 0.0000000000
39189  36.525  -54.161  88.726 0.0000000000
40094  37.202  -52.947  90.467 0.0000000000
41069  39.991  -51.381  88.805 0.0000000000
42972  40.960  -50.137  89.397 0.0000000000
43006  42.392  -50.004  88.126 0.0000000000
44106  43.511  -48.860  84.988 0.0000000000
45161  44.097  -48.266  84.597 0.0000000000
47389  42.418  -46.120  81.337 0.0000000000
48436  41.886  -44.934  77.600 0.0000000000
48481  38.986  -45.136  73.170 0.0000000000
49374  46.484  -44.035  84.151 0.0000000000
50553  41.147  -44.352  76.481 0.0000000000
51551  45.980  -42.838  83.581 0.0000000000
52694  39.586  -41.479  79.562 0.0000000000
52735  36.983  -41.642  76.119 0.0000000000
53724  41.039  -40.528  81.662 0.0000000000
54738  45.801  -39.669  85.205 0.0000000000
54811  37.298  -40.082  76.437 0.0000000000
55834  39.262  -38.567  77.542 0.0000000000
55863  37.449  -38.628  75.376 0.0000000000
56823  44.571  -37.405  82.412 0.0000000000
60604  42.496  -33.425  74.239 0.0000000000
60646  38.718  -33.680  70.343 0.0000000000
60666  39.635  -32.898  67.579 0.0000000000
60677  40.065  -33.282  66.915 0.0000000000
61564  48.557  -32.294  73.377 0.0000000000
61565  48.080  -32.314  73.255 0.0000000000
61568  43.453  -32.772  73.206 0.0000000000
61577  48.769  -32.329  73.070 0.0000000000
61585  41.865  -32.956  72.013 0.0000000000
61604  42.695  -31.995  70.883 0.0000000000
61605  41.477  -31.875  70.146 0.0000000000
61652  43.483  -32.295  65.568 0.0000000000
62521  51.876  -31.412  74.745 0.0000000000
62524  44.478  -31.414  74.987 0.0000000000
62537  50.430  -31.989  74.137 0.0000000000
62538  49.140  -31.967  74.145 0.0000000000
62539  48.467  -31.915  74.094 0.0000000000
62552  49.537  -32.083  73.109 0.0000000000
62564  47.957  -32.326  72.628 0.0000000000
62578  48.673  -31.943  72.341 0.0000000000
62579  48.142  -32.067  72.176 0.0000000000
62581  44.993  -31.979  71.536 0.0000000000
62613  42.097  -30.850  68.924 0.0000000000
62615  40.595  -31.554  68.109 0.0000000000
63537  52.787  -30.834  73.142 0.0000000000
63558  47.080  -31.488  71.362 0.0000000000
64402  53.243  -29.847  76.629 0.0000000000
64414  51.691  -30.454  75.556 0.0000000000
64416  49.603  -29.696  75.078 0.0000000000
64428  48.244  -30.352  74.635 0.0000000000
64503  55.931  -29.379  68.792 0.0000000000
64529  44.496  -29.361  67.648 0.0000000000
65457  47.498  -28.753  67.813 0.0000000000
65458  46.772  -28.806  67.673 0.0000000000
124344  52.167  -28.393  77.025 0.0000000000
124567  38.883  -38.617  76.947 0.0000000000
124701  41.871  -31.671  66.355 0.0000000000
125665  46.522  -32.178  73.108 0.0000000000
126196  54.219  -29.574  76.786 0.0000000000
126350  43.312  -41.942  82.214 0.0000000000
126497  50.699  -32.014  73.996 0.0000000000
129408  40.123  -34.484  73.583 0.0000000000
133771  48.748  -29.693  70.834 0.0000000000
141132  39.540  -51.647  89.088 0.0000000000
141901  47.348  -36.308  83.891 0.0000000000
142797  47.474  -32.250  72.543 0.0000000000
144412  37.771  -53.040  89.443 0.0000000000
144532  42.498  -49.349  85.582 0.0000000000
145030  42.163  -50.167  88.107 0.0000000000
146080  38.206  -52.758  88.893 0.0000000000
146417  41.939  -48.500  82.855 0.0000000000
146503  36.748  -47.212  75.216 0.0000000000
