#!ascii label  , from subject sub-01 vox2ras=TkReg
960
21663  48.303  -73.578  9.354 0.3000000119
26322  40.451  -69.107  7.961 0.6000000238
131586  39.814  -65.088  10.284 0.6999999881
138352  39.472  -64.044  10.934 0.6999999881
21664  47.179  -73.620  9.320 0.4000000060
139602  43.364  -73.569  5.655 0.4000000060
21677  47.958  -72.862  8.782 0.5000000000
21676  48.946  -72.711  8.918 0.5000000000
25388  40.403  -69.874  7.679 0.6999999881
27238  40.002  -67.913  8.975 0.6999999881
26313  40.622  -68.273  8.087 0.5000000000
29117  40.543  -65.484  9.103 0.6000000238
125957  39.984  -65.654  9.831 0.6000000238
31084  40.187  -63.551  9.773 0.6999999881
21679  46.276  -73.266  7.668 0.5000000000
22583  44.197  -73.486  5.630 0.4000000060
21678  47.028  -72.998  8.370 0.6000000238
133189  41.612  -72.982  6.428 0.4000000060
23462  41.008  -72.016  7.135 0.5000000000
22573  47.187  -72.007  6.908 0.6000000238
22578  40.670  -72.675  6.292 0.6000000238
127283  40.319  -71.450  6.821 0.6000000238
22562  48.100  -71.899  7.730 0.6000000238
25387  40.887  -69.735  7.793 0.6000000238
28158  40.790  -66.416  8.575 0.6000000238
125890  40.559  -63.075  9.433 0.6999999881
30083  40.299  -64.186  9.616 0.6999999881
32160  40.394  -62.207  9.574 0.6999999881
130634  40.160  -62.878  9.822 0.6999999881
144937  39.538  -61.527  10.730 0.6999999881
33204  40.456  -61.258  9.613 0.6999999881
33192  39.966  -61.583  10.095 0.6999999881
126084  39.648  -60.826  10.547 0.6999999881
35142  40.268  -59.830  9.870 0.6999999881
21702  45.183  -73.620  5.764 0.5000000000
20749  44.731  -74.171  5.699 0.5000000000
22577  42.617  -73.016  6.415 0.4000000060
21700  46.206  -72.544  6.225 0.5000000000
22565  41.879  -72.402  7.503 0.5000000000
24402  40.841  -70.797  7.617 0.6000000238
143873  47.711  -71.598  7.447 0.6000000238
23470  46.518  -72.108  6.471 0.5000000000
148469  46.462  -71.207  7.427 0.5000000000
26321  41.082  -68.731  7.876 0.6999999881
127993  41.233  -66.871  8.013 0.6000000238
27243  41.371  -67.595  7.849 0.6999999881
30090  41.265  -64.198  8.802 0.6000000238
130597  41.141  -65.709  8.525 0.6000000238
32159  41.201  -62.563  9.121 0.6000000238
30082  40.629  -64.576  9.218 0.6000000238
33203  41.143  -61.683  9.222 0.6000000238
142805  41.090  -60.951  9.306 0.6999999881
34118  39.376  -60.128  11.143 0.6999999881
34136  41.642  -60.311  9.174 0.6000000238
35136  39.939  -59.376  10.175 0.6999999881
35125  39.599  -59.378  10.740 0.6999999881
34137  40.662  -60.435  9.543 0.6999999881
22576  43.598  -72.874  6.369 0.4000000060
21701  45.661  -73.256  5.895 0.5000000000
22582  45.071  -73.232  5.721 0.4000000060
22564  42.844  -72.371  7.568 0.5000000000
23452  41.411  -71.627  7.959 0.6000000238
22574  45.647  -72.572  6.050 0.4000000060
145549  46.081  -72.422  6.157 0.4000000060
23460  45.129  -72.057  6.894 0.4000000060
23450  44.359  -71.589  8.246 0.4000000060
26320  41.748  -67.956  7.782 0.6999999881
28168  41.795  -66.757  7.793 0.6000000238
29123  41.820  -65.432  8.120 0.6000000238
31089  42.185  -62.903  8.607 0.6000000238
132696  42.172  -63.766  8.346 0.6000000238
33202  42.195  -61.072  8.958 0.6000000238
36071  39.516  -58.721  11.057 0.6999999881
36081  39.893  -58.751  10.376 0.6999999881
36086  41.196  -58.004  9.546 0.6000000238
36080  40.425  -58.069  10.065 0.6000000238
23461  43.946  -72.238  7.341 0.4000000060
23451  43.253  -71.707  8.482 0.4000000060
138095  41.228  -69.900  8.008 0.6999999881
26319  42.185  -67.447  7.852 0.8000000119
23449  45.520  -71.347  7.756 0.5000000000
29127  42.706  -65.082  7.787 0.6000000238
32162  43.066  -62.494  8.578 0.5000000000
31088  42.828  -63.448  8.243 0.6000000238
36072  39.191  -58.706  11.730 0.6999999881
36084  42.762  -58.134  9.534 0.6000000238
35140  42.324  -59.512  9.207 0.6000000238
134900  39.895  -58.108  10.738 0.8000000119
36063  39.462  -58.056  11.470 0.8000000119
145318  42.436  -58.654  9.348 0.6000000238
129754  41.604  -58.758  9.381 0.6000000238
24394  42.598  -70.736  9.010 0.5000000000
138752  42.188  -71.707  8.356 0.6000000238
25371  43.696  -69.160  9.720 0.6999999881
24393  43.722  -70.954  9.124 0.4000000060
135411  42.326  -66.557  7.782 0.6999999881
29126  43.070  -65.427  7.711 0.6999999881
33208  43.442  -62.159  8.894 0.6000000238
30088  43.126  -64.257  7.864 0.6000000238
33200  43.479  -61.291  8.966 0.6000000238
37000  39.155  -57.788  12.275 0.6000000238
34135  42.660  -60.305  8.961 0.6000000238
37013  40.328  -57.422  10.393 0.6999999881
37008  39.870  -57.537  11.027 0.6999999881
38032  42.305  -56.608  9.442 0.6999999881
37020  41.731  -57.236  9.408 0.6999999881
38025  40.757  -56.620  10.036 0.6999999881
25372  42.750  -69.614  9.234 0.5000000000
136980  42.325  -68.855  8.609 0.6000000238
25378  41.908  -69.789  8.612 0.6000000238
146835  43.367  -70.154  9.386 0.6000000238
26312  42.206  -68.046  8.034 0.6999999881
26294  43.500  -68.497  10.137 0.6999999881
25370  44.684  -69.472  9.893 0.6999999881
28164  43.006  -66.432  8.072 0.6999999881
29125  43.457  -65.247  7.899 0.6999999881
32157  43.520  -62.694  8.828 0.5000000000
30087  43.580  -64.574  8.049 0.6000000238
38002  38.454  -56.551  13.472 0.5000000000
126514  43.406  -60.609  9.111 0.6000000238
33190  43.518  -61.114  9.137 0.6000000238
38013  39.476  -56.289  12.289 0.6000000238
134962  38.998  -56.150  12.923 0.5000000000
35133  43.183  -58.731  9.757 0.6000000238
34134  43.111  -60.083  9.172 0.6000000238
38026  40.179  -56.855  10.866 0.6000000238
39027  39.761  -55.677  12.032 0.5000000000
39999  38.978  -54.373  12.522 0.5000000000
36078  43.119  -57.769  9.855 0.6999999881
37018  42.745  -57.242  9.640 0.6999999881
127023  42.190  -55.722  9.447 0.6999999881
135106  41.280  -55.867  9.807 0.6999999881
39034  40.935  -55.111  10.527 0.5000000000
38031  42.611  -55.939  9.580 0.6999999881
40012  42.008  -54.090  9.563 0.6000000238
26304  43.167  -68.211  9.493 0.6999999881
27229  43.033  -67.413  9.016 0.6000000238
27224  42.807  -67.092  10.389 0.6999999881
27236  42.674  -67.233  8.290 0.6999999881
30081  43.642  -64.113  8.381 0.6999999881
28163  43.381  -65.776  8.121 0.6999999881
142575  43.562  -63.075  9.090 0.6000000238
32150  43.247  -61.748  9.661 0.5000000000
39989  38.570  -54.816  13.009 0.4000000060
37011  43.136  -57.206  10.184 0.6000000238
34127  43.278  -59.786  9.513 0.6000000238
39035  40.293  -55.403  11.394 0.5000000000
39998  39.746  -54.838  12.067 0.5000000000
40005  41.377  -54.208  10.160 0.5000000000
40006  40.494  -54.277  11.234 0.4000000060
39032  43.166  -55.899  10.097 0.6000000238
39044  42.699  -55.133  9.608 0.6999999881
39045  42.148  -54.938  9.427 0.6000000238
40989  42.271  -53.076  9.777 0.5000000000
27223  43.182  -67.525  9.770 0.6000000238
143200  43.101  -66.821  9.173 0.6999999881
28157  43.218  -66.098  8.853 0.6999999881
28144  42.184  -66.620  11.036 0.6999999881
28153  42.729  -66.108  10.276 0.6999999881
29116  43.467  -65.286  8.500 0.6000000238
30075  43.486  -64.692  9.000 0.6000000238
34116  43.028  -60.624  10.322 0.6000000238
33180  42.612  -61.508  10.647 0.5000000000
35134  43.337  -59.992  9.998 0.6000000238
37007  42.854  -57.464  10.913 0.6000000238
136570  43.157  -59.182  10.277 0.6000000238
40975  39.593  -53.828  11.891 0.4000000060
40976  38.504  -53.407  12.056 0.4000000060
38019  42.982  -56.479  10.673 0.6000000238
138088  39.330  -52.882  11.513 0.4000000060
39040  43.114  -55.224  9.944 0.6000000238
40988  42.625  -53.455  9.920 0.5000000000
29110  43.153  -65.651  9.378 0.6000000238
29105  41.684  -64.986  11.625 0.6999999881
29111  42.804  -65.156  10.084 0.6000000238
30076  43.001  -64.231  9.932 0.6000000238
28145  41.531  -66.019  11.795 0.6999999881
31077  43.161  -63.310  9.766 0.5000000000
35123  42.511  -59.340  11.217 0.6000000238
34117  42.246  -60.761  11.208 0.6000000238
36061  42.629  -58.441  11.204 0.5000000000
38011  42.629  -55.910  11.578 0.6000000238
134634  42.951  -54.737  10.511 0.6000000238
40981  42.678  -53.067  10.367 0.5000000000
30070  41.745  -64.154  11.535 0.6999999881
31069  41.770  -63.486  11.524 0.6999999881
32137  41.960  -62.253  11.313 0.6000000238
33181  41.846  -61.504  11.488 0.5000000000
35112  41.861  -59.078  12.077 0.6000000238
35124  41.955  -60.010  11.649 0.6000000238
36998  41.859  -57.610  12.387 0.6000000238
39026  42.346  -55.221  12.260 0.6000000238
40974  42.585  -53.329  11.569 0.5000000000
146393  47.303  -70.271  9.359 0.5000000000
25369  45.612  -69.567  9.996 0.5000000000
25360  46.585  -69.619  10.786 0.5000000000
146014  46.111  -69.572  10.352 0.5000000000
25351  44.446  -69.282  11.414 0.6999999881
25362  44.979  -69.386  10.616 0.5000000000
25350  45.286  -69.395  11.354 0.5000000000
25363  44.223  -69.076  10.408 0.6999999881
26284  43.655  -68.779  10.953 0.6999999881
26295  43.061  -68.034  10.598 0.6999999881
129198  48.349  -74.379  9.487 0.3000000119
31078  39.763  -63.208  10.461 0.6999999881
27230  40.311  -67.019  8.912 0.6000000238
35126  39.262  -59.328  11.420 0.6999999881
24392  44.787  -70.836  8.898 0.6000000238
33209  43.144  -61.580  8.742 0.6000000238
37012  40.947  -57.257  9.711 0.6999999881
36999  39.576  -57.127  11.723 0.6000000238
38020  40.650  -55.984  10.599 0.6999999881
38021  39.992  -56.262  11.496 0.6000000238
39046  41.783  -55.573  9.524 0.6999999881
39028  39.180  -55.392  12.655 0.5000000000
39016  38.533  -55.558  13.285 0.5000000000
40990  41.789  -53.205  9.858 0.5000000000
30069  42.279  -64.650  10.852 0.6999999881
32136  42.693  -62.578  10.443 0.5000000000
36997  42.392  -56.892  11.834 0.6000000238
39025  42.766  -55.163  11.320 0.6000000238
31068  42.370  -63.668  10.792 0.6000000238
36062  42.069  -58.241  12.061 0.6000000238
32122  41.569  -62.867  11.808 0.5000000000
127584  43.787  -69.403  12.992 0.6000000238
26245  42.915  -68.601  16.774 0.6000000238
26246  42.120  -68.230  17.221 0.4000000060
25316  43.550  -68.911  14.697 0.5000000000
25341  42.885  -69.382  12.736 0.6000000238
23463  39.890  -72.353  6.092 0.5000000000
26235  41.862  -68.414  17.702 0.4000000060
24403  40.430  -70.522  7.447 0.5000000000
146621  39.536  -71.224  6.852 0.5000000000
26262  42.818  -68.655  15.289 0.5000000000
27173  40.798  -67.549  18.326 0.4000000060
123428  39.976  -70.806  7.076 0.5000000000
26314  39.794  -68.992  8.643 0.5000000000
26254  43.023  -68.516  16.164 0.6000000238
25389  39.809  -69.680  7.883 0.5000000000
25317  42.355  -69.223  14.228 0.5000000000
26275  43.405  -69.282  11.960 0.6000000238
27169  39.871  -67.386  19.333 0.4000000060
26226  39.789  -68.111  19.492 0.4000000060
131244  42.178  -68.226  16.623 0.4000000060
25374  37.809  -69.601  9.632 0.5000000000
26255  41.968  -68.415  15.750 0.5000000000
25380  39.186  -69.762  8.572 0.5000000000
26307  38.337  -68.958  10.146 0.5000000000
25330  42.077  -69.298  13.119 0.6000000238
141091  41.758  -68.776  12.438 0.6000000238
26285  42.803  -68.572  11.404 0.6000000238
27231  39.820  -67.174  9.619 0.5000000000
28155  39.060  -66.748  11.041 0.5000000000
26297  37.843  -68.325  10.681 0.4000000060
26270  40.737  -68.357  13.677 0.5000000000
26264  40.929  -68.584  14.371 0.5000000000
26278  40.822  -67.869  12.934 0.6000000238
27204  41.108  -67.376  12.430 0.6000000238
26286  41.976  -68.327  11.791 0.6000000238
28135  41.145  -66.696  12.275 0.6000000238
27212  42.392  -67.672  11.134 0.6000000238
27180  40.785  -67.196  17.662 0.4000000060
129938  40.318  -67.287  18.827 0.4000000060
30071  39.277  -65.010  11.206 0.5000000000
28146  38.337  -66.811  11.439 0.5000000000
27215  36.979  -66.942  11.251 0.4000000060
29112  39.480  -65.851  10.725 0.6000000238
27227  37.360  -67.652  11.026 0.4000000060
27192  40.467  -67.648  15.304 0.6000000238
27201  40.396  -67.485  13.561 0.6000000238
28128  40.310  -66.554  13.398 0.6000000238
28136  40.813  -66.008  12.678 0.6000000238
28064  39.389  -66.736  19.661 0.4000000060
147599  38.623  -65.444  11.697 0.5000000000
29099  37.625  -65.107  12.195 0.4000000060
29108  36.521  -65.395  11.397 0.4000000060
27186  40.516  -67.218  16.160 0.6000000238
140746  40.483  -66.826  16.941 0.4000000060
28111  39.878  -66.919  15.256 0.6000000238
27191  41.268  -67.865  16.072 0.6000000238
27197  40.409  -67.910  14.442 0.5000000000
28129  39.893  -66.047  13.899 0.6000000238
28121  39.604  -66.220  14.695 0.5000000000
29096  41.121  -65.137  12.332 0.6000000238
28065  38.753  -66.646  20.356 0.4000000060
28086  40.272  -66.791  18.327 0.4000000060
30072  38.870  -64.278  11.690 0.6000000238
30064  38.026  -64.427  12.326 0.5000000000
30066  36.226  -64.602  11.605 0.5000000000
28092  39.879  -66.034  16.991 0.4000000060
146381  40.248  -66.570  17.562 0.4000000060
29065  39.413  -65.303  16.670 0.5000000000
142642  39.413  -65.597  15.036 0.5000000000
140382  39.383  -64.883  14.875 0.5000000000
29088  40.113  -65.240  13.662 0.6000000238
29097  40.610  -65.142  13.003 0.6000000238
30062  41.254  -64.371  12.174 0.6000000238
29979  38.600  -64.793  19.750 0.4000000060
28075  39.454  -66.126  19.232 0.4000000060
29017  38.546  -65.415  20.190 0.4000000060
29018  37.980  -65.171  20.850 0.4000000060
33182  39.236  -61.092  11.307 0.6000000238
29997  38.785  -64.642  19.156 0.4000000060
138838  37.864  -63.133  12.595 0.6000000238
32125  36.954  -63.128  12.821 0.5000000000
31065  36.304  -63.816  12.310 0.4000000060
30009  39.218  -65.103  18.065 0.4000000060
28112  39.527  -66.083  15.524 0.5000000000
30057  39.794  -64.643  14.087 0.5000000000
31057  39.978  -63.835  13.854 0.6000000238
30063  40.792  -64.442  12.767 0.6000000238
129460  40.842  -63.240  12.725 0.6000000238
30983  37.950  -63.661  20.494 0.4000000060
130515  38.845  -60.614  11.961 0.6000000238
33169  38.576  -61.632  12.267 0.6000000238
32127  35.117  -62.513  12.057 0.5000000000
30010  38.891  -64.607  18.537 0.4000000060
30020  39.166  -64.742  17.224 0.4000000060
30031  39.100  -64.544  16.365 0.5000000000
30041  39.142  -64.293  15.481 0.5000000000
31049  40.093  -63.048  13.676 0.5000000000
126947  37.753  -64.189  21.029 0.4000000060
134257  38.308  -61.000  12.701 0.6000000238
34107  37.762  -60.887  13.284 0.5000000000
33159  36.365  -61.492  13.543 0.5000000000
31030  38.842  -63.723  16.101 0.5000000000
31039  39.110  -63.289  15.249 0.4000000060
32106  39.749  -62.340  14.109 0.4000000060
140486  40.502  -62.944  13.194 0.4000000060
32123  40.755  -62.370  12.830 0.6000000238
33167  41.349  -62.049  12.103 0.4000000060
32033  37.462  -62.425  21.406 0.4000000060
134701  38.396  -63.978  19.663 0.4000000060
35113  38.835  -59.298  12.173 0.6000000238
31000  38.308  -63.171  19.053 0.4000000060
36064  38.813  -58.528  12.537 0.5000000000
35098  38.381  -59.342  13.087 0.5000000000
34096  37.009  -60.825  13.775 0.5000000000
34097  36.068  -60.794  13.949 0.4000000060
34095  37.714  -60.099  13.533 0.4000000060
32098  38.724  -62.901  16.027 0.5000000000
33137  38.710  -62.089  16.041 0.5000000000
33136  39.081  -61.771  15.364 0.6000000238
33147  39.945  -61.525  13.883 0.4000000060
33157  40.479  -61.547  13.251 0.4000000060
34094  40.753  -60.783  12.866 0.4000000060
34083  39.692  -60.624  14.383 0.5000000000
142377  38.622  -57.683  13.213 0.5000000000
36050  38.257  -58.599  13.476 0.4000000060
137890  40.580  -59.935  13.209 0.5000000000
34093  41.237  -59.979  12.475 0.5000000000
35077  39.138  -59.310  15.569 0.5000000000
34071  39.192  -60.884  15.190 0.5000000000
138315  40.045  -59.879  13.900 0.5000000000
125301  37.761  -62.238  20.058 0.4000000060
38012  42.055  -56.136  12.472 0.5000000000
35096  40.974  -59.122  12.841 0.4000000060
138398  39.723  -59.748  14.488 0.5000000000
136125  39.346  -59.986  15.036 0.5000000000
36988  38.008  -57.301  14.016 0.4000000060
141078  41.530  -56.275  13.130 0.4000000060
38001  41.027  -56.805  13.579 0.4000000060
36986  41.222  -57.596  13.091 0.5000000000
35097  40.446  -59.130  13.605 0.5000000000
36049  40.809  -58.357  13.322 0.5000000000
35085  40.017  -59.123  14.286 0.5000000000
36970  40.208  -57.708  14.427 0.5000000000
28154  39.658  -66.529  10.193 0.5000000000
31070  39.273  -63.580  11.321 0.6000000238
32138  39.268  -62.857  11.388 0.6000000238
38014  39.088  -56.952  12.672 0.5000000000
143289  41.162  -62.842  12.367 0.6000000238
33168  40.905  -61.547  12.634 0.4000000060
25373  38.816  -69.414  9.360 0.5000000000
126079  39.434  -67.896  9.879 0.5000000000
27225  39.231  -67.393  10.458 0.5000000000
28147  37.681  -66.404  11.689 0.4000000060
28148  36.748  -66.167  11.346 0.4000000060
28101  39.926  -66.499  16.184 0.6000000238
29098  38.447  -65.018  11.958 0.6000000238
29100  36.862  -65.131  12.058 0.4000000060
29045  39.417  -65.648  18.698 0.4000000060
32124  38.586  -62.605  12.187 0.6000000238
31071  38.533  -63.551  12.124 0.6000000238
31064  37.421  -63.798  12.503 0.5000000000
31072  35.730  -63.897  11.444 0.5000000000
30078  35.885  -64.958  10.569 0.5000000000
32126  35.954  -62.922  12.657 0.5000000000
32114  36.797  -62.252  13.238 0.5000000000
127901  39.586  -63.155  14.367 0.5000000000
32115  35.661  -62.108  12.972 0.5000000000
141317  38.663  -63.268  16.669 0.5000000000
34106  38.452  -60.148  12.680 0.6000000238
36987  40.681  -57.652  13.786 0.4000000060
128542  44.987  -82.515  12.313 0.3000000119
13657  45.573  -83.338  11.947 0.3000000119
14568  45.337  -82.110  12.932 0.3000000119
12731  47.131  -83.588  12.346 0.3000000119
12732  46.455  -83.654  12.207 0.3000000119
13625  47.295  -82.620  13.456 0.3000000119
129895  47.615  -83.201  11.907 0.3000000119
12730  47.576  -83.218  12.428 0.3000000119
15368  47.894  -80.764  15.423 0.3000000119
13603  47.365  -82.112  13.977 0.3000000119
13601  48.290  -82.407  13.861 0.3000000119
140693  47.888  -82.887  12.428 0.3000000119
14504  48.294  -81.473  14.978 0.3000000119
15352  49.252  -80.644  16.053 0.3000000119
15367  48.785  -81.131  15.542 0.3000000119
144902  48.954  -81.727  14.685 0.4000000060
135492  48.446  -82.203  13.515 0.4000000060
135362  48.403  -81.054  12.571 0.4000000060
15447  48.160  -80.515  11.751 0.3000000119
16236  50.393  -79.200  15.990 0.3000000119
14502  49.456  -80.631  15.485 0.4000000060
15388  49.436  -80.630  14.892 0.4000000060
15415  48.820  -81.554  13.832 0.4000000060
16195  50.250  -79.473  16.789 0.3000000119
16293  48.547  -80.151  12.692 0.4000000060
17910  51.481  -77.036  17.298 0.4000000060
17065  50.891  -78.415  16.489 0.4000000060
16305  48.533  -79.434  12.005 0.3000000119
17078  50.867  -78.292  15.584 0.4000000060
16237  49.928  -79.740  15.379 0.3000000119
16260  49.696  -79.502  14.578 0.4000000060
17064  51.336  -77.394  16.525 0.4000000060
17111  49.853  -78.313  13.294 0.5000000000
16282  49.424  -79.187  13.786 0.4000000060
22561  48.795  -72.073  8.533 0.5000000000
141032  51.538  -76.330  17.213 0.4000000060
16292  49.013  -79.022  12.896 0.4000000060
20725  49.106  -74.175  9.391 0.3000000119
21661  49.568  -73.220  9.784 0.4000000060
18000  49.674  -76.852  10.474 0.3000000119
22586  40.301  -73.399  5.531 0.4000000060
24391  45.973  -70.654  8.535 0.4000000060
128193  46.725  -70.358  8.927 0.4000000060
23448  47.025  -70.780  7.846 0.4000000060
17077  51.265  -77.553  15.708 0.4000000060
16259  50.239  -78.860  14.874 0.3000000119
16281  50.482  -78.203  14.049 0.5000000000
24390  47.605  -70.585  8.490 0.4000000060
23447  48.454  -71.520  8.149 0.4000000060
18800  51.221  -76.341  16.338 0.4000000060
21662  49.255  -73.316  9.360 0.4000000060
23437  49.518  -72.117  9.447 0.5000000000
16304  49.062  -78.660  12.082 0.5000000000
21660  49.767  -73.466  10.315 0.4000000060
139195  49.326  -74.320  9.580 0.4000000060
17988  49.993  -77.177  11.549 0.3000000119
19809  49.523  -74.814  9.685 0.4000000060
23471  39.174  -72.300  6.088 0.4000000060
132565  45.191  -70.099  9.422 0.4000000060
140968  51.177  -76.496  15.648 0.4000000060
17094  50.814  -78.158  14.880 0.4000000060
24381  48.143  -70.624  9.327 0.4000000060
24389  48.832  -71.245  8.973 0.5000000000
142542  51.175  -77.287  14.440 0.4000000060
23438  49.390  -71.633  9.527 0.5000000000
19722  50.581  -76.178  15.633 0.4000000060
129731  50.826  -76.266  14.852 0.4000000060
143231  51.131  -76.799  14.097 0.4000000060
17961  51.007  -77.077  13.738 0.5000000000
17974  50.896  -76.609  13.135 0.5000000000
24373  48.114  -70.539  10.282 0.4000000060
23431  49.372  -71.628  10.192 0.5000000000
19723  49.242  -76.153  15.872 0.4000000060
17987  50.596  -76.803  12.401 0.5000000000
22537  49.698  -72.698  10.412 0.4000000060
18875  50.429  -76.248  11.506 0.4000000060
18887  50.352  -75.312  11.026 0.4000000060
19795  49.969  -74.653  10.390 0.4000000060
21648  49.925  -73.476  10.847 0.4000000060
25368  47.384  -70.061  10.108 0.4000000060
25348  46.690  -69.677  11.689 0.3000000119
18828  50.473  -76.291  14.224 0.4000000060
18845  50.701  -76.225  13.563 0.4000000060
24372  48.605  -71.106  10.623 0.4000000060
29113  36.159  -65.730  10.579 0.4000000060
18813  48.485  -76.500  15.073 0.4000000060
18812  49.804  -76.403  14.960 0.4000000060
19748  50.703  -75.959  12.891 0.5000000000
19766  50.522  -75.363  12.207 0.5000000000
147116  48.475  -71.386  11.263 0.5000000000
23421  49.563  -72.303  10.582 0.4000000060
18830  47.775  -76.346  14.396 0.4000000060
127966  50.607  -75.546  11.864 0.4000000060
22523  49.757  -72.830  10.993 0.4000000060
20700  50.149  -74.103  11.359 0.4000000060
21638  49.842  -73.249  11.277 0.4000000060
25339  45.327  -69.361  12.326 0.4000000060
147567  47.887  -70.466  10.948 0.3000000119
18829  49.032  -76.403  14.129 0.4000000060
18846  50.003  -75.934  13.479 0.4000000060
24365  47.873  -70.828  11.376 0.3000000119
148755  48.029  -76.170  13.742 0.4000000060
18847  48.813  -75.878  13.326 0.4000000060
138319  49.623  -75.520  12.936 0.4000000060
19767  50.392  -75.149  12.293 0.5000000000
18815  46.974  -76.137  14.542 0.4000000060
19733  47.188  -75.991  13.908 0.4000000060
20687  49.337  -74.332  12.433 0.4000000060
21622  49.739  -73.529  12.008 0.4000000060
138225  49.132  -72.530  11.910 0.4000000060
25340  44.367  -69.376  12.388 0.4000000060
19750  48.861  -75.225  12.731 0.4000000060
14673  46.634  -80.993  6.295 0.3000000119
16219  47.768  -79.586  16.577 0.3000000119
16217  49.607  -80.045  16.555 0.3000000119
17045  50.605  -78.715  17.372 0.4000000060
19707  50.994  -75.810  16.537 0.4000000060
19708  50.057  -75.713  16.474 0.4000000060
137303  48.516  -75.787  16.551 0.4000000060
25337  46.585  -69.892  12.466 0.3000000119
18814  47.371  -76.347  15.138 0.4000000060
25338  46.116  -69.479  12.484 0.4000000060
146842  46.723  -70.348  12.801 0.4000000060
23412  47.883  -71.323  11.863 0.4000000060
19734  46.344  -75.632  14.330 0.4000000060
19751  47.800  -75.500  13.294 0.4000000060
20671  48.226  -74.545  12.775 0.4000000060
21607  48.866  -73.592  12.477 0.4000000060
22513  48.049  -71.939  12.383 0.3000000119
23411  48.747  -71.916  11.603 0.4000000060
20673  46.214  -74.884  13.727 0.4000000060
22560  49.324  -72.354  9.135 0.4000000060
25327  44.944  -69.161  13.432 0.4000000060
12750  46.079  -84.195  11.674 0.3000000119
13626  46.259  -82.387  13.151 0.3000000119
12748  47.234  -83.761  11.855 0.3000000119
13726  46.075  -81.689  6.440 0.3000000119
14652  47.019  -81.037  7.328 0.3000000119
13624  47.935  -82.749  13.513 0.3000000119
15353  48.396  -80.432  16.050 0.3000000119
14523  48.528  -81.994  14.471 0.4000000060
133091  48.490  -81.716  13.019 0.4000000060
145443  49.139  -81.119  15.432 0.3000000119
130992  49.872  -80.055  16.075 0.3000000119
14543  49.089  -81.397  14.512 0.4000000060
15414  49.153  -80.528  14.105 0.4000000060
138643  50.375  -78.674  17.853 0.3000000119
18788  51.597  -75.906  17.957 0.4000000060
17975  50.092  -77.470  12.272 0.5000000000
17124  50.532  -77.455  13.069 0.5000000000
137120  50.298  -74.590  11.874 0.4000000060
22512  49.401  -72.983  12.115 0.4000000060
25305  44.797  -69.083  15.585 0.4000000060
26252  44.572  -68.883  15.463 0.4000000060
24313  43.678  -69.531  16.581 0.4000000060
25293  43.402  -68.883  16.843 0.3000000119
26253  43.891  -68.674  15.649 0.5000000000
138073  44.958  -68.930  14.385 0.4000000060
25328  44.213  -69.133  14.064 0.4000000060
20593  42.113  -74.374  20.124 0.3000000119
20607  41.826  -74.499  19.410 0.3000000119
24270  39.341  -71.223  19.527 0.3000000119
25267  40.205  -70.225  18.625 0.3000000119
130122  39.587  -68.850  19.515 0.3000000119
26225  40.535  -67.928  18.897 0.3000000119
21558  40.617  -73.804  19.209 0.3000000119
22446  39.592  -72.838  19.888 0.3000000119
23337  39.388  -71.960  19.679 0.3000000119
21541  42.450  -73.991  20.758 0.3000000119
21528  41.124  -73.666  21.332 0.3000000119
25252  39.764  -69.649  19.172 0.3000000119
26218  39.059  -68.496  19.966 0.3000000119
22431  39.398  -72.728  20.718 0.3000000119
24252  38.260  -70.716  21.354 0.3000000119
127844  39.120  -70.465  19.810 0.3000000119
22404  38.835  -72.131  22.279 0.3000000119
22421  38.952  -72.299  21.339 0.3000000119
24253  37.837  -70.120  22.084 0.3000000119
24242  38.028  -70.881  22.314 0.3000000119
24243  37.591  -70.328  22.959 0.3000000119
132967  40.005  -73.106  21.842 0.3000000119
25242  38.524  -69.039  20.561 0.3000000119
27155  38.043  -67.686  21.213 0.3000000119
28054  38.209  -66.007  20.827 0.3000000119
23300  38.402  -71.499  22.667 0.3000000119
125851  38.144  -69.664  21.287 0.3000000119
28050  37.296  -66.571  22.317 0.3000000119
125846  37.529  -69.952  23.787 0.3000000119
26208  37.331  -68.953  22.990 0.3000000119
26216  37.514  -68.843  22.220 0.3000000119
27151  36.991  -67.340  23.563 0.3000000119
29964  37.516  -64.802  21.427 0.3000000119
28055  37.668  -66.353  21.551 0.3000000119
29954  37.042  -64.537  22.153 0.3000000119
32010  37.051  -62.839  22.154 0.3000000119
32051  37.750  -62.816  20.655 0.3000000119
123901  37.161  -61.906  22.249 0.3000000119
33073  37.482  -61.602  21.388 0.3000000119
140688  37.423  -60.750  21.395 0.3000000119
24297  42.784  -69.431  17.158 0.3000000119
142240  43.965  -68.951  16.457 0.4000000060
25251  40.273  -68.702  19.083 0.3000000119
27159  38.550  -67.348  20.663 0.3000000119
24312  44.377  -69.263  16.115 0.5000000000
21543  40.723  -73.868  20.557 0.3000000119
24263  38.599  -70.029  20.549 0.3000000119
24285  39.628  -70.691  19.019 0.3000000119
25266  40.733  -69.347  18.552 0.3000000119
25280  41.455  -69.426  18.051 0.3000000119
23325  39.138  -72.165  20.465 0.3000000119
22420  39.623  -72.964  21.325 0.3000000119
25241  39.027  -69.407  19.845 0.3000000119
23311  38.435  -71.545  21.788 0.3000000119
26196  37.230  -69.045  23.860 0.3000000119
27144  36.971  -67.027  24.433 0.3000000119
128351  37.560  -68.030  21.930 0.3000000119
25200  37.593  -69.555  24.612 0.3000000119
27153  37.253  -67.476  22.644 0.3000000119
126209  47.033  -71.490  13.161 0.3000000119
127928  47.495  -72.397  13.020 0.4000000060
21599  45.092  -73.845  14.193 0.4000000060
124095  45.064  -72.730  14.316 0.4000000060
23403  46.577  -70.614  13.357 0.3000000119
22492  44.342  -72.475  14.762 0.4000000060
22493  43.811  -73.148  14.941 0.3000000119
23393  46.347  -71.079  13.849 0.4000000060
127236  45.057  -71.690  14.642 0.4000000060
22483  43.597  -72.291  15.302 0.3000000119
24338  46.076  -70.050  14.119 0.3000000119
23394  45.733  -70.831  14.516 0.4000000060
23384  44.430  -71.511  15.192 0.4000000060
25314  45.491  -69.402  14.524 0.3000000119
24339  45.542  -69.915  14.922 0.4000000060
24326  44.249  -70.125  16.096 0.4000000060
24349  46.291  -69.907  13.336 0.3000000119
130963  45.395  -69.143  14.137 0.3000000119
25326  45.679  -69.344  13.311 0.3000000119
124210  46.088  -69.549  13.142 0.3000000119
23395  45.151  -70.703  15.162 0.4000000060
22491  45.796  -71.884  14.136 0.4000000060
17898  50.908  -77.580  18.550 0.3000000119
21608  47.633  -73.532  12.983 0.3000000119
18766  48.807  -75.947  20.358 0.3000000119
18775  49.471  -76.527  19.742 0.3000000119
17887  50.889  -77.060  19.146 0.3000000119
17897  51.309  -77.384  18.041 0.3000000119
124667  46.823  -72.959  13.384 0.3000000119
21609  46.505  -73.896  13.454 0.3000000119
19661  50.380  -74.848  20.705 0.3000000119
18774  51.348  -76.303  19.238 0.3000000119
18764  51.173  -75.557  19.815 0.3000000119
18780  51.646  -76.083  18.673 0.3000000119
19688  51.151  -75.311  17.474 0.3000000119
22501  45.905  -73.076  13.815 0.3000000119
20563  51.529  -73.726  22.765 0.3000000119
20590  51.286  -74.310  20.611 0.3000000119
20578  51.489  -73.721  21.886 0.3000000119
19666  51.631  -75.554  19.163 0.3000000119
19660  51.485  -75.143  19.657 0.3000000119
20615  51.116  -74.384  18.471 0.3000000119
134555  51.764  -72.979  21.517 0.3000000119
21537  51.441  -73.446  20.729 0.3000000119
21562  51.154  -73.885  19.044 0.3000000119
21550  51.394  -73.643  19.871 0.3000000119
20634  49.915  -74.679  17.840 0.3000000119
146355  49.262  -75.725  16.502 0.3000000119
18802  47.942  -76.233  15.864 0.3000000119
21510  51.834  -73.015  22.623 0.3000000119
20616  50.415  -74.241  18.456 0.3000000119
21563  50.859  -73.764  18.936 0.3000000119
19690  49.299  -75.280  17.112 0.3000000119
20674  45.733  -74.166  13.829 0.3000000119
22414  51.114  -72.339  21.577 0.3000000119
22396  51.021  -72.263  22.201 0.3000000119
22439  51.065  -72.987  20.194 0.3000000119
142372  51.109  -73.508  19.504 0.3000000119
20617  49.522  -74.128  18.551 0.3000000119
19709  47.430  -75.842  16.589 0.3000000119
19724  46.508  -76.025  15.106 0.3000000119
20661  45.377  -74.940  14.402 0.3000000119
20662  44.528  -74.450  14.759 0.3000000119
22440  50.152  -72.707  20.134 0.3000000119
139983  49.302  -73.577  19.073 0.3000000119
19691  48.079  -75.292  17.241 0.3000000119
148495  46.153  -75.885  15.724 0.3000000119
17886  51.404  -76.740  18.741 0.3000000119
18765  49.944  -75.732  20.185 0.3000000119
139201  50.594  -76.425  19.577 0.3000000119
12707  47.542  -83.067  12.942 0.3000000119
12708  46.826  -83.103  12.787 0.3000000119
13602  47.973  -82.477  14.046 0.4000000060
13623  48.063  -82.822  13.108 0.3000000119
13641  45.913  -82.837  12.536 0.3000000119
14503  48.939  -81.606  15.063 0.3000000119
14522  49.190  -81.302  15.045 0.3000000119
14524  47.788  -81.872  14.465 0.3000000119
14567  48.214  -82.407  12.692 0.3000000119
15434  48.889  -79.947  13.410 0.4000000060
15435  48.708  -80.891  13.309 0.4000000060
15507  47.276  -80.351  6.501 0.3000000119
16196  49.465  -79.647  17.129 0.3000000119
17031  51.112  -77.897  17.310 0.4000000060
17032  50.831  -78.155  17.940 0.3000000119
17046  50.058  -79.205  17.552 0.3000000119
17093  51.208  -77.601  15.086 0.4000000060
17125  49.681  -78.090  12.570 0.5000000000
17921  51.363  -76.792  15.788 0.4000000060
17932  51.460  -77.006  15.023 0.4000000060
18773  51.586  -76.120  19.065 0.3000000119
18801  51.058  -76.333  15.662 0.4000000060
18803  46.917  -76.122  15.827 0.3000000119
18810  51.225  -76.534  15.082 0.4000000060
18811  51.054  -76.308  15.070 0.4000000060
18826  51.204  -76.685  14.450 0.4000000060
18827  50.997  -76.393  14.425 0.4000000060
18844  50.913  -76.492  13.708 0.5000000000
18864  50.756  -76.083  12.533 0.5000000000
19659  51.498  -75.123  19.581 0.3000000119
19667  51.519  -75.780  19.315 0.3000000119
19673  51.656  -74.909  19.156 0.3000000119
19674  51.629  -75.447  18.613 0.3000000119
19687  51.439  -75.365  18.006 0.3000000119
19689  50.454  -75.248  17.205 0.3000000119
19706  51.396  -75.819  17.225 0.4000000060
19749  50.414  -75.646  12.862 0.4000000060
19752  46.840  -75.432  13.642 0.4000000060
19768  49.909  -74.966  12.518 0.5000000000
19783  50.417  -74.869  11.652 0.4000000060
20562  51.837  -73.259  22.403 0.3000000119
20577  51.601  -73.392  21.464 0.3000000119
20589  51.447  -74.251  20.235 0.3000000119
20594  41.364  -74.244  20.017 0.3000000119
20595  40.775  -74.023  19.795 0.3000000119
20601  51.488  -74.329  19.285 0.3000000119
20608  41.152  -74.256  19.319 0.3000000119
20614  51.505  -74.768  18.653 0.3000000119
20632  51.275  -74.919  18.074 0.3000000119
20633  50.795  -74.779  17.892 0.3000000119
20672  47.123  -74.681  13.272 0.3000000119
20685  50.079  -74.004  11.643 0.4000000060
20686  49.842  -74.265  12.111 0.4000000060
20713  50.012  -73.976  10.660 0.4000000060
20723  49.627  -73.963  9.963 0.4000000060
20724  49.363  -73.734  9.622 0.4000000060
20742  45.267  -74.020  5.981 0.5000000000
21525  51.993  -72.929  22.038 0.3000000119
21527  42.032  -73.607  21.362 0.3000000119
21529  40.317  -73.403  21.275 0.3000000119
21536  51.518  -74.263  19.764 0.3000000119
21542  41.611  -74.095  20.748 0.3000000119
21544  39.899  -73.302  20.605 0.3000000119
21551  50.538  -73.288  19.571 0.3000000119
21559  40.235  -73.552  19.853 0.3000000119
21564  50.082  -73.666  19.017 0.3000000119
21600  44.407  -73.471  14.622 0.3000000119
21621  49.920  -73.601  11.611 0.4000000060
21637  49.950  -73.572  11.303 0.4000000060
21649  49.759  -73.047  10.331 0.4000000060
21675  49.411  -72.813  9.377 0.4000000060
21692  46.791  -72.597  7.025 0.5000000000
21693  45.984  -73.273  6.428 0.5000000000
21703  44.507  -73.906  5.554 0.5000000000
22395  51.724  -72.647  22.187 0.3000000119
22403  39.511  -72.622  22.129 0.3000000119
22413  51.707  -72.737  21.665 0.3000000119
22424  51.375  -73.125  20.648 0.3000000119
22445  40.172  -73.164  19.167 0.3000000119
22490  46.596  -72.092  13.611 0.4000000060
22500  48.517  -72.772  12.514 0.3000000119
22511  49.703  -73.028  11.580 0.4000000060
22522  49.841  -73.125  10.879 0.4000000060
22524  49.450  -72.430  11.249 0.4000000060
22550  49.609  -72.619  9.763 0.5000000000
22563  47.721  -72.261  7.699 0.6000000238
22575  44.670  -72.719  6.119 0.4000000060
22581  45.721  -72.916  5.869 0.4000000060
23279  37.948  -70.986  23.024 0.3000000119
23326  38.615  -71.568  20.923 0.3000000119
23350  39.687  -71.550  18.972 0.3000000119
23402  47.187  -71.059  12.612 0.4000000060
23422  49.146  -71.797  10.882 0.4000000060
23430  49.630  -72.154  9.971 0.5000000000
23446  49.188  -71.820  8.904 0.4000000060
23458  47.050  -71.512  7.048 0.5000000000
23459  46.189  -71.839  6.568 0.4000000060
24215  37.983  -70.361  24.488 0.3000000119
24235  37.889  -70.662  23.654 0.3000000119
24262  39.024  -71.402  20.174 0.3000000119
24284  40.170  -71.041  18.446 0.3000000119
24299  40.905  -70.336  18.035 0.3000000119
24324  45.227  -69.307  15.166 0.3000000119
24325  44.933  -69.785  15.599 0.5000000000
24358  47.210  -70.567  12.108 0.3000000119
24380  48.923  -71.052  9.799 0.4000000060
24382  46.541  -69.834  9.852 0.5000000000
24383  45.995  -70.094  9.400 0.5000000000
24384  44.233  -70.129  9.502 0.6999999881
24395  41.580  -70.794  8.402 0.6000000238
24404  39.777  -70.325  7.471 0.5000000000
25212  37.415  -69.592  23.250 0.3000000119
25221  37.530  -69.564  22.586 0.3000000119
25233  37.735  -69.394  21.898 0.3000000119
25265  41.486  -68.736  18.203 0.3000000119
25278  42.604  -68.704  17.229 0.3000000119
25306  44.302  -68.846  16.020 0.4000000060
25315  45.086  -68.954  14.943 0.4000000060
25325  45.843  -69.474  13.814 0.3000000119
25329  43.076  -69.404  13.617 0.5000000000
25347  47.247  -70.173  11.569 0.3000000119
25349  46.009  -69.427  11.608 0.4000000060
25359  47.388  -69.957  10.931 0.3000000119
25361  45.749  -69.460  10.786 0.5000000000
25379  41.546  -68.883  8.027 0.6999999881
26215  37.957  -68.672  21.346 0.3000000119
26219  38.542  -68.110  20.620 0.3000000119
26231  41.264  -68.119  18.289 0.4000000060
26244  43.669  -68.756  16.367 0.4000000060
26256  40.974  -68.356  15.129 0.6000000238
26261  44.493  -68.817  14.942 0.4000000060
26263  41.657  -68.784  14.773 0.5000000000
26269  41.403  -68.983  13.862 0.5000000000
26276  42.412  -69.067  12.195 0.6000000238
26277  41.369  -68.070  12.352 0.6000000238
26296  38.770  -68.192  10.428 0.5000000000
26305  42.765  -68.079  8.733 0.6000000238
26306  39.226  -68.621  9.653 0.5000000000
27156  37.635  -67.151  21.766 0.3000000119
27158  39.167  -67.522  20.038 0.4000000060
27174  39.898  -66.755  19.049 0.4000000060
27179  41.464  -67.811  17.757 0.4000000060
27185  41.324  -67.602  16.994 0.4000000060
27205  40.684  -67.007  12.838 0.6000000238
27213  41.594  -67.272  11.746 0.6000000238
27214  37.745  -67.113  11.403 0.4000000060
27226  38.370  -67.530  11.067 0.4000000060
27235  43.050  -66.571  8.544 0.6999999881
27237  40.733  -67.336  8.263 0.6000000238
27241  42.522  -66.808  7.908 0.6999999881
27242  41.975  -67.207  7.728 0.6999999881
28046  36.989  -66.746  23.018 0.3000000119
28047  36.847  -66.463  23.674 0.3000000119
28076  38.970  -66.052  19.838 0.4000000060
28120  39.950  -66.973  14.254 0.5000000000
28152  43.074  -66.550  9.631 0.6999999881
28159  40.188  -66.353  9.346 0.5000000000
28165  41.507  -66.205  8.066 0.6000000238
28166  43.028  -66.045  7.769 0.6999999881
28167  42.371  -65.953  7.752 0.6000000238
29005  37.616  -65.597  21.448 0.3000000119
29033  39.012  -65.383  19.378 0.4000000060
29046  39.105  -65.065  18.781 0.4000000060
29056  39.728  -66.002  17.949 0.4000000060
29075  39.316  -65.231  15.747 0.5000000000
29089  39.629  -65.448  14.370 0.5000000000
29104  42.188  -65.584  10.961 0.6999999881
29106  38.698  -66.027  11.507 0.5000000000
29107  37.239  -65.686  11.890 0.4000000060
29118  40.192  -64.836  9.652 0.6000000238
29122  43.605  -65.063  8.068 0.6999999881
29124  41.187  -64.995  8.673 0.6000000238
29980  38.201  -64.539  20.414 0.4000000060
30032  38.841  -63.953  16.960 0.5000000000
30056  40.353  -64.482  13.422 0.6000000238
30065  37.032  -64.537  12.329 0.5000000000
30077  39.877  -64.245  10.205 0.6999999881
30089  42.061  -64.609  8.210 0.6000000238
30091  43.297  -64.896  7.793 0.6999999881
30960  37.502  -63.390  21.360 0.3000000119
31050  39.468  -64.009  14.630 0.4000000060
31056  40.535  -63.700  13.192 0.5000000000
31062  41.309  -63.576  12.133 0.6000000238
31063  40.931  -63.879  12.600 0.6000000238
31076  43.524  -63.862  9.147 0.6999999881
31082  43.580  -63.415  8.613 0.6000000238
31083  40.638  -63.833  9.330 0.6000000238
31087  43.518  -63.829  8.283 0.6000000238
31090  41.264  -63.396  8.949 0.6000000238
32063  37.977  -63.088  19.878 0.4000000060
32097  38.992  -62.494  15.488 0.5000000000
32107  39.332  -62.434  14.852 0.5000000000
32113  40.268  -62.304  13.501 0.4000000060
32139  39.189  -61.979  11.418 0.6000000238
32149  43.356  -62.519  9.371 0.6000000238
32158  42.174  -62.029  8.836 0.6000000238
32161  43.449  -63.055  8.638 0.5000000000
33148  39.501  -61.594  14.630 0.5000000000
33158  37.168  -61.447  13.473 0.5000000000
33170  37.781  -61.650  13.082 0.5000000000
33191  43.312  -61.061  9.777 0.5000000000
33201  43.233  -60.763  8.868 0.6000000238
34082  40.240  -60.725  13.604 0.5000000000
34105  41.408  -60.945  12.065 0.5000000000
34119  38.975  -59.869  11.850 0.6000000238
34128  43.371  -60.517  9.483 0.6000000238
34129  39.800  -60.024  10.388 0.6999999881
34138  40.122  -60.662  10.020 0.6999999881
35086  39.592  -59.172  14.921 0.5000000000
35135  40.510  -58.895  9.704 0.6000000238
35139  42.954  -59.154  9.422 0.6000000238
35141  41.084  -59.598  9.395 0.6999999881
36033  40.357  -58.398  14.041 0.5000000000
36048  41.431  -58.330  12.644 0.5000000000
36079  43.170  -58.117  10.245 0.6000000238
36085  42.056  -57.988  9.317 0.6000000238
37017  43.047  -57.028  9.915 0.6999999881
37019  42.346  -57.422  9.409 0.6999999881
37988  40.501  -57.081  14.199 0.4000000060
38018  43.144  -56.478  10.003 0.6000000238
38030  42.849  -56.509  9.730 0.6999999881
38033  41.580  -56.373  9.559 0.6999999881
39033  43.004  -55.554  10.640 0.6000000238
39039  43.011  -55.845  9.825 0.6000000238
39041  41.570  -55.069  9.698 0.6000000238
40000  38.151  -54.077  12.780 0.4000000060
40004  42.783  -53.855  10.469 0.5000000000
40010  42.890  -54.376  9.853 0.6000000238
40011  42.466  -54.156  9.664 0.6000000238
41925  42.457  -52.583  10.031 0.5000000000
124900  38.605  -64.018  18.774 0.4000000060
125386  37.778  -62.439  12.818 0.6000000238
126438  37.341  -64.133  21.616 0.3000000119
127081  41.685  -56.887  12.784 0.4000000060
127506  47.801  -71.049  7.704 0.4000000060
127643  37.182  -68.201  23.325 0.3000000119
129190  39.753  -66.279  18.665 0.4000000060
129262  42.041  -63.008  11.219 0.6000000238
129974  50.422  -78.843  15.368 0.3000000119
130211  39.987  -62.411  10.039 0.6999999881
131175  39.654  -71.580  6.569 0.4000000060
131525  43.473  -61.855  8.963 0.6000000238
131812  39.563  -65.845  16.238 0.5000000000
132294  43.605  -64.700  8.248 0.6999999881
132593  42.731  -59.972  10.774 0.6000000238
134013  39.611  -62.247  10.616 0.6999999881
134498  38.101  -65.676  12.001 0.6000000238
135372  42.392  -57.733  11.713 0.5000000000
136019  41.251  -68.665  13.011 0.6000000238
136518  40.894  -68.528  18.606 0.3000000119
137228  43.878  -71.173  15.714 0.4000000060
137496  37.685  -62.087  20.806 0.3000000119
137643  43.447  -74.105  5.375 0.4000000060
138389  48.734  -81.949  14.207 0.4000000060
138929  51.590  -72.948  21.187 0.3000000119
139018  51.337  -72.732  21.046 0.3000000119
139367  40.370  -65.766  13.316 0.6000000238
139879  47.705  -74.856  17.831 0.3000000119
140316  41.118  -55.540  10.058 0.5000000000
141218  38.188  -66.855  21.089 0.3000000119
141794  38.666  -70.881  20.562 0.3000000119
142408  38.624  -66.028  20.293 0.4000000060
142693  44.561  -70.658  15.585 0.4000000060
143035  51.561  -76.569  18.021 0.4000000060
143390  48.400  -72.271  8.321 0.5000000000
143718  42.911  -68.753  9.234 0.5000000000
143752  39.490  -65.436  17.374 0.4000000060
144879  37.875  -64.668  20.920 0.4000000060
145045  37.349  -68.315  22.625 0.3000000119
145117  50.086  -77.080  19.383 0.3000000119
145554  50.191  -74.661  10.841 0.4000000060
145625  50.880  -76.287  13.106 0.5000000000
146450  40.120  -67.392  14.804 0.5000000000
146885  51.430  -76.707  16.603 0.4000000060
147363  48.303  -70.933  8.403 0.4000000060
147771  39.178  -58.288  11.987 0.6000000238
148451  49.494  -77.636  10.832 0.3000000119
148728  37.326  -61.153  22.035 0.3000000119
