#!ascii label  , from subject sub-01 vox2ras=TkReg
1570
34995  32.090  -59.496  23.164 0.8999999762
35015  31.898  -60.191  23.106 0.8000000119
136784  32.566  -59.176  22.577 0.8000000119
35028  32.928  -59.921  21.534 0.6999999881
126095  33.127  -59.231  21.028 0.8000000119
34996  31.334  -59.877  23.611 0.8999999762
36895  32.874  -57.872  22.879 1.0000000000
36908  33.248  -57.712  22.137 1.0000000000
35957  33.003  -58.493  22.202 0.8999999762
141850  33.095  -58.683  21.382 0.8000000119
126249  32.995  -59.183  20.173 0.8000000119
35978  33.037  -58.539  20.633 0.8999999762
126992  33.006  -59.868  19.751 0.8000000119
131413  32.756  -59.156  19.302 0.6999999881
137125  32.729  -59.873  18.874 0.6999999881
34997  30.476  -59.830  23.923 0.8000000119
35925  31.482  -58.444  24.227 0.8999999762
35926  30.741  -58.469  24.509 0.8999999762
34999  28.762  -59.460  23.599 0.8999999762
142931  32.485  -58.012  23.602 0.8999999762
135228  33.209  -57.127  22.574 1.0000000000
137642  33.203  -57.918  21.273 0.8999999762
37917  33.218  -56.368  21.171 1.0000000000
36917  33.094  -57.083  20.737 0.8999999762
139650  32.901  -57.789  20.264 0.8999999762
35988  32.778  -58.463  19.771 0.8000000119
137534  32.420  -59.142  18.431 0.6999999881
36864  31.803  -57.080  24.783 0.8999999762
129679  31.287  -57.796  24.648 0.8999999762
36865  30.517  -57.789  24.824 0.8999999762
34984  29.340  -58.838  24.224 0.8999999762
143922  28.632  -58.672  23.725 0.8999999762
36879  32.107  -57.758  24.236 0.8999999762
128028  32.760  -57.261  23.537 0.8999999762
129872  33.353  -56.394  22.096 1.0000000000
36927  32.758  -57.021  19.839 0.8000000119
136501  32.596  -57.719  19.380 0.8000000119
146537  32.040  -57.635  17.992 0.8000000119
36939  31.637  -57.557  17.349 0.8000000119
36004  31.648  -58.427  16.983 0.8000000119
36857  30.256  -57.241  25.124 0.8999999762
35941  28.798  -58.084  24.087 0.8999999762
134284  28.273  -58.008  23.338 0.8999999762
37877  28.668  -56.614  24.426 0.8999999762
36880  28.337  -57.194  23.796 0.8000000119
124100  27.844  -57.990  22.428 0.8000000119
36863  32.405  -57.002  24.267 0.8999999762
38890  28.354  -55.849  24.141 0.6999999881
37903  28.037  -56.392  23.062 0.6999999881
36909  26.933  -57.133  21.262 0.6999999881
38901  33.049  -55.708  23.623 0.8999999762
37918  27.057  -56.575  21.672 0.6999999881
37919  26.312  -56.525  21.330 0.6999999881
139704  33.300  -54.898  22.896 1.0000000000
38922  26.678  -55.693  22.463 0.6000000238
38919  33.322  -55.676  22.524 1.0000000000
143188  33.302  -54.963  21.939 1.0000000000
38933  33.292  -55.675  21.573 1.0000000000
37924  32.940  -56.325  20.288 1.0000000000
38938  33.062  -55.667  20.713 1.0000000000
38943  32.765  -55.581  19.903 0.8999999762
37932  32.660  -56.253  19.418 0.8000000119
36932  32.534  -56.961  18.934 0.8000000119
36933  32.155  -56.961  18.053 0.8000000119
135704  31.616  -56.704  17.423 0.8000000119
36940  30.962  -56.857  16.692 0.8000000119
37951  31.227  -56.073  17.190 0.8000000119
38979  29.800  -55.838  16.405 0.8000000119
36856  31.003  -57.190  25.158 0.8999999762
36866  29.805  -57.653  24.820 0.8999999762
37872  30.418  -56.591  25.446 0.8999999762
37876  29.515  -56.794  25.029 0.8999999762
38884  28.854  -55.847  24.985 0.8999999762
37875  32.410  -56.235  24.567 0.8999999762
38902  28.047  -55.792  23.363 0.6999999881
39877  33.062  -54.765  23.875 0.8999999762
38903  27.581  -55.427  23.132 0.6000000238
38921  27.240  -55.682  22.534 0.6000000238
37906  25.753  -56.296  22.213 0.5000000000
39893  33.189  -54.240  22.251 1.0000000000
133500  25.759  -55.658  23.503 0.5000000000
132998  33.128  -55.006  21.059 1.0000000000
39908  32.743  -54.405  20.532 1.0000000000
138247  32.855  -55.074  20.357 1.0000000000
39919  32.504  -54.721  19.626 0.8999999762
37938  32.358  -56.197  18.572 0.8000000119
39933  32.104  -54.804  18.732 0.8999999762
38957  32.041  -55.483  18.316 0.8000000119
37939  31.902  -56.116  17.827 0.8000000119
39934  31.472  -54.343  18.432 0.8999999762
148325  31.602  -54.949  18.175 0.8000000119
39935  30.757  -54.022  18.131 0.8999999762
126052  30.121  -54.670  17.412 0.8000000119
38972  28.590  -55.045  16.463 0.8000000119
39942  28.281  -54.333  16.768 0.8000000119
38883  29.715  -55.960  25.628 0.8999999762
136348  31.477  -56.298  25.360 0.8999999762
38881  31.520  -55.376  25.808 0.8999999762
131433  28.497  -54.931  24.997 0.6999999881
144266  28.352  -55.265  24.401 0.8000000119
38889  32.704  -55.381  24.455 0.8999999762
147260  32.128  -54.910  25.648 0.8999999762
39879  27.466  -54.939  23.665 0.6999999881
38904  26.985  -55.250  23.043 0.6000000238
146969  26.603  -55.521  22.891 0.6000000238
39867  27.321  -54.417  24.419 0.6999999881
39880  26.858  -54.829  23.851 0.6000000238
39881  26.183  -54.854  24.183 0.5000000000
39869  25.617  -54.427  24.641 0.5000000000
38906  25.071  -55.822  23.823 0.5000000000
39903  33.018  -54.310  21.388 1.0000000000
40873  32.569  -53.542  20.909 1.0000000000
39920  31.994  -54.040  19.085 0.8999999762
41815  32.183  -52.608  21.018 1.0000000000
40874  32.013  -52.942  20.220 0.8999999762
40887  32.341  -53.779  19.913 0.8999999762
40900  31.262  -53.602  18.734 0.8999999762
40888  31.671  -53.266  19.457 0.8999999762
40901  30.435  -53.306  18.405 0.8999999762
40902  29.630  -53.072  18.000 0.8999999762
40908  29.043  -53.706  17.382 0.8999999762
40889  30.899  -52.830  19.082 0.8999999762
41850  29.400  -52.210  18.124 0.8999999762
38882  30.644  -55.790  25.867 0.8999999762
39857  29.193  -55.146  25.667 0.8999999762
38872  29.984  -55.222  26.161 0.8999999762
39848  29.448  -54.436  26.316 1.0000000000
38870  31.669  -54.601  26.160 0.8999999762
39866  27.970  -54.756  24.242 0.6999999881
39865  32.664  -54.648  24.917 0.8999999762
39859  27.482  -53.972  25.097 0.6999999881
40835  26.825  -53.926  25.071 0.6999999881
39868  26.476  -54.386  24.558 0.5000000000
131449  33.262  -54.051  23.165 1.0000000000
127919  25.093  -53.890  24.962 0.5000000000
39870  24.608  -54.353  24.662 0.5000000000
40855  33.067  -53.447  22.416 1.0000000000
41802  32.823  -52.590  22.412 1.0000000000
42743  32.566  -51.747  22.344 1.0000000000
123605  32.362  -52.191  21.709 1.0000000000
41816  31.768  -51.818  21.178 1.0000000000
42759  32.061  -51.367  21.711 1.0000000000
41830  31.628  -52.168  20.496 0.8999999762
41842  30.551  -51.979  19.415 0.8999999762
42777  30.205  -51.293  19.067 0.8999999762
43848  27.900  -50.767  15.282 0.6999999881
43849  26.979  -50.918  15.224 0.8000000119
42827  26.770  -51.524  15.238 0.8000000119
42828  25.178  -51.719  15.864 0.8000000119
39856  32.340  -54.200  25.731 0.8999999762
136444  31.008  -54.114  26.609 1.0000000000
39847  30.267  -54.574  26.485 1.0000000000
40810  29.388  -53.715  26.674 1.0000000000
39849  28.768  -53.801  26.277 0.6999999881
125229  28.001  -54.298  24.932 0.6999999881
40844  33.099  -53.888  24.170 0.8999999762
40834  32.795  -53.712  25.094 0.8999999762
40836  25.868  -53.811  25.182 0.6000000238
125106  33.157  -53.054  23.386 1.0000000000
124613  33.057  -53.053  24.496 0.8999999762
40837  23.743  -53.703  24.684 0.4000000060
42760  31.446  -51.094  21.158 1.0000000000
42771  31.042  -51.003  20.505 1.0000000000
43784  31.351  -50.337  20.834 1.0000000000
42797  25.164  -51.667  16.810 0.8999999762
43846  29.327  -50.673  15.653 0.6000000238
134344  27.252  -50.243  15.363 0.8000000119
133613  26.088  -50.309  15.429 0.8000000119
41893  25.074  -52.449  15.984 0.8999999762
41863  25.264  -52.370  16.435 0.8999999762
40820  32.486  -53.383  25.845 0.8999999762
40821  31.893  -53.762  26.327 0.8999999762
147688  28.319  -53.283  26.322 0.8000000119
40822  28.056  -53.677  25.625 0.6999999881
41769  26.933  -52.727  26.064 0.6999999881
145522  25.673  -53.073  25.585 0.6000000238
41772  24.261  -52.587  25.200 0.4000000060
126220  32.906  -52.110  23.109 1.0000000000
41791  33.067  -52.303  24.018 0.8999999762
43764  32.481  -50.867  22.291 1.0000000000
43783  31.878  -50.625  21.540 1.0000000000
44849  31.731  -49.505  20.621 1.0000000000
44850  31.217  -49.780  20.156 1.0000000000
43814  26.419  -50.966  17.239 0.8999999762
138572  26.342  -49.441  17.352 0.8999999762
43815  25.479  -50.337  17.371 0.8999999762
44893  24.178  -50.147  17.034 0.8999999762
43827  24.562  -50.873  17.028 0.8999999762
44905  30.064  -49.212  16.188 0.6000000238
44906  29.292  -49.729  15.736 0.6000000238
134991  28.602  -50.236  15.456 0.6000000238
44907  27.899  -49.834  15.418 0.8000000119
43851  24.808  -50.955  16.009 0.8999999762
40808  31.421  -53.225  26.766 0.8999999762
40809  30.084  -53.946  26.773 0.8999999762
129827  28.896  -53.190  26.789 0.6999999881
41756  30.848  -52.719  27.162 0.8999999762
41757  29.838  -53.109  27.069 0.8999999762
40811  27.710  -53.028  26.143 0.6000000238
41782  33.002  -52.301  25.007 1.0000000000
124839  32.784  -51.878  25.700 1.0000000000
41768  32.135  -52.891  26.425 1.0000000000
40824  26.422  -53.262  25.621 0.6000000238
41771  25.076  -52.444  25.556 0.5000000000
42729  33.053  -51.550  23.661 1.0000000000
125017  33.098  -51.722  24.440 1.0000000000
43725  33.236  -50.966  24.348 1.0000000000
138868  32.819  -51.403  22.905 1.0000000000
143880  32.324  -50.196  21.895 1.0000000000
44838  32.319  -49.268  21.051 1.0000000000
45906  32.184  -48.753  20.501 1.0000000000
44856  31.501  -48.951  19.755 1.0000000000
44857  30.875  -49.684  19.278 1.0000000000
45924  30.331  -49.042  18.208 1.0000000000
44858  30.357  -49.853  18.414 1.0000000000
44867  29.707  -49.267  17.742 1.0000000000
44868  28.724  -49.466  17.451 0.8999999762
135680  29.627  -50.095  17.797 0.8999999762
44870  26.952  -50.174  17.348 0.8999999762
44880  24.403  -49.923  17.271 0.8999999762
44910  24.375  -50.201  16.590 0.8999999762
128899  30.328  -47.507  15.729 0.6000000238
45960  30.271  -48.310  16.112 0.6000000238
45961  29.356  -48.799  15.911 0.6000000238
137401  28.595  -49.320  15.577 0.6000000238
44908  27.004  -49.436  15.373 0.8000000119
44909  25.854  -49.377  15.539 0.8000000119
41755  31.682  -52.365  26.922 0.8999999762
41737  30.113  -52.170  27.384 0.6999999881
41758  28.247  -52.684  26.715 0.6000000238
42694  28.134  -51.926  27.060 0.6000000238
127182  32.789  -51.100  25.951 0.8999999762
41760  26.759  -51.929  26.421 0.6000000238
41770  25.997  -52.375  25.961 0.5000000000
42719  33.069  -51.469  25.151 1.0000000000
43741  33.487  -50.158  23.857 1.0000000000
43724  33.374  -50.179  24.811 0.8999999762
43742  33.102  -50.751  23.210 1.0000000000
43763  32.829  -50.095  22.503 1.0000000000
133707  32.703  -49.465  21.783 1.0000000000
45905  32.830  -48.613  21.204 1.0000000000
128770  32.558  -48.089  20.563 1.0000000000
47006  32.090  -48.073  19.879 1.0000000000
45914  30.904  -48.778  18.718 1.0000000000
45925  29.741  -48.498  17.715 1.0000000000
134317  28.228  -47.926  17.468 1.0000000000
134371  27.479  -48.056  17.389 0.8999999762
45928  26.978  -48.660  17.324 0.8999999762
44871  25.129  -49.522  17.420 0.8999999762
45939  24.377  -48.687  17.153 0.8999999762
47066  30.142  -46.890  15.416 0.6000000238
140603  29.565  -47.252  15.616 0.6000000238
45962  28.591  -48.390  15.650 0.6000000238
47068  27.732  -47.335  15.405 0.6999999881
47069  26.537  -47.405  15.653 0.6999999881
45964  26.070  -48.344  15.597 0.6999999881
127930  24.712  -49.250  16.135 0.8000000119
45949  24.506  -48.188  16.780 0.8999999762
47065  31.030  -47.028  15.128 0.6000000238
48158  26.323  -46.634  16.023 0.6999999881
47070  25.723  -47.474  15.995 0.8000000119
47071  24.890  -47.497  16.456 0.8999999762
42678  28.679  -51.549  27.365 0.6999999881
42695  27.454  -51.536  26.773 0.6000000238
42691  32.257  -51.086  26.530 0.8999999762
42693  31.072  -51.864  27.301 0.8000000119
42676  30.387  -51.324  27.438 0.6999999881
123688  33.145  -50.792  25.232 0.8999999762
45867  33.835  -48.764  23.833 0.8999999762
44792  33.607  -49.447  24.323 0.8000000119
44825  33.404  -49.316  22.597 1.0000000000
45898  33.309  -48.826  21.914 1.0000000000
46998  33.060  -47.702  21.042 1.0000000000
47005  32.524  -47.205  20.283 1.0000000000
47017  31.913  -47.205  19.375 1.0000000000
47019  30.733  -47.790  18.212 1.0000000000
146380  30.369  -48.396  18.038 1.0000000000
134112  29.034  -47.879  17.615 1.0000000000
47033  27.430  -47.268  17.566 0.8999999762
47034  26.579  -47.881  17.443 0.8999999762
45929  25.674  -48.659  17.378 0.8999999762
47036  24.574  -47.738  17.214 0.8999999762
126306  28.621  -47.437  15.562 0.6000000238
48157  27.207  -46.850  15.583 0.6999999881
139779  24.479  -48.060  17.085 0.8999999762
49191  30.559  -45.642  14.689 0.6000000238
48166  30.315  -46.309  15.068 0.6000000238
138214  26.988  -46.141  15.911 0.6999999881
49183  25.573  -46.010  16.333 0.6999999881
42677  29.453  -51.503  27.486 0.6999999881
43698  28.060  -51.056  27.212 0.6000000238
43696  31.833  -50.597  26.847 0.8000000119
43697  31.183  -51.028  27.228 0.8000000119
43679  29.772  -50.716  27.468 0.6999999881
43680  28.892  -50.845  27.473 0.6999999881
44758  32.805  -49.435  26.101 0.6999999881
43695  32.491  -50.311  26.387 0.8000000119
45856  33.593  -48.650  24.709 0.6999999881
135841  33.882  -48.093  24.154 0.6999999881
123920  34.026  -48.050  23.282 0.8000000119
131055  33.937  -47.667  22.366 0.8000000119
45897  33.483  -48.121  21.733 0.8000000119
46997  33.616  -47.273  21.632 0.8000000119
47004  33.198  -46.784  20.964 0.8999999762
48107  32.274  -46.344  19.609 1.0000000000
47018  31.339  -47.126  18.550 1.0000000000
131418  29.864  -47.732  17.729 1.0000000000
131077  28.723  -46.638  17.729 1.0000000000
48120  30.212  -46.069  17.981 1.0000000000
146003  30.233  -47.333  17.847 1.0000000000
47032  28.414  -47.259  17.613 1.0000000000
48122  27.075  -46.290  17.920 1.0000000000
135114  26.084  -47.045  17.779 0.8999999762
148006  25.593  -47.811  17.531 0.8999999762
47035  24.997  -47.343  17.573 0.8999999762
48167  29.633  -45.588  15.218 0.6000000238
48155  29.287  -46.550  15.444 0.6000000238
48156  28.150  -46.667  15.477 0.6000000238
132468  27.650  -46.018  15.714 0.6999999881
47047  24.391  -47.164  17.144 0.8999999762
143845  24.647  -46.935  16.633 0.8999999762
50222  26.581  -44.877  16.193 0.6999999881
49182  26.442  -45.710  16.164 0.6999999881
49184  24.728  -46.332  16.647 0.8999999762
49170  24.257  -45.891  17.082 0.8999999762
128460  31.123  -50.176  27.085 0.6999999881
43678  30.560  -50.648  27.331 0.6000000238
44746  29.230  -50.035  27.317 0.6000000238
144584  27.754  -50.388  26.943 0.6000000238
44759  30.759  -49.276  26.977 0.6000000238
45846  33.103  -48.500  25.659 0.6999999881
46957  34.091  -47.283  24.008 0.6999999881
133476  34.098  -46.178  22.171 0.8000000119
48097  32.841  -46.178  20.311 0.8000000119
48108  31.716  -46.395  18.874 1.0000000000
48121  29.152  -45.815  17.897 1.0000000000
129090  28.106  -45.984  17.903 1.0000000000
141839  29.096  -44.916  18.218 1.0000000000
49147  28.313  -45.130  18.247 1.0000000000
49148  27.388  -45.374  18.279 1.0000000000
49149  26.398  -45.567  18.319 1.0000000000
48123  25.963  -46.245  18.112 1.0000000000
48124  25.140  -46.503  17.990 0.8999999762
142369  28.554  -45.836  15.523 0.6000000238
48125  24.204  -46.121  17.849 0.8999999762
131835  30.205  -45.099  14.769 0.6000000238
49179  28.797  -45.023  15.491 0.6000000238
49180  27.899  -45.222  15.675 0.6999999881
49160  24.043  -45.714  17.649 0.8999999762
50221  27.341  -44.672  15.962 0.6999999881
50209  25.876  -44.267  16.374 0.6999999881
50210  24.997  -44.586  16.757 0.8999999762
44760  29.614  -49.116  26.978 0.5000000000
45831  32.008  -48.305  26.504 0.6000000238
135246  30.255  -48.380  26.821 0.5000000000
46945  32.970  -47.503  25.753 0.6999999881
45847  32.593  -48.090  26.133 0.6999999881
135368  33.823  -46.856  24.646 0.6999999881
46944  33.596  -47.671  24.924 0.6999999881
48060  34.299  -46.340  23.313 0.6999999881
49104  34.284  -45.705  22.719 0.6999999881
48090  33.743  -46.411  21.587 0.8000000119
147376  33.401  -45.862  20.924 0.8000000119
49119  33.022  -45.416  20.394 0.8000000119
49129  32.539  -45.477  19.800 0.8000000119
50161  32.811  -44.624  20.181 0.8000000119
50173  32.083  -44.683  19.381 0.8000000119
50184  30.614  -44.466  18.507 0.8999999762
49145  30.814  -45.451  18.314 1.0000000000
50174  31.408  -44.313  18.926 0.8000000119
49146  29.917  -45.168  18.152 1.0000000000
49131  25.727  -44.979  18.544 1.0000000000
49132  24.684  -45.214  18.415 0.8999999762
49150  24.449  -45.890  18.202 0.8999999762
49151  23.976  -45.379  18.063 0.8999999762
49133  24.144  -44.587  18.430 0.8999999762
50199  23.924  -45.063  17.889 0.8999999762
50229  29.652  -44.756  15.155 0.6000000238
51306  26.686  -44.098  16.191 0.6999999881
51292  25.192  -43.652  16.692 0.8000000119
51293  24.418  -43.977  17.276 0.8999999762
51316  30.590  -43.707  14.563 0.6000000238
51305  27.497  -43.969  16.001 0.6999999881
52424  24.454  -43.108  16.977 0.8000000119
50200  23.866  -44.153  17.973 0.8999999762
51291  25.944  -43.498  16.428 0.6999999881
52408  23.634  -42.759  17.396 0.8999999762
45832  31.192  -48.486  26.756 0.5000000000
45833  30.634  -47.810  26.650 0.5000000000
137683  31.313  -47.647  26.534 0.5000000000
48035  33.757  -46.137  24.843 0.6999999881
129965  33.382  -46.787  25.292 0.6999999881
48049  34.156  -46.375  24.097 0.6999999881
49089  34.303  -45.662  23.608 0.6999999881
50143  34.106  -44.780  22.451 0.6999999881
49105  33.869  -45.453  21.724 0.6999999881
50160  33.224  -44.217  20.790 0.8000000119
51231  32.792  -43.716  20.408 0.8000000119
51244  31.766  -43.779  19.363 0.8000000119
51264  30.951  -43.652  18.927 0.8000000119
51266  29.086  -43.361  18.578 0.8999999762
50186  28.518  -44.064  18.400 1.0000000000
50187  27.575  -44.447  18.481 1.0000000000
50188  26.704  -44.733  18.571 1.0000000000
52377  31.331  -43.003  19.392 0.8000000119
51265  30.040  -43.531  18.637 0.8000000119
51267  27.673  -43.510  18.704 0.8999999762
51249  26.328  -43.359  19.237 1.0000000000
50175  26.010  -44.154  18.902 1.0000000000
51248  27.119  -43.064  19.176 0.8999999762
51250  25.194  -43.655  19.173 1.0000000000
138860  24.314  -44.103  18.927 1.0000000000
51252  23.432  -43.349  18.803 1.0000000000
51279  23.161  -43.307  18.060 0.8999999762
50220  28.120  -44.482  15.697 0.6999999881
52385  23.016  -42.756  18.717 0.8999999762
51303  29.284  -43.636  15.626 0.6000000238
52433  28.691  -43.177  16.090 0.6000000238
52409  22.891  -42.647  17.947 0.8999999762
51289  27.720  -43.347  16.221 0.6999999881
51290  26.778  -43.471  16.364 0.6999999881
52422  25.977  -42.876  16.625 0.6999999881
52423  25.196  -42.918  16.680 0.6999999881
52407  24.431  -42.393  17.025 0.8000000119
52406  25.184  -42.235  16.854 0.6999999881
53495  23.234  -41.876  17.625 0.8000000119
136820  22.051  -41.159  17.876 0.8999999762
53494  24.319  -41.557  17.080 0.6999999881
46932  32.141  -47.350  26.293 0.6000000238
46933  31.300  -46.939  26.385 0.5000000000
48036  33.173  -45.924  25.476 0.6999999881
48021  32.649  -46.598  25.891 0.5000000000
50127  34.217  -44.927  23.846 0.6999999881
49081  34.039  -45.528  24.359 0.6999999881
50118  33.837  -44.730  24.522 0.6999999881
50128  34.186  -44.404  23.193 0.6999999881
135747  33.961  -43.797  22.459 0.6999999881
124906  33.671  -44.300  21.544 0.6999999881
145270  33.570  -43.486  21.729 0.6999999881
51230  33.232  -43.567  21.090 0.8000000119
51232  32.214  -43.093  19.919 0.8000000119
51225  32.738  -42.942  20.766 0.8000000119
144487  31.597  -42.312  19.836 0.8000000119
51245  30.433  -42.905  19.045 0.8000000119
53467  30.290  -41.907  19.653 0.8000000119
51247  28.584  -42.685  18.899 0.8000000119
143447  27.812  -42.784  19.007 0.8999999762
52382  26.703  -42.657  19.532 0.8999999762
52383  25.818  -42.855  19.452 1.0000000000
53468  29.486  -41.717  19.609 0.8000000119
52380  28.976  -42.201  19.228 0.8000000119
51233  23.631  -42.917  19.136 1.0000000000
52362  25.241  -42.253  19.477 1.0000000000
52432  29.647  -42.963  15.899 0.6000000238
52364  23.009  -42.255  19.156 1.0000000000
52420  28.051  -42.682  16.581 0.6999999881
52421  26.991  -42.823  16.751 0.6999999881
53496  22.276  -41.786  18.254 0.8999999762
53471  22.193  -41.379  18.492 1.0000000000
52405  26.265  -42.064  17.178 0.6999999881
53493  25.247  -41.360  17.042 0.8000000119
124261  33.985  -44.177  23.949 0.6999999881
125372  33.916  -43.351  23.968 0.6999999881
147876  34.053  -43.752  23.310 0.6999999881
51205  34.016  -43.056  23.058 0.6999999881
51213  33.652  -42.950  22.223 0.6999999881
52349  33.378  -42.187  21.935 0.6999999881
52350  32.811  -42.196  21.194 0.6999999881
52358  32.233  -42.254  20.481 0.8000000119
52359  30.983  -41.761  19.847 0.8000000119
53445  31.011  -41.170  20.209 0.8000000119
53446  30.278  -41.414  19.941 0.8000000119
53470  27.731  -41.928  19.747 0.8999999762
52360  27.027  -42.081  19.845 0.8999999762
53448  28.137  -41.401  19.785 0.8000000119
53449  27.252  -41.372  19.862 0.8999999762
53450  25.637  -41.602  19.607 0.8999999762
52419  29.065  -42.476  16.474 0.6000000238
54460  26.140  -40.903  19.689 0.8999999762
53452  23.354  -41.797  19.371 1.0000000000
52418  30.039  -42.241  16.275 0.6000000238
53453  22.584  -41.588  19.011 0.8999999762
141940  26.962  -41.515  17.341 0.6999999881
54478  22.265  -40.760  18.653 0.8999999762
54505  24.229  -40.770  16.921 0.8000000119
54506  23.026  -40.954  17.333 0.8999999762
54507  21.784  -40.209  17.595 0.8000000119
142598  33.075  -41.429  21.627 0.6999999881
53428  32.308  -41.409  20.940 0.6999999881
53447  28.946  -41.293  19.768 0.8000000119
54459  27.860  -40.896  19.765 0.8000000119
54458  28.580  -40.807  19.769 0.8000000119
55503  27.728  -39.589  19.227 0.8000000119
53451  24.422  -41.673  19.518 0.8999999762
53506  28.454  -41.976  17.139 0.6000000238
54474  27.204  -40.389  19.535 0.8000000119
54475  26.212  -39.963  19.369 0.8999999762
54476  25.079  -40.253  19.374 0.8999999762
54477  23.637  -40.522  19.238 0.8999999762
53505  29.448  -41.682  16.926 0.6000000238
53507  27.392  -42.127  17.226 0.6999999881
55507  22.904  -40.088  18.780 0.8999999762
53492  26.227  -41.082  17.172 0.6999999881
125634  21.670  -39.997  18.008 0.8000000119
54517  24.261  -39.979  16.706 0.6999999881
55538  21.834  -39.535  17.043 0.8000000119
141246  33.660  -41.678  23.318 0.6999999881
54438  33.315  -40.711  22.015 0.6999999881
54457  29.392  -40.738  19.888 0.8000000119
55486  29.026  -40.116  19.589 0.8000000119
55502  28.601  -39.474  19.267 0.8000000119
144117  26.970  -39.638  19.183 0.8000000119
55505  25.342  -39.422  19.087 0.8999999762
53490  28.791  -41.103  17.325 0.6000000238
55506  24.142  -39.772  18.936 0.8999999762
54502  28.117  -40.470  17.300 0.6999999881
139107  27.157  -40.713  17.269 0.6999999881
56530  23.015  -39.339  18.494 0.8999999762
54516  25.316  -39.801  16.667 0.6999999881
55537  22.960  -39.328  16.611 0.8000000119
55516  21.800  -39.054  17.891 0.8000000119
55536  24.489  -39.182  16.450 0.6999999881
125565  21.907  -38.591  16.891 0.8000000119
55525  21.649  -39.340  17.444 0.8000000119
56554  23.269  -38.251  16.244 0.8000000119
126526  33.559  -40.923  23.379 0.6999999881
54426  33.575  -40.271  22.686 0.6000000238
54515  29.767  -40.726  17.190 0.6000000238
55504  26.369  -39.192  18.940 0.8000000119
56528  25.559  -38.573  18.731 0.8999999762
56529  24.317  -38.870  18.715 0.8999999762
54501  28.941  -40.344  17.311 0.6000000238
56537  22.940  -38.325  18.187 0.8999999762
54503  26.335  -40.026  16.811 0.8000000119
56541  21.878  -38.521  17.304 0.8000000119
56553  24.979  -38.417  16.257 0.6999999881
145585  22.330  -37.868  16.616 0.8000000119
57494  22.010  -37.347  16.907 0.8000000119
55524  27.489  -39.798  16.992 0.6999999881
139711  26.637  -38.408  18.587 0.8000000119
136725  27.912  -39.006  16.698 0.5000000000
55534  26.881  -39.090  16.661 0.6000000238
56551  27.350  -38.387  16.214 0.6000000238
57485  23.203  -37.246  17.842 0.8000000119
56552  26.260  -38.445  16.202 0.6000000238
57504  25.471  -37.674  15.762 0.6000000238
56563  23.516  -37.358  15.969 0.6999999881
57520  23.154  -36.422  15.990 0.8000000119
57486  22.165  -37.859  17.449 0.8000000119
143648  25.118  -36.865  15.537 0.6000000238
57472  25.809  -37.659  18.407 0.8000000119
57484  24.637  -36.749  17.940 0.8000000119
56550  28.339  -38.277  16.336 0.6000000238
57493  22.628  -36.115  16.811 0.8000000119
130350  22.509  -36.647  17.175 0.8000000119
132848  23.317  -36.270  17.465 0.8000000119
136792  24.088  -36.239  15.910 0.6000000238
57483  26.194  -36.783  18.016 0.8000000119
57502  27.793  -37.709  15.833 0.6000000238
57503  26.783  -37.824  15.680 0.6000000238
148403  22.932  -34.968  17.021 0.8000000119
57518  26.226  -37.137  15.449 0.6000000238
59375  23.279  -35.176  16.566 0.6999999881
58384  23.878  -35.486  17.167 0.8000000119
59391  25.482  -35.462  15.808 0.6000000238
59374  24.416  -35.432  16.684 0.6000000238
60308  25.516  -34.473  16.234 0.6999999881
58417  26.782  -36.483  15.394 0.6000000238
147320  26.277  -35.780  15.492 0.6000000238
59362  27.333  -35.008  17.369 0.8000000119
58383  25.352  -36.026  17.628 0.8000000119
57516  28.179  -37.017  15.562 0.6000000238
58382  26.571  -35.797  17.640 0.8000000119
57515  28.865  -36.781  15.659 0.5000000000
60283  25.541  -34.924  16.975 0.8000000119
139824  25.349  -35.352  17.253 0.8000000119
58415  28.525  -36.356  15.275 0.6000000238
57517  27.288  -37.178  15.478 0.6000000238
60298  25.663  -34.277  16.473 0.6000000238
139994  29.526  -35.576  14.798 0.5000000000
59389  28.090  -35.942  15.022 0.6000000238
59390  27.206  -35.700  15.211 0.6000000238
130469  25.315  -35.049  16.156 0.6000000238
59409  27.989  -35.267  14.814 0.6000000238
60335  27.113  -34.740  14.884 0.6000000238
60336  26.271  -34.006  15.097 0.6000000238
146829  25.939  -33.560  15.331 0.6000000238
60282  26.227  -34.817  17.220 0.8000000119
60295  27.976  -34.317  17.098 0.8000000119
61203  27.576  -33.489  16.904 0.6999999881
60296  26.933  -34.145  17.076 0.6999999881
143224  28.794  -35.646  14.813 0.6000000238
61216  25.718  -33.582  16.129 0.6000000238
62191  26.009  -32.923  15.971 0.6000000238
61205  26.034  -33.470  16.338 0.6999999881
140511  29.024  -34.374  14.331 0.5000000000
62213  25.924  -32.762  15.655 0.6000000238
61238  28.316  -34.001  14.379 0.5000000000
61239  27.173  -33.780  14.534 0.6000000238
61240  26.217  -33.306  14.922 0.6000000238
61237  29.156  -33.534  14.249 0.5000000000
61202  28.537  -33.585  17.077 0.6999999881
136666  27.236  -32.716  16.712 0.6000000238
62190  26.510  -32.762  16.363 0.6000000238
61204  26.687  -33.414  16.700 0.6000000238
63200  26.348  -32.049  16.072 0.6000000238
62189  26.943  -32.033  16.499 0.6000000238
62223  28.741  -32.518  14.288 0.5000000000
136250  27.314  -32.112  14.525 0.6000000238
63217  27.286  -31.253  14.668 0.6000000238
62225  25.978  -32.619  15.066 0.6000000238
62203  26.061  -32.345  15.735 0.6000000238
63188  26.834  -31.492  16.248 0.6000000238
140209  28.107  -31.741  14.352 0.6000000238
64171  27.838  -30.647  14.458 0.6000000238
63216  29.000  -31.775  14.296 0.5000000000
134823  28.574  -30.857  14.379 0.5000000000
145971  29.593  -30.376  14.407 0.4000000060
64169  28.967  -30.065  14.260 0.5000000000
135042  28.117  -32.766  16.895 0.6000000238
136194  27.740  -32.039  16.713 0.6000000238
63218  26.809  -30.946  15.017 0.6000000238
63207  26.267  -31.722  15.572 0.6000000238
63187  27.426  -31.385  16.473 0.6000000238
141277  27.289  -30.299  14.700 0.6000000238
64178  27.532  -29.481  14.560 0.6000000238
64170  28.204  -29.949  14.320 0.5000000000
64177  28.150  -29.319  14.155 0.6000000238
65106  28.418  -29.274  14.021 0.5000000000
66025  29.691  -28.820  14.007 0.4000000060
65105  29.074  -29.301  13.936 0.4000000060
65098  26.987  -29.933  15.114 0.6000000238
64151  27.533  -30.073  16.090 0.5000000000
65077  28.304  -29.950  16.343 0.5000000000
63186  28.353  -31.315  16.607 0.5000000000
64161  26.753  -30.862  15.270 0.6000000238
127732  27.505  -28.808  15.250 0.5000000000
65115  28.071  -29.086  13.983 0.6000000238
65114  28.110  -28.846  14.010 0.5000000000
65113  28.758  -28.609  13.779 0.4000000060
65076  29.045  -29.975  16.498 0.4000000060
65097  27.305  -28.912  14.953 0.6000000238
66017  27.216  -27.980  15.077 0.5000000000
66032  28.252  -28.253  13.992 0.4000000060
66033  27.889  -28.644  14.210 0.6000000238
66973  27.590  -27.703  14.592 0.6000000238
66007  27.442  -27.974  15.145 0.4000000060
66980  28.770  -27.741  13.704 0.4000000060
141080  28.181  -27.458  13.915 0.4000000060
66006  27.961  -28.298  15.568 0.4000000060
66981  27.913  -27.965  14.273 0.4000000060
66965  27.507  -27.642  14.923 0.4000000060
66979  29.421  -27.231  13.495 0.4000000060
67966  28.117  -26.428  14.215 0.4000000060
65991  29.970  -28.923  16.602 0.4000000060
66005  29.396  -28.383  16.243 0.4000000060
67959  28.285  -26.506  15.040 0.4000000060
124933  28.828  -26.095  13.415 0.4000000060
67973  28.234  -26.643  13.835 0.4000000060
69116  28.408  -25.628  14.310 0.4000000060
143537  28.265  -26.280  14.581 0.4000000060
66004  30.276  -28.090  16.509 0.4000000060
66953  29.672  -27.521  16.037 0.4000000060
67949  28.941  -27.001  15.487 0.4000000060
69125  28.763  -25.229  13.184 0.3000000119
69106  28.638  -25.702  14.822 0.4000000060
66952  30.582  -27.101  16.458 0.4000000060
69099  29.127  -26.058  15.349 0.4000000060
42835  25.995  -52.067  15.481 0.8000000119
41878  25.145  -52.664  16.118 0.8999999762
41862  25.971  -52.792  16.695 0.8999999762
40912  25.456  -53.150  16.210 0.8999999762
40911  26.329  -53.537  16.457 0.8999999762
42772  30.664  -51.146  19.777 0.8999999762
43796  30.890  -50.419  20.021 1.0000000000
41859  28.795  -52.925  17.579 0.8999999762
41843  29.956  -51.891  18.813 0.8999999762
42778  29.630  -51.417  18.410 0.8999999762
43803  30.505  -50.530  19.196 1.0000000000
41860  27.885  -52.884  17.257 0.8999999762
42785  28.993  -51.494  17.743 0.8999999762
43804  29.964  -50.695  18.490 1.0000000000
41853  26.544  -52.229  17.039 0.8999999762
138131  28.939  -50.270  17.533 0.8999999762
126473  28.014  -29.232  15.923 0.4000000060
65088  29.001  -29.267  16.369 0.4000000060
134568  29.742  -29.700  16.703 0.4000000060
35940  32.053  -58.387  23.834 0.8999999762
135074  33.296  -57.095  21.665 1.0000000000
35997  32.494  -58.413  18.898 0.8000000119
34998  29.638  -59.689  23.941 0.8999999762
125631  33.164  -56.448  23.046 1.0000000000
142945  32.306  -57.668  18.544 0.8000000119
38880  32.193  -55.505  25.188 0.8999999762
38956  32.465  -55.487  19.063 0.8000000119
38969  31.427  -55.424  17.677 0.8000000119
37952  30.546  -56.123  16.689 0.8000000119
142192  32.925  -53.721  21.715 1.0000000000
148251  30.454  -54.318  17.747 0.8999999762
39941  29.259  -54.484  17.134 0.8000000119
40909  28.094  -53.591  17.065 0.8999999762
39943  27.157  -54.147  16.448 0.8000000119
41841  31.358  -52.456  19.773 0.8999999762
41851  28.492  -52.194  17.565 0.8999999762
38871  30.853  -54.983  26.255 0.8999999762
40826  24.364  -53.470  24.972 0.4000000060
40825  25.038  -53.260  25.308 0.4000000060
128064  31.374  -51.530  20.699 1.0000000000
41901  26.963  -52.949  14.919 0.6999999881
142313  24.959  -50.054  15.862 0.8000000119
42788  25.998  -51.668  17.100 0.8999999762
43847  28.608  -50.990  15.329 0.6000000238
148802  25.009  -52.223  16.267 0.8999999762
41738  29.012  -52.349  27.270 0.6999999881
42787  27.092  -51.561  17.206 0.8999999762
44894  24.173  -49.446  17.123 0.8999999762
139834  24.183  -48.887  17.073 0.8999999762
134318  27.832  -48.920  15.421 0.6999999881
134337  27.076  -47.735  15.372 0.6999999881
41754  32.336  -51.922  26.403 0.8999999762
135094  31.462  -48.015  19.061 1.0000000000
43811  29.340  -50.810  17.868 0.8999999762
45927  28.002  -48.663  17.393 0.8999999762
44869  27.558  -49.403  17.359 0.8999999762
43813  27.590  -50.840  17.314 0.8999999762
44881  24.519  -49.137  17.318 0.8999999762
130822  33.033  -50.207  25.689 0.8000000119
134836  27.443  -50.853  26.802 0.5000000000
44809  33.635  -49.427  23.454 1.0000000000
45930  24.818  -48.244  17.341 0.8999999762
44775  33.318  -49.406  25.271 0.6999999881
143382  33.821  -48.830  23.109 0.8999999762
45884  33.732  -48.488  22.473 0.8999999762
49181  27.172  -45.439  15.969 0.6999999881
50223  25.727  -45.143  16.374 0.8000000119
136374  28.383  -50.220  27.187 0.6000000238
140921  31.931  -49.422  26.741 0.8000000119
44745  30.199  -49.996  27.223 0.6000000238
46968  34.176  -47.068  23.071 0.6999999881
48076  34.227  -46.432  22.685 0.6999999881
49144  31.424  -45.773  18.605 1.0000000000
50211  24.192  -45.099  17.411 0.8999999762
44761  28.638  -49.372  26.983 0.5000000000
145744  34.203  -46.771  23.641 0.6999999881
49130  31.948  -45.617  19.128 0.8999999762
45834  29.392  -48.115  26.671 0.5000000000
50142  34.319  -45.092  23.175 0.6999999881
50177  23.705  -43.902  18.607 0.8999999762
49068  33.601  -45.316  25.007 0.6999999881
148033  28.294  -43.216  18.684 0.8999999762
52378  30.798  -42.349  19.474 0.8000000119
52379  29.905  -42.302  19.321 0.8000000119
54490  21.868  -40.885  18.147 0.8999999762
48022  31.738  -46.388  26.280 0.5000000000
50108  33.435  -44.483  25.140 0.6999999881
51224  33.216  -42.887  21.474 0.6999999881
53444  31.655  -41.640  20.309 0.8000000119
139368  28.125  -42.277  19.377 0.8999999762
139197  26.541  -41.650  19.783 0.8999999762
54504  25.338  -40.498  16.900 0.8000000119
54518  22.798  -40.169  16.908 0.8000000119
52335  33.714  -42.266  22.795 0.6999999881
54456  30.287  -40.731  20.134 0.8000000119
148060  21.969  -39.871  18.394 0.8999999762
53420  33.523  -41.355  22.516 0.6999999881
56562  24.305  -37.743  15.952 0.6999999881
57473  24.455  -37.885  18.412 0.8999999762
58419  23.172  -35.552  16.234 0.6999999881
58418  25.504  -36.207  15.632 0.6000000238
59392  24.163  -35.912  16.056 0.6000000238
59363  24.916  -35.272  16.618 0.8000000119
60297  26.063  -34.059  16.867 0.6999999881
124746  27.876  -34.532  14.619 0.6000000238
62212  25.940  -32.095  15.339 0.6000000238
130015  27.943  -32.923  14.353 0.6000000238
65090  27.055  -30.292  15.573 0.6000000238
144379  28.599  -28.615  16.015 0.4000000060
70090  28.703  -24.868  14.571 0.4000000060
41861  26.918  -52.880  16.983 0.8999999762
27162  32.850  -67.647  20.812 0.4000000060
27163  31.719  -67.648  20.740 0.4000000060
27171  31.108  -67.942  20.155 0.4000000060
127640  33.173  -66.905  20.950 0.4000000060
28068  31.382  -66.780  21.058 0.4000000060
27164  30.727  -67.200  20.310 0.4000000060
29019  33.507  -65.378  20.765 0.3000000119
28056  31.977  -66.012  21.404 0.4000000060
126248  33.928  -64.744  20.195 0.4000000060
31001  33.822  -63.345  19.573 0.4000000060
141595  33.799  -62.870  18.920 0.4000000060
32076  33.757  -62.878  18.131 0.4000000060
28057  30.970  -66.120  21.309 0.5000000000
28058  30.322  -66.027  20.862 0.4000000060
29982  32.804  -64.553  21.290 0.4000000060
29006  32.090  -65.062  21.546 0.4000000060
141947  33.405  -64.533  20.777 0.5000000000
30984  33.587  -63.076  20.360 0.4000000060
32064  33.652  -62.560  19.532 0.4000000060
33110  33.525  -62.111  18.610 0.5000000000
33120  33.093  -61.309  17.857 0.5000000000
34049  32.650  -60.500  17.557 0.6000000238
127411  32.854  -60.971  17.067 0.5000000000
34061  32.564  -60.424  16.724 0.6000000238
35070  32.175  -59.863  16.222 0.4000000060
130618  30.705  -65.027  21.639 0.5000000000
29021  29.713  -65.512  20.621 0.5000000000
28070  29.478  -65.709  19.875 0.5000000000
29036  29.213  -65.494  19.311 0.5000000000
29965  32.199  -64.398  21.721 0.6000000238
29966  31.405  -64.597  21.873 0.6000000238
30961  32.596  -63.936  21.599 0.5000000000
126785  32.665  -63.235  21.700 0.6000000238
32053  33.223  -62.715  21.091 0.5000000000
32052  33.477  -62.208  20.247 0.5000000000
33089  33.331  -61.312  19.970 0.4000000060
33111  33.242  -61.257  18.924 0.6000000238
34036  32.828  -60.568  18.431 0.6000000238
35054  32.421  -59.879  17.999 0.6000000238
35055  32.093  -59.130  17.484 0.6000000238
139019  31.358  -58.486  16.231 0.6000000238
35063  32.275  -59.820  17.081 0.6000000238
35064  31.807  -59.131  16.496 0.6000000238
36023  31.409  -58.773  15.797 0.6000000238
36012  30.790  -58.282  15.551 0.6000000238
29967  30.423  -64.507  21.906 0.5000000000
123772  29.540  -64.342  21.617 0.5000000000
29983  29.196  -64.714  20.840 0.5000000000
29037  28.747  -65.037  18.941 0.5000000000
30962  31.959  -63.761  22.114 0.6000000238
29956  30.942  -63.908  22.299 0.6000000238
32035  32.151  -62.956  22.257 0.6000000238
129356  33.260  -61.800  20.958 0.5000000000
32034  32.618  -62.263  21.782 0.6000000238
34022  33.084  -60.553  19.343 0.6000000238
35998  32.041  -58.311  17.980 0.6000000238
36013  30.185  -57.660  15.571 0.6999999881
30986  28.798  -64.000  21.157 0.5000000000
30000  28.236  -64.245  19.319 0.5000000000
32012  31.298  -63.064  22.573 0.6000000238
30963  29.987  -63.928  22.283 0.6000000238
31002  27.995  -63.510  19.867 0.5000000000
31003  27.660  -63.473  19.232 0.5000000000
129026  31.147  -62.301  22.846 0.6000000238
130653  33.245  -61.112  20.780 0.6000000238
131209  30.321  -57.251  16.072 0.6999999881
30946  29.686  -63.231  22.466 0.6000000238
30964  29.180  -63.648  21.909 0.6000000238
30987  28.346  -63.568  20.614 0.6000000238
32013  30.341  -62.655  22.834 0.6000000238
32015  28.867  -62.223  22.532 0.6000000238
32054  28.078  -62.437  21.009 0.6000000238
32065  27.948  -62.892  20.420 0.6000000238
32066  27.455  -62.694  19.563 0.6000000238
33057  30.641  -61.835  23.134 0.6000000238
32067  26.685  -62.280  19.201 0.5000000000
32011  31.852  -62.289  22.488 0.6000000238
33102  26.356  -61.318  19.426 0.6000000238
37965  28.965  -56.334  15.632 0.6999999881
32014  29.474  -62.615  22.644 0.6000000238
129094  27.936  -61.779  21.257 0.6000000238
33036  30.202  -61.191  23.395 0.6000000238
33059  28.832  -61.464  22.845 0.6000000238
32055  27.560  -61.978  20.315 0.6000000238
123855  27.035  -61.884  19.662 0.6000000238
33091  27.006  -61.151  19.984 0.6000000238
33056  31.494  -61.541  22.907 0.6000000238
35969  32.857  -59.243  21.861 0.6000000238
38980  28.117  -55.617  15.558 0.6999999881
38996  27.505  -55.057  15.395 0.6999999881
33035  30.901  -61.195  23.309 0.6000000238
34000  28.262  -60.948  22.429 0.6999999881
33076  27.843  -61.045  21.620 0.6999999881
33968  31.418  -60.714  23.252 0.6000000238
39950  26.902  -54.473  15.821 0.6999999881
33037  29.409  -61.025  23.310 0.6999999881
33969  30.708  -60.559  23.560 0.6999999881
33970  29.918  -60.450  23.662 0.6999999881
33987  28.220  -60.263  22.673 0.6999999881
34001  27.812  -60.344  21.969 0.6999999881
33090  27.484  -61.086  20.711 0.6000000238
34011  27.440  -60.323  21.140 0.6999999881
35036  27.084  -59.520  20.749 0.6000000238
34023  26.422  -60.380  19.800 0.5000000000
41903  25.711  -52.813  15.630 0.8000000119
33971  29.156  -60.268  23.527 0.6999999881
35016  28.186  -59.574  22.863 0.6999999881
35029  27.521  -59.605  21.540 0.6999999881
35046  25.781  -59.493  19.596 0.5000000000
35959  27.756  -58.916  22.097 0.6999999881
131516  27.255  -58.735  21.147 0.6000000238
35979  26.677  -58.658  20.479 0.6000000238
56526  28.141  -38.876  18.820 0.6999999881
127012  31.639  -41.046  20.574 0.6999999881
55485  29.876  -40.051  19.799 0.6999999881
54439  32.756  -40.635  21.434 0.6000000238
54454  32.034  -40.538  20.831 0.6000000238
55501  29.475  -39.402  19.381 0.6999999881
56525  29.066  -38.777  18.873 0.6999999881
57471  27.584  -38.265  18.503 0.6999999881
139975  26.962  -37.585  18.297 0.6999999881
55483  31.716  -39.753  20.452 0.6000000238
55484  30.738  -39.931  20.116 0.6999999881
56524  29.957  -38.748  19.067 0.6999999881
55469  33.293  -39.855  21.856 0.6000000238
57470  28.560  -38.035  18.436 0.6999999881
57482  27.822  -37.571  18.245 0.6999999881
139934  27.485  -36.779  17.936 0.6999999881
55482  32.571  -39.836  21.109 0.6000000238
56513  32.575  -39.055  20.572 0.6000000238
138875  32.048  -38.085  19.356 0.6000000238
56523  30.806  -38.700  19.298 0.6999999881
57469  29.655  -38.053  18.506 0.6999999881
57481  28.437  -37.174  18.098 0.6999999881
145591  28.374  -36.524  17.757 0.6999999881
144962  27.858  -35.892  17.575 0.6999999881
56499  33.091  -39.224  21.320 0.6000000238
57459  32.842  -38.289  20.399 0.6000000238
57466  32.746  -37.738  19.797 0.5000000000
57467  31.290  -38.028  18.910 0.6000000238
57479  30.521  -37.073  18.219 0.5000000000
58381  29.214  -36.707  17.912 0.6999999881
59360  29.361  -35.192  17.456 0.6999999881
59361  28.395  -35.129  17.412 0.6999999881
70097  31.398  -24.751  13.338 0.3000000119
69122  30.861  -25.424  13.176 0.3000000119
133215  28.777  -26.942  13.581 0.3000000119
26229  31.617  -68.484  20.307 0.4000000060
26230  31.015  -68.525  19.660 0.3000000119
26233  30.535  -68.424  18.850 0.4000000060
130173  33.628  -67.308  20.568 0.3000000119
132064  30.636  -67.789  19.454 0.4000000060
29035  34.127  -65.593  20.100 0.4000000060
28079  30.145  -66.949  19.184 0.4000000060
29034  34.239  -64.986  19.377 0.4000000060
30011  34.207  -64.339  18.582 0.4000000060
130143  34.053  -63.619  17.877 0.4000000060
33119  33.481  -62.175  17.547 0.5000000000
33129  32.909  -60.952  16.349 0.4000000060
28080  29.607  -66.102  19.272 0.4000000060
35071  31.748  -59.300  15.645 0.5000000000
36025  30.087  -57.931  15.058 0.6000000238
30012  28.109  -64.640  18.562 0.5000000000
30013  27.270  -64.455  18.256 0.5000000000
36967  29.436  -57.514  15.057 0.6000000238
31012  27.071  -63.124  18.814 0.5000000000
32077  26.053  -62.719  18.674 0.4000000060
37966  28.160  -56.323  15.074 0.6999999881
39968  27.051  -54.561  15.556 0.6999999881
34024  25.599  -60.399  19.289 0.5000000000
39985  26.560  -54.118  15.593 0.8000000119
40962  26.970  -53.861  15.000 0.6999999881
34025  24.770  -59.389  18.940 0.5000000000
35038  25.963  -58.605  19.962 0.6000000238
51195  33.674  -43.878  24.652 0.6000000238
56512  33.272  -38.428  21.152 0.5000000000
58377  32.789  -36.547  18.811 0.5000000000
58378  31.885  -36.669  18.310 0.5000000000
59358  31.180  -35.258  17.613 0.5000000000
59359  30.274  -35.228  17.529 0.5000000000
61201  29.480  -33.650  17.250 0.5000000000
70107  30.781  -24.537  12.776 0.3000000119
69124  29.467  -25.604  12.928 0.3000000119
35014  32.427  -59.941  22.443 0.6000000238
33055  32.273  -61.504  22.270 0.6000000238
33999  33.145  -60.586  21.145 0.6000000238
35958  28.168  -58.798  23.066 0.8000000119
36952  30.987  -57.823  16.346 0.6999999881
129315  28.981  -55.610  16.187 0.6999999881
38973  27.615  -54.866  16.061 0.6999999881
54455  31.211  -40.499  20.425 0.6999999881
60294  28.944  -34.385  17.306 0.6000000238
144098  30.224  -25.814  12.983 0.3000000119
40948  25.834  -53.671  15.932 0.8000000119
129942  27.741  -54.333  14.701 0.6999999881
55500  30.347  -39.354  19.579 0.6999999881
28067  32.369  -66.899  21.148 0.4000000060
136534  32.769  -65.350  21.218 0.4000000060
28066  33.770  -66.396  20.572 0.3000000119
147968  33.155  -64.941  21.037 0.5000000000
129560  30.032  -66.329  20.159 0.5000000000
32084  33.780  -62.917  17.274 0.3000000119
134039  32.870  -60.751  15.524 0.4000000060
29048  29.187  -65.691  18.638 0.5000000000
35037  26.516  -59.505  20.142 0.6000000238
140077  29.140  -37.419  18.270 0.6999999881
56514  31.908  -39.081  19.996 0.6999999881
56521  32.307  -38.511  19.889 0.6000000238
55499  31.197  -39.270  19.807 0.6999999881
57468  30.498  -37.654  18.482 0.6999999881
58370  32.219  -37.418  18.880 0.5000000000
58371  31.241  -37.270  18.413 0.6000000238
57480  29.850  -37.233  18.247 0.6999999881
59346  28.832  -35.937  17.548 0.6999999881
57458  33.295  -37.717  20.618 0.5000000000
58369  33.033  -37.055  19.368 0.5000000000
58380  30.143  -36.613  17.931 0.5000000000
59345  29.741  -35.967  17.629 0.5000000000
60293  29.891  -34.447  17.399 0.5000000000
140552  33.543  -37.677  21.326 0.5000000000
59342  32.430  -35.913  18.275 0.5000000000
59357  32.077  -35.242  17.869 0.5000000000
60292  30.814  -34.497  17.455 0.5000000000
39012  27.603  -55.275  15.242 0.6000000238
39984  27.244  -54.622  15.228 0.6000000238
41899  28.909  -53.064  14.687 0.5000000000
39983  28.502  -54.781  14.342 0.6000000238
41900  27.887  -53.233  14.658 0.6000000238
42823  29.913  -51.421  15.845 0.5000000000
42824  29.046  -51.683  15.334 0.5000000000
41890  28.503  -52.368  14.949 0.6000000238
37920  25.576  -56.480  21.266 0.5000000000
42826  27.485  -51.513  15.149 0.6000000238
42811  30.793  -51.214  16.269 0.5000000000
43836  31.264  -50.394  16.426 0.5000000000
37907  25.260  -56.757  21.755 0.4000000060
37889  25.578  -56.224  23.169 0.4000000060
44891  31.702  -49.526  16.323 0.5000000000
43837  30.257  -50.586  16.140 0.5000000000
45948  31.060  -48.851  16.188 0.5000000000
44892  30.703  -49.749  16.288 0.5000000000
38892  24.410  -55.171  24.320 0.4000000060
42696  26.857  -51.075  26.466 0.4000000060
42705  26.091  -51.360  26.109 0.4000000060
42706  25.233  -51.543  25.716 0.4000000060
42707  24.319  -51.638  25.297 0.3000000119
132416  29.710  -46.902  26.280 0.4000000060
46934  29.195  -47.311  26.302 0.4000000060
44762  27.848  -49.638  26.786 0.4000000060
43699  27.153  -50.148  26.438 0.4000000060
44776  27.273  -49.118  26.288 0.4000000060
43710  26.344  -50.413  25.960 0.4000000060
148276  27.432  -48.374  26.037 0.4000000060
44777  26.568  -49.473  25.807 0.4000000060
43711  25.467  -50.613  25.654 0.4000000060
43712  24.572  -50.735  25.260 0.4000000060
127730  28.835  -48.627  26.746 0.4000000060
45835  28.590  -47.901  26.442 0.4000000060
130111  28.018  -48.648  26.576 0.4000000060
142541  29.936  -46.290  26.190 0.4000000060
48024  29.104  -46.498  25.998 0.4000000060
131635  28.443  -47.117  26.005 0.4000000060
45836  27.853  -47.759  26.098 0.4000000060
46946  27.737  -47.166  25.478 0.4000000060
45848  27.255  -47.835  25.392 0.4000000060
44778  25.724  -49.725  25.423 0.4000000060
46947  26.988  -47.274  24.874 0.4000000060
45857  25.716  -48.389  24.378 0.4000000060
49054  32.279  -45.608  26.041 0.4000000060
131138  29.498  -45.713  25.982 0.4000000060
48037  28.252  -46.556  25.766 0.4000000060
49069  33.005  -45.070  25.547 0.5000000000
49055  31.585  -44.923  26.159 0.4000000060
131890  31.180  -45.597  26.228 0.4000000060
49056  30.264  -45.590  26.106 0.4000000060
138288  28.763  -45.906  25.850 0.4000000060
49070  28.035  -46.044  25.761 0.4000000060
48038  27.550  -46.638  25.395 0.4000000060
49071  27.281  -46.067  25.691 0.4000000060
48050  26.346  -47.014  24.595 0.4000000060
50109  32.848  -44.287  25.626 0.5000000000
50091  32.074  -44.236  26.074 0.5000000000
50093  30.307  -44.393  26.215 0.4000000060
49057  29.876  -45.024  25.945 0.4000000060
125480  29.083  -45.119  26.045 0.4000000060
51186  32.601  -43.544  25.763 0.5000000000
50092  31.148  -44.324  26.220 0.4000000060
124243  29.571  -44.404  26.218 0.4000000060
51166  31.736  -43.574  26.184 0.4000000060
51167  30.820  -43.680  26.380 0.4000000060
51168  29.983  -43.628  26.452 0.4000000060
51169  29.283  -43.681  26.426 0.4000000060
52297  31.882  -41.922  26.106 0.4000000060
53398  31.077  -41.423  26.181 0.4000000060
53383  30.257  -41.696  26.374 0.4000000060
52277  29.941  -42.657  26.517 0.4000000060
53384  29.431  -41.846  26.414 0.4000000060
52309  33.619  -42.895  24.804 0.5000000000
53396  32.842  -42.043  25.577 0.5000000000
144648  30.531  -41.014  26.133 0.4000000060
53399  29.804  -41.043  26.202 0.4000000060
53400  28.980  -41.093  26.106 0.3000000119
52324  33.806  -42.381  23.846 0.5000000000
52296  32.310  -42.782  25.929 0.5000000000
52276  31.388  -42.867  26.353 0.4000000060
124951  30.571  -43.036  26.517 0.4000000060
52278  29.095  -42.783  26.508 0.4000000060
53382  30.843  -42.256  26.457 0.4000000060
146961  29.557  -43.225  26.498 0.4000000060
53408  33.270  -41.405  25.026 0.5000000000
53397  32.492  -41.226  25.509 0.5000000000
135560  31.719  -41.128  25.844 0.4000000060
136211  31.123  -40.727  25.863 0.4000000060
54401  29.423  -40.417  25.773 0.3000000119
54415  33.370  -40.536  24.255 0.5000000000
54398  32.869  -40.473  25.030 0.5000000000
54399  31.947  -40.408  25.489 0.4000000060
54400  31.078  -40.132  25.576 0.4000000060
55413  30.502  -39.579  25.353 0.4000000060
141612  29.795  -39.878  25.497 0.3000000119
135768  29.095  -39.790  25.393 0.3000000119
54402  28.595  -40.423  25.611 0.3000000119
54423  33.570  -40.163  23.481 0.4000000060
55453  33.644  -39.498  23.167 0.5000000000
55411  32.424  -39.669  25.022 0.3000000119
55412  31.500  -39.594  25.303 0.4000000060
55414  29.676  -39.301  25.135 0.3000000119
55415  28.255  -39.733  25.163 0.3000000119
55430  33.106  -39.711  24.529 0.3000000119
55445  33.500  -39.623  23.924 0.4000000060
56489  33.643  -38.656  22.759 0.4000000060
56498  33.490  -38.942  21.938 0.4000000060
56450  31.988  -38.882  25.052 0.3000000119
56452  30.231  -38.934  24.989 0.3000000119
56464  29.579  -38.567  24.661 0.3000000119
55432  28.906  -39.175  24.893 0.3000000119
55416  27.508  -39.789  25.088 0.3000000119
134578  26.919  -39.629  24.968 0.3000000119
55431  32.804  -38.964  24.615 0.3000000119
133184  28.675  -38.528  24.477 0.3000000119
55433  28.159  -39.104  24.746 0.3000000119
55435  26.517  -39.061  24.660 0.3000000119
135742  33.313  -39.070  24.219 0.3000000119
56478  33.543  -38.856  23.626 0.3000000119
57442  33.602  -37.696  22.653 0.3000000119
125672  33.610  -38.093  21.962 0.4000000060
129951  33.704  -37.081  20.935 0.4000000060
57465  33.500  -37.104  20.051 0.4000000060
58368  33.601  -36.301  19.497 0.4000000060
59343  31.531  -35.980  17.907 0.4000000060
55417  26.292  -39.747  25.100 0.3000000119
57404  32.699  -37.487  24.238 0.3000000119
56461  32.370  -38.192  24.624 0.3000000119
56460  33.186  -38.291  24.146 0.3000000119
126230  33.580  -36.924  22.667 0.3000000119
57449  33.698  -37.150  21.882 0.3000000119
58354  34.144  -35.718  20.863 0.3000000119
58361  33.947  -36.417  20.423 0.4000000060
59327  34.179  -35.681  20.028 0.4000000060
59341  33.227  -35.737  18.765 0.4000000060
134122  32.869  -35.176  18.265 0.4000000060
60281  32.559  -34.502  17.932 0.4000000060
60291  31.713  -34.518  17.625 0.4000000060
131484  33.514  -38.045  23.403 0.3000000119
59326  34.273  -35.060  20.535 0.3000000119
59333  34.237  -34.993  19.892 0.3000000119
142606  33.426  -35.061  18.691 0.4000000060
61190  33.032  -33.714  18.161 0.4000000060
61198  32.202  -33.798  17.712 0.4000000060
63182  32.064  -31.548  17.710 0.4000000060
137073  30.942  -33.001  17.454 0.4000000060
135044  30.033  -32.917  17.194 0.4000000060
135043  29.078  -32.847  17.049 0.5000000000
61175  34.379  -33.689  19.786 0.3000000119
61176  33.988  -33.839  19.130 0.3000000119
61189  33.688  -33.291  18.687 0.4000000060
62178  33.165  -32.691  18.273 0.4000000060
62179  32.344  -32.437  17.857 0.4000000060
63171  32.885  -31.846  18.105 0.3000000119
134894  31.476  -30.842  17.495 0.4000000060
63184  30.411  -31.545  17.120 0.3000000119
131381  29.696  -32.044  16.906 0.3000000119
62188  28.658  -32.097  16.800 0.4000000060
64137  30.374  -30.200  17.007 0.3000000119
143302  29.112  -30.971  16.608 0.3000000119
61165  34.358  -33.519  20.674 0.3000000119
129802  34.515  -32.838  19.993 0.3000000119
61188  34.198  -33.043  19.306 0.3000000119
62177  33.889  -32.432  18.819 0.3000000119
138722  33.512  -31.943  18.494 0.3000000119
63170  33.339  -31.269  18.404 0.3000000119
64126  32.982  -30.580  18.216 0.3000000119
64136  31.690  -30.128  17.610 0.3000000119
142944  31.074  -30.337  17.318 0.3000000119
65074  31.147  -29.691  17.319 0.3000000119
130636  34.380  -32.658  20.668 0.3000000119
62165  34.330  -32.163  19.435 0.3000000119
63169  34.042  -31.466  18.874 0.3000000119
64125  33.721  -30.597  18.682 0.3000000119
127195  33.338  -29.841  18.436 0.3000000119
64127  32.485  -29.931  17.971 0.3000000119
65063  31.945  -29.368  17.627 0.3000000119
65990  31.331  -28.766  17.322 0.3000000119
65075  30.552  -29.343  16.983 0.3000000119
140284  31.970  -27.819  17.467 0.3000000119
66941  31.021  -27.893  17.036 0.3000000119
66940  31.395  -26.989  17.147 0.3000000119
51185  33.297  -43.638  25.290 0.5000000000
38995  27.847  -55.872  15.074 0.6000000238
130052  27.748  -55.262  14.807 0.5000000000
40960  29.354  -53.575  14.545 0.5000000000
39982  29.441  -54.251  14.243 0.5000000000
41877  31.232  -51.717  16.333 0.5000000000
41887  30.690  -52.873  15.677 0.5000000000
40947  29.746  -53.100  15.005 0.5000000000
35970  27.400  -57.941  21.549 0.6000000238
35980  26.113  -57.766  20.346 0.6000000238
36910  26.240  -57.022  20.712 0.6000000238
37925  25.666  -56.655  20.809 0.5000000000
37926  25.044  -56.692  20.618 0.5000000000
37921  24.926  -56.609  20.882 0.5000000000
36911  24.538  -56.963  21.037 0.5000000000
36898  24.865  -57.597  22.414 0.4000000060
129374  24.895  -56.623  23.621 0.4000000060
38907  24.138  -55.952  24.129 0.4000000060
41783  23.626  -52.780  24.809 0.3000000119
42720  23.597  -51.657  24.655 0.3000000119
133009  23.902  -50.854  24.643 0.4000000060
43726  24.970  -50.029  25.100 0.4000000060
46958  26.129  -47.647  24.400 0.4000000060
136903  28.338  -44.869  26.227 0.4000000060
48039  26.814  -46.600  25.098 0.4000000060
49073  25.560  -45.941  25.523 0.4000000060
49058  27.789  -45.446  26.052 0.4000000060
50094  28.867  -44.302  26.310 0.4000000060
49059  26.936  -45.379  26.122 0.4000000060
53385  28.595  -41.846  26.360 0.4000000060
124979  28.606  -43.484  26.517 0.4000000060
53401  28.144  -41.094  25.880 0.3000000119
54403  27.772  -40.409  25.451 0.3000000119
54404  26.923  -40.268  25.383 0.3000000119
42810  31.721  -51.112  16.559 0.5000000000
39871  23.719  -54.460  24.537 0.4000000060
46959  25.339  -47.967  23.991 0.4000000060
48051  25.513  -47.175  24.328 0.4000000060
51170  28.105  -44.105  26.522 0.4000000060
50095  27.510  -44.692  26.369 0.4000000060
42825  28.221  -51.585  15.147 0.5000000000
140039  30.484  -47.035  26.410 0.4000000060
55468  33.584  -39.436  22.498 0.5000000000
48023  30.779  -46.279  26.306 0.4000000060
53417  33.543  -41.489  24.115 0.5000000000
61200  30.426  -33.722  17.348 0.4000000060
138273  31.807  -33.079  17.689 0.4000000060
40961  28.653  -53.848  14.457 0.6000000238
41889  29.812  -52.282  15.510 0.5000000000
145269  31.235  -52.295  16.177 0.5000000000
126956  26.857  -48.614  25.582 0.4000000060
45849  26.558  -48.088  24.846 0.4000000060
44793  26.063  -48.878  25.137 0.4000000060
44794  25.160  -49.254  24.498 0.4000000060
127973  32.377  -44.818  25.935 0.5000000000
126480  30.663  -44.967  26.073 0.4000000060
49072  26.443  -46.023  25.617 0.4000000060
48040  25.998  -46.539  24.936 0.4000000060
124991  33.553  -42.063  24.681 0.5000000000
124932  33.351  -42.223  25.178 0.5000000000
52295  33.094  -42.833  25.457 0.5000000000
59334  33.833  -35.267  19.321 0.4000000060
143619  33.213  -37.570  23.821 0.3000000119
60260  34.386  -34.371  20.220 0.3000000119
60268  34.144  -34.460  19.531 0.3000000119
64135  32.249  -30.700  17.798 0.3000000119
132132  30.600  -32.214  17.298 0.4000000060
62154  34.524  -31.943  20.247 0.3000000119
64124  34.248  -30.608  19.207 0.3000000119
32078  25.253  -62.246  18.230 0.4000000060
33103  25.417  -61.130  18.933 0.4000000060
33114  24.133  -60.016  17.327 0.4000000060
34038  24.125  -59.068  17.844 0.3000000119
34037  24.717  -60.329  18.509 0.4000000060
36024  30.467  -58.324  14.784 0.5000000000
35047  24.960  -58.518  19.436 0.5000000000
35990  23.295  -57.208  18.727 0.3000000119
36041  29.727  -57.800  14.538 0.5000000000
36978  28.587  -56.964  14.586 0.5000000000
36040  30.355  -58.307  14.101 0.5000000000
35981  25.233  -57.710  19.940 0.5000000000
35989  24.122  -57.665  19.464 0.4000000060
37977  28.171  -56.439  14.888 0.5000000000
36054  29.840  -57.910  13.882 0.5000000000
36991  29.535  -57.398  13.707 0.3000000119
39011  27.922  -56.012  14.921 0.5000000000
37992  28.370  -56.528  14.494 0.4000000060
39022  28.443  -55.772  14.231 0.4000000060
38007  29.757  -56.235  13.418 0.3000000119
39021  29.281  -55.760  13.698 0.3000000119
39020  30.120  -55.407  13.547 0.3000000119
39993  29.301  -55.084  13.907 0.3000000119
39966  31.041  -54.364  14.869 0.3000000119
39010  30.696  -54.856  14.105 0.3000000119
39992  29.975  -54.700  13.911 0.4000000060
40945  31.384  -53.671  15.569 0.4000000060
39967  30.266  -54.231  14.377 0.4000000060
36881  24.622  -57.364  23.449 0.3000000119
38893  23.422  -55.164  24.438 0.3000000119
43727  24.281  -49.985  24.404 0.3000000119
44795  24.335  -49.256  23.742 0.3000000119
45858  24.909  -48.643  23.863 0.3000000119
45868  24.687  -48.299  23.714 0.3000000119
46960  24.778  -47.703  23.872 0.3000000119
48041  25.110  -46.457  24.839 0.3000000119
49060  26.023  -45.351  26.123 0.3000000119
49074  24.681  -45.789  25.391 0.3000000119
49083  23.347  -46.063  24.626 0.3000000119
124978  27.828  -43.286  26.601 0.3000000119
51171  27.269  -43.871  26.607 0.3000000119
50096  26.472  -44.465  26.462 0.3000000119
50097  25.582  -44.682  26.391 0.3000000119
52279  28.237  -42.603  26.509 0.3000000119
52280  27.425  -42.452  26.438 0.3000000119
51172  26.478  -43.428  26.621 0.3000000119
51173  25.497  -43.782  26.677 0.3000000119
52281  26.672  -42.496  26.450 0.3000000119
52282  25.856  -42.675  26.560 0.3000000119
52283  24.914  -42.842  26.688 0.3000000119
135974  27.760  -41.757  26.210 0.3000000119
53387  26.193  -41.784  26.278 0.3000000119
138576  31.182  -58.758  15.152 0.5000000000
40946  30.473  -53.683  14.992 0.4000000060
37891  23.812  -56.723  24.052 0.3000000119
49082  24.226  -46.281  24.741 0.3000000119
125658  27.132  -43.078  26.593 0.3000000119
36928  23.649  -57.338  19.546 0.3000000119
144945  23.211  -57.189  19.299 0.3000000119
35972  24.180  -57.858  21.302 0.3000000119
28094  29.575  -66.913  17.499 0.4000000060
28103  29.338  -67.222  16.643 0.4000000060
28095  28.864  -66.508  17.067 0.4000000060
28105  27.627  -66.631  15.921 0.4000000060
29068  26.901  -66.086  16.407 0.3000000119
29059  28.304  -65.815  17.518 0.4000000060
29067  27.932  -66.325  16.772 0.4000000060
30023  26.750  -64.943  17.642 0.4000000060
33128  33.137  -61.586  16.867 0.3000000119
29050  27.762  -65.129  17.917 0.4000000060
30024  25.729  -64.531  17.132 0.3000000119
31023  25.480  -63.655  17.405 0.3000000119
30014  26.353  -64.185  17.944 0.4000000060
31025  24.257  -61.689  16.214 0.3000000119
31024  24.758  -62.732  16.533 0.3000000119
33121  24.120  -60.925  16.827 0.3000000119
31013  26.167  -63.453  18.286 0.4000000060
31014  25.299  -62.890  17.830 0.3000000119
32085  24.632  -62.041  17.368 0.3000000119
27190  29.178  -67.538  15.929 0.4000000060
28104  28.627  -66.920  16.277 0.4000000060
34062  23.498  -60.101  16.606 0.3000000119
147593  29.944  -67.133  18.232 0.3000000119
33130  23.577  -60.949  16.137 0.3000000119
26221  32.306  -68.294  20.613 0.4000000060
27177  29.589  -66.457  18.438 0.4000000060
28069  30.655  -66.523  20.789 0.4000000060
29007  31.274  -65.406  21.559 0.5000000000
29008  30.450  -65.549  21.289 0.5000000000
29009  29.942  -64.995  21.368 0.5000000000
29020  32.971  -66.177  21.122 0.4000000060
29049  28.588  -65.335  18.192 0.4000000060
29058  29.068  -66.044  17.834 0.4000000060
29060  27.265  -65.701  17.243 0.4000000060
29981  33.664  -63.927  20.268 0.4000000060
29984  28.520  -64.225  20.310 0.5000000000
29998  33.992  -64.143  19.478 0.4000000060
29999  28.900  -65.060  19.933 0.5000000000
30001  27.592  -63.947  18.796 0.5000000000
30945  30.443  -63.381  22.545 0.6000000238
30965  28.495  -63.157  21.334 0.6000000238
30985  33.218  -63.702  21.073 0.5000000000
31011  33.968  -63.529  18.758 0.4000000060
32036  28.913  -62.957  22.225 0.6000000238
32037  28.414  -62.397  21.780 0.6000000238
33058  29.666  -61.904  23.046 0.6000000238
33074  32.856  -61.333  21.494 0.6000000238
33075  28.326  -61.671  22.117 0.6000000238
33101  33.451  -61.871  19.442 0.4000000060
33112  25.760  -61.903  18.858 0.4000000060
33113  24.688  -61.337  18.148 0.3000000119
33140  23.690  -61.540  15.818 0.3000000119
33984  32.600  -60.691  21.955 0.6000000238
33985  32.042  -60.784  22.704 0.6000000238
33986  28.720  -60.722  23.091 0.6999999881
34010  33.215  -60.549  20.258 0.6000000238
34012  27.001  -60.321  20.365 0.6999999881
34982  31.010  -59.182  24.181 0.8000000119
34983  30.208  -59.111  24.340 0.8999999762
35017  27.855  -59.758  22.250 0.6999999881
35035  33.189  -59.884  20.650 0.6000000238
35048  23.848  -58.096  18.551 0.3000000119
35079  31.024  -58.723  14.392 0.5000000000
35927  30.000  -58.382  24.637 0.8999999762
35928  29.436  -58.096  24.475 0.8999999762
35939  32.437  -58.661  23.182 1.0000000000
35971  26.793  -57.861  20.879 0.6000000238
35991  23.000  -57.030  18.750 0.3000000119
36867  29.054  -57.441  24.504 0.8999999762
36896  27.948  -57.156  22.767 0.6999999881
36897  27.531  -57.135  21.898 0.6000000238
36918  25.473  -57.006  20.392 0.5000000000
36919  24.579  -57.158  20.162 0.5000000000
36920  24.494  -57.054  20.341 0.3000000119
36921  23.952  -57.309  20.100 0.3000000119
36953  29.537  -57.101  15.563 0.6999999881
36954  28.667  -56.945  15.024 0.6000000238
36977  29.174  -57.421  14.249 0.5000000000
36992  28.795  -57.054  14.003 0.4000000060
37887  32.783  -56.528  23.827 0.8999999762
37888  28.265  -56.373  23.776 0.6999999881
37890  25.328  -56.928  22.860 0.4000000060
37904  27.532  -56.352  22.310 0.6999999881
37905  26.823  -56.059  21.969 0.6999999881
37964  30.023  -56.577  16.153 0.8000000119
38008  28.898  -56.419  13.832 0.4000000060
38891  25.441  -55.107  24.130 0.5000000000
38905  26.357  -55.329  23.513 0.6000000238
38920  27.743  -55.873  22.811 0.6999999881
38923  26.182  -55.806  22.779 0.6000000238
38934  26.198  -56.076  21.920 0.6000000238
38970  30.544  -55.403  17.116 0.8000000119
38971  29.544  -55.171  16.822 0.8000000119
39858  28.650  -54.367  25.646 0.8000000119
39878  28.002  -55.250  23.733 0.8000000119
39940  30.936  -54.706  17.770 0.8000000119
39951  26.371  -54.103  16.064 0.6999999881
39969  26.383  -54.101  15.876 0.8000000119
40823  27.250  -53.424  25.567 0.6999999881
40863  32.687  -53.019  21.673 1.0000000000
40907  29.987  -53.907  17.711 0.8999999762
40910  27.258  -53.452  16.857 0.8999999762
40927  25.830  -53.703  16.001 0.8999999762
40928  25.408  -53.288  16.032 0.8999999762
40949  25.328  -53.184  15.962 0.8000000119
40959  29.890  -53.727  14.541 0.4000000060
40963  26.191  -53.392  15.506 0.8000000119
41759  27.526  -52.302  26.551 0.6000000238
41767  32.642  -52.579  25.826 0.8999999762
41831  31.137  -51.687  20.094 0.8999999762
41849  30.143  -52.520  18.669 0.8999999762
41852  27.556  -52.204  17.256 0.8999999762
41888  30.563  -51.998  16.007 0.5000000000
41891  27.701  -52.272  14.919 0.6000000238
41892  26.955  -52.138  15.128 0.6999999881
41902  26.375  -52.683  15.276 0.8000000119
42692  31.784  -51.487  26.938 0.8999999762
42786  28.105  -51.503  17.393 0.8999999762
42798  24.940  -51.719  16.458 0.8999999762
42812  24.925  -51.679  16.359 0.8999999762
43812  28.553  -50.826  17.484 0.8999999762
43826  25.358  -51.174  17.150 0.8999999762
43838  24.506  -50.920  16.713 0.8999999762
43850  25.961  -51.239  15.469 0.8000000119
44839  31.962  -49.889  21.338 1.0000000000
44911  24.073  -49.508  16.905 0.8999999762
45926  28.909  -48.598  17.524 1.0000000000
45963  27.084  -48.534  15.345 0.8000000119
45965  24.977  -48.271  16.237 0.8000000119
47029  30.571  -46.911  18.046 1.0000000000
47030  29.683  -46.823  17.777 1.0000000000
47031  29.115  -47.268  17.665 1.0000000000
47055  24.453  -47.418  16.884 0.8999999762
47067  29.441  -47.913  15.905 0.6000000238
48077  34.033  -46.850  22.225 0.8000000119
48109  25.319  -45.777  18.350 0.8999999762
48119  31.064  -46.296  18.315 1.0000000000
48135  24.245  -46.385  17.375 0.8999999762
48146  24.315  -46.714  16.982 0.8999999762
48159  25.320  -46.794  16.309 0.6999999881
49169  24.804  -45.533  16.713 0.8999999762
49198  30.829  -45.087  14.249 0.6000000238
50110  25.143  -45.255  26.007 0.3000000119
50176  25.018  -44.464  18.756 1.0000000000
50185  29.566  -44.222  18.376 1.0000000000
50189  23.826  -44.476  18.173 0.8999999762
50190  23.546  -43.815  18.289 0.8999999762
50219  29.011  -44.298  15.523 0.6000000238
51243  32.395  -43.953  19.792 0.8000000119
51246  29.480  -42.763  18.871 0.8000000119
51251  24.047  -43.597  19.112 1.0000000000
51268  26.890  -43.827  18.804 1.0000000000
51269  23.252  -43.272  18.497 0.8999999762
51278  23.722  -43.375  17.550 0.8999999762
51304  28.370  -43.806  15.803 0.6999999881
51317  29.835  -44.050  15.091 0.6000000238
52361  26.253  -42.187  19.637 0.8999999762
52363  24.048  -42.308  19.410 1.0000000000
52381  27.402  -42.443  19.516 0.8999999762
52384  24.708  -42.949  19.330 1.0000000000
52396  22.812  -42.589  18.366 0.8999999762
53469  28.531  -41.806  19.570 0.8000000119
53491  27.829  -41.334  17.368 0.6999999881
54461  24.725  -41.006  19.544 0.8999999762
54462  23.312  -41.241  19.352 0.8999999762
55434  27.411  -39.160  24.723 0.3000000119
55487  28.170  -40.218  19.530 0.8000000119
55535  25.778  -39.130  16.581 0.6999999881
56522  31.602  -38.618  19.528 0.6000000238
56527  27.258  -39.037  18.795 0.8000000119
56564  22.718  -37.273  16.343 0.8000000119
57505  22.815  -35.859  16.395 0.8000000119
57506  22.627  -36.565  16.488 0.8000000119
57519  24.253  -37.043  15.733 0.6000000238
58379  30.981  -36.621  18.033 0.5000000000
58389  22.826  -35.494  17.060 0.8000000119
58401  22.865  -35.202  16.779 0.8000000119
58414  29.422  -36.261  15.332 0.5000000000
58416  27.728  -36.489  15.302 0.6000000238
59344  30.631  -35.969  17.726 0.5000000000
59347  24.753  -35.310  17.059 0.8000000119
59364  23.448  -35.068  16.896 0.8000000119
60269  33.722  -34.528  18.927 0.3000000119
60280  33.231  -34.506  18.384 0.4000000060
60319  26.135  -34.945  15.471 0.6000000238
60320  25.631  -33.902  15.766 0.6000000238
60334  28.580  -34.826  14.535 0.5000000000
61199  31.338  -33.777  17.480 0.4000000060
61225  25.753  -33.379  15.933 0.6000000238
61241  25.823  -33.194  15.505 0.6000000238
62187  31.483  -32.302  17.576 0.4000000060
62224  26.753  -32.760  14.577 0.6000000238
63183  31.113  -31.542  17.411 0.4000000060
63185  29.878  -31.081  16.816 0.3000000119
64138  29.479  -30.398  16.670 0.3000000119
64139  28.670  -30.532  16.507 0.4000000060
64140  27.843  -30.665  16.420 0.6000000238
64141  27.136  -30.837  16.165 0.6000000238
64152  26.658  -31.228  15.845 0.6000000238
64172  27.076  -30.093  14.878 0.6000000238
65089  27.428  -29.581  15.596 0.5000000000
65107  27.624  -29.013  14.474 0.6000000238
65108  27.363  -29.482  14.724 0.6000000238
65989  32.207  -28.642  17.616 0.3000000119
66026  27.601  -28.421  14.550 0.6000000238
66954  28.726  -27.875  15.748 0.4000000060
66955  27.885  -27.408  15.244 0.4000000060
67947  30.463  -26.237  16.177 0.4000000060
67948  29.838  -26.615  15.851 0.4000000060
67960  27.798  -26.989  14.688 0.4000000060
67967  27.822  -27.167  14.189 0.4000000060
67972  29.675  -26.454  13.211 0.3000000119
126758  28.366  -25.783  13.784 0.4000000060
127667  33.488  -62.286  16.626 0.3000000119
128166  27.227  -29.499  15.175 0.6000000238
130843  29.925  -47.553  26.563 0.4000000060
131053  26.488  -31.878  14.862 0.6000000238
131649  29.657  -41.201  19.958 0.8000000119
131802  33.383  -44.966  20.885 0.8000000119
133447  27.777  -48.044  15.424 0.6999999881
134748  28.583  -60.098  23.232 0.6999999881
134842  30.452  -38.251  18.799 0.6999999881
134987  30.721  -30.907  17.190 0.3000000119
135473  33.573  -33.985  18.611 0.4000000060
136054  27.959  -46.675  17.723 1.0000000000
136127  22.557  -42.020  18.632 1.0000000000
136239  28.096  -50.137  17.333 0.8999999762
137571  29.429  -31.011  14.435 0.4000000060
137645  31.707  -59.014  23.725 0.8999999762
137907  24.525  -46.817  17.463 0.8999999762
138482  32.521  -33.148  17.943 0.4000000060
139515  32.817  -53.012  25.257 1.0000000000
139693  30.319  -40.382  25.785 0.3000000119
140041  29.048  -57.298  14.702 0.5000000000
140447  26.569  -48.887  15.413 0.6999999881
141036  30.660  -28.617  16.907 0.3000000119
141379  32.715  -31.188  18.033 0.3000000119
141466  28.441  -45.498  25.985 0.4000000060
141569  26.302  -31.497  15.201 0.6000000238
141768  29.134  -31.516  16.697 0.3000000119
141833  26.949  -63.823  18.471 0.5000000000
141995  33.334  -49.965  23.114 1.0000000000
142503  29.178  -52.505  15.094 0.5000000000
142688  31.438  -45.036  18.711 0.8999999762
142833  24.312  -48.868  16.681 0.8999999762
142862  29.886  -50.003  15.987 0.5000000000
142913  25.718  -52.173  16.865 0.8999999762
143510  27.949  -29.930  14.378 0.6000000238
144861  23.239  -43.053  17.697 0.8999999762
145087  30.653  -53.441  26.921 0.8999999762
146689  32.531  -48.757  26.281 0.6999999881
147668  27.827  -39.459  24.913 0.3000000119
147742  32.555  -60.403  16.045 0.4000000060
147995  30.644  -49.355  18.661 1.0000000000
148248  29.373  -56.847  13.599 0.3000000119
