#!ascii label  , from subject sub-01 vox2ras=TkReg
670
24375  32.442  -70.645  9.566 0.6000000238
22478  33.947  -73.180  16.497 0.6999999881
22486  33.948  -73.220  15.301 0.6999999881
21614  31.988  -73.565  12.406 0.8999999762
23415  32.254  -72.180  11.683 0.8000000119
23423  32.622  -71.360  11.446 0.8000000119
24374  32.993  -70.140  10.143 0.6000000238
25364  33.212  -69.226  9.796 0.6999999881
26311  33.443  -68.346  9.119 0.6999999881
21580  32.447  -73.917  17.274 0.6999999881
22494  34.446  -72.662  14.971 0.6000000238
22495  33.782  -72.852  14.312 0.6999999881
22496  33.013  -73.154  13.852 0.6999999881
22504  33.223  -72.593  13.441 0.8000000119
140796  33.831  -71.489  12.692 0.8000000119
23414  33.032  -71.700  12.308 0.8000000119
24366  33.318  -70.418  11.232 0.6000000238
26288  33.563  -68.534  10.412 0.6000000238
26300  33.361  -68.328  9.579 0.6999999881
27233  33.983  -67.017  8.997 0.6999999881
22471  34.008  -72.772  17.567 0.5000000000
22472  33.132  -73.273  17.720 0.6000000238
22477  34.651  -72.260  16.941 0.4000000060
22485  34.583  -72.550  15.823 0.6000000238
23387  34.994  -71.940  15.052 0.5000000000
23397  34.737  -71.749  14.118 0.6000000238
22503  34.048  -72.238  13.733 0.8000000119
24351  34.566  -70.915  12.798 0.6999999881
24360  34.325  -70.327  12.017 0.6999999881
142685  34.161  -69.722  11.464 0.6999999881
27218  33.494  -67.500  10.221 0.6000000238
146630  33.532  -65.998  9.699 0.6000000238
27234  33.635  -67.424  9.423 0.6000000238
23351  34.300  -71.506  18.470 0.5000000000
22459  33.511  -72.519  18.378 0.6000000238
22460  32.679  -72.782  18.576 0.6000000238
146193  34.415  -72.229  17.657 0.5000000000
23396  35.298  -71.124  14.551 0.5000000000
25331  35.756  -69.708  14.002 0.6000000238
25342  35.371  -69.542  12.923 0.6000000238
26279  35.112  -68.624  12.276 0.6000000238
26280  34.480  -68.122  11.576 0.5000000000
27217  33.993  -67.319  11.239 0.5000000000
28150  33.543  -66.652  10.564 0.6000000238
135754  33.416  -65.600  9.948 0.6000000238
29120  34.314  -65.029  9.306 0.5000000000
30084  34.764  -64.404  9.487 0.5000000000
30073  35.555  -64.176  10.568 0.5000000000
29119  34.941  -65.140  9.308 0.5000000000
23352  33.703  -71.725  18.890 0.5000000000
22447  32.309  -72.239  19.191 0.5000000000
131061  35.091  -71.299  16.959 0.5000000000
23375  35.321  -70.873  16.262 0.4000000060
25307  35.622  -69.250  15.836 0.3000000119
24315  35.582  -70.112  15.857 0.4000000060
130939  35.932  -68.016  14.702 0.3000000119
26257  35.777  -68.513  15.409 0.3000000119
26265  35.921  -68.751  14.413 0.5000000000
26271  35.679  -68.752  13.370 0.5000000000
27206  35.508  -67.867  12.881 0.5000000000
27207  34.848  -67.654  12.081 0.5000000000
28149  33.881  -66.370  11.333 0.5000000000
126490  33.464  -65.746  10.572 0.6000000238
29121  33.694  -64.862  9.736 0.5000000000
30085  34.253  -64.427  9.482 0.5000000000
30079  35.272  -64.565  9.759 0.5000000000
24286  34.198  -70.980  18.971 0.5000000000
131199  34.586  -70.404  18.784 0.5000000000
25282  34.994  -70.129  18.005 0.5000000000
26236  35.292  -68.858  17.098 0.4000000060
25294  35.438  -69.466  16.561 0.5000000000
26247  35.447  -68.684  16.281 0.4000000060
27187  35.421  -67.869  16.097 0.3000000119
27198  35.823  -67.309  14.407 0.3000000119
27202  35.585  -67.196  13.481 0.4000000060
28137  35.140  -67.023  12.619 0.5000000000
28138  34.509  -66.890  11.937 0.4000000060
30080  33.476  -64.210  10.169 0.5000000000
31086  33.845  -63.459  9.959 0.5000000000
30086  33.890  -64.156  9.715 0.5000000000
31073  35.219  -63.425  10.677 0.4000000060
31079  34.929  -63.755  9.908 0.5000000000
24272  33.525  -70.938  19.462 0.5000000000
25268  34.744  -69.645  18.872 0.5000000000
26237  35.098  -69.082  18.047 0.5000000000
145523  35.057  -68.184  17.575 0.4000000060
27188  35.038  -67.413  16.848 0.4000000060
28102  35.275  -66.903  15.908 0.3000000119
28113  35.683  -66.671  14.967 0.3000000119
28122  35.615  -66.522  14.011 0.4000000060
29090  35.241  -65.810  13.476 0.4000000060
29091  34.668  -65.168  12.955 0.4000000060
28130  35.310  -66.503  13.166 0.4000000060
28131  34.618  -66.056  12.372 0.4000000060
29102  33.563  -64.740  11.588 0.5000000000
128250  33.214  -64.287  11.105 0.5000000000
29109  33.376  -64.880  10.881 0.6000000238
32152  34.223  -62.776  10.253 0.4000000060
31080  34.461  -63.363  10.014 0.5000000000
25253  34.348  -69.269  19.572 0.4000000060
148383  34.947  -68.460  18.243 0.4000000060
26232  34.741  -68.665  18.930 0.4000000060
142416  34.790  -66.714  17.368 0.4000000060
139745  34.930  -66.593  16.622 0.4000000060
145498  35.367  -66.166  15.415 0.4000000060
127470  35.180  -65.030  14.775 0.4000000060
29082  35.436  -65.790  14.577 0.4000000060
29083  35.080  -65.058  13.941 0.4000000060
30058  34.525  -64.418  13.416 0.4000000060
141261  34.096  -65.214  12.153 0.5000000000
30068  33.433  -64.001  11.770 0.5000000000
31074  33.010  -63.594  11.111 0.6000000238
32153  33.534  -62.628  10.371 0.5000000000
33194  33.633  -61.737  10.528 0.4000000060
33193  34.108  -62.014  10.492 0.4000000060
26227  34.355  -68.515  19.716 0.4000000060
28087  34.674  -66.942  18.369 0.4000000060
27170  34.529  -67.689  19.356 0.4000000060
123722  34.630  -66.052  17.866 0.4000000060
29066  34.840  -65.232  16.157 0.4000000060
30049  34.743  -64.331  14.481 0.4000000060
31058  34.364  -63.810  13.818 0.4000000060
30059  33.878  -63.671  12.842 0.4000000060
31067  33.245  -63.229  11.969 0.5000000000
32142  32.913  -62.828  11.473 0.4000000060
32154  33.035  -62.137  10.778 0.6000000238
28077  34.456  -66.675  19.311 0.4000000060
131034  34.551  -66.159  18.658 0.4000000060
29047  34.460  -65.310  18.418 0.4000000060
28093  34.696  -65.862  16.910 0.4000000060
128235  34.614  -64.398  16.154 0.4000000060
31040  34.495  -63.758  15.370 0.5000000000
31051  34.365  -63.564  14.489 0.4000000060
31059  33.948  -63.110  13.788 0.3000000119
132832  33.460  -62.823  12.895 0.4000000060
32129  32.793  -62.287  11.802 0.4000000060
129238  32.488  -61.058  11.494 0.4000000060
33185  32.736  -61.628  11.166 0.5000000000
27161  34.001  -67.988  20.239 0.4000000060
29057  34.550  -65.332  17.518 0.4000000060
30033  34.381  -64.219  16.782 0.4000000060
31031  34.327  -63.630  16.278 0.3000000119
32091  33.697  -62.406  15.779 0.3000000119
31041  34.029  -62.799  14.860 0.3000000119
33149  33.247  -61.620  14.110 0.3000000119
32116  33.182  -62.244  12.884 0.3000000119
34110  32.186  -60.731  12.138 0.4000000060
35130  32.166  -59.394  11.688 0.4000000060
125487  34.392  -65.838  19.318 0.3000000119
130143  34.053  -63.619  17.877 0.3000000119
30022  34.355  -64.484  17.583 0.3000000119
127667  33.488  -62.286  16.626 0.3000000119
31032  33.936  -62.928  16.478 0.3000000119
33138  33.567  -61.928  14.880 0.4000000060
33139  33.151  -61.202  14.800 0.4000000060
34100  32.247  -60.564  13.065 0.3000000119
34111  31.788  -60.009  12.647 0.4000000060
35116  31.567  -59.324  12.362 0.4000000060
36075  31.826  -58.751  11.965 0.4000000060
127129  33.248  -61.607  15.853 0.4000000060
34074  32.301  -59.948  15.336 0.4000000060
34073  32.670  -60.485  14.609 0.4000000060
34086  32.198  -59.762  14.325 0.3000000119
35103  31.390  -59.382  13.128 0.4000000060
36068  30.846  -58.289  12.759 0.4000000060
35104  31.013  -58.841  12.926 0.4000000060
35117  31.303  -58.713  12.431 0.4000000060
35078  31.668  -59.271  14.810 0.4000000060
35091  31.575  -59.237  13.948 0.5000000000
35092  30.943  -58.774  13.629 0.4000000060
36053  30.494  -58.329  13.429 0.4000000060
37003  31.706  -57.744  12.325 0.3000000119
36990  30.305  -57.774  13.277 0.3000000119
24367  32.327  -71.090  10.334 0.6999999881
22505  32.436  -73.045  13.089 0.8000000119
25353  33.598  -69.461  10.746 0.6000000238
23413  33.639  -71.069  12.069 0.6999999881
143727  34.307  -65.917  9.123 0.6000000238
23386  35.375  -71.000  15.456 0.4000000060
24327  35.639  -70.329  14.854 0.4000000060
24350  35.301  -70.360  13.342 0.6999999881
24359  34.941  -70.159  12.622 0.6999999881
25352  34.270  -68.873  11.371 0.6999999881
24301  34.940  -70.859  17.594 0.5000000000
127727  35.842  -67.981  13.864 0.4000000060
29101  33.738  -65.508  11.459 0.6000000238
29115  33.410  -64.914  10.325 0.5000000000
30074  33.263  -64.231  10.675 0.6000000238
30042  34.913  -64.680  15.420 0.3000000119
32128  33.042  -62.551  12.193 0.4000000060
28078  34.238  -66.318  19.916 0.4000000060
33161  33.030  -61.732  13.265 0.3000000119
34101  31.959  -59.849  13.462 0.3000000119
37004  31.007  -57.547  12.633 0.3000000119
18835  33.887  -76.413  14.794 0.6000000238
18818  34.805  -76.683  15.366 0.6000000238
19727  36.984  -75.401  15.389 0.6000000238
21602  37.216  -73.966  14.457 0.6000000238
16267  34.057  -79.806  15.243 0.5000000000
17936  34.001  -77.777  15.577 0.6000000238
18820  33.054  -76.779  14.775 0.6999999881
135245  34.611  -77.907  15.490 0.6000000238
19740  34.645  -75.245  14.134 0.6000000238
139113  35.288  -75.382  14.971 0.6000000238
20679  35.120  -74.484  13.645 0.6000000238
21613  35.613  -73.782  13.217 0.6000000238
133381  36.647  -73.473  13.585 0.6000000238
22516  36.715  -72.694  12.089 0.6000000238
22528  37.246  -72.472  11.389 0.6999999881
16226  33.264  -79.037  16.239 0.6000000238
18821  32.447  -76.696  15.079 0.6999999881
123761  33.901  -79.093  15.679 0.5000000000
17937  33.169  -77.418  15.613 0.6999999881
133411  33.627  -78.340  15.878 0.6999999881
141201  33.041  -76.226  13.873 0.6999999881
19756  33.627  -75.594  13.360 0.6999999881
20690  34.640  -74.283  12.626 0.5000000000
21627  36.179  -73.186  12.715 0.6000000238
22529  36.092  -72.360  11.181 0.6000000238
22542  35.935  -72.187  10.235 0.6999999881
22541  37.629  -72.503  10.522 0.6999999881
125049  36.776  -72.537  9.711 0.6999999881
22585  41.299  -73.619  5.574 0.4000000060
22587  38.747  -72.970  5.718 0.5000000000
21708  37.806  -73.542  6.483 0.6000000238
21698  37.543  -73.579  6.703 0.6000000238
22566  36.757  -73.345  7.743 0.6999999881
126021  31.074  -80.456  16.719 0.5000000000
16228  31.901  -79.779  16.810 0.5000000000
17922  32.152  -77.911  16.627 0.6000000238
133571  32.008  -80.506  16.237 0.5000000000
18837  31.871  -76.290  14.608 0.6999999881
17068  32.419  -78.927  16.762 0.5000000000
17081  32.882  -78.166  16.245 0.6000000238
18853  31.840  -76.043  13.789 0.6999999881
18836  32.357  -76.384  14.174 0.6999999881
125616  32.740  -75.734  12.798 0.6999999881
20691  33.723  -74.770  11.991 0.6999999881
21628  35.148  -73.572  12.345 0.6000000238
22517  35.683  -72.906  11.892 0.6000000238
22554  35.873  -72.268  9.338 0.6999999881
22567  35.908  -72.846  7.336 0.6999999881
21686  36.714  -73.372  6.946 0.6000000238
22579  36.115  -73.017  6.899 0.6000000238
17053  30.541  -78.423  17.895 0.5000000000
15355  30.017  -80.659  16.765 0.4000000060
17923  31.597  -77.612  16.966 0.5000000000
16204  30.492  -79.231  17.666 0.5000000000
147530  31.749  -79.132  17.227 0.5000000000
18804  31.554  -76.322  16.157 0.6000000238
17939  31.753  -77.077  16.335 0.6000000238
20668  31.536  -74.840  14.404 0.6999999881
18822  31.900  -76.583  15.515 0.6000000238
125527  31.687  -75.324  13.661 0.6999999881
19757  32.101  -75.595  13.097 0.6999999881
19771  33.317  -75.320  12.319 0.6999999881
21629  34.190  -74.044  11.817 0.6999999881
22530  34.998  -72.624  11.217 0.6999999881
22543  35.084  -72.184  10.479 0.6999999881
22555  34.954  -71.962  9.408 0.8000000119
137993  35.393  -72.327  8.359 0.6999999881
23465  37.873  -71.950  6.750 0.5000000000
23474  36.433  -72.619  6.649 0.6000000238
22580  35.559  -72.349  6.891 0.6000000238
16205  29.691  -79.541  17.664 0.4000000060
19715  31.180  -76.022  16.854 0.6000000238
17911  31.127  -77.848  17.554 0.6000000238
19714  31.460  -75.575  16.131 0.6000000238
20657  31.506  -75.090  15.331 0.6000000238
21604  31.829  -74.186  14.204 0.6000000238
21615  31.831  -74.047  13.217 0.6999999881
20681  31.900  -74.854  12.822 0.6999999881
20693  32.201  -74.589  11.831 0.6999999881
19772  32.771  -75.284  11.979 0.6999999881
20705  32.372  -74.012  11.059 0.8000000119
20704  32.625  -74.327  11.120 0.8000000119
21652  33.082  -73.179  10.179 0.6000000238
22544  33.832  -72.283  9.758 0.6000000238
22569  34.446  -71.686  7.818 0.8000000119
22568  35.123  -72.213  7.445 0.6999999881
24405  38.425  -71.253  7.423 0.5000000000
24406  37.265  -71.440  7.379 0.6000000238
23468  35.316  -71.934  6.825 0.6999999881
17913  30.168  -77.412  18.156 0.5000000000
17040  29.171  -78.253  18.385 0.4000000060
17041  28.315  -78.436  18.378 0.4000000060
18789  30.730  -76.395  17.573 0.5000000000
139455  30.511  -77.766  17.971 0.5000000000
20649  31.578  -74.814  16.361 0.6000000238
147193  31.805  -74.660  15.758 0.6000000238
130835  32.457  -73.945  14.838 0.6000000238
21603  32.346  -73.613  13.863 0.6999999881
125912  31.943  -74.241  12.335 0.8000000119
22520  31.884  -73.445  11.310 0.8000000119
135763  31.726  -73.176  9.962 0.6000000238
131775  32.579  -72.828  9.737 0.6000000238
23440  32.953  -71.490  8.764 0.6999999881
23439  33.711  -71.348  8.250 0.6999999881
25384  34.670  -70.039  7.540 0.6999999881
23466  36.823  -71.961  6.910 0.6000000238
25383  36.200  -69.940  8.403 0.6000000238
25375  36.709  -69.366  9.387 0.6000000238
24397  37.850  -70.764  8.171 0.6000000238
20641  31.340  -74.622  17.348 0.5000000000
19678  30.195  -75.851  18.180 0.5000000000
18781  29.463  -76.377  18.514 0.5000000000
136675  27.802  -77.903  18.506 0.5000000000
21588  31.894  -74.370  16.983 0.5000000000
19698  30.820  -75.711  17.489 0.5000000000
21586  33.037  -73.686  15.698 0.6000000238
23424  31.903  -72.139  10.508 0.6999999881
149094  31.907  -71.781  9.890 0.6000000238
23441  32.529  -71.129  8.852 0.6000000238
24401  32.908  -70.365  8.511 0.6000000238
24410  33.909  -69.965  7.738 0.6999999881
25385  33.614  -69.367  8.250 0.6000000238
26316  34.693  -68.943  8.217 0.6000000238
132029  35.303  -69.681  7.968 0.6999999881
25381  38.350  -70.110  8.888 0.5000000000
26308  37.344  -68.936  10.165 0.4000000060
21581  31.706  -74.005  17.715 0.5000000000
20626  30.026  -75.104  18.491 0.5000000000
135325  28.877  -76.003  18.727 0.5000000000
19680  28.585  -75.316  18.799 0.5000000000
19681  27.667  -75.642  18.636 0.5000000000
19699  26.219  -75.766  17.685 0.5000000000
25365  32.752  -69.933  9.291 0.6000000238
25386  33.150  -69.590  8.607 0.6000000238
26317  33.901  -68.660  8.373 0.4000000060
26310  35.314  -68.209  8.756 0.5000000000
26299  36.056  -67.897  9.621 0.4000000060
26298  36.919  -68.210  10.429 0.4000000060
26309  36.087  -68.635  9.225 0.5000000000
21570  32.171  -73.394  18.071 0.6000000238
128244  30.202  -74.374  18.527 0.5000000000
20627  29.386  -74.740  18.729 0.5000000000
128026  27.906  -74.863  18.775 0.5000000000
131607  27.184  -74.903  18.469 0.5000000000
130023  26.444  -74.981  17.949 0.5000000000
19716  25.871  -75.132  17.043 0.4000000060
19731  25.876  -75.201  15.886 0.5000000000
19743  26.346  -75.213  14.719 0.4000000060
19759  26.776  -75.729  13.718 0.4000000060
18854  27.659  -77.217  12.402 0.4000000060
27240  33.736  -68.006  8.863 0.6000000238
147444  34.423  -67.196  8.929 0.4000000060
28160  35.753  -66.795  9.601 0.4000000060
27228  36.563  -67.364  10.476 0.4000000060
21572  30.456  -73.559  18.650 0.5000000000
21573  29.413  -73.730  18.799 0.4000000060
21574  28.418  -73.521  18.816 0.4000000060
20629  27.645  -74.088  18.669 0.5000000000
21576  26.480  -73.472  17.754 0.4000000060
20650  25.829  -74.333  16.493 0.5000000000
21582  25.925  -73.561  16.997 0.4000000060
21589  25.798  -73.548  16.031 0.5000000000
20658  25.993  -74.327  15.440 0.5000000000
21596  26.027  -73.489  15.075 0.3000000119
129467  26.516  -74.902  13.977 0.3000000119
147391  27.126  -75.536  12.437 0.3000000119
28161  35.237  -65.937  9.301 0.4000000060
22462  30.844  -72.845  18.879 0.5000000000
124134  29.888  -72.825  18.981 0.5000000000
133246  28.930  -72.812  18.980 0.4000000060
23338  32.905  -71.613  19.405 0.4000000060
22449  30.377  -72.125  19.243 0.4000000060
22464  28.403  -72.045  18.911 0.4000000060
23339  31.930  -71.429  19.549 0.4000000060
23340  30.883  -71.473  19.440 0.4000000060
23341  30.090  -71.434  19.307 0.4000000060
25255  32.573  -70.019  20.108 0.4000000060
24275  30.451  -70.703  19.311 0.4000000060
23354  28.715  -71.192  18.969 0.4000000060
24289  28.344  -70.568  18.327 0.4000000060
135324  31.274  -70.847  19.579 0.4000000060
25254  33.338  -70.197  19.934 0.3000000119
146965  29.847  -70.292  18.913 0.4000000060
24288  29.150  -70.402  18.661 0.4000000060
24302  28.876  -69.801  17.966 0.4000000060
25243  33.192  -69.431  20.289 0.4000000060
24303  28.097  -69.981  17.480 0.4000000060
25285  28.776  -69.363  17.239 0.4000000060
26220  33.175  -68.486  20.535 0.3000000119
25244  32.298  -69.148  20.353 0.4000000060
139211  31.453  -69.231  19.859 0.4000000060
25257  30.767  -69.195  19.219 0.4000000060
25270  29.700  -69.531  18.325 0.4000000060
25284  29.400  -69.065  17.461 0.4000000060
26233  30.535  -68.424  18.850 0.3000000119
23432  32.176  -71.416  9.455 0.6000000238
19697  31.201  -75.292  16.988 0.5000000000
28156  35.842  -66.032  9.870 0.4000000060
20666  36.513  -74.597  14.971 0.6000000238
132423  36.743  -72.373  10.672 0.6999999881
129979  39.441  -73.024  5.586 0.5000000000
23464  38.952  -71.601  6.627 0.5000000000
21707  38.458  -74.143  6.339 0.5000000000
23472  38.381  -72.436  6.166 0.4000000060
22589  37.270  -73.168  6.434 0.6000000238
140419  31.176  -79.602  17.292 0.5000000000
20703  33.266  -74.436  11.273 0.6999999881
23467  35.693  -72.012  6.738 0.6000000238
19730  31.592  -75.933  15.286 0.6000000238
21641  33.843  -73.419  11.100 0.6999999881
138600  33.848  -71.732  8.792 0.8000000119
16189  28.904  -79.125  18.044 0.4000000060
21653  32.074  -73.507  10.047 0.6000000238
134777  32.809  -72.120  9.318 0.6000000238
142783  34.428  -70.775  7.409 0.6999999881
24409  34.910  -71.489  7.112 0.6999999881
24396  39.012  -70.438  7.946 0.5000000000
137348  39.356  -70.940  7.199 0.5000000000
24408  35.136  -71.251  7.061 0.6999999881
24407  36.006  -71.375  7.055 0.6000000238
22557  31.874  -72.315  9.670 0.6999999881
23454  33.244  -71.005  8.279 0.6999999881
26315  35.731  -69.106  8.609 0.6000000238
25382  37.265  -70.158  8.861 0.6000000238
25374  37.809  -69.601  9.632 0.6000000238
18782  28.584  -76.701  18.669 0.5000000000
17906  27.647  -77.134  18.585 0.4000000060
25377  32.757  -69.906  8.864 0.6000000238
133414  34.119  -69.362  7.981 0.6000000238
18855  27.217  -76.693  13.411 0.3000000119
27232  35.065  -67.378  9.027 0.5000000000
27216  36.368  -66.517  10.553 0.4000000060
20643  26.185  -74.279  17.461 0.5000000000
20669  26.296  -74.253  14.534 0.4000000060
19758  27.335  -76.162  12.660 0.4000000060
25256  31.899  -69.825  19.990 0.4000000060
124657  31.196  -70.042  19.495 0.4000000060
15483  47.748  -80.355  8.210 0.3000000119
20730  43.519  -74.860  8.647 0.4000000060
20736  44.560  -74.562  7.431 0.4000000060
137933  44.791  -75.238  9.638 0.4000000060
138920  45.595  -74.604  9.570 0.4000000060
20738  42.394  -74.758  7.320 0.4000000060
21650  42.247  -74.105  9.773 0.4000000060
21666  41.504  -73.527  9.482 0.5000000000
127016  41.691  -73.552  10.602 0.5000000000
145262  40.941  -73.209  11.406 0.5000000000
20743  44.463  -74.588  6.156 0.4000000060
20737  43.752  -74.868  7.266 0.5000000000
20731  42.855  -74.547  9.103 0.5000000000
21624  40.449  -73.523  12.327 0.5000000000
147875  44.893  -74.340  6.614 0.5000000000
20729  44.186  -74.925  8.510 0.5000000000
20735  45.399  -73.920  7.416 0.5000000000
20728  44.996  -74.486  8.627 0.4000000060
21665  46.080  -73.777  8.916 0.4000000060
19814  45.932  -75.210  10.149 0.4000000060
19813  46.886  -75.090  10.082 0.4000000060
18903  47.486  -76.612  9.563 0.3000000119
18005  48.301  -76.795  8.296 0.4000000060
20751  41.878  -74.693  5.312 0.4000000060
20745  41.156  -74.970  6.125 0.4000000060
21694  40.651  -74.339  7.304 0.4000000060
123455  42.789  -74.705  5.591 0.4000000060
125499  43.007  -75.003  6.581 0.4000000060
125400  42.157  -75.036  6.321 0.4000000060
21681  41.141  -73.746  8.356 0.4000000060
21667  40.601  -73.226  9.294 0.5000000000
20750  43.980  -74.410  5.667 0.4000000060
20744  43.640  -74.825  6.070 0.4000000060
127190  42.933  -74.861  7.906 0.4000000060
21682  40.156  -73.605  8.244 0.5000000000
22538  40.176  -72.834  9.980 0.5000000000
22525  40.157  -72.789  10.815 0.5000000000
22526  39.281  -72.621  11.094 0.6000000238
22514  39.085  -72.766  11.978 0.6000000238
21625  39.630  -73.214  12.607 0.6000000238
22552  37.866  -72.892  9.424 0.6000000238
143585  38.692  -72.982  12.771 0.5000000000
20727  46.504  -74.421  9.786 0.4000000060
21626  37.159  -72.921  12.995 0.5000000000
20726  47.455  -74.332  9.693 0.4000000060
19812  47.954  -75.031  9.669 0.4000000060
18902  48.433  -75.916  9.064 0.4000000060
20746  40.130  -74.717  6.336 0.4000000060
20747  39.382  -74.466  6.438 0.5000000000
21683  39.144  -73.642  7.997 0.5000000000
22539  39.451  -72.689  10.188 0.5000000000
21684  38.177  -73.803  7.625 0.5000000000
22551  38.811  -72.853  9.589 0.6000000238
21670  37.591  -73.466  8.221 0.6000000238
14630  46.936  -81.592  8.134 0.3000000119
16329  48.471  -79.236  8.948 0.3000000119
18900  49.510  -76.227  9.462 0.3000000119
22584  42.442  -73.812  5.426 0.4000000060
21705  41.770  -74.333  5.209 0.4000000060
20755  41.155  -74.562  5.267 0.4000000060
20753  40.421  -74.899  5.869 0.4000000060
20757  39.506  -74.226  5.517 0.4000000060
21696  38.824  -74.170  7.004 0.5000000000
20758  38.992  -74.242  5.868 0.4000000060
21697  38.192  -73.913  6.963 0.5000000000
22527  38.322  -72.561  11.405 0.6000000238
22502  37.957  -72.966  13.128 0.5000000000
21709  40.335  -74.230  5.304 0.4000000060
21680  42.114  -74.264  8.481 0.4000000060
21610  40.081  -73.930  13.140 0.5000000000
18907  49.075  -76.144  8.679 0.3000000119
142460  41.858  -75.016  5.530 0.4000000060
21668  39.544  -73.134  9.182 0.5000000000
21669  38.498  -73.330  8.693 0.6000000238
32117  32.824  -61.976  12.422 0.3000000119
14651  47.341  -81.056  8.211 0.3000000119
15341  30.368  -80.016  17.314 0.5000000000
16203  31.201  -78.805  17.566 0.5000000000
16247  33.460  -79.625  15.802 0.5000000000
17054  29.934  -78.020  18.211 0.5000000000
17069  31.723  -78.410  17.159 0.5000000000
17080  34.291  -78.445  15.567 0.5000000000
17903  30.143  -76.759  18.160 0.5000000000
17904  29.447  -77.321  18.449 0.4000000060
17905  28.498  -77.636  18.573 0.5000000000
17912  30.662  -77.158  17.740 0.5000000000
17924  31.225  -76.894  17.014 0.6000000238
17938  32.386  -77.276  15.936 0.6999999881
18783  27.849  -76.374  18.667 0.4000000060
18791  26.011  -76.507  17.447 0.5000000000
18819  33.908  -77.113  15.282 0.6000000238
18834  34.661  -75.850  14.935 0.6000000238
18852  32.348  -76.083  13.456 0.6999999881
19679  29.431  -75.575  18.634 0.5000000000
19682  26.808  -75.675  18.308 0.5000000000
19739  36.016  -75.311  15.300 0.6000000238
19741  33.951  -75.836  14.264 0.6999999881
19742  31.582  -75.635  14.454 0.6000000238
19773  32.313  -75.221  12.239 0.6999999881
19775  26.786  -75.095  13.092 0.3000000119
19786  32.588  -74.770  11.560 0.6999999881
20628  28.549  -74.379  18.830 0.5000000000
20630  26.769  -74.184  18.208 0.5000000000
20642  30.991  -74.193  18.146 0.5000000000
20665  37.330  -74.674  15.051 0.6000000238
20678  36.077  -74.066  14.166 0.6000000238
20680  34.191  -74.998  12.938 0.6999999881
20692  33.020  -75.006  11.527 0.6999999881
20694  26.868  -74.950  12.082 0.3000000119
20717  32.264  -73.783  10.627 0.8000000119
20739  41.627  -74.508  7.322 0.4000000060
20748  38.843  -74.275  6.215 0.5000000000
20752  41.203  -74.840  5.434 0.4000000060
20754  39.660  -74.543  5.843 0.4000000060
20756  40.455  -74.593  5.489 0.4000000060
21571  31.333  -73.480  18.394 0.6000000238
21579  33.138  -73.681  16.790 0.6999999881
21587  32.300  -74.243  16.211 0.6000000238
21594  33.140  -73.462  14.630 0.6000000238
21595  31.949  -74.448  15.169 0.6000000238
21630  32.010  -73.993  11.570 0.8000000119
21639  39.963  -72.919  11.740 0.5000000000
21640  34.758  -73.333  11.714 0.6999999881
21642  32.897  -73.921  10.696 0.6000000238
21643  31.913  -73.573  10.849 0.8000000119
21651  40.921  -73.025  10.303 0.5000000000
21654  32.004  -73.580  10.344 0.8000000119
21685  37.417  -73.669  7.232 0.6000000238
21695  39.687  -74.222  7.223 0.5000000000
21699  36.924  -73.278  6.707 0.6000000238
21704  42.494  -74.385  5.283 0.4000000060
21706  41.126  -74.020  5.284 0.4000000060
21710  39.683  -73.745  5.401 0.4000000060
21711  38.685  -73.906  5.839 0.5000000000
21712  38.215  -73.366  6.001 0.6000000238
22448  31.351  -72.198  19.246 0.4000000060
22458  34.210  -72.149  18.216 0.6000000238
22461  31.770  -72.844  18.753 0.5000000000
22463  29.383  -71.916  19.191 0.4000000060
22515  37.803  -72.695  12.303 0.6999999881
22518  32.705  -72.349  12.629 0.8000000119
22519  32.044  -72.861  12.047 0.8000000119
22531  34.246  -72.611  10.588 0.6999999881
22532  31.708  -72.976  10.823 0.8000000119
22533  31.802  -73.466  10.426 0.8000000119
22540  38.588  -72.587  10.375 0.6000000238
22545  32.031  -72.760  9.667 0.6999999881
22553  37.058  -73.040  8.720 0.6000000238
22556  32.330  -71.871  9.423 0.6000000238
22588  38.003  -72.807  5.941 0.4000000060
22590  36.400  -72.952  6.662 0.6000000238
22591  35.830  -72.456  6.770 0.6000000238
22592  39.072  -73.592  5.547 0.5000000000
22593  38.560  -73.450  5.818 0.5000000000
23353  33.055  -72.223  18.987 0.5000000000
23365  34.644  -71.629  17.759 0.5000000000
23404  35.075  -71.106  13.678 0.6999999881
23405  34.329  -71.603  13.328 0.6999999881
23406  33.513  -71.998  13.022 0.8000000119
23453  34.232  -71.239  7.632 0.6999999881
23469  34.983  -71.840  7.090 0.6999999881
23473  37.435  -72.640  6.421 0.5000000000
24271  34.140  -70.188  19.455 0.5000000000
24273  32.718  -70.811  19.766 0.4000000060
24274  31.945  -70.532  19.800 0.4000000060
24276  29.541  -70.986  19.202 0.4000000060
24287  30.367  -69.778  18.974 0.4000000060
24290  27.640  -70.817  17.922 0.4000000060
24300  35.284  -70.340  16.944 0.5000000000
24304  27.388  -70.466  17.221 0.4000000060
24340  35.492  -70.541  14.091 0.6000000238
24385  32.438  -70.567  9.005 0.6000000238
24398  36.665  -70.731  7.893 0.6000000238
24399  35.565  -70.486  7.485 0.6000000238
24400  33.648  -70.536  7.920 0.6999999881
25269  30.312  -68.980  18.422 0.4000000060
25281  35.259  -69.574  17.335 0.4000000060
25296  28.453  -69.385  16.571 0.4000000060
25318  35.824  -69.464  15.072 0.3000000119
25343  34.771  -69.543  12.096 0.6000000238
25376  33.122  -69.154  9.082 0.6000000238
26228  33.886  -68.903  20.148 0.4000000060
26287  33.834  -68.056  10.976 0.5000000000
26318  33.455  -68.836  8.716 0.6000000238
27160  34.197  -67.073  20.080 0.4000000060
27175  34.815  -67.894  18.367 0.4000000060
27181  34.868  -67.427  17.692 0.4000000060
27193  35.745  -67.533  15.285 0.3000000119
27239  34.326  -67.848  8.665 0.4000000060
28114  35.020  -66.047  16.087 0.4000000060
28162  33.736  -65.635  9.486 0.5000000000
29076  35.189  -65.471  15.420 0.4000000060
29114  35.570  -65.359  9.788 0.4000000060
30067  34.033  -64.519  12.429 0.5000000000
31022  34.115  -63.630  17.049 0.3000000119
31066  35.452  -63.283  11.813 0.5000000000
31075  32.948  -62.896  10.895 0.6000000238
31081  33.273  -63.532  10.558 0.5000000000
31085  34.423  -63.873  9.683 0.5000000000
32108  33.521  -62.281  13.809 0.3000000119
32143  32.819  -62.298  11.306 0.5000000000
32151  34.622  -63.039  10.314 0.5000000000
33150  32.793  -61.023  13.766 0.3000000119
33162  32.566  -61.298  12.722 0.3000000119
33173  32.548  -61.646  11.843 0.4000000060
34085  32.427  -60.302  13.835 0.3000000119
34123  31.909  -59.986  11.980 0.4000000060
34130  33.591  -61.026  10.734 0.4000000060
36067  31.482  -58.208  12.308 0.3000000119
38006  30.254  -56.956  13.197 0.3000000119
124541  26.625  -76.239  14.346 0.3000000119
125340  34.624  -70.928  18.290 0.5000000000
125808  34.557  -64.928  16.843 0.4000000060
127382  29.795  -78.791  18.032 0.4000000060
130531  36.261  -72.695  8.547 0.6999999881
130716  29.023  -79.785  17.574 0.4000000060
131091  36.605  -68.662  9.864 0.4000000060
131661  35.069  -71.664  16.095 0.4000000060
132127  28.306  -76.006  18.716 0.4000000060
132534  33.457  -66.437  9.918 0.6000000238
133775  34.142  -63.031  15.778 0.3000000119
134536  33.714  -66.369  9.431 0.6000000238
134785  30.707  -75.015  17.905 0.5000000000
137399  31.666  -74.634  13.659 0.6999999881
139102  34.526  -77.400  15.440 0.6000000238
139630  34.687  -71.969  8.286 0.8000000119
141194  25.804  -75.570  16.447 0.4000000060
141803  34.445  -72.325  14.425 0.6999999881
141856  33.370  -69.941  8.151 0.6000000238
142304  34.043  -61.378  10.668 0.4000000060
144871  34.736  -66.661  9.075 0.4000000060
145901  32.440  -74.095  15.488 0.6000000238
145940  35.239  -68.196  16.772 0.4000000060
146019  32.125  -73.541  13.168 0.6999999881
146533  38.488  -72.717  12.129 0.6000000238
146781  33.435  -67.852  20.531 0.3000000119
147061  38.314  -73.737  6.202 0.5000000000
148485  33.816  -69.611  19.932 0.3000000119
148669  33.598  -73.285  17.167 0.6999999881
