#!ascii label  , from subject sub-01 vox2ras=TkReg
1899
34072  38.685  -61.148  16.040 0.6000000238
33118  38.409  -61.797  17.312 0.5000000000
36938  38.521  -57.823  17.181 0.6999999881
36011  38.702  -58.420  16.672 0.6000000238
36010  39.130  -57.975  16.085 0.6000000238
37963  38.730  -56.299  16.971 0.6000000238
132045  38.397  -59.705  17.039 0.6999999881
35069  38.426  -59.072  17.032 0.6000000238
35068  38.693  -59.391  16.366 0.5000000000
133228  38.998  -58.698  16.004 0.5000000000
36022  39.417  -58.421  15.413 0.5000000000
137280  39.417  -57.650  15.601 0.6000000238
37962  39.094  -56.374  16.327 0.6000000238
34048  38.273  -60.362  17.524 0.5000000000
33127  38.535  -61.725  16.628 0.5000000000
34059  38.850  -60.169  15.745 0.6000000238
38977  39.385  -55.809  15.936 0.6000000238
31021  38.556  -63.238  17.508 0.5000000000
30021  38.764  -64.188  17.902 0.5000000000
39918  37.622  -54.159  19.200 0.6000000238
39932  38.125  -54.532  18.324 0.6999999881
36931  37.860  -57.871  18.691 0.6000000238
36930  38.205  -57.669  17.896 0.6999999881
38954  38.312  -55.500  18.161 0.6000000238
38968  38.645  -55.602  17.326 0.6000000238
35062  38.184  -59.338  17.716 0.6000000238
36003  38.331  -58.478  17.441 0.6999999881
135911  38.892  -55.067  16.945 0.6000000238
34034  38.104  -60.878  18.326 0.5000000000
35052  37.975  -59.952  18.368 0.5000000000
39947  39.234  -54.900  16.226 0.6000000238
32083  38.419  -62.428  17.626 0.5000000000
38989  39.713  -55.215  15.464 0.6000000238
32075  38.376  -62.747  18.280 0.5000000000
39960  39.613  -54.422  15.608 0.6000000238
40940  39.654  -52.933  15.815 0.6999999881
40939  40.024  -53.641  15.301 0.6000000238
41884  40.388  -52.569  15.349 0.6999999881
39977  40.598  -54.049  14.564 0.6000000238
40955  41.285  -53.592  13.848 0.6000000238
126450  41.766  -52.736  13.285 0.6000000238
130684  41.252  -52.712  14.058 0.6000000238
43884  39.947  -50.376  10.872 0.5000000000
43875  37.225  -51.207  11.803 0.6999999881
43885  39.031  -50.728  11.107 0.6000000238
42845  37.157  -51.879  10.844 0.6999999881
41840  37.599  -52.805  19.875 0.6000000238
40899  37.562  -53.184  19.141 0.6999999881
37930  37.919  -56.461  19.098 0.6999999881
38941  38.051  -55.841  18.816 0.6999999881
38955  37.899  -55.130  18.954 0.6000000238
40906  38.335  -53.950  17.627 0.6999999881
41848  37.801  -52.654  18.519 0.6999999881
133232  37.652  -58.079  19.285 0.6000000238
37931  37.607  -56.442  19.884 0.6000000238
133314  38.160  -53.029  17.728 0.8000000119
35977  37.498  -58.641  20.316 0.5000000000
36916  37.537  -57.955  19.940 0.5000000000
41858  38.626  -52.501  17.207 0.8000000119
40922  38.625  -53.382  16.955 0.6000000238
34021  37.565  -59.954  19.840 0.5000000000
35053  37.670  -59.442  19.136 0.5000000000
41872  39.122  -52.744  16.453 0.8000000119
40921  39.234  -53.764  16.142 0.6000000238
31000  38.308  -63.171  19.053 0.5000000000
42806  39.235  -51.909  16.855 0.8000000119
42820  39.818  -51.973  16.020 0.8000000119
42819  40.798  -51.494  15.391 0.6999999881
42805  40.406  -51.001  16.132 0.6999999881
42818  41.269  -50.469  14.562 0.6999999881
147785  41.192  -50.926  15.084 0.6999999881
41897  41.079  -52.190  14.718 0.6999999881
43855  41.363  -50.364  13.489 0.6000000238
41896  41.565  -51.831  13.757 0.6000000238
42833  41.312  -51.300  14.628 0.6000000238
44923  40.246  -49.439  13.494 0.6999999881
43861  41.443  -50.490  12.352 0.6999999881
42838  41.747  -51.011  12.974 0.6000000238
44934  39.300  -49.706  12.495 0.6999999881
43872  40.900  -50.144  11.790 0.6000000238
43874  38.520  -50.521  12.157 0.8000000119
131496  40.308  -50.061  11.385 0.6000000238
43864  36.714  -50.536  12.602 0.8999999762
42856  36.094  -52.091  10.866 0.6999999881
43865  35.798  -50.319  12.164 0.8000000119
143230  36.318  -51.644  11.055 0.6999999881
41839  37.752  -51.985  19.813 0.6999999881
42776  38.112  -51.273  19.694 0.6999999881
40886  37.541  -53.531  19.802 0.6000000238
43795  38.503  -50.636  20.196 0.6000000238
39902  37.945  -54.633  21.576 0.4000000060
39907  37.607  -54.822  20.693 0.6000000238
133545  37.562  -54.151  20.191 0.6000000238
125223  37.929  -51.710  18.858 0.6999999881
38932  37.725  -55.516  21.190 0.6000000238
125621  38.243  -52.141  17.954 0.8000000119
36907  37.732  -57.118  21.331 0.4000000060
136873  37.584  -57.178  20.346 0.5000000000
37923  37.620  -56.351  20.773 0.6000000238
42784  38.583  -51.263  18.082 0.8000000119
35034  37.449  -59.413  20.561 0.5000000000
147016  38.753  -51.767  17.468 0.8000000119
124698  37.668  -60.863  19.816 0.4000000060
43834  40.110  -50.577  16.806 0.8000000119
33100  37.743  -61.601  19.777 0.5000000000
43833  40.560  -50.226  16.271 0.8000000119
45957  39.188  -48.607  15.888 0.8000000119
147281  40.696  -49.935  15.752 0.6999999881
44901  40.873  -49.871  15.018 0.6999999881
45971  38.631  -48.489  14.430 0.8999999762
45980  39.431  -49.057  14.032 0.8999999762
44915  40.247  -49.408  14.538 0.6999999881
44924  39.421  -49.267  13.155 0.8999999762
43862  40.939  -49.901  12.931 0.6999999881
44933  40.139  -49.678  12.368 0.6000000238
43863  37.642  -50.425  12.782 0.8999999762
44926  37.310  -49.906  13.453 0.8999999762
44941  34.749  -50.513  11.264 0.8000000119
42847  34.567  -51.449  11.443 0.8000000119
43877  35.211  -50.793  11.264 0.8000000119
41921  35.282  -52.024  11.111 0.8000000119
44935  35.146  -49.939  11.555 0.8000000119
43876  36.043  -51.047  11.483 0.6999999881
42770  38.158  -51.535  20.675 0.6999999881
43794  38.912  -49.962  20.818 0.6000000238
40871  37.833  -52.451  20.619 0.6000000238
42758  38.597  -51.565  21.578 0.5000000000
141402  39.013  -52.966  22.263 0.4000000060
135847  38.499  -52.922  21.778 0.5000000000
147136  38.024  -52.918  21.210 0.6000000238
43802  38.568  -50.656  18.997 0.6999999881
39891  39.025  -54.186  22.499 0.5000000000
43801  39.063  -49.757  19.661 0.6999999881
127609  39.244  -54.925  22.805 0.5000000000
38931  38.131  -55.470  22.000 0.6000000238
37901  38.507  -56.913  22.649 0.4000000060
37902  38.016  -56.761  22.036 0.4000000060
45922  39.540  -48.838  18.371 0.8000000119
144244  39.713  -49.865  17.966 0.8000000119
35956  37.991  -58.123  22.375 0.4000000060
44879  40.361  -49.858  16.949 0.8000000119
144027  40.026  -49.557  17.533 0.8000000119
42796  39.369  -51.063  17.336 0.8000000119
33088  37.612  -61.360  20.538 0.3000000119
47060  38.632  -48.107  16.117 0.8000000119
47053  38.511  -48.047  17.035 0.8000000119
45945  40.141  -49.264  16.962 0.8000000119
147718  38.165  -47.734  15.512 0.8000000119
45956  39.817  -49.118  16.113 0.8000000119
47076  38.067  -47.851  14.906 0.8999999762
47077  37.220  -47.820  14.944 0.8999999762
149020  38.293  -48.595  14.037 0.8999999762
47078  36.115  -48.012  15.026 0.8999999762
45982  37.951  -48.994  13.780 0.8999999762
44916  36.892  -49.204  13.951 0.8999999762
43890  33.808  -50.206  11.516 0.8000000119
43878  33.956  -50.937  11.745 0.8000000119
44917  35.936  -49.189  13.822 0.8999999762
44918  35.431  -48.872  13.254 0.8999999762
45993  34.928  -49.296  11.390 0.8000000119
44928  35.647  -49.591  12.772 0.8000000119
43762  39.798  -50.277  22.329 0.6000000238
43781  39.208  -50.178  21.714 0.6000000238
44837  39.307  -49.370  21.331 0.6000000238
43761  40.591  -50.271  22.743 0.6000000238
41799  40.309  -52.459  22.602 0.4000000060
127083  40.503  -51.927  22.649 0.4000000060
124390  39.760  -51.909  22.480 0.4000000060
41814  38.276  -52.249  21.389 0.5000000000
44848  39.328  -49.196  20.412 0.6999999881
40853  39.568  -53.518  22.509 0.4000000060
144470  39.488  -49.008  19.633 0.6999999881
39890  39.920  -54.312  22.788 0.5000000000
148029  40.220  -53.764  22.641 0.4000000060
44855  39.463  -49.257  18.924 0.6999999881
39889  40.867  -54.054  22.645 0.5000000000
47027  38.266  -47.877  18.852 0.8000000119
45912  39.331  -48.743  19.072 0.8000000119
47046  37.752  -47.451  17.299 0.8000000119
45938  39.166  -48.485  17.753 0.8000000119
48133  37.241  -46.822  16.676 0.8000000119
48152  36.384  -46.681  15.773 0.8999999762
47061  37.594  -47.423  15.444 0.8999999762
48153  35.343  -46.641  15.566 0.8999999762
47079  35.247  -47.827  14.638 0.8999999762
45974  35.620  -48.508  14.261 1.0000000000
44943  33.984  -49.238  11.377 0.8000000119
45975  35.128  -48.155  13.618 1.0000000000
45994  34.726  -49.134  11.383 0.8000000119
47086  34.963  -47.763  12.701 1.0000000000
45988  35.297  -49.150  11.996 0.8000000119
45989  34.975  -48.709  11.556 0.8000000119
44824  39.616  -49.470  22.048 0.6000000238
136164  39.876  -47.945  21.880 0.6000000238
142587  40.911  -49.635  22.984 0.6000000238
131215  41.980  -51.220  22.712 0.4000000060
131094  41.076  -50.890  22.769 0.4000000060
42741  40.235  -51.133  22.623 0.4000000060
41798  41.130  -52.495  22.608 0.4000000060
45903  39.411  -48.595  20.165 0.6999999881
40850  42.265  -53.452  22.098 0.5000000000
42757  42.663  -52.054  22.327 0.4000000060
147137  39.303  -48.561  19.654 0.8000000119
47045  38.345  -47.994  17.968 0.8000000119
147296  38.225  -47.191  20.303 0.8000000119
48117  37.017  -46.954  17.654 0.8000000119
47028  37.561  -47.474  18.275 0.8000000119
49166  36.159  -45.771  17.342 0.8000000119
48143  37.179  -46.875  15.898 0.8999999762
47064  34.903  -47.232  14.985 0.8999999762
49176  34.947  -45.958  15.870 0.8999999762
48154  34.545  -46.524  14.851 1.0000000000
47080  34.799  -47.360  13.998 1.0000000000
48164  34.614  -46.665  13.610 1.0000000000
47094  34.651  -48.302  11.580 0.8000000119
136266  34.815  -47.186  12.867 1.0000000000
48180  35.203  -46.326  11.711 0.8000000119
136578  35.113  -47.097  11.918 0.8000000119
45881  41.707  -48.482  23.095 0.6000000238
44823  40.264  -49.531  22.533 0.6000000238
137208  40.517  -48.023  22.474 0.6000000238
47001  39.312  -47.830  21.096 0.6999999881
48087  39.175  -46.309  21.830 0.6999999881
43758  43.346  -50.168  22.481 0.4000000060
128741  42.460  -49.736  22.933 0.5000000000
43760  41.559  -50.232  22.993 0.5000000000
46996  38.917  -46.953  21.223 0.8000000119
48088  38.511  -46.361  21.393 0.8000000119
42739  41.809  -52.034  22.566 0.4000000060
47002  38.723  -47.394  20.565 0.8000000119
42755  44.361  -51.213  21.340 0.4000000060
43780  43.735  -50.882  22.022 0.4000000060
48105  36.883  -46.676  19.417 0.8000000119
47003  37.606  -46.941  20.062 0.8000000119
130363  36.851  -46.937  18.579 0.8000000119
48134  36.667  -46.329  17.071 0.8000000119
48145  35.913  -46.164  16.168 0.8999999762
50207  35.060  -44.743  16.971 0.8000000119
49177  34.236  -45.559  15.285 1.0000000000
49178  33.979  -45.011  14.608 1.0000000000
50218  33.896  -44.654  15.653 1.0000000000
49189  34.286  -45.858  14.215 1.0000000000
50243  35.507  -45.191  11.889 1.0000000000
48187  35.102  -46.222  11.557 0.8999999762
134944  33.648  -48.243  11.731 0.8000000119
143846  33.993  -46.756  11.617 0.8999999762
48179  35.216  -45.783  11.604 1.0000000000
50242  35.403  -45.043  11.536 1.0000000000
49209  35.135  -45.522  11.420 1.0000000000
51325  35.798  -43.807  12.089 1.0000000000
53537  37.004  -42.658  11.437 1.0000000000
52449  36.933  -43.194  10.984 1.0000000000
51344  36.566  -43.467  10.877 1.0000000000
53536  37.317  -42.072  11.099 1.0000000000
129678  37.198  -42.742  10.889 1.0000000000
46982  41.040  -47.370  22.642 0.6999999881
46983  40.296  -47.262  22.225 0.6999999881
49102  40.493  -45.736  22.441 0.6999999881
46980  42.842  -47.639  22.858 0.6000000238
46981  41.883  -47.603  22.973 0.6000000238
48075  39.991  -46.485  22.187 0.6999999881
44821  42.427  -48.908  23.035 0.6000000238
43757  44.017  -49.443  22.329 0.5000000000
132686  38.556  -45.748  21.746 0.8000000119
43779  44.303  -50.217  21.813 0.4000000060
48094  38.182  -46.753  20.793 0.8000000119
48096  36.906  -46.255  20.143 0.8000000119
48106  36.430  -46.024  19.559 0.8000000119
49142  36.076  -45.580  18.163 0.8000000119
136804  36.378  -46.201  18.815 0.8000000119
49159  35.702  -45.092  17.505 0.6999999881
49143  35.686  -44.824  18.308 0.8000000119
49168  34.567  -45.205  16.225 0.8999999762
50198  34.485  -43.933  17.161 0.8000000119
51300  33.883  -43.878  16.319 1.0000000000
51288  33.625  -43.079  15.968 1.0000000000
50227  33.750  -44.319  14.858 1.0000000000
52438  33.687  -42.953  14.862 1.0000000000
52428  33.970  -42.164  14.810 1.0000000000
130282  34.218  -44.346  13.885 1.0000000000
53518  34.539  -41.719  14.273 1.0000000000
51313  34.287  -43.393  13.888 1.0000000000
53526  36.154  -42.220  12.713 1.0000000000
52450  36.475  -43.242  11.748 1.0000000000
50251  35.440  -44.795  11.382 1.0000000000
50252  34.882  -44.905  11.221 1.0000000000
53525  36.964  -41.672  12.090 1.0000000000
131720  35.889  -44.195  11.210 1.0000000000
140962  35.995  -43.909  10.883 1.0000000000
52458  36.652  -42.746  10.568 1.0000000000
53535  37.401  -41.232  10.904 1.0000000000
52466  37.076  -42.169  10.567 1.0000000000
128484  41.323  -45.961  22.630 0.6999999881
49103  39.710  -45.836  22.235 0.6999999881
128539  43.449  -46.920  22.526 0.5000000000
130125  42.101  -46.065  22.658 0.6999999881
49112  39.177  -45.480  22.106 0.6999999881
45895  44.465  -48.809  22.021 0.5000000000
139426  43.623  -47.851  22.574 0.5000000000
48089  37.825  -45.950  21.304 0.8000000119
50153  37.322  -45.117  21.358 0.8000000119
50157  36.665  -45.065  20.904 0.6999999881
49118  36.322  -45.437  20.174 0.8000000119
49128  35.584  -44.601  19.034 0.8000000119
50171  35.787  -44.664  19.773 0.8000000119
50197  35.275  -44.357  17.693 0.6999999881
50183  35.360  -44.101  18.471 0.6999999881
51287  33.870  -43.159  16.884 0.8999999762
142731  34.417  -41.584  17.828 0.8000000119
128951  34.471  -41.036  17.853 0.8000000119
55522  34.675  -39.871  17.790 0.8000000119
52417  33.737  -42.461  16.492 0.8999999762
53489  34.220  -41.256  17.294 0.8000000119
54500  34.503  -40.543  17.487 0.8000000119
52429  33.737  -42.273  15.647 1.0000000000
53502  33.927  -41.551  16.374 0.8999999762
54511  34.383  -40.632  16.639 0.8999999762
55530  34.761  -39.936  16.961 0.8000000119
54522  34.405  -40.710  15.645 0.8999999762
54531  34.840  -40.947  14.638 1.0000000000
53527  35.064  -42.130  13.529 1.0000000000
52444  35.353  -43.065  13.040 1.0000000000
54541  36.336  -41.133  13.202 1.0000000000
54540  37.111  -40.681  12.582 1.0000000000
53547  35.536  -42.180  10.732 1.0000000000
55565  37.384  -39.828  12.954 1.0000000000
54551  37.403  -41.007  11.533 1.0000000000
53553  36.997  -41.461  10.519 1.0000000000
54539  37.783  -40.103  11.811 1.0000000000
55574  38.399  -39.523  11.132 1.0000000000
55581  38.135  -39.742  10.851 1.0000000000
49100  43.099  -45.289  22.203 0.6999999881
49101  42.474  -45.498  22.457 0.6999999881
50139  41.498  -44.752  22.369 0.6999999881
50140  40.682  -44.861  22.373 0.6999999881
50141  39.879  -45.123  22.295 0.6999999881
48071  43.659  -46.001  22.093 0.6000000238
50151  39.234  -44.692  22.126 0.6999999881
46979  44.092  -47.390  22.301 0.5000000000
144643  38.529  -44.469  21.940 0.6999999881
46994  44.581  -47.427  21.804 0.5000000000
126262  37.749  -44.365  21.664 0.8000000119
50154  36.854  -44.271  21.204 0.6999999881
50159  35.749  -43.923  20.183 0.6999999881
127628  36.226  -43.840  20.755 0.6999999881
50172  35.478  -43.884  19.338 0.6999999881
51242  35.288  -43.118  19.299 0.6999999881
51277  34.350  -43.184  17.539 0.6999999881
51262  35.121  -43.368  18.659 0.6999999881
53480  34.620  -41.307  18.369 0.8000000119
54473  34.972  -40.226  19.227 0.8000000119
56520  35.706  -38.731  19.335 0.8000000119
55515  34.802  -39.817  18.468 0.8000000119
56536  35.581  -38.666  18.394 0.8000000119
55521  35.061  -39.267  18.050 0.8000000119
55545  34.811  -39.940  15.992 1.0000000000
55529  35.423  -39.302  16.455 0.8999999762
56540  35.627  -38.741  17.340 0.8000000119
55544  35.628  -39.583  15.487 1.0000000000
56545  36.162  -38.641  16.355 0.8000000119
54530  35.726  -40.608  14.161 1.0000000000
54521  35.180  -40.205  15.062 1.0000000000
53517  35.403  -41.419  13.735 1.0000000000
54529  36.556  -40.244  13.639 1.0000000000
55553  37.597  -39.028  13.285 1.0000000000
55583  36.526  -40.173  11.009 1.0000000000
54562  35.332  -41.184  11.018 1.0000000000
55564  38.156  -39.352  12.084 1.0000000000
56584  38.651  -38.867  11.305 1.0000000000
55573  38.692  -38.992  10.939 1.0000000000
55582  37.687  -39.832  10.767 1.0000000000
56583  38.690  -38.286  11.020 1.0000000000
50148  42.445  -43.944  21.775 0.6999999881
50149  41.819  -44.177  22.111 0.6999999881
50150  40.043  -44.189  22.139 0.6000000238
51220  39.172  -43.889  21.904 0.6000000238
51221  38.372  -43.658  21.734 0.6000000238
51222  37.517  -43.510  21.497 0.6999999881
52348  36.439  -42.490  21.122 0.6999999881
51223  36.678  -43.315  21.140 0.6999999881
51229  35.909  -43.071  20.541 0.6999999881
135505  35.329  -42.407  19.804 0.6999999881
54453  35.429  -40.496  20.319 0.8000000119
52394  34.978  -42.591  18.868 0.6999999881
52376  34.936  -41.739  19.067 0.8000000119
56535  36.173  -38.146  18.825 0.8000000119
57478  36.742  -37.608  18.318 0.8000000119
56544  36.386  -38.142  16.979 0.8000000119
145001  36.758  -38.703  15.523 0.8000000119
57498  36.881  -37.681  16.731 0.8000000119
56569  37.146  -38.797  14.482 1.0000000000
57497  37.322  -37.429  16.097 0.6999999881
57511  37.385  -38.061  15.103 0.8999999762
56568  37.800  -38.285  13.682 1.0000000000
133660  38.028  -36.995  13.403 1.0000000000
54553  34.570  -40.715  11.869 1.0000000000
57542  38.396  -37.596  12.498 1.0000000000
58442  38.789  -36.844  11.407 1.0000000000
56585  37.507  -38.728  10.853 1.0000000000
141519  36.747  -39.477  11.107 1.0000000000
55575  35.772  -39.693  11.671 1.0000000000
128246  38.436  -39.019  10.762 1.0000000000
133702  41.050  -44.100  22.180 0.6999999881
136765  37.850  -42.018  21.407 0.6000000238
137822  36.960  -41.893  21.387 0.6999999881
52357  35.797  -42.095  20.692 0.6999999881
137554  36.260  -41.783  21.163 0.6999999881
53443  35.373  -41.512  20.220 0.6999999881
54452  36.127  -40.429  21.106 0.8000000119
55498  35.478  -39.503  19.840 0.6999999881
56519  36.262  -38.286  19.607 0.6999999881
57477  37.223  -37.121  17.769 0.6999999881
58388  37.408  -36.496  17.284 0.6999999881
140628  37.503  -36.008  16.132 0.8000000119
58398  37.433  -36.570  16.377 0.6999999881
130934  37.485  -37.178  15.186 0.8999999762
57529  37.833  -37.527  14.124 1.0000000000
134654  37.529  -36.057  14.349 1.0000000000
55566  35.288  -39.333  12.450 1.0000000000
58443  38.464  -36.585  12.320 1.0000000000
57555  38.714  -37.361  11.057 1.0000000000
52343  40.939  -42.760  21.327 0.6000000238
52344  39.994  -42.699  21.376 0.6000000238
146165  39.375  -42.429  21.271 0.6000000238
53441  39.637  -41.944  20.962 0.6000000238
52345  38.796  -42.150  21.271 0.6000000238
53424  39.076  -41.470  21.125 0.6000000238
53425  38.368  -41.332  21.363 0.6000000238
53426  37.453  -41.224  21.467 0.6000000238
53427  36.557  -41.161  21.328 0.6000000238
55467  36.605  -39.779  21.221 0.6999999881
56511  36.722  -38.184  20.247 0.6999999881
140475  37.413  -37.128  19.530 0.6999999881
141916  37.336  -36.989  18.700 0.6999999881
58376  37.643  -36.076  18.634 0.6999999881
59340  37.496  -35.227  18.350 0.6999999881
136044  37.498  -35.840  17.770 0.6999999881
66893  42.191  -27.255  20.398 0.3000000119
131729  37.458  -35.713  16.791 0.6999999881
59356  37.366  -34.991  17.545 0.6999999881
67900  42.736  -25.969  20.142 0.3000000119
59373  37.347  -35.483  15.857 0.8000000119
128438  31.766  -42.028  14.062 0.8999999762
59384  37.330  -35.457  14.798 1.0000000000
54544  32.883  -40.984  13.469 1.0000000000
54542  34.094  -40.391  12.655 1.0000000000
54543  33.414  -40.670  13.040 1.0000000000
59418  38.364  -35.575  11.963 1.0000000000
58462  38.819  -36.355  10.769 1.0000000000
58452  38.959  -36.611  10.936 1.0000000000
56593  38.431  -38.032  10.958 1.0000000000
56586  36.208  -38.944  11.720 1.0000000000
57567  38.432  -36.974  10.775 1.0000000000
52356  40.446  -42.175  20.832 0.6000000238
53440  40.246  -41.415  20.584 0.6000000238
54451  39.882  -40.707  20.828 0.6000000238
54435  39.660  -40.084  21.135 0.6000000238
55464  39.156  -39.740  21.309 0.6999999881
56496  38.849  -39.026  21.328 0.6999999881
54436  37.945  -40.504  21.510 0.6000000238
56497  37.855  -38.929  21.280 0.6999999881
143881  43.376  -36.429  19.202 0.3000000119
58364  43.059  -35.879  19.590 0.3000000119
55480  36.776  -38.938  21.008 0.6999999881
57457  37.334  -37.560  20.147 0.6999999881
58367  37.684  -36.515  19.409 0.6999999881
65946  41.974  -29.001  20.283 0.3000000119
126972  41.898  -28.073  20.393 0.4000000060
67883  41.844  -26.380  20.441 0.4000000060
134879  41.006  -26.726  20.436 0.4000000060
52440  30.878  -42.986  14.786 0.6999999881
71912  41.166  -22.067  19.026 0.3000000119
69036  42.182  -25.533  20.349 0.3000000119
61215  36.943  -33.650  16.687 0.6999999881
53520  31.840  -41.668  14.557 0.8999999762
71899  42.263  -22.588  19.879 0.3000000119
70024  42.073  -24.787  20.327 0.3000000119
60318  37.045  -34.706  15.340 0.8000000119
54533  32.710  -40.725  14.256 0.8999999762
141979  41.797  -23.227  20.000 0.3000000119
70025  41.366  -24.485  20.201 0.3000000119
60328  37.222  -34.668  14.015 1.0000000000
55567  34.507  -39.755  12.975 1.0000000000
57557  36.595  -38.069  11.735 1.0000000000
56576  35.694  -38.500  12.654 1.0000000000
59430  38.695  -35.600  10.872 1.0000000000
57556  37.694  -37.631  11.011 1.0000000000
58463  38.200  -36.061  10.651 1.0000000000
58454  37.148  -36.239  11.416 1.0000000000
138592  37.670  -35.525  10.912 1.0000000000
55479  39.850  -39.293  21.234 0.6999999881
56508  39.414  -38.339  21.267 0.6999999881
138548  43.367  -37.129  19.256 0.3000000119
58365  42.915  -36.647  19.835 0.4000000060
56509  38.425  -38.231  21.100 0.6999999881
57456  38.076  -37.525  20.642 0.6999999881
58357  42.475  -36.066  20.247 0.4000000060
58366  38.260  -36.157  20.072 0.6999999881
141899  42.598  -34.297  19.934 0.3000000119
59321  42.081  -35.524  20.536 0.5000000000
59331  38.168  -35.336  19.747 0.6999999881
60266  37.910  -34.617  19.421 0.6999999881
135840  42.055  -33.951  20.363 0.5000000000
60267  37.586  -34.701  18.803 0.6999999881
135745  41.478  -31.215  20.435 0.4000000060
148612  40.449  -31.841  20.703 0.6000000238
134988  40.592  -30.029  20.572 0.5000000000
60279  37.380  -34.436  18.232 0.6999999881
64094  41.821  -30.481  20.325 0.3000000119
143189  37.335  -33.706  18.176 0.6999999881
70062  39.948  -24.186  17.411 0.4000000060
65948  40.287  -28.556  20.472 0.4000000060
60290  37.229  -34.084  17.475 0.6999999881
52431  30.546  -42.682  15.569 0.6999999881
71026  40.450  -22.936  17.754 0.4000000060
137838  40.928  -27.976  20.533 0.4000000060
66895  40.600  -27.297  20.381 0.4000000060
51302  30.151  -43.384  15.278 0.6000000238
71901  40.950  -22.823  19.178 0.3000000119
71012  40.553  -23.246  18.639 0.4000000060
67884  40.904  -26.069  20.343 0.4000000060
67885  40.364  -26.617  20.156 0.4000000060
130753  36.825  -34.015  15.858 0.6999999881
127923  36.763  -32.728  16.663 0.6999999881
52430  31.315  -42.235  14.948 0.6999999881
70049  40.362  -24.088  18.857 0.4000000060
69054  40.375  -25.331  19.759 0.4000000060
67902  39.746  -26.413  19.626 0.4000000060
131348  36.634  -33.228  15.837 0.8000000119
149030  41.264  -23.171  19.673 0.3000000119
70039  40.751  -24.233  19.710 0.3000000119
69069  40.341  -24.820  19.381 0.4000000060
131675  36.874  -33.756  14.733 0.8000000119
55568  33.795  -40.092  13.363 1.0000000000
131076  37.837  -34.639  12.383 1.0000000000
57543  36.808  -37.139  11.765 1.0000000000
60354  38.154  -34.282  10.803 1.0000000000
60360  38.349  -35.123  10.801 1.0000000000
60353  38.395  -34.628  11.008 1.0000000000
58444  36.134  -36.538  12.857 1.0000000000
59419  36.619  -35.443  11.905 1.0000000000
130089  40.919  -39.336  20.947 0.6000000238
56506  41.391  -38.477  20.887 0.6000000238
131180  40.917  -37.661  21.112 0.6000000238
57454  39.945  -37.610  21.256 0.6999999881
144114  42.361  -37.722  20.340 0.5000000000
144683  41.761  -37.682  20.733 0.6000000238
57455  38.961  -37.547  21.034 0.6999999881
132135  42.255  -36.947  20.470 0.5000000000
58358  41.766  -36.183  20.701 0.4000000060
133530  38.572  -36.856  20.601 0.6999999881
58359  40.880  -36.164  21.041 0.6000000238
129148  38.984  -36.124  20.783 0.6999999881
59322  41.348  -35.458  20.819 0.6000000238
59325  38.688  -35.370  20.422 0.6999999881
137856  41.366  -33.980  20.654 0.6000000238
61162  40.983  -33.214  20.717 0.6000000238
60259  38.422  -34.601  20.117 0.6999999881
138654  38.114  -33.857  19.765 0.6999999881
63141  41.119  -31.875  20.634 0.5000000000
63143  39.949  -31.349  20.644 0.6000000238
63144  39.116  -31.476  20.388 0.6000000238
138275  37.604  -33.918  18.929 0.6000000238
70073  39.755  -24.803  15.843 0.4000000060
65028  40.452  -29.346  20.551 0.4000000060
129096  39.870  -29.938  20.474 0.4000000060
64097  39.449  -30.666  20.405 0.5000000000
63154  38.385  -31.624  19.852 0.6000000238
61187  37.470  -33.061  18.569 0.6999999881
70072  40.039  -24.090  16.448 0.4000000060
65029  39.622  -29.161  20.329 0.5000000000
62176  37.364  -32.257  18.214 0.6999999881
139223  40.152  -23.661  18.012 0.4000000060
70063  39.724  -24.830  16.936 0.5000000000
65949  39.503  -28.271  20.087 0.4000000060
138383  39.210  -27.749  19.613 0.4000000060
61197  37.200  -33.070  17.587 0.6999999881
53512  31.618  -41.525  15.382 0.8999999762
53513  30.957  -41.968  15.938 0.6999999881
67918  39.378  -26.190  18.876 0.4000000060
62202  36.619  -32.461  15.916 0.6999999881
131763  36.744  -31.866  16.449 0.6999999881
132008  39.915  -24.823  18.673 0.4000000060
55558  33.060  -40.019  14.675 0.8999999762
131313  37.155  -33.035  13.692 0.8999999762
55557  33.575  -39.695  14.164 0.8999999762
57544  36.003  -37.593  12.842 1.0000000000
55556  34.204  -39.386  13.734 1.0000000000
129619  38.138  -33.730  11.487 1.0000000000
57530  35.366  -38.150  13.628 1.0000000000
61254  38.151  -33.560  10.937 1.0000000000
58431  35.504  -37.210  13.861 1.0000000000
56570  34.640  -38.596  14.111 1.0000000000
61262  38.186  -32.821  10.891 1.0000000000
144308  35.684  -32.378  11.832 0.8999999762
61256  36.686  -32.847  11.332 1.0000000000
59420  36.722  -34.489  11.714 1.0000000000
128317  35.697  -35.731  13.370 1.0000000000
143073  35.458  -36.421  13.926 1.0000000000
137037  36.681  -33.648  11.563 1.0000000000
60344  35.470  -34.230  12.725 1.0000000000
59421  35.178  -35.072  13.680 0.8999999762
61257  35.310  -33.110  12.344 1.0000000000
60345  34.413  -34.498  13.713 0.8999999762
135899  41.362  -36.919  20.929 0.6000000238
133109  40.420  -36.890  21.163 0.6999999881
131081  39.899  -36.138  21.123 0.6999999881
59323  40.413  -35.420  20.996 0.6999999881
60258  39.087  -34.624  20.632 0.6999999881
131578  40.935  -34.707  20.867 0.6000000238
60257  39.975  -34.665  20.885 0.6000000238
138403  38.754  -33.852  20.394 0.6999999881
137418  39.579  -33.881  20.735 0.6999999881
61164  39.214  -33.079  20.551 0.6000000238
61173  38.443  -33.093  20.057 0.6000000238
62163  38.113  -32.381  19.683 0.6000000238
70082  40.100  -24.500  14.848 0.3000000119
61163  40.125  -33.125  20.754 0.6000000238
62152  39.759  -32.231  20.673 0.6000000238
62164  37.586  -32.361  19.051 0.6000000238
69101  39.734  -25.164  15.031 0.4000000060
69110  40.136  -25.137  14.131 0.4000000060
65030  39.055  -29.893  20.197 0.6000000238
146924  38.274  -30.523  19.445 0.6000000238
132657  38.488  -29.987  19.549 0.5000000000
63168  37.545  -31.606  18.761 0.6000000238
65964  38.937  -28.294  19.550 0.4000000060
63181  37.298  -31.399  17.923 0.6000000238
69091  39.473  -25.533  16.543 0.5000000000
67919  39.019  -26.652  18.467 0.4000000060
66908  39.182  -27.050  19.195 0.4000000060
133753  36.999  -32.073  17.341 0.6000000238
67939  39.098  -26.105  17.136 0.5000000000
69070  39.512  -25.464  18.407 0.4000000060
130352  36.976  -31.019  16.037 0.6000000238
67930  39.130  -26.065  18.051 0.4000000060
66926  38.718  -27.281  18.395 0.4000000060
145313  32.199  -41.121  14.808 0.8999999762
63210  37.057  -31.760  14.412 0.8999999762
62211  36.794  -32.636  14.916 0.8000000119
55546  33.273  -39.104  15.195 0.8999999762
56560  33.726  -38.235  15.348 0.8999999762
56571  33.948  -38.911  14.570 0.8999999762
133301  38.276  -32.943  11.099 1.0000000000
61255  37.873  -33.381  10.830 1.0000000000
59402  35.024  -35.801  14.307 0.8999999762
62236  34.649  -32.137  12.511 1.0000000000
61248  34.207  -33.681  13.064 1.0000000000
62229  33.847  -32.947  12.837 1.0000000000
61249  33.248  -33.483  13.420 0.8999999762
71064  41.015  -23.483  14.080 0.3000000119
70093  40.713  -24.269  13.915 0.3000000119
123578  40.783  -24.926  13.408 0.3000000119
64110  37.974  -31.046  19.303 0.6000000238
123629  39.589  -25.773  14.669 0.5000000000
69111  39.938  -25.986  13.635 0.4000000060
65046  38.203  -29.385  18.759 0.5000000000
65965  38.537  -28.579  19.015 0.5000000000
147902  38.304  -28.769  18.467 0.5000000000
65059  37.740  -30.008  18.250 0.5000000000
137705  39.494  -25.651  15.621 0.5000000000
65978  38.429  -28.143  18.224 0.5000000000
65072  38.028  -28.905  17.855 0.5000000000
132585  38.716  -26.821  15.815 0.5000000000
66939  38.549  -27.420  17.484 0.5000000000
63199  37.041  -31.174  17.032 0.6000000238
67940  38.782  -26.770  16.807 0.5000000000
67931  38.803  -26.685  17.745 0.5000000000
66959  38.460  -27.586  15.460 0.5000000000
66948  38.464  -27.486  16.483 0.5000000000
131311  37.098  -30.894  14.884 0.6000000238
142752  37.113  -32.353  13.921 0.8999999762
142228  37.991  -32.055  12.318 0.8999999762
62219  37.640  -32.489  12.944 0.8999999762
63225  38.272  -31.990  11.398 0.8999999762
63230  36.654  -31.589  11.264 0.8999999762
62241  37.483  -32.120  10.937 0.8999999762
62240  38.119  -32.334  10.857 0.8999999762
62234  38.301  -32.463  10.986 1.0000000000
58432  34.866  -36.739  14.717 0.8999999762
57531  34.951  -37.777  14.507 0.8999999762
59403  34.372  -35.146  14.379 0.8999999762
62235  35.581  -31.735  11.808 0.8000000119
58433  34.169  -35.835  14.953 0.8999999762
60346  33.534  -34.112  13.719 0.8999999762
60329  33.804  -34.645  14.284 0.8999999762
71071  41.297  -23.811  13.333 0.3000000119
70105  41.307  -24.443  12.983 0.3000000119
70104  41.824  -24.593  12.184 0.4000000060
69126  41.879  -24.659  11.984 0.3000000119
69120  41.170  -25.285  12.545 0.3000000119
69127  41.666  -25.381  11.867 0.4000000060
64123  37.595  -30.800  18.503 0.6000000238
67963  39.421  -26.541  14.217 0.5000000000
65073  37.614  -29.624  17.417 0.5000000000
67954  38.815  -26.989  14.802 0.5000000000
126016  38.205  -28.155  17.172 0.5000000000
64150  37.284  -30.252  16.613 0.5000000000
66002  38.045  -28.187  16.137 0.5000000000
65087  37.518  -29.475  16.516 0.5000000000
66010  38.200  -28.354  15.052 0.5000000000
134730  37.407  -29.723  15.906 0.5000000000
66019  37.996  -29.071  14.540 0.5000000000
65100  37.996  -29.671  14.029 0.6000000238
64163  37.712  -30.329  14.063 0.6000000238
65109  38.837  -29.719  12.161 0.6999999881
64174  38.092  -30.670  12.649 0.6999999881
63221  37.500  -31.863  13.334 0.6999999881
64173  38.696  -30.201  11.686 0.6999999881
64180  38.245  -31.008  11.342 0.8000000119
132321  38.054  -31.468  12.385 0.8000000119
57512  34.243  -37.499  15.213 0.8999999762
63229  37.813  -31.708  10.922 0.8999999762
63228  38.210  -31.882  11.010 0.8999999762
63226  35.701  -31.004  11.771 0.6999999881
59385  33.082  -35.855  15.408 0.8999999762
60330  33.046  -34.553  14.256 0.8999999762
63223  33.653  -32.336  13.284 1.0000000000
70120  41.447  -24.817  10.769 0.3000000119
69132  41.722  -25.511  11.551 0.4000000060
132771  40.086  -24.659  11.061 0.3000000119
67968  40.535  -26.238  12.413 0.4000000060
69138  40.337  -25.367  10.766 0.3000000119
67969  39.764  -26.841  12.962 0.4000000060
67974  40.747  -26.635  11.374 0.4000000060
67978  40.650  -26.635  11.097 0.4000000060
66968  38.702  -27.827  14.353 0.4000000060
143222  40.237  -27.278  11.740 0.4000000060
66982  39.988  -27.276  11.299 0.4000000060
66967  39.279  -27.383  13.659 0.4000000060
66974  39.769  -27.843  12.322 0.4000000060
66028  38.980  -28.991  12.471 0.5000000000
66018  38.568  -28.623  13.851 0.5000000000
64179  38.622  -30.097  11.241 0.6000000238
64183  38.200  -30.885  11.195 0.8000000119
64184  36.852  -30.792  11.324 0.6999999881
63227  34.913  -31.268  12.476 0.6999999881
60347  32.651  -34.033  13.708 0.8999999762
135452  32.138  -34.527  14.090 0.8999999762
62220  32.897  -32.404  14.033 0.8999999762
62231  32.381  -32.897  13.856 0.8000000119
61250  32.438  -33.467  13.636 0.8000000119
63213  32.708  -31.713  14.623 0.6999999881
64166  32.435  -31.010  15.037 0.8000000119
70111  39.352  -24.404  11.781 0.3000000119
70118  39.712  -25.421  11.248 0.3000000119
69133  39.967  -26.292  11.019 0.3000000119
69134  38.846  -25.294  11.854 0.4000000060
128562  39.739  -26.944  11.175 0.4000000060
133982  39.330  -26.180  11.320 0.4000000060
66987  39.531  -27.533  11.029 0.5000000000
66983  39.913  -28.101  11.317 0.5000000000
66038  39.537  -28.370  10.920 0.5000000000
67980  38.739  -27.631  11.068 0.5000000000
66034  39.613  -28.647  11.104 0.5000000000
66988  38.618  -28.463  11.030 0.5000000000
66039  39.333  -29.112  11.006 0.5000000000
65119  38.491  -29.986  11.162 0.6000000238
65120  37.305  -30.055  11.348 0.6999999881
64182  35.810  -30.347  11.846 0.6999999881
64175  35.268  -30.540  12.545 0.6999999881
64176  34.675  -30.874  13.374 0.6999999881
139466  35.214  -30.153  13.655 0.6999999881
63211  34.254  -31.215  14.115 0.8000000119
64164  34.589  -30.553  14.535 0.6999999881
71088  40.202  -23.760  11.290 0.3000000119
71083  38.954  -23.913  12.693 0.3000000119
144401  38.532  -24.627  12.863 0.4000000060
70112  38.727  -24.705  12.392 0.3000000119
69129  38.260  -25.313  12.570 0.4000000060
67975  38.403  -26.004  11.851 0.4000000060
67976  38.015  -26.750  11.855 0.4000000060
69130  37.872  -26.011  12.464 0.3000000119
146436  37.594  -27.059  12.220 0.5000000000
66036  37.433  -28.330  11.611 0.6000000238
67970  37.463  -26.564  12.744 0.3000000119
66984  37.201  -27.462  12.518 0.5000000000
66976  36.655  -27.840  13.356 0.4000000060
66041  37.400  -29.275  11.399 0.6999999881
66037  36.530  -28.671  12.097 0.6999999881
66985  36.734  -28.113  12.505 0.6000000238
65117  36.358  -29.360  11.830 0.6999999881
64181  36.275  -29.990  11.660 0.6999999881
65111  36.021  -29.046  12.561 0.6999999881
66030  35.756  -29.253  13.727 0.6000000238
69112  38.256  -24.970  13.357 0.3000000119
69121  37.744  -25.750  13.228 0.3000000119
69113  38.014  -25.330  14.237 0.3000000119
128170  37.632  -26.074  14.367 0.3000000119
67955  37.197  -26.299  15.383 0.3000000119
66969  37.117  -27.100  13.522 0.3000000119
67964  37.216  -26.780  14.482 0.4000000060
66029  36.212  -28.495  13.004 0.5000000000
66970  36.670  -27.583  14.575 0.5000000000
66020  36.261  -28.441  14.226 0.6000000238
66021  35.684  -28.885  14.900 0.6000000238
71967  38.924  -22.810  14.286 0.4000000060
71065  38.577  -23.683  14.475 0.3000000119
70094  38.317  -24.549  14.242 0.3000000119
124304  38.265  -24.238  15.084 0.3000000119
70084  37.937  -24.835  15.150 0.3000000119
69102  37.593  -25.567  15.287 0.3000000119
127972  37.521  -25.033  16.154 0.3000000119
67942  36.603  -26.378  16.084 0.3000000119
67956  36.699  -26.970  15.422 0.4000000060
66949  36.191  -27.040  15.999 0.4000000060
66012  36.175  -28.189  15.258 0.6000000238
66960  36.327  -27.539  15.519 0.4000000060
66950  35.643  -27.035  16.177 0.4000000060
66013  35.493  -28.375  15.569 0.5000000000
64159  33.138  -30.323  15.283 0.6999999881
63214  31.804  -31.620  14.687 0.8000000119
71954  38.648  -22.989  15.386 0.4000000060
71055  38.311  -23.711  15.658 0.3000000119
71045  37.917  -23.789  16.557 0.3000000119
70074  37.466  -24.393  16.742 0.3000000119
124166  37.058  -25.057  16.804 0.3000000119
69092  36.518  -25.701  16.579 0.4000000060
67943  36.045  -26.415  16.446 0.4000000060
67944  35.367  -26.345  16.484 0.4000000060
66962  35.199  -27.679  15.929 0.4000000060
65092  35.058  -29.187  15.367 0.5000000000
66963  34.292  -27.477  15.914 0.4000000060
65102  34.557  -29.943  15.202 0.6000000238
66014  34.601  -28.420  15.689 0.4000000060
65094  33.358  -29.453  15.379 0.6999999881
66015  33.571  -28.639  15.491 0.4000000060
134629  32.819  -27.852  15.264 0.4000000060
66016  32.418  -28.695  15.108 0.5000000000
65095  32.529  -29.610  15.233 0.6000000238
64160  32.019  -30.203  15.117 0.6999999881
65096  31.645  -29.324  14.907 0.6999999881
134971  38.681  -22.316  16.312 0.3000000119
71027  37.858  -23.236  17.127 0.3000000119
71046  37.478  -23.777  17.088 0.3000000119
70064  36.993  -24.176  17.209 0.3000000119
70075  36.422  -24.962  17.032 0.3000000119
69093  35.822  -25.667  16.739 0.4000000060
69094  34.981  -25.649  16.691 0.3000000119
67945  34.662  -26.242  16.394 0.3000000119
69095  34.145  -25.675  16.281 0.3000000119
136323  33.742  -27.948  15.665 0.4000000060
67957  33.877  -26.521  15.998 0.3000000119
69103  33.318  -25.656  15.627 0.3000000119
66964  33.282  -27.182  15.558 0.3000000119
67958  32.817  -26.295  15.319 0.3000000119
66971  32.219  -26.966  15.047 0.4000000060
66022  31.771  -27.702  14.739 0.5000000000
130102  30.915  -29.978  14.870 0.5000000000
72795  38.320  -21.909  17.319 0.3000000119
71924  37.773  -22.611  17.431 0.3000000119
71029  36.760  -23.363  17.447 0.3000000119
70065  36.256  -24.118  17.273 0.3000000119
132899  34.442  -24.875  16.538 0.3000000119
70076  33.599  -24.916  15.892 0.3000000119
127523  32.995  -24.989  15.219 0.3000000119
69104  32.554  -25.484  14.939 0.3000000119
140559  31.444  -26.886  14.300 0.4000000060
66023  31.256  -28.417  14.588 0.5000000000
66972  30.800  -27.566  14.060 0.5000000000
65103  30.624  -29.098  14.489 0.5000000000
72796  37.663  -21.865  17.633 0.3000000119
71925  37.193  -22.604  17.593 0.3000000119
71926  36.498  -22.567  17.561 0.3000000119
71030  35.990  -23.301  17.386 0.3000000119
136092  35.520  -23.907  17.129 0.3000000119
132166  34.732  -23.997  16.694 0.3000000119
70085  33.871  -24.089  16.080 0.3000000119
70086  33.087  -24.158  15.199 0.3000000119
136056  31.886  -26.074  14.553 0.4000000060
66977  30.877  -26.806  13.705 0.4000000060
67971  30.640  -26.266  13.325 0.4000000060
66024  30.400  -28.335  14.153 0.5000000000
66031  29.710  -27.911  13.728 0.4000000060
144975  38.648  -21.129  17.321 0.3000000119
73658  38.160  -21.105  17.669 0.3000000119
71940  35.640  -22.440  17.215 0.3000000119
71047  35.075  -23.121  16.824 0.3000000119
71048  34.178  -23.181  16.195 0.3000000119
71056  33.527  -23.464  15.546 0.3000000119
70087  32.451  -24.694  14.467 0.3000000119
70095  32.563  -23.870  14.291 0.3000000119
69114  32.043  -25.329  14.310 0.3000000119
69115  31.480  -25.522  13.757 0.4000000060
145639  31.080  -25.887  13.459 0.3000000119
126873  37.501  -21.045  17.758 0.3000000119
72797  36.982  -21.824  17.734 0.3000000119
73659  36.680  -20.968  17.644 0.3000000119
72798  36.140  -21.699  17.502 0.3000000119
72811  35.270  -21.592  16.988 0.3000000119
71941  34.867  -22.267  16.643 0.3000000119
72812  34.588  -21.540  16.341 0.3000000119
148396  34.552  -22.694  16.439 0.3000000119
71955  34.134  -22.230  16.035 0.3000000119
133898  37.162  -20.209  17.811 0.3000000119
138829  36.369  -20.217  17.572 0.3000000119
73660  35.690  -20.737  17.299 0.3000000119
73675  34.880  -20.856  16.645 0.3000000119
71956  33.587  -22.738  15.436 0.3000000119
71057  33.012  -23.181  14.675 0.3000000119
74530  36.583  -19.489  17.745 0.3000000119
75486  36.000  -18.888  17.436 0.3000000119
147022  35.054  -20.176  16.862 0.3000000119
74531  35.668  -19.681  17.255 0.4000000060
73676  34.440  -20.925  15.996 0.3000000119
72829  34.033  -21.402  15.637 0.3000000119
139108  33.572  -21.946  15.205 0.3000000119
74546  34.589  -20.184  16.036 0.4000000060
74545  34.930  -19.489  16.557 0.4000000060
73690  34.015  -20.647  15.351 0.4000000060
128239  35.337  -18.796  16.836 0.3000000119
75503  34.783  -18.794  16.098 0.4000000060
134599  35.185  -45.440  12.465 1.0000000000
147279  35.541  -44.318  12.297 1.0000000000
49203  35.400  -45.798  11.888 0.8999999762
63222  34.222  -31.589  13.218 0.6999999881
135744  34.001  -31.058  14.698 0.8000000119
64165  33.353  -31.089  14.933 0.8000000119
64158  33.990  -30.554  15.143 0.6999999881
138036  38.246  -56.868  17.947 0.6000000238
137214  38.532  -57.042  17.276 0.6000000238
39948  38.773  -54.322  16.878 0.6000000238
34035  37.783  -60.431  19.086 0.5000000000
33109  37.943  -61.432  19.084 0.5000000000
131217  37.588  -54.947  19.788 0.6000000238
44925  38.443  -49.659  13.151 0.8999999762
40862  38.064  -53.657  21.512 0.5000000000
124170  37.751  -58.018  21.622 0.4000000060
37916  37.904  -56.230  21.619 0.5000000000
35968  37.487  -58.729  21.159 0.4000000060
42783  39.233  -50.448  18.059 0.6999999881
45970  39.472  -48.884  15.090 0.8999999762
45896  39.615  -48.683  21.616 0.6999999881
140952  38.510  -54.799  22.328 0.5000000000
38900  39.450  -55.765  23.141 0.5000000000
45913  38.922  -48.241  19.330 0.8000000119
35027  37.380  -59.689  21.547 0.4000000060
45946  39.398  -48.653  16.824 0.8000000119
130321  39.360  -48.643  20.900 0.6999999881
41797  42.016  -52.724  22.381 0.4000000060
49167  35.552  -45.517  16.679 0.8000000119
48188  34.757  -46.686  11.565 0.8000000119
137111  41.183  -48.053  22.858 0.6000000238
42738  42.993  -51.103  22.425 0.4000000060
41812  43.317  -52.573  21.700 0.4000000060
48095  37.491  -46.364  20.641 0.8000000119
129292  34.447  -45.266  13.493 1.0000000000
44836  44.536  -49.461  21.778 0.5000000000
44820  43.213  -49.229  22.713 0.5000000000
51335  36.331  -43.746  11.188 1.0000000000
48072  42.462  -46.827  22.757 0.6999999881
51314  33.803  -43.746  14.600 1.0000000000
51326  35.023  -43.943  12.960 1.0000000000
55588  37.584  -40.382  10.843 1.0000000000
54550  37.899  -40.166  11.089 1.0000000000
52395  34.570  -42.050  18.280 0.8000000119
55554  36.804  -39.460  14.005 1.0000000000
56539  36.193  -38.141  17.866 0.8000000119
55543  36.472  -39.287  15.031 1.0000000000
55555  36.046  -39.884  14.589 1.0000000000
55481  36.003  -39.617  20.695 0.6999999881
141197  37.465  -36.301  15.393 0.8000000119
133213  37.589  -35.459  13.525 1.0000000000
142448  39.020  -40.612  21.247 0.6000000238
55466  37.401  -39.687  21.418 0.6999999881
126381  41.836  -31.891  20.283 0.4000000060
53519  32.307  -41.411  13.907 1.0000000000
54532  33.258  -40.403  13.775 1.0000000000
65027  41.320  -29.700  20.502 0.4000000060
60355  37.632  -34.099  10.956 1.0000000000
62149  42.143  -32.636  20.091 0.4000000060
64095  41.055  -30.554  20.569 0.5000000000
62150  41.422  -32.555  20.511 0.5000000000
69085  39.416  -25.466  17.509 0.4000000060
70050  39.646  -24.809  17.879 0.4000000060
148911  35.929  -34.995  12.786 1.0000000000
65045  38.852  -29.069  19.728 0.5000000000
62230  33.007  -32.945  13.429 0.8000000119
127577  39.154  -26.279  15.242 0.5000000000
66003  37.749  -28.845  16.820 0.5000000000
65091  37.510  -29.704  14.993 0.5000000000
128171  37.539  -31.147  13.658 0.6999999881
65099  38.440  -29.329  13.333 0.6000000238
66027  39.602  -28.645  11.672 0.5000000000
66035  39.230  -29.305  11.294 0.5000000000
66986  39.709  -27.947  11.151 0.5000000000
65101  35.215  -29.739  14.730 0.6999999881
65093  34.256  -29.314  15.443 0.6000000238
129386  35.461  -24.787  17.001 0.3000000119
41906  42.120  -51.887  12.476 0.5000000000
42844  42.331  -51.720  11.191 0.5000000000
43871  41.535  -50.613  11.200 0.5000000000
39996  42.683  -54.425  11.460 0.5000000000
41910  42.444  -52.399  11.660 0.5000000000
146583  41.788  -54.924  12.896 0.5000000000
40968  41.990  -53.531  12.869 0.5000000000
40967  42.226  -52.783  12.417 0.5000000000
39005  41.338  -55.120  13.516 0.5000000000
137331  40.503  -56.240  14.348 0.4000000060
39976  41.020  -54.542  13.998 0.5000000000
37988  40.501  -57.081  14.199 0.4000000060
136252  40.513  -54.777  14.501 0.5000000000
36963  39.609  -57.014  15.410 0.5000000000
38988  40.224  -55.389  14.789 0.5000000000
47082  31.786  -46.948  14.061 0.6999999881
45977  31.897  -47.617  14.782 0.6999999881
130660  32.263  -46.809  13.107 0.8000000119
48182  33.071  -46.762  12.307 0.8000000119
147555  32.731  -47.669  12.618 0.8000000119
48181  33.561  -46.047  11.798 0.8999999762
48165  31.146  -46.244  14.536 0.6999999881
48173  32.480  -45.862  12.750 0.8999999762
133273  32.397  -44.830  12.918 0.8999999762
49205  33.157  -45.190  12.042 0.8999999762
50244  33.770  -44.613  11.574 0.8999999762
50237  31.121  -44.610  13.938 0.6000000238
49197  31.672  -45.204  13.634 0.8000000119
50245  32.890  -44.288  12.354 0.8999999762
51336  33.342  -43.673  11.953 0.8999999762
51346  34.394  -44.072  11.283 0.8999999762
128677  35.034  -43.539  11.003 0.8999999762
52374  42.037  -42.164  19.432 0.5000000000
52354  41.893  -42.523  20.423 0.5000000000
52355  41.174  -42.330  20.696 0.5000000000
51216  43.061  -43.810  21.372 0.6000000238
51217  42.454  -43.181  21.110 0.5000000000
51218  41.598  -43.443  21.693 0.5000000000
50147  43.112  -44.497  21.775 0.6000000238
50228  30.453  -44.466  14.510 0.6000000238
50236  31.749  -44.354  13.491 0.8999999762
51337  32.579  -43.433  12.704 0.8999999762
50235  32.346  -44.067  13.047 0.8999999762
52452  32.994  -42.724  12.395 0.8999999762
52451  33.917  -43.066  11.606 0.8999999762
52460  34.696  -42.575  11.238 0.8999999762
54472  41.566  -40.809  19.630 0.5000000000
140345  41.193  -40.245  20.408 0.5000000000
54488  42.042  -41.233  18.987 0.5000000000
52375  41.341  -41.966  20.007 0.5000000000
53439  40.988  -41.213  20.085 0.5000000000
53463  42.063  -41.763  18.861 0.5000000000
52445  31.787  -42.591  13.708 0.8999999762
51328  31.107  -43.968  13.931 0.6999999881
133473  32.308  -42.612  13.077 0.8999999762
53540  32.691  -41.920  12.822 0.8999999762
53539  33.585  -41.949  12.147 0.8999999762
53538  34.482  -41.532  11.535 0.8999999762
55496  41.949  -40.116  20.038 0.5000000000
55478  40.358  -40.091  20.881 0.5000000000
54471  42.269  -40.457  19.379 0.5000000000
54487  42.491  -40.857  18.555 0.5000000000
53528  33.098  -41.281  12.850 0.8999999762
54554  33.762  -41.011  12.342 0.8999999762
55477  41.868  -39.322  20.462 0.5000000000
55476  42.509  -38.914  20.089 0.5000000000
57453  42.142  -38.396  20.469 0.5000000000
55494  43.109  -38.962  19.426 0.5000000000
56518  42.729  -38.233  19.957 0.4000000060
53503  31.246  -41.168  16.237 0.6000000238
53504  30.400  -41.444  16.646 0.6000000238
54524  31.960  -40.824  15.734 0.8000000119
54513  31.411  -40.236  16.480 0.6999999881
54514  30.380  -39.939  16.953 0.6999999881
55533  29.415  -39.767  17.132 0.6999999881
130014  28.897  -39.001  16.709 0.6999999881
54512  32.253  -40.156  16.024 0.8000000119
54523  32.523  -40.418  15.194 0.8000000119
55532  30.944  -39.184  16.774 0.6999999881
123790  29.893  -39.011  16.873 0.6999999881
56548  30.362  -38.115  16.651 0.6999999881
126910  29.611  -37.563  16.255 0.6999999881
56546  32.332  -38.740  16.158 0.8000000119
57499  32.034  -37.864  16.350 0.8000000119
148128  32.788  -38.899  15.733 0.8000000119
136368  30.216  -37.126  16.132 0.6999999881
57500  31.112  -37.538  16.469 0.6999999881
58399  31.707  -36.997  16.262 0.8000000119
57513  33.432  -37.384  15.774 0.8000000119
58400  30.920  -36.846  16.124 0.6999999881
59386  31.939  -35.671  15.312 0.8000000119
59387  30.852  -35.588  15.022 0.6000000238
128370  33.089  -36.644  15.875 0.8000000119
58411  32.306  -36.429  15.870 0.8000000119
143119  30.813  -34.952  14.329 0.6000000238
60332  30.405  -34.346  14.095 0.6000000238
147676  29.848  -33.956  14.174 0.6000000238
59406  31.570  -35.064  14.539 0.8000000119
61235  31.041  -33.803  13.828 0.6000000238
62222  30.868  -33.064  14.145 0.6000000238
59405  32.544  -35.127  14.726 0.8000000119
61236  30.165  -33.436  14.196 0.6000000238
60348  31.845  -33.985  13.668 0.6999999881
127502  30.851  -31.477  14.614 0.6999999881
147872  30.436  -31.929  14.397 0.6000000238
128605  31.164  -32.302  14.350 0.6000000238
64168  30.274  -30.697  14.624 0.6000000238
61251  31.677  -33.154  13.946 0.6999999881
62221  32.100  -32.357  14.320 0.6999999881
36034  39.868  -58.417  14.668 0.4000000060
36962  40.040  -56.982  14.761 0.5000000000
37971  39.851  -56.168  15.226 0.5000000000
39988  41.603  -54.346  13.297 0.5000000000
57462  43.297  -37.970  19.341 0.3000000119
55547  32.647  -39.550  15.647 0.8000000119
39997  42.234  -54.308  12.466 0.5000000000
37987  41.139  -55.905  13.638 0.5000000000
48174  31.779  -46.102  13.760 0.8000000119
51228  42.734  -42.790  20.118 0.5000000000
55531  31.919  -39.411  16.359 0.8000000119
56547  31.475  -38.464  16.565 0.6999999881
57514  32.611  -37.233  16.161 0.8000000119
58413  30.353  -36.372  15.568 0.6999999881
44835  45.026  -49.031  21.290 0.4000000060
45911  45.931  -48.804  20.035 0.4000000060
46993  45.130  -47.470  21.136 0.4000000060
45902  45.434  -48.266  20.816 0.4000000060
48085  44.753  -46.738  21.358 0.5000000000
47014  46.070  -47.503  19.665 0.4000000060
47013  46.455  -47.501  18.848 0.4000000060
49110  44.470  -45.455  21.042 0.5000000000
49111  43.828  -45.157  21.539 0.5000000000
49115  45.307  -46.053  20.154 0.5000000000
48104  45.755  -46.069  19.369 0.4000000060
48092  45.275  -46.743  20.658 0.4000000060
133505  46.474  -46.838  18.448 0.4000000060
127409  46.171  -46.781  19.142 0.4000000060
47000  45.615  -47.479  20.398 0.4000000060
136003  46.807  -47.349  17.928 0.4000000060
127145  43.651  -44.245  21.109 0.5000000000
49116  44.826  -45.387  20.385 0.5000000000
49141  46.024  -45.414  17.963 0.4000000060
49140  46.412  -45.848  17.701 0.4000000060
148126  47.073  -44.778  14.778 0.4000000060
49174  47.180  -45.755  15.856 0.4000000060
48142  46.709  -46.026  17.105 0.4000000060
50225  47.389  -44.988  14.409 0.4000000060
48151  47.445  -46.507  15.775 0.4000000060
50156  44.047  -43.981  20.205 0.5000000000
123739  44.687  -44.632  19.839 0.5000000000
50169  45.157  -44.757  19.003 0.4000000060
53559  44.688  -41.550  9.780 0.3000000119
126515  45.682  -45.418  18.778 0.4000000060
52464  44.602  -42.776  10.093 0.3000000119
49158  46.323  -45.334  17.199 0.4000000060
52463  45.570  -42.851  9.862 0.3000000119
51351  45.023  -43.087  10.405 0.3000000119
147157  45.621  -43.299  11.859 0.3000000119
51332  46.138  -43.436  12.735 0.3000000119
51309  46.187  -43.797  14.378 0.4000000060
50226  46.624  -44.453  15.106 0.4000000060
49165  46.735  -45.550  16.496 0.4000000060
51331  46.752  -43.574  11.866 0.3000000119
51320  46.972  -43.806  12.867 0.3000000119
50233  46.907  -44.394  14.322 0.4000000060
51240  44.099  -43.692  19.347 0.4000000060
51260  44.304  -43.620  18.503 0.4000000060
50181  45.486  -44.864  18.180 0.4000000060
50182  44.934  -44.237  18.324 0.4000000060
141164  44.677  -40.807  10.000 0.3000000119
54558  44.400  -41.485  10.930 0.3000000119
53551  44.243  -42.055  10.235 0.3000000119
52456  43.861  -43.134  11.089 0.3000000119
51334  43.700  -43.186  12.580 0.3000000119
51322  44.222  -43.313  13.407 0.4000000060
50217  46.150  -44.265  15.907 0.4000000060
52455  44.224  -43.057  10.602 0.3000000119
51333  44.649  -43.313  12.412 0.3000000119
139239  45.564  -43.406  13.525 0.3000000119
51241  43.481  -43.247  19.726 0.4000000060
53523  44.068  -41.568  13.772 0.3000000119
53509  44.045  -41.378  14.600 0.3000000119
51299  43.713  -42.580  15.612 0.4000000060
52427  43.510  -42.297  15.231 0.4000000060
145629  43.687  -42.572  16.225 0.4000000060
51274  44.612  -43.651  17.678 0.4000000060
54549  44.624  -41.234  12.234 0.3000000119
129303  44.081  -41.913  12.899 0.3000000119
53516  43.409  -42.240  14.154 0.3000000119
51324  43.281  -43.028  14.026 0.4000000060
51285  44.226  -43.033  16.278 0.4000000060
53534  43.801  -42.400  11.889 0.3000000119
52443  43.323  -42.888  13.607 0.3000000119
51311  43.875  -43.228  14.289 0.4000000060
51284  45.169  -43.576  15.925 0.4000000060
51273  44.925  -43.644  16.869 0.4000000060
52448  43.567  -43.074  11.930 0.3000000119
52442  43.489  -43.016  12.850 0.3000000119
125541  44.842  -43.368  15.030 0.4000000060
50206  45.706  -44.233  16.650 0.4000000060
54499  42.706  -41.212  17.790 0.4000000060
53487  42.953  -41.535  17.133 0.4000000060
53479  42.249  -41.661  18.171 0.4000000060
52373  42.876  -42.586  19.090 0.4000000060
146600  43.997  -41.044  16.210 0.3000000119
52416  42.765  -41.993  17.036 0.4000000060
52402  42.982  -42.327  17.201 0.4000000060
52392  42.865  -42.523  18.049 0.4000000060
144217  44.072  -41.206  15.352 0.4000000060
53501  43.157  -41.837  16.445 0.4000000060
51286  43.615  -42.710  16.772 0.4000000060
51275  43.703  -43.037  17.701 0.4000000060
145920  29.850  -36.670  15.707 0.6000000238
57501  28.783  -37.478  16.024 0.6000000238
59407  30.077  -35.149  14.456 0.5000000000
59388  30.035  -35.769  15.059 0.5000000000
59408  29.295  -35.028  14.469 0.5000000000
61237  29.156  -33.534  14.249 0.5000000000
131858  29.514  -32.619  14.303 0.5000000000
65104  29.840  -29.752  14.359 0.4000000060
72844  32.644  -21.694  13.242 0.3000000119
137792  31.825  -21.932  12.323 0.3000000119
72830  33.570  -21.203  14.825 0.3000000119
136149  33.158  -21.785  14.324 0.3000000119
72853  32.230  -21.243  12.330 0.3000000119
143421  31.024  -21.696  11.918 0.3000000119
72861  31.355  -20.993  11.839 0.3000000119
74561  34.012  -19.763  15.115 0.3000000119
73691  33.625  -20.474  14.450 0.3000000119
72843  33.204  -21.059  13.872 0.3000000119
73706  33.320  -20.376  13.480 0.3000000119
72852  32.781  -20.854  12.898 0.3000000119
73715  32.223  -20.541  11.990 0.3000000119
73723  30.668  -20.358  11.953 0.3000000119
73716  30.511  -20.188  12.166 0.3000000119
127612  34.355  -18.890  15.322 0.3000000119
74573  33.856  -19.041  14.449 0.3000000119
74562  33.624  -19.792  14.039 0.3000000119
74574  33.491  -19.215  13.480 0.3000000119
74580  32.930  -19.354  12.434 0.3000000119
73722  32.270  -19.799  11.752 0.3000000119
136282  31.484  -20.074  11.631 0.3000000119
75518  34.619  -18.237  15.604 0.3000000119
75531  34.166  -18.137  14.750 0.3000000119
75532  33.643  -18.465  13.773 0.3000000119
75541  33.201  -18.695  12.964 0.3000000119
75548  32.105  -18.318  11.607 0.3000000119
74587  31.632  -18.852  11.529 0.3000000119
74588  31.377  -18.608  11.706 0.3000000119
76495  33.762  -17.776  13.917 0.3000000119
76506  33.121  -17.904  13.027 0.3000000119
75556  31.687  -18.104  11.652 0.3000000119
76494  34.172  -17.240  14.454 0.3000000119
76505  33.591  -17.154  13.517 0.3000000119
128589  33.013  -17.087  12.496 0.3000000119
142777  33.988  -16.616  14.047 0.3000000119
77482  33.519  -16.375  13.145 0.3000000119
78417  34.151  -15.968  14.054 0.3000000119
48141  47.106  -46.250  16.452 0.4000000060
44846  45.309  -49.698  20.760 0.4000000060
44853  46.209  -49.242  19.536 0.4000000060
136941  47.268  -47.593  17.096 0.4000000060
45921  46.726  -48.199  18.459 0.4000000060
49195  47.809  -45.389  13.847 0.4000000060
48163  47.698  -46.754  15.103 0.4000000060
47052  47.373  -47.021  16.384 0.4000000060
53558  46.271  -41.516  9.547 0.3000000119
52472  46.434  -42.523  9.571 0.3000000119
51350  46.179  -43.230  10.186 0.3000000119
51340  46.934  -43.586  10.694 0.3000000119
50241  47.525  -44.260  12.397 0.3000000119
50232  47.368  -44.488  13.511 0.3000000119
139593  45.392  -41.097  9.581 0.3000000119
55580  44.989  -40.140  10.575 0.3000000119
54537  45.080  -40.215  12.709 0.3000000119
55520  43.956  -39.818  17.792 0.4000000060
54498  43.474  -40.699  17.420 0.4000000060
54510  43.709  -41.074  16.602 0.4000000060
139662  44.586  -40.547  15.048 0.3000000119
54528  44.688  -40.682  14.159 0.3000000119
55512  43.591  -39.439  18.581 0.4000000060
56549  29.308  -38.226  16.486 0.6000000238
76484  34.709  -17.373  15.474 0.3000000119
77458  34.526  -16.414  14.869 0.3000000119
78405  34.563  -15.644  14.705 0.3000000119
55596  45.396  -39.636  9.756 0.3000000119
48086  44.338  -45.996  21.520 0.5000000000
146121  45.858  -44.940  17.574 0.4000000060
53544  43.894  -42.706  11.003 0.3000000119
52403  42.447  -42.080  17.643 0.4000000060
123683  31.152  -19.445  11.819 0.3000000119
75547  32.662  -18.521  12.178 0.3000000119
76511  32.537  -17.716  12.053 0.3000000119
79381  34.303  -15.195  14.165 0.3000000119
43793  44.963  -50.433  21.030 0.3000000119
138556  46.007  -49.894  19.661 0.3000000119
41920  36.088  -52.645  11.034 0.6000000238
41912  35.481  -52.465  11.414 0.6999999881
41907  35.430  -52.512  12.206 0.6999999881
137607  46.606  -49.034  18.819 0.3000000119
35955  38.333  -58.090  22.938 0.3000000119
37886  39.207  -56.673  23.248 0.3000000119
43857  34.222  -50.674  13.887 0.6999999881
132483  44.635  -51.825  20.742 0.3000000119
42834  34.533  -51.308  13.152 0.6999999881
42839  34.979  -51.902  12.627 0.6999999881
42768  45.553  -51.229  19.739 0.3000000119
43799  46.389  -49.817  19.066 0.3000000119
42846  34.881  -52.088  11.552 0.6999999881
43809  46.444  -50.470  18.568 0.3000000119
44887  47.520  -49.475  16.660 0.3000000119
133223  46.837  -50.305  17.790 0.3000000119
44878  46.710  -49.669  18.281 0.3000000119
125601  48.024  -48.889  15.165 0.3000000119
45944  47.732  -48.765  16.078 0.3000000119
45935  47.381  -48.594  17.075 0.3000000119
38899  40.356  -55.648  23.294 0.3000000119
40861  43.007  -53.472  21.548 0.4000000060
43867  33.598  -50.201  13.270 0.6999999881
42775  45.105  -51.927  20.121 0.3000000119
41811  44.076  -52.184  21.225 0.3000000119
43866  33.907  -50.864  12.501 0.6999999881
42774  45.568  -52.040  19.395 0.3000000119
42782  46.085  -51.376  18.861 0.3000000119
43824  47.031  -50.896  17.325 0.3000000119
45936  46.945  -48.852  17.981 0.3000000119
44914  48.176  -49.682  14.837 0.3000000119
144842  41.370  -54.736  22.691 0.4000000060
44919  33.374  -49.438  14.055 0.6999999881
40870  43.519  -53.944  20.899 0.3000000119
41829  43.797  -53.090  21.031 0.3000000119
41847  45.945  -52.335  18.716 0.3000000119
41838  45.162  -52.656  19.744 0.3000000119
44929  33.250  -49.654  12.798 0.6999999881
42781  46.440  -51.924  18.184 0.3000000119
43879  33.503  -50.355  12.192 0.6999999881
47059  47.641  -47.277  15.626 0.3000000119
127714  47.552  -47.898  16.287 0.3000000119
45969  48.133  -48.232  14.652 0.3000000119
45955  47.853  -48.073  15.429 0.3000000119
45984  32.678  -48.399  13.093 0.6999999881
143974  44.817  -53.254  19.905 0.3000000119
45990  33.042  -48.552  12.355 0.6999999881
40904  46.566  -53.274  17.761 0.3000000119
41846  46.319  -52.655  18.198 0.3000000119
139189  33.385  -49.025  11.932 0.6999999881
47074  48.245  -47.612  14.162 0.3000000119
40885  44.736  -53.929  19.546 0.3000000119
47090  33.534  -47.386  11.904 0.6999999881
48162  48.008  -46.876  14.450 0.3000000119
55519  44.453  -39.217  17.263 0.3000000119
41919  37.483  -52.507  10.853 0.5000000000
40970  36.690  -53.501  13.202 0.6999999881
40978  36.730  -53.126  11.294 0.6000000238
125795  36.877  -53.302  12.286 0.6000000238
40985  36.771  -52.897  10.855 0.6000000238
43844  34.267  -50.718  15.094 0.6999999881
43858  33.825  -50.064  14.630 0.6999999881
37885  39.981  -56.438  23.545 0.3000000119
44903  33.370  -49.448  15.329 0.6999999881
38915  42.032  -55.096  22.437 0.4000000060
45976  32.509  -48.191  14.208 0.6999999881
39901  42.496  -54.696  21.834 0.4000000060
39900  42.977  -54.322  21.360 0.4000000060
47081  32.320  -47.653  13.685 0.6999999881
39905  43.835  -54.418  20.443 0.3000000119
39916  44.310  -54.564  19.919 0.3000000119
39931  44.814  -54.813  19.140 0.3000000119
43792  45.540  -50.357  20.179 0.3000000119
41911  36.126  -52.947  11.936 0.6000000238
40897  45.238  -54.028  18.865 0.3000000119
38929  42.989  -55.078  21.345 0.3000000119
41915  42.575  -52.423  10.740 0.5000000000
41927  40.856  -51.524  10.350 0.5000000000
41916  41.230  -52.364  10.278 0.5000000000
42852  42.083  -51.235  10.822 0.4000000060
137900  38.048  -58.019  13.874 0.4000000060
35099  36.831  -59.997  14.163 0.5000000000
42861  41.371  -51.038  10.293 0.4000000060
43883  41.587  -50.940  10.523 0.5000000000
41917  40.052  -52.038  10.722 0.5000000000
33160  35.370  -61.330  13.258 0.4000000060
33171  34.837  -61.689  12.238 0.4000000060
35087  37.111  -59.217  14.361 0.5000000000
41918  38.716  -52.187  10.942 0.4000000060
34108  34.621  -60.885  12.437 0.4000000060
33183  34.578  -61.910  11.111 0.4000000060
34084  35.744  -60.047  14.214 0.4000000060
36035  36.881  -58.628  14.638 0.5000000000
35088  36.335  -59.332  14.507 0.4000000060
36988  38.008  -57.301  14.016 0.5000000000
39017  37.924  -55.717  13.868 0.4000000060
40984  37.408  -53.081  11.156 0.5000000000
40969  37.407  -53.839  13.006 0.4000000060
39990  37.912  -54.771  13.491 0.4000000060
40977  37.516  -53.391  12.134 0.4000000060
32141  34.390  -62.302  10.567 0.4000000060
34122  32.464  -60.219  11.375 0.4000000060
35100  34.788  -59.862  13.748 0.4000000060
36065  32.805  -58.453  12.078 0.4000000060
36036  35.964  -58.680  14.850 0.5000000000
35089  35.383  -59.344  14.415 0.4000000060
37001  32.937  -57.855  12.762 0.4000000060
36973  36.608  -57.838  15.022 0.5000000000
37991  32.617  -56.275  14.414 0.4000000060
36989  32.548  -57.215  13.072 0.4000000060
137513  37.328  -57.166  14.674 0.5000000000
37990  37.084  -56.417  14.824 0.5000000000
149013  32.400  -55.627  14.718 0.4000000060
39981  31.663  -55.123  14.620 0.4000000060
37989  37.744  -56.489  14.229 0.5000000000
39978  37.332  -55.134  14.238 0.6000000238
39991  37.176  -54.268  13.871 0.6000000238
34131  32.870  -60.911  10.951 0.4000000060
35129  32.905  -59.392  11.299 0.4000000060
33172  34.385  -61.114  11.294 0.4000000060
35115  33.374  -59.000  11.899 0.4000000060
36974  35.545  -58.023  15.219 0.5000000000
36037  34.823  -58.711  14.654 0.4000000060
36052  33.356  -58.509  12.596 0.4000000060
36964  35.995  -57.232  15.401 0.5000000000
36976  33.433  -57.546  14.307 0.4000000060
144054  33.023  -57.535  13.502 0.4000000060
136850  36.736  -57.018  15.133 0.5000000000
39979  36.644  -54.652  14.659 0.5000000000
39965  31.993  -54.429  15.468 0.4000000060
40957  36.570  -53.816  14.258 0.6000000238
35128  33.430  -59.515  11.446 0.4000000060
35090  34.553  -59.261  13.929 0.4000000060
35127  33.817  -60.029  11.290 0.4000000060
35102  33.660  -59.068  12.486 0.4000000060
36975  34.003  -58.165  14.448 0.4000000060
38990  35.830  -55.818  15.564 0.5000000000
37976  33.511  -56.707  14.945 0.4000000060
38993  33.158  -55.805  15.196 0.4000000060
39961  35.973  -54.986  15.354 0.5000000000
38994  32.634  -55.118  15.376 0.4000000060
40971  36.091  -52.936  13.242 0.6000000238
147697  36.380  -53.345  13.835 0.6000000238
40958  36.030  -53.201  14.483 0.6000000238
33184  34.233  -61.546  10.763 0.4000000060
35114  33.840  -59.592  11.901 0.4000000060
36038  33.911  -58.788  13.530 0.4000000060
36039  33.419  -58.079  13.507 0.4000000060
37974  35.479  -56.603  15.606 0.5000000000
144531  34.682  -58.003  15.086 0.5000000000
36966  34.160  -57.464  15.052 0.5000000000
37975  34.555  -56.706  15.542 0.5000000000
38992  34.066  -55.984  15.740 0.5000000000
133694  35.321  -55.313  15.782 0.5000000000
38991  35.002  -55.988  15.922 0.5000000000
129541  34.559  -55.263  16.032 0.5000000000
39980  36.037  -54.106  15.104 0.6000000238
39964  33.108  -54.333  16.015 0.5000000000
40944  32.411  -53.661  16.049 0.4000000060
41898  35.509  -52.380  13.807 0.6000000238
39962  35.204  -54.498  15.788 0.6000000238
129250  33.603  -55.195  15.901 0.5000000000
40941  35.437  -53.566  15.485 0.6000000238
127817  34.793  -53.825  15.977 0.6000000238
39963  34.188  -54.378  16.186 0.5000000000
42821  35.111  -51.910  14.845 0.6000000238
133709  34.661  -51.284  14.456 0.6000000238
45947  31.986  -48.724  16.120 0.5000000000
44889  33.076  -49.735  16.144 0.6000000238
43835  32.344  -50.266  16.444 0.5000000000
43845  33.663  -50.247  15.659 0.6000000238
137925  33.193  -50.669  16.263 0.6000000238
42809  32.589  -51.266  16.550 0.5000000000
41876  31.906  -51.914  16.523 0.5000000000
40942  34.848  -53.099  15.879 0.6000000238
40924  33.698  -53.163  16.369 0.5000000000
40943  33.199  -53.590  16.277 0.5000000000
40925  32.932  -52.991  16.408 0.5000000000
40926  31.879  -52.838  16.242 0.5000000000
45958  32.259  -48.306  15.380 0.5000000000
45959  31.320  -47.968  15.756 0.5000000000
44904  32.751  -48.976  15.826 0.6000000238
127950  33.388  -51.574  16.344 0.6000000238
42808  33.892  -51.092  15.898 0.6000000238
133045  40.290  -53.145  11.146 0.4000000060
40983  38.150  -52.817  11.204 0.4000000060
42855  38.455  -51.588  10.797 0.5000000000
124130  39.368  -51.478  10.685 0.4000000060
42822  34.516  -51.513  15.441 0.6000000238
42851  42.286  -51.813  10.273 0.5000000000
40982  41.034  -53.421  10.505 0.5000000000
147563  41.985  -52.360  9.796 0.5000000000
36972  37.446  -57.942  14.455 0.5000000000
34098  35.068  -60.593  13.537 0.4000000060
34099  34.345  -60.137  12.694 0.4000000060
37002  32.263  -57.650  12.471 0.4000000060
39009  31.855  -55.888  14.077 0.4000000060
35101  34.084  -59.475  13.029 0.4000000060
34120  34.022  -60.760  10.968 0.4000000060
42807  34.127  -51.909  16.126 0.6000000238
36074  32.509  -58.811  11.668 0.3000000119
39018  31.454  -56.102  13.394 0.3000000119
36066  32.124  -58.228  12.022 0.3000000119
131105  31.095  -55.512  13.687 0.3000000119
38005  31.492  -56.585  12.933 0.3000000119
143196  30.992  -56.843  12.741 0.3000000119
31010  38.517  -63.482  18.308 0.5000000000
32090  38.533  -62.498  16.821 0.5000000000
32140  34.885  -62.685  10.903 0.4000000060
33108  38.232  -61.835  18.179 0.5000000000
33195  33.128  -61.482  10.743 0.4000000060
34009  37.472  -60.336  20.607 0.3000000119
34060  38.530  -60.315  16.595 0.6000000238
34109  34.178  -60.336  11.574 0.4000000060
34121  33.398  -60.167  11.017 0.4000000060
35045  37.534  -59.219  19.880 0.5000000000
35077  39.138  -59.310  15.569 0.5000000000
35987  37.576  -58.661  19.564 0.5000000000
35995  38.029  -58.534  18.176 0.6000000238
35996  37.732  -58.632  18.869 0.6000000238
36051  37.606  -58.637  14.163 0.4000000060
36073  33.046  -58.996  11.579 0.4000000060
36893  38.326  -57.613  22.661 0.4000000060
36894  37.989  -57.413  22.122 0.4000000060
36925  38.034  -57.077  18.576 0.6999999881
36926  37.735  -57.290  19.402 0.6000000238
36950  39.189  -57.121  16.061 0.6000000238
36951  38.807  -57.535  16.644 0.6000000238
36965  35.061  -57.369  15.421 0.5000000000
36971  39.710  -57.696  15.016 0.5000000000
37900  41.369  -55.559  23.039 0.3000000119
37915  38.340  -56.184  22.323 0.4000000060
37937  38.195  -56.332  18.385 0.6999999881
37950  38.448  -56.267  17.681 0.6000000238
37972  39.424  -56.495  15.786 0.6000000238
37973  36.339  -56.432  15.315 0.5000000000
38003  32.819  -57.006  13.981 0.4000000060
38004  32.132  -56.525  13.447 0.4000000060
38015  32.042  -56.961  12.802 0.4000000060
38016  31.597  -57.167  12.560 0.3000000119
38916  40.619  -54.873  22.973 0.4000000060
38917  39.902  -55.066  23.114 0.5000000000
38918  38.712  -55.541  22.639 0.5000000000
38937  37.564  -55.638  20.291 0.6000000238
38940  44.398  -55.375  19.698 0.3000000119
38942  37.737  -55.751  19.469 0.6999999881
38978  38.997  -55.670  16.622 0.6000000238
39006  40.774  -55.334  14.133 0.5000000000
39007  37.389  -55.858  14.433 0.5000000000
39008  36.681  -55.593  14.938 0.5000000000
39015  41.689  -55.603  13.004 0.5000000000
39019  30.724  -56.177  13.138 0.3000000119
39888  41.883  -54.195  22.304 0.4000000060
39892  38.401  -54.152  22.046 0.4000000060
39906  43.402  -54.719  20.862 0.3000000119
39939  38.526  -54.832  17.550 0.6999999881
39949  33.724  -53.794  16.285 0.5000000000
39959  40.097  -54.585  15.039 0.6000000238
40851  41.461  -53.369  22.460 0.4000000060
40852  40.476  -53.203  22.588 0.4000000060
40854  38.708  -53.554  22.151 0.4000000060
40869  44.242  -53.691  20.327 0.3000000119
40872  37.697  -53.363  20.628 0.6000000238
40884  45.215  -53.315  19.290 0.3000000119
40896  45.821  -53.300  18.540 0.3000000119
40898  37.875  -53.584  18.399 0.6999999881
40923  34.268  -53.505  16.232 0.6000000238
40956  40.774  -53.136  14.664 0.6000000238
41800  39.650  -52.704  22.467 0.4000000060
41801  38.925  -52.184  22.120 0.4000000060
41813  42.647  -52.859  22.001 0.4000000060
41828  44.574  -52.660  20.466 0.3000000119
41837  45.537  -52.728  19.136 0.3000000119
41873  34.250  -52.719  16.195 0.6000000238
41874  33.570  -52.409  16.378 0.6000000238
41875  32.732  -52.177  16.514 0.5000000000
41885  35.442  -52.669  15.170 0.6000000238
41886  34.763  -52.284  15.710 0.6000000238
41926  42.158  -52.068  9.948 0.5000000000
42740  41.125  -51.621  22.702 0.4000000060
42742  39.251  -51.139  22.097 0.5000000000
42756  43.562  -51.687  21.889 0.4000000060
42769  45.060  -51.174  20.549 0.3000000119
42795  46.886  -51.654  17.521 0.3000000119
42832  41.504  -50.941  13.910 0.6000000238
42840  34.331  -51.499  11.938 0.6999999881
42853  40.880  -50.475  10.791 0.6000000238
42854  40.311  -50.924  10.469 0.5000000000
42860  41.908  -51.422  10.199 0.5000000000
43759  42.480  -50.493  22.744 0.4000000060
43782  38.642  -50.796  21.264 0.6999999881
43800  46.017  -50.526  19.352 0.3000000119
43810  39.363  -49.870  18.634 0.6999999881
43823  47.254  -50.175  17.068 0.3000000119
43825  39.898  -50.195  17.461 0.8000000119
43856  40.964  -49.827  14.039 0.6000000238
43873  39.573  -50.086  11.696 0.6999999881
43886  38.122  -51.263  11.239 0.5000000000
43887  35.541  -51.528  11.061 0.6999999881
43888  34.890  -51.206  11.214 0.8000000119
43889  34.376  -50.728  11.415 0.8000000119
44822  41.617  -49.308  23.116 0.6000000238
44847  44.859  -49.790  21.338 0.4000000060
44854  45.767  -49.502  20.124 0.4000000060
44866  39.709  -49.362  18.162 0.8000000119
44877  47.128  -49.514  17.491 0.3000000119
44888  40.384  -49.669  16.304 0.8000000119
44890  32.429  -49.409  16.218 0.6000000238
44902  40.299  -49.494  15.498 0.6999999881
44920  32.935  -48.756  14.798 0.6999999881
44927  36.302  -49.868  13.287 0.8999999762
44930  32.936  -48.903  13.488 0.6999999881
44936  33.340  -49.694  11.944 0.6999999881
44937  33.117  -49.088  12.558 0.6999999881
44942  34.528  -49.855  11.301 0.8000000119
45878  43.821  -48.643  22.503 0.5000000000
45879  43.077  -48.424  22.837 0.6000000238
45880  42.386  -48.209  23.040 0.6000000238
45882  40.834  -48.823  22.856 0.6000000238
45883  40.043  -48.744  22.278 0.6000000238
45894  44.850  -48.176  21.579 0.4000000060
45904  39.166  -48.025  20.115 0.8000000119
45910  46.324  -48.352  19.390 0.4000000060
45923  38.955  -48.394  18.561 0.8000000119
45937  39.839  -48.974  17.640 0.8000000119
45972  37.718  -48.393  14.339 0.8999999762
45973  36.513  -48.557  14.471 0.8999999762
45981  38.721  -48.921  13.753 0.8999999762
45983  35.180  -48.448  12.344 1.0000000000
46995  39.577  -47.139  21.737 0.6999999881
47015  38.395  -47.578  19.763 0.8000000119
47016  37.514  -47.324  19.183 0.8000000119
47044  47.018  -46.756  17.112 0.4000000060
47054  37.875  -47.453  16.237 0.8000000119
47062  36.810  -47.243  15.402 0.8999999762
47063  35.732  -47.308  15.316 0.8999999762
47075  47.912  -47.471  14.891 0.3000000119
47089  34.940  -47.025  11.716 0.8000000119
48070  44.210  -46.730  22.012 0.5000000000
48073  41.597  -46.732  22.704 0.6999999881
48074  40.791  -46.586  22.493 0.6999999881
48093  44.883  -46.037  20.887 0.5000000000
48116  46.225  -46.100  18.485 0.4000000060
48118  36.482  -46.340  17.945 0.8000000119
48132  46.615  -46.487  17.803 0.4000000060
48144  36.659  -46.441  16.346 0.8999999762
48171  48.055  -46.170  14.139 0.4000000060
48172  35.142  -46.534  12.272 1.0000000000
49117  37.047  -45.736  20.804 0.8000000119
49126  45.260  -45.371  19.605 0.4000000060
49127  35.931  -45.379  19.148 0.8000000119
49175  46.764  -45.012  15.874 0.4000000060
49187  47.640  -45.702  14.605 0.4000000060
49188  47.222  -45.241  15.158 0.4000000060
49190  31.240  -45.630  14.221 0.6999999881
49196  34.752  -45.990  12.964 1.0000000000
49204  34.246  -45.452  11.429 1.0000000000
50138  42.369  -44.752  22.261 0.6999999881
50146  44.294  -44.782  20.727 0.5000000000
50152  38.064  -45.160  21.766 0.8000000119
50158  36.186  -44.561  20.551 0.6999999881
50170  44.616  -44.171  19.124 0.4000000060
50196  45.358  -44.327  17.489 0.4000000060
50205  46.339  -44.845  16.552 0.4000000060
50208  34.350  -44.492  16.501 0.8999999762
50234  35.158  -44.763  12.619 1.0000000000
50250  47.567  -44.188  11.266 0.3000000119
51219  40.583  -43.410  21.789 0.6000000238
51227  43.297  -43.494  20.672 0.6000000238
51261  43.570  -43.106  18.739 0.4000000060
51263  34.636  -42.849  18.125 0.6999999881
51276  34.904  -43.632  17.935 0.6999999881
51297  45.771  -43.747  15.147 0.4000000060
51298  44.173  -43.096  15.287 0.4000000060
51301  33.651  -43.780  15.396 1.0000000000
51310  45.125  -43.402  14.337 0.4000000060
51312  43.549  -42.827  14.694 0.4000000060
51315  31.299  -43.233  14.126 0.6999999881
51321  46.604  -43.819  13.600 0.4000000060
51323  43.493  -43.072  13.434 0.3000000119
51327  31.871  -43.448  13.435 0.8999999762
51341  45.851  -43.270  11.010 0.3000000119
51342  44.476  -43.282  11.200 0.3000000119
51343  43.796  -43.267  11.746 0.3000000119
51345  35.460  -44.360  11.107 1.0000000000
51357  46.635  -43.172  9.775 0.3000000119
52342  41.648  -42.801  21.113 0.5000000000
52346  38.165  -42.817  21.524 0.6000000238
52347  37.275  -42.675  21.389 0.6999999881
52393  42.314  -42.117  18.434 0.4000000060
52404  34.121  -42.262  17.388 0.8000000119
52415  43.273  -42.159  16.253 0.4000000060
52436  43.378  -42.654  14.376 0.3000000119
52437  34.359  -42.521  14.033 1.0000000000
52439  31.417  -42.612  14.321 0.8999999762
52457  37.051  -42.852  10.759 1.0000000000
52459  35.892  -43.202  10.681 1.0000000000
52465  44.132  -42.797  10.476 0.3000000119
52473  45.182  -42.200  9.593 0.3000000119
53442  35.824  -41.242  20.927 0.6999999881
53464  41.637  -41.532  19.450 0.5000000000
53465  35.050  -41.105  19.602 0.8000000119
53466  34.828  -40.972  18.917 0.8000000119
53488  42.504  -41.818  17.523 0.4000000060
53510  43.730  -41.458  15.933 0.3000000119
53511  34.140  -41.519  15.242 0.8999999762
53524  43.554  -42.824  12.787 0.3000000119
53529  32.607  -41.479  13.265 1.0000000000
53530  32.199  -41.951  13.421 0.8999999762
53545  37.213  -42.199  10.770 1.0000000000
53546  36.362  -41.798  10.520 1.0000000000
53550  44.436  -42.357  9.975 0.3000000119
53552  37.265  -41.274  10.734 1.0000000000
54437  36.989  -40.449  21.419 0.6999999881
54450  40.511  -40.743  20.505 0.6000000238
54486  43.258  -40.376  18.245 0.4000000060
54489  34.642  -40.512  18.302 0.8000000119
54497  44.199  -40.156  16.947 0.4000000060
54509  44.374  -40.613  16.037 0.3000000119
54538  44.719  -40.908  13.257 0.3000000119
54548  44.990  -40.302  11.644 0.3000000119
54552  35.465  -40.403  11.414 1.0000000000
54559  37.561  -40.477  10.862 1.0000000000
54560  37.092  -40.840  10.641 1.0000000000
54561  36.289  -40.934  10.718 1.0000000000
54570  45.051  -40.545  9.759 0.3000000119
55465  38.380  -39.734  21.456 0.6999999881
55495  42.488  -39.631  19.803 0.5000000000
55497  36.074  -38.820  20.202 0.6999999881
55513  42.970  -40.004  19.084 0.5000000000
55514  35.204  -39.344  18.909 0.8000000119
55523  28.468  -39.695  17.076 0.6999999881
55576  34.882  -40.053  12.211 1.0000000000
56507  40.440  -38.445  21.212 0.6000000238
56510  37.506  -38.205  20.778 0.6999999881
56559  34.354  -38.235  14.816 0.8999999762
56561  32.917  -38.226  15.911 0.8000000119
56575  38.306  -38.598  12.339 1.0000000000
56577  34.958  -38.994  13.290 1.0000000000
56592  38.747  -38.410  11.004 1.0000000000
57463  42.850  -37.432  19.924 0.4000000060
57464  36.774  -37.630  19.379 0.6999999881
57491  37.168  -37.146  16.947 0.6999999881
57492  36.755  -37.643  17.412 0.8000000119
57541  38.719  -37.465  11.198 1.0000000000
58360  37.861  -36.940  20.081 0.6999999881
58410  33.841  -36.610  15.430 0.8999999762
58412  31.323  -36.322  15.704 0.6999999881
58430  37.669  -36.743  14.376 1.0000000000
58453  38.950  -36.202  11.161 1.0000000000
59324  39.462  -35.391  20.854 0.6999999881
59330  42.664  -35.200  20.059 0.4000000060
59332  37.724  -35.319  19.063 0.6999999881
59404  33.513  -35.174  14.718 0.8999999762
59429  38.901  -36.092  10.796 1.0000000000
59431  37.762  -34.850  10.859 1.0000000000
59438  38.617  -35.732  10.708 1.0000000000
59439  38.207  -35.398  10.649 1.0000000000
60307  37.202  -34.669  16.526 0.8000000119
60331  31.279  -34.460  13.965 0.6000000238
60333  29.647  -34.415  14.255 0.5000000000
61161  41.739  -33.289  20.407 0.4000000060
61174  37.837  -33.107  19.371 0.6000000238
61234  37.490  -33.825  13.092 1.0000000000
61263  37.662  -32.604  10.885 1.0000000000
61264  36.599  -32.211  11.267 0.8999999762
62151  40.653  -32.466  20.712 0.5000000000
62153  38.796  -32.309  20.281 0.6000000238
62228  38.155  -32.509  11.707 0.8999999762
63142  40.730  -31.253  20.624 0.5000000000
63155  37.846  -31.801  19.360 0.6000000238
63212  33.589  -31.679  14.201 0.8999999762
63215  29.778  -31.885  14.340 0.5000000000
64096  40.271  -30.623  20.587 0.5000000000
64109  38.629  -30.739  19.940 0.6000000238
64122  38.006  -30.287  18.990 0.6000000238
64134  37.381  -30.526  17.648 0.5000000000
64157  37.232  -30.289  15.579 0.6999999881
64167  31.366  -30.845  14.916 0.6999999881
65110  38.279  -29.968  12.952 0.6000000238
65112  35.723  -29.766  12.486 0.6999999881
65116  38.952  -29.830  11.289 0.6000000238
65118  38.974  -29.715  11.158 0.5000000000
65947  41.139  -28.766  20.560 0.4000000060
66011  37.654  -28.991  15.734 0.5000000000
66040  38.455  -29.149  11.075 0.5000000000
66894  41.419  -27.288  20.480 0.4000000060
66896  39.788  -27.316  19.978 0.4000000060
66909  38.755  -27.829  19.061 0.5000000000
66951  34.870  -26.916  16.218 0.4000000060
66961  35.903  -27.695  15.821 0.5000000000
66975  39.102  -28.202  13.042 0.5000000000
66978  30.227  -27.051  13.467 0.4000000060
67901  40.273  -25.897  19.944 0.4000000060
67941  37.138  -25.730  16.190 0.3000000119
67953  39.127  -26.171  16.200 0.5000000000
67965  31.233  -26.249  13.796 0.3000000119
67977  41.317  -26.055  10.886 0.4000000060
67979  38.963  -26.845  11.215 0.4000000060
67981  40.426  -26.211  10.839 0.4000000060
69037  41.399  -25.377  20.343 0.3000000119
69038  40.711  -25.510  20.173 0.4000000060
69055  39.854  -25.533  19.286 0.4000000060
69128  41.359  -26.138  11.325 0.4000000060
69135  42.037  -25.011  11.422 0.3000000119
69136  41.670  -25.316  10.896 0.4000000060
69137  41.026  -25.501  10.653 0.3000000119
70026  40.746  -24.921  20.020 0.4000000060
70083  37.923  -24.343  15.915 0.3000000119
70116  42.097  -24.385  11.476 0.3000000119
70117  40.637  -24.322  10.737 0.3000000119
70119  41.958  -24.782  10.903 0.3000000119
70121  40.805  -24.790  10.633 0.3000000119
71002  40.820  -23.531  19.384 0.3000000119
71028  37.330  -23.290  17.351 0.3000000119
71082  39.545  -23.353  12.058 0.3000000119
71089  41.908  -24.374  10.851 0.3000000119
71090  41.301  -24.153  10.741 0.3000000119
71900  41.539  -22.597  19.595 0.3000000119
71913  40.746  -22.485  18.421 0.3000000119
71923  38.218  -22.677  17.078 0.3000000119
71939  38.313  -23.146  16.458 0.3000000119
73714  32.897  -20.155  12.534 0.3000000119
74586  32.209  -19.081  11.609 0.3000000119
123457  41.136  -25.935  11.800 0.4000000060
124615  38.417  -61.092  16.945 0.5000000000
124764  41.297  -23.743  19.967 0.3000000119
124848  40.532  -25.519  13.280 0.3000000119
124927  39.099  -42.997  21.540 0.6000000238
124972  37.742  -36.800  10.953 1.0000000000
125613  46.619  -51.104  18.049 0.3000000119
126308  38.607  -24.177  13.482 0.4000000060
126433  37.832  -36.262  13.361 1.0000000000
127210  35.699  -44.470  11.624 1.0000000000
128145  43.288  -42.003  15.752 0.4000000060
128153  41.914  -34.736  20.544 0.5000000000
128558  42.507  -54.029  21.787 0.4000000060
128913  37.573  -57.931  20.784 0.4000000060
129066  34.614  -46.145  11.475 0.8999999762
129335  39.421  -50.924  10.698 0.6000000238
129367  43.437  -41.968  15.037 0.3000000119
129796  37.462  -26.454  13.609 0.3000000119
129805  36.637  -52.465  10.771 0.6000000238
129813  38.827  -56.203  22.854 0.4000000060
130371  45.731  -54.142  18.383 0.3000000119
130401  33.336  -19.806  13.182 0.3000000119
130528  47.530  -46.042  15.222 0.4000000060
130833  36.929  -38.165  16.180 0.8000000119
131740  41.830  -45.380  22.534 0.6999999881
131769  37.840  -33.084  12.228 1.0000000000
132154  36.779  -31.762  15.477 0.8000000119
132840  41.761  -51.652  10.007 0.5000000000
132917  31.707  -19.450  11.507 0.3000000119
133186  34.978  -47.912  11.753 0.8000000119
133253  44.217  -43.222  17.071 0.4000000060
133743  30.321  -32.548  14.299 0.6000000238
134182  38.298  -61.198  17.664 0.5000000000
134287  38.656  -20.423  17.519 0.3000000119
134544  42.899  -46.072  22.526 0.6999999881
134606  37.584  -58.797  22.077 0.4000000060
135015  40.496  -33.936  20.824 0.6000000238
135099  41.954  -51.062  11.767 0.4000000060
135288  39.449  -36.870  21.029 0.6999999881
135308  37.679  -54.112  20.967 0.5000000000
136180  45.547  -48.985  20.567 0.4000000060
136297  35.070  -39.410  17.333 0.8000000119
136482  37.690  -59.333  13.852 0.4000000060
136584  37.885  -35.896  19.362 0.6999999881
137686  40.803  -41.837  20.396 0.5000000000
138236  45.886  -48.162  20.135 0.4000000060
138378  35.521  -43.298  19.848 0.6999999881
138450  44.301  -48.049  22.220 0.5000000000
138876  39.786  -43.420  21.760 0.6000000238
139386  38.841  -56.870  16.646 0.6000000238
139877  37.442  -36.522  18.021 0.6999999881
140917  45.721  -46.765  19.914 0.4000000060
141130  37.884  -62.043  19.453 0.5000000000
141187  40.904  -50.527  15.487 0.8000000119
141316  34.359  -47.407  11.603 0.8000000119
141447  39.938  -24.285  18.182 0.4000000060
141493  38.679  -48.234  15.278 0.8000000119
141637  30.116  -31.409  14.472 0.6000000238
142088  40.192  -27.874  20.358 0.4000000060
142470  38.623  -38.232  11.474 1.0000000000
142908  37.814  -27.563  11.624 0.5000000000
143474  30.681  -40.715  16.784 0.6999999881
143483  37.994  -62.579  19.464 0.5000000000
143620  38.145  -62.304  18.929 0.5000000000
143900  40.514  -23.863  14.663 0.3000000119
144596  36.085  -39.071  15.759 1.0000000000
144647  39.780  -51.308  16.624 0.8000000119
144850  43.564  -42.413  13.469 0.3000000119
144952  34.569  -19.419  15.815 0.3000000119
144970  35.024  -51.721  13.843 0.6999999881
145011  29.448  -36.953  15.872 0.6000000238
145634  32.270  -47.266  13.344 0.8000000119
146162  37.873  -29.474  18.079 0.5000000000
146207  39.327  -48.240  20.533 0.6999999881
146472  37.894  -59.190  18.445 0.5000000000
146541  47.770  -46.323  14.713 0.4000000060
146590  35.160  -41.701  19.674 0.6999999881
146799  37.466  -36.891  15.799 0.8000000119
146869  47.069  -48.111  17.728 0.3000000119
146971  37.327  -30.269  14.904 0.6000000238
146974  41.161  -45.333  22.505 0.6999999881
147117  39.672  -26.834  11.127 0.4000000060
147199  45.971  -44.730  17.100 0.4000000060
147478  39.574  -41.247  20.897 0.6000000238
147853  38.684  -45.120  22.013 0.8000000119
148132  33.921  -29.968  15.347 0.6999999881
148133  44.384  -44.109  19.652 0.5000000000
148214  37.652  -52.437  19.222 0.6999999881
148618  36.209  -46.033  16.727 0.8000000119
148907  45.706  -48.559  20.383 0.4000000060
