#!ascii label  , from subject sub-01 vox2ras=TkReg
1655
8231  27.256  -88.231  4.562 0.6999999881
8232  26.547  -88.524  5.050 0.8000000119
8233  25.638  -88.795  5.636 0.8000000119
7429  25.066  -89.227  5.180 0.6999999881
8260  26.730  -88.789  3.296 0.6000000238
8261  26.206  -88.914  4.079 0.6000000238
8248  25.631  -89.084  4.719 0.6000000238
8270  27.443  -88.538  2.701 0.6000000238
8216  27.219  -88.176  6.118 0.8000000119
8217  26.408  -88.444  6.386 0.6999999881
8218  25.567  -88.674  6.718 0.6999999881
8219  24.802  -88.881  6.832 0.6999999881
9136  27.724  -88.087  3.900 0.6000000238
133593  27.324  -88.125  5.244 0.6999999881
148367  24.602  -89.090  6.234 0.6999999881
8295  27.308  -88.971  2.339 0.6000000238
132701  28.266  -88.661  1.932 0.6000000238
7501  27.125  -89.702  1.951 0.6000000238
6802  27.606  -90.677  1.557 0.6000000238
6803  26.733  -90.693  1.574 0.6000000238
130709  27.836  -87.701  6.807 0.8000000119
9092  27.591  -87.422  7.665 0.8000000119
8189  26.111  -88.109  8.424 0.6999999881
8190  25.347  -88.292  8.923 0.6999999881
9106  27.923  -87.869  5.828 0.8000000119
8202  26.301  -88.344  7.514 0.6999999881
8191  24.676  -88.868  8.714 0.6999999881
8203  25.374  -88.649  7.898 0.6999999881
9122  27.875  -87.949  4.805 0.6999999881
9150  27.511  -88.240  3.189 0.6999999881
9185  28.525  -88.043  1.926 0.6000000238
9163  28.052  -87.936  2.612 0.6000000238
6801  28.642  -90.514  1.572 0.6000000238
7500  27.955  -89.538  1.838 0.6000000238
141351  28.288  -91.447  1.314 0.6000000238
4706  28.319  -93.382  0.873 0.6999999881
5347  27.572  -93.365  0.556 0.6000000238
4695  28.120  -93.942  1.712 0.5000000000
4702  28.218  -93.711  1.069 0.6000000238
126319  27.380  -94.409  1.837 0.5000000000
10012  27.958  -86.738  7.983 0.8999999762
9093  26.845  -87.794  8.017 0.8000000119
9076  26.461  -87.444  8.632 0.6999999881
9105  28.595  -87.379  6.431 0.6999999881
9091  28.413  -87.144  7.329 0.8999999762
8176  25.114  -87.842  9.497 0.6999999881
9135  29.024  -87.167  4.881 0.8000000119
9104  29.314  -87.074  5.860 0.8000000119
10062  29.155  -86.870  4.067 0.8000000119
10096  28.981  -86.747  2.659 0.6999999881
10063  28.444  -87.483  4.127 0.6999999881
9162  28.557  -87.310  2.595 0.8000000119
143336  28.542  -87.679  2.171 0.8000000119
8293  28.929  -88.386  1.720 0.6999999881
133342  28.720  -89.289  1.724 0.6999999881
5344  29.116  -93.237  0.994 0.6999999881
146273  29.238  -86.226  7.229 0.8999999762
9075  27.201  -87.108  8.332 0.8000000119
9990  26.083  -87.100  9.068 0.6999999881
10041  29.175  -86.753  6.879 0.8000000119
137060  29.603  -86.763  4.990 0.6999999881
11025  30.022  -85.842  2.637 0.6999999881
10077  29.450  -86.279  3.213 0.6000000238
10078  28.698  -86.960  3.203 0.8000000119
9161  29.028  -87.063  2.208 0.8000000119
9184  29.157  -87.582  1.848 0.8000000119
134169  29.539  -89.151  1.593 0.6999999881
131917  30.172  -90.199  1.444 0.8000000119
143058  29.331  -90.051  1.596 0.6999999881
6799  30.815  -91.329  1.119 0.8000000119
4692  30.371  -93.470  1.274 0.6999999881
5343  30.117  -93.295  1.059 0.6999999881
6800  29.725  -91.253  1.286 0.6999999881
4693  29.978  -93.661  1.293 0.6999999881
4700  29.763  -93.560  1.174 0.6999999881
12843  20.060  -83.758  4.565 0.6000000238
13771  20.226  -82.646  4.458 0.6000000238
13752  18.911  -82.158  4.565 0.6000000238
14698  19.370  -81.354  5.318 0.6999999881
10032  28.694  -86.342  7.583 0.8999999762
10013  26.572  -86.753  8.684 0.6999999881
11016  30.187  -85.869  3.952 0.6000000238
11024  30.461  -85.164  2.812 0.6000000238
10094  30.177  -86.165  2.203 0.6999999881
9182  31.056  -87.216  1.576 0.6999999881
10109  30.474  -86.572  1.864 0.6999999881
11939  25.821  -84.636  6.055 0.6999999881
10986  25.418  -85.177  6.710 0.6999999881
9183  30.142  -87.377  1.719 0.8000000119
10110  29.697  -86.834  2.032 0.8000000119
11962  26.284  -84.220  5.260 0.6000000238
10987  24.726  -85.186  6.407 0.6999999881
8292  29.829  -88.249  1.602 0.6999999881
11963  25.411  -84.475  4.977 0.5000000000
11003  24.245  -84.922  5.743 0.6999999881
7499  31.177  -90.302  1.132 0.8000000119
135788  30.550  -89.210  1.397 0.8000000119
11975  25.778  -83.819  4.391 0.5000000000
5342  31.066  -93.086  1.240 0.6999999881
135901  26.051  -82.941  3.901 0.5000000000
136174  26.417  -81.238  4.139 0.6000000238
13768  25.284  -82.703  3.844 0.5000000000
12858  24.436  -83.676  4.066 0.6000000238
11965  23.395  -84.372  4.664 0.6999999881
138281  21.382  -84.216  4.758 0.6999999881
12873  24.671  -83.173  3.880 0.5000000000
12874  23.935  -83.357  3.939 0.6000000238
11978  22.621  -84.193  4.471 0.6000000238
12861  21.501  -83.560  4.161 0.6000000238
14715  25.749  -81.220  4.208 0.6000000238
12875  23.044  -83.292  4.033 0.6000000238
12876  22.202  -83.094  4.088 0.6000000238
14729  25.213  -81.913  4.032 0.5000000000
13781  24.486  -82.522  3.932 0.5000000000
13769  22.307  -82.233  4.317 0.6000000238
14721  20.775  -81.827  4.880 0.6000000238
14697  20.347  -81.168  5.368 0.6999999881
15546  19.214  -80.422  6.726 0.6000000238
15547  18.501  -80.468  6.821 0.6999999881
14731  23.975  -81.861  4.238 0.6000000238
14732  23.170  -81.975  4.286 0.6000000238
14720  21.734  -81.655  4.811 0.6000000238
14696  21.254  -81.277  5.345 0.6999999881
15545  20.424  -80.813  6.072 0.5000000000
10011  28.138  -86.101  8.070 0.8999999762
10047  30.309  -86.207  5.069 0.6000000238
10039  30.255  -86.160  6.064 0.6999999881
10968  27.761  -85.566  7.903 0.8000000119
10015  25.053  -86.531  9.177 0.6999999881
10969  26.865  -85.532  7.927 0.6999999881
11921  27.235  -84.937  7.333 0.8000000119
11034  30.589  -85.481  2.349 0.6999999881
139520  26.727  -84.520  6.381 0.8000000119
10985  26.323  -85.057  7.051 0.6000000238
11961  27.183  -84.031  5.753 0.6999999881
13751  27.967  -82.615  4.957 0.6000000238
8290  31.616  -89.422  1.058 0.8000000119
8289  32.094  -88.745  1.050 0.8000000119
7508  32.061  -90.439  0.709 0.8000000119
12855  27.317  -82.960  4.616 0.5000000000
6798  31.711  -91.322  0.862 0.8000000119
12856  26.765  -82.776  4.200 0.5000000000
14714  27.152  -81.344  4.210 0.5000000000
15573  27.115  -80.309  4.419 0.6000000238
123482  26.523  -82.119  4.032 0.6000000238
15574  26.294  -80.580  4.498 0.6000000238
15557  26.156  -80.411  5.053 0.6000000238
143066  19.974  -80.706  7.755 0.5000000000
14730  24.643  -81.729  4.235 0.5000000000
14683  20.243  -80.866  6.800 0.5000000000
15525  18.921  -80.248  7.505 0.6000000238
15577  24.089  -81.315  4.989 0.6000000238
14719  22.755  -81.409  4.869 0.6999999881
144048  22.300  -81.286  5.184 0.6999999881
15562  20.692  -81.018  5.639 0.6999999881
15540  25.338  -80.623  5.603 0.6000000238
14681  21.973  -81.278  6.040 0.6000000238
147727  24.799  -80.909  5.535 0.6999999881
15542  23.390  -81.242  5.414 0.6000000238
14680  23.058  -81.277  6.045 0.5000000000
10031  29.717  -86.025  6.827 0.6999999881
10966  29.164  -85.703  7.351 0.6999999881
10967  28.490  -85.625  7.647 0.6999999881
11920  28.112  -84.957  7.385 0.8000000119
11937  28.434  -84.367  6.839 0.6999999881
12825  27.894  -83.937  6.260 0.6999999881
11938  27.583  -84.423  6.704 0.6999999881
14622  20.572  -81.011  9.287 0.5000000000
17182  28.283  -78.601  5.270 0.5000000000
16395  27.443  -79.510  4.704 0.6000000238
14623  20.145  -80.856  8.709 0.5000000000
16374  28.382  -78.747  6.130 0.5000000000
16373  29.170  -78.524  6.630 0.5000000000
16396  26.830  -80.001  4.809 0.6000000238
15575  25.622  -80.766  4.812 0.6000000238
14682  21.003  -81.165  6.290 0.5000000000
16360  28.729  -79.222  6.956 0.5000000000
16375  27.560  -79.314  5.675 0.6000000238
15539  26.074  -80.189  5.819 0.6000000238
15538  26.897  -79.879  6.127 0.6000000238
11935  30.381  -84.656  6.608 0.6999999881
10984  29.701  -85.137  7.008 0.6999999881
11936  29.465  -84.281  6.771 0.6999999881
14662  25.782  -81.064  7.029 0.5000000000
16359  29.643  -78.883  7.372 0.5000000000
14664  24.224  -81.209  6.368 0.5000000000
16361  27.815  -79.572  6.516 0.5000000000
15520  27.270  -80.444  7.041 0.5000000000
15521  26.289  -80.435  6.567 0.5000000000
15541  24.232  -81.114  5.568 0.5000000000
14644  26.066  -81.715  7.937 0.5000000000
148189  25.970  -82.243  8.430 0.5000000000
15497  28.774  -80.630  8.081 0.5000000000
148732  27.570  -81.515  8.134 0.5000000000
14645  25.244  -81.606  7.497 0.5000000000
15498  27.934  -80.984  7.747 0.5000000000
14661  26.563  -81.052  7.410 0.5000000000
15518  29.175  -79.748  7.657 0.5000000000
15519  28.278  -80.119  7.322 0.5000000000
14642  28.289  -81.576  8.511 0.5000000000
15461  20.796  -79.194  10.541 0.6000000238
15452  19.960  -79.584  10.636 0.6000000238
14610  21.348  -80.897  10.032 0.5000000000
16328  21.491  -79.019  10.732 0.6999999881
15451  20.428  -79.487  11.334 0.6000000238
14611  19.251  -80.081  10.519 0.6000000238
13668  19.572  -81.932  11.913 0.6999999881
146685  21.315  -78.878  11.674 0.6000000238
15442  20.972  -79.388  12.101 0.6999999881
14600  19.759  -80.428  11.443 0.6999999881
14601  19.054  -81.306  11.022 0.6999999881
13651  20.565  -81.939  13.097 0.8000000119
16299  22.970  -79.194  12.004 0.5000000000
16312  22.452  -79.244  11.292 0.5000000000
14599  20.426  -80.227  12.054 0.8000000119
13612  20.408  -82.270  14.655 0.6999999881
16298  23.946  -79.500  12.264 0.5000000000
15449  23.222  -79.787  11.680 0.5000000000
14560  20.836  -81.757  13.755 0.6999999881
13652  20.113  -82.651  12.823 0.6999999881
14584  20.964  -80.889  12.903 0.6999999881
16300  21.760  -78.999  12.191 0.6999999881
13613  19.656  -82.696  14.952 0.6999999881
15404  21.388  -80.701  14.607 0.6999999881
16288  22.137  -79.390  13.450 0.8000000119
18871  19.268  -76.627  11.581 0.6999999881
123788  19.741  -76.500  12.720 0.8000000119
16285  26.506  -79.506  12.568 0.4000000060
14515  19.829  -81.413  15.421 0.6999999881
16296  25.869  -79.816  12.408 0.5000000000
14514  20.413  -81.537  15.172 0.6999999881
16297  25.009  -79.806  12.394 0.6000000238
17137  23.639  -78.827  12.825 0.6000000238
133897  21.719  -80.226  13.910 0.6999999881
16287  22.704  -78.932  12.829 0.8000000119
16270  22.343  -79.028  14.200 0.8000000119
129664  17.250  -68.957  16.465 0.5000000000
25313  17.766  -69.640  16.007 0.5000000000
24336  17.578  -70.592  15.684 0.5000000000
21659  20.432  -74.235  9.115 0.5000000000
19822  21.158  -75.589  8.732 0.6000000238
124792  21.850  -74.331  8.833 0.6000000238
20708  19.638  -74.259  9.625 0.6000000238
21619  18.127  -73.702  13.363 0.6000000238
18906  19.664  -76.103  8.909 0.6999999881
20734  20.768  -75.455  8.494 0.6999999881
18896  19.846  -76.354  9.630 0.6999999881
18897  19.121  -76.263  9.479 0.6999999881
17085  20.733  -78.734  15.537 0.6999999881
17943  20.299  -78.048  15.322 0.6999999881
18858  20.864  -76.275  14.108 0.8000000119
16295  26.422  -79.302  12.036 0.5000000000
16250  20.466  -80.036  15.490 0.6999999881
136184  25.791  -79.157  12.006 0.6000000238
15379  21.116  -80.264  15.272 0.8000000119
17119  23.142  -78.388  13.878 0.6999999881
17083  22.022  -78.112  15.242 0.8000000119
16271  21.780  -79.823  14.624 0.8000000119
25289  17.770  -68.372  17.426 0.5000000000
26250  18.183  -68.410  16.841 0.6000000238
24308  19.326  -69.260  17.140 0.5000000000
25301  18.603  -68.928  16.568 0.6000000238
24335  18.310  -70.119  15.486 0.6000000238
23401  18.175  -71.028  15.214 0.6000000238
142338  19.141  -70.808  14.641 0.6000000238
22509  19.159  -72.010  14.114 0.5000000000
131237  22.274  -73.426  9.741 0.5000000000
21658  21.322  -73.548  9.741 0.5000000000
142433  22.611  -74.758  8.588 0.6000000238
21646  20.486  -73.672  10.626 0.6000000238
21647  19.556  -74.057  10.900 0.6999999881
137536  18.764  -73.108  13.675 0.6000000238
19821  22.812  -75.496  8.893 0.6000000238
19806  21.088  -75.969  8.992 0.6999999881
19808  18.879  -75.946  9.037 0.6999999881
20721  19.235  -75.212  9.201 0.6999999881
20709  18.888  -74.504  10.031 0.8000000119
21635  18.590  -74.084  12.665 0.6999999881
126967  21.880  -75.686  9.955 0.6999999881
18881  20.528  -76.164  10.663 0.6999999881
125659  21.621  -75.640  11.352 0.6999999881
18870  20.195  -76.178  12.054 0.8000000119
19780  21.678  -75.565  12.838 0.8000000119
18859  20.330  -76.231  13.242 0.8000000119
129571  25.973  -78.338  11.865 0.5000000000
17981  25.491  -77.271  12.468 0.6000000238
17954  21.574  -77.311  15.157 0.8000000119
145514  21.078  -76.746  14.865 0.8000000119
17118  24.412  -77.765  13.304 0.6000000238
17968  24.752  -77.288  13.188 0.6999999881
17953  22.368  -77.273  14.918 0.8000000119
17100  23.666  -77.703  14.053 0.6999999881
17952  23.159  -77.182  14.472 0.6999999881
139379  22.389  -78.477  14.658 0.8000000119
24293  17.876  -69.812  18.154 0.4000000060
24309  18.757  -69.527  17.667 0.5000000000
25322  19.738  -69.785  15.812 0.4000000060
25324  18.980  -69.863  15.291 0.5000000000
23410  19.925  -71.555  13.795 0.5000000000
144898  23.258  -74.010  8.923 0.5000000000
21645  21.624  -73.418  11.343 0.6000000238
21633  21.009  -73.476  12.209 0.6000000238
134502  19.484  -72.560  13.665 0.6000000238
146155  23.979  -74.905  8.514 0.6000000238
21634  19.476  -73.983  12.105 0.6999999881
21618  19.486  -73.498  13.153 0.6999999881
131444  23.021  -75.661  9.123 0.6000000238
129040  21.007  -75.836  12.090 0.8000000119
18869  25.137  -76.290  12.470 0.6999999881
18839  23.244  -76.455  14.243 0.6999999881
19745  22.466  -76.020  14.258 0.8000000119
19762  22.441  -75.639  13.520 0.8000000119
17969  24.080  -77.009  13.969 0.6999999881
23359  18.657  -71.031  18.193 0.4000000060
23360  17.337  -71.093  18.648 0.4000000060
23345  16.541  -71.476  19.260 0.4000000060
24307  19.978  -70.315  16.912 0.5000000000
23370  19.508  -70.513  17.539 0.4000000060
23332  16.203  -71.600  19.880 0.5000000000
24346  19.988  -70.346  14.446 0.5000000000
23420  21.222  -70.699  13.181 0.5000000000
23409  20.633  -71.665  13.417 0.5000000000
23419  21.867  -70.486  12.716 0.5000000000
21617  20.243  -73.569  12.704 0.6999999881
19805  22.879  -75.591  9.907 0.6000000238
19779  22.560  -75.448  12.495 0.8000000119
18868  25.878  -76.867  11.805 0.6000000238
19776  25.579  -76.143  11.435 0.6000000238
19788  25.856  -76.323  10.131 0.6999999881
19790  23.762  -75.557  11.002 0.6999999881
19760  24.328  -75.802  13.009 0.6999999881
24249  15.554  -70.234  22.068 0.3000000119
127840  20.330  -71.360  17.519 0.4000000060
23358  19.689  -71.757  18.141 0.3000000119
22468  18.005  -72.067  18.611 0.4000000060
22454  17.334  -72.194  19.046 0.4000000060
23331  16.872  -72.111  20.216 0.4000000060
23316  16.209  -71.483  20.624 0.5000000000
144153  20.246  -70.267  16.186 0.4000000060
24257  16.184  -70.973  21.442 0.3000000119
144212  20.249  -70.270  14.742 0.4000000060
128337  21.724  -71.375  12.809 0.5000000000
140873  20.646  -70.535  13.857 0.4000000060
23429  22.648  -71.896  12.482 0.6000000238
24333  21.054  -70.711  14.970 0.4000000060
23418  22.690  -70.468  12.420 0.4000000060
24356  21.383  -70.354  13.227 0.5000000000
19791  22.719  -75.478  11.196 0.6999999881
19778  23.604  -75.446  12.287 0.6999999881
141926  15.229  -70.388  21.071 0.4000000060
23315  17.059  -71.650  21.048 0.4000000060
24248  16.674  -70.463  22.326 0.3000000119
23380  20.757  -71.120  16.754 0.3000000119
24345  21.025  -70.484  14.000 0.4000000060
24363  22.187  -69.950  12.733 0.4000000060
24355  21.971  -69.832  12.974 0.4000000060
22466  19.876  -72.477  18.733 0.3000000119
22452  19.158  -72.630  19.280 0.3000000119
23330  17.767  -72.258  20.568 0.4000000060
23314  18.084  -71.560  21.372 0.3000000119
24256  17.355  -71.020  21.804 0.3000000119
137019  20.542  -72.135  18.263 0.3000000119
24320  21.040  -70.918  15.891 0.3000000119
142325  22.457  -70.726  14.262 0.3000000119
24332  21.832  -70.893  14.544 0.3000000119
24354  22.755  -69.653  13.106 0.3000000119
22432  19.449  -72.461  20.150 0.3000000119
23313  19.171  -71.129  21.483 0.3000000119
22451  20.090  -72.581  19.475 0.3000000119
126879  19.695  -71.891  20.868 0.3000000119
23389  22.820  -71.491  15.914 0.3000000119
24331  23.533  -70.989  15.404 0.3000000119
24343  23.451  -69.904  13.835 0.3000000119
25227  16.113  -69.758  22.907 0.3000000119
22450  20.770  -72.505  18.861 0.3000000119
23344  20.783  -72.356  19.640 0.3000000119
24319  23.536  -71.018  16.409 0.3000000119
11964  24.590  -84.571  4.920 0.6000000238
11977  24.072  -84.162  4.334 0.6999999881
11005  22.818  -84.563  5.154 0.6999999881
11966  22.051  -84.450  4.889 0.6999999881
149099  20.502  -70.881  13.638 0.4000000060
146461  21.361  -73.040  12.883 0.6000000238
24247  17.862  -70.439  22.385 0.3000000119
134412  25.531  -89.321  4.049 0.6999999881
8204  24.498  -89.136  7.693 0.6999999881
9149  28.136  -87.646  3.178 0.8000000119
6057  28.097  -92.978  0.699 0.6000000238
134161  29.574  -92.579  1.002 0.6999999881
146727  29.717  -86.385  4.249 0.6000000238
10951  26.365  -86.079  8.458 0.6999999881
6047  30.547  -92.473  1.008 0.6999999881
6046  31.454  -92.309  1.038 0.8000000119
15563  19.862  -80.673  6.045 0.6999999881
11976  24.901  -84.064  4.346 0.5000000000
11979  21.790  -84.027  4.376 0.6000000238
15526  18.034  -80.497  7.533 0.6000000238
15560  23.817  -81.240  5.307 0.6999999881
13765  28.003  -81.736  4.569 0.5000000000
13766  27.271  -82.282  4.339 0.6000000238
16376  26.777  -79.915  5.511 0.6000000238
17084  21.359  -78.678  15.355 0.8000000119
3473  24.078  -95.650  9.092 0.4000000060
3454  24.676  -94.856  9.176 0.4000000060
4069  24.086  -94.251  6.662 0.3000000119
3488  23.093  -95.298  8.234 0.4000000060
3455  23.527  -95.549  8.822 0.4000000060
3472  24.870  -95.568  9.026 0.4000000060
5998  26.964  -91.675  6.013 0.4000000060
5292  26.321  -92.010  6.375 0.5000000000
5285  24.846  -92.858  7.483 0.5000000000
5304  25.963  -92.765  6.088 0.3000000119
4657  25.239  -93.135  6.553 0.4000000060
4641  23.918  -94.061  8.284 0.4000000060
4665  25.610  -93.491  5.709 0.3000000119
4064  24.058  -93.988  7.512 0.3000000119
4056  23.663  -94.779  8.673 0.3000000119
4075  24.521  -94.439  5.673 0.3000000119
5303  26.680  -92.437  5.649 0.4000000060
5997  27.505  -91.027  5.691 0.4000000060
5983  27.114  -91.017  6.454 0.5000000000
6014  27.502  -92.026  5.257 0.3000000119
4664  26.295  -93.155  5.282 0.3000000119
4078  25.466  -94.336  4.336 0.4000000060
4673  26.562  -93.490  4.419 0.3000000119
4086  26.621  -94.365  2.721 0.4000000060
4087  25.752  -94.608  3.264 0.4000000060
6762  28.813  -90.828  4.969 0.4000000060
6761  29.542  -90.589  4.717 0.4000000060
147826  28.658  -91.520  4.677 0.4000000060
6011  30.156  -91.376  4.104 0.4000000060
6759  31.462  -90.168  4.247 0.5000000000
5315  27.796  -92.661  4.425 0.4000000060
6026  29.711  -92.265  3.822 0.4000000060
4684  26.756  -93.787  3.575 0.4000000060
4683  27.947  -93.557  2.859 0.5000000000
5327  29.108  -92.941  3.334 0.4000000060
4696  27.349  -93.912  2.775 0.4000000060
4099  27.343  -94.131  0.674 0.6000000238
4093  27.512  -94.369  1.078 0.4000000060
7469  32.252  -90.397  3.823 0.6000000238
127539  32.546  -91.291  3.165 0.6000000238
6025  30.640  -92.419  3.414 0.6000000238
6024  31.618  -92.517  2.923 0.6000000238
5325  31.002  -93.145  2.452 0.6000000238
6038  32.239  -92.808  2.114 0.6999999881
4681  29.677  -93.627  2.046 0.5000000000
5337  30.455  -93.565  1.768 0.6000000238
5341  31.819  -92.743  1.264 0.6999999881
7484  34.268  -90.616  2.075 0.6999999881
6785  33.883  -91.078  1.545 0.6999999881
6771  33.629  -91.017  2.351 0.6000000238
6036  33.387  -91.684  1.971 0.6999999881
6056  32.850  -90.652  0.501 0.6999999881
8309  32.484  -89.713  0.639 0.6999999881
8291  30.995  -88.245  1.386 0.6999999881
6037  32.882  -92.261  1.971 0.6999999881
144221  32.385  -91.243  0.705 0.6999999881
6045  32.280  -92.095  0.984 0.6999999881
7498  34.967  -90.198  0.865 0.5000000000
7505  34.525  -89.766  0.554 0.6000000238
6805  33.413  -91.049  0.720 0.6999999881
7506  33.703  -89.842  0.436 0.6000000238
8308  33.034  -89.105  0.659 0.6999999881
145408  33.338  -88.352  0.981 0.6999999881
6054  33.289  -91.588  1.036 0.6999999881
9191  32.505  -88.109  1.197 0.6999999881
127278  31.905  -87.165  1.460 0.6000000238
8307  33.951  -89.013  0.579 0.6000000238
9190  34.201  -88.046  0.970 0.6000000238
137946  32.984  -87.301  1.424 0.6000000238
142826  23.872  -89.574  7.592 0.6000000238
7408  24.192  -89.341  6.668 0.6000000238
10107  32.108  -86.306  1.629 0.6000000238
10108  31.265  -86.397  1.695 0.6000000238
11996  31.729  -85.067  2.076 0.5000000000
11993  30.965  -84.781  2.561 0.5000000000
7372  23.300  -89.696  9.172 0.6000000238
7390  23.335  -89.933  8.130 0.6000000238
133721  33.903  -86.918  1.526 0.6000000238
11037  32.260  -85.475  1.859 0.5000000000
11039  30.802  -85.837  1.963 0.5000000000
9048  22.842  -88.053  10.493 0.6000000238
9047  23.533  -88.040  10.446 0.6000000238
7346  23.418  -89.048  10.212 0.6000000238
7358  22.889  -89.305  10.021 0.6000000238
7356  24.077  -89.177  9.440 0.6000000238
146112  24.859  -87.523  9.622 0.6000000238
8177  24.602  -88.475  9.536 0.6000000238
10982  31.063  -84.910  6.153 0.6000000238
10106  33.001  -86.144  1.662 0.6000000238
9058  22.948  -87.508  10.341 0.6000000238
10016  23.616  -86.461  9.060 0.6000000238
9992  24.551  -87.158  9.639 0.6000000238
10953  24.342  -86.126  8.358 0.6000000238
139876  24.314  -86.616  9.244 0.6000000238
10971  24.847  -85.572  7.364 0.5000000000
10952  25.426  -86.028  8.450 0.6000000238
10970  25.892  -85.553  7.727 0.5000000000
8179  21.764  -88.230  9.852 0.6999999881
9059  22.151  -87.640  10.152 0.6000000238
9993  23.204  -86.896  9.885 0.6000000238
10972  23.955  -85.603  7.240 0.6000000238
133684  19.581  -85.255  9.078 0.6000000238
9994  22.282  -86.950  10.047 0.6000000238
10017  22.710  -86.337  9.245 0.6000000238
10954  23.276  -85.802  8.103 0.5000000000
10018  21.686  -86.257  9.647 0.6000000238
10974  21.762  -84.952  7.840 0.6000000238
10957  20.396  -85.366  9.055 0.6000000238
11909  19.975  -84.748  8.289 0.6000000238
9995  21.357  -86.877  9.994 0.6000000238
138620  23.336  -85.348  7.016 0.6000000238
10955  22.236  -85.669  8.547 0.6000000238
10973  22.646  -85.231  7.370 0.5000000000
10975  20.848  -84.805  8.138 0.5000000000
11923  20.243  -84.455  7.236 0.5000000000
11004  23.530  -84.746  5.468 0.6000000238
10989  22.958  -84.880  6.219 0.6000000238
11922  21.176  -84.543  6.973 0.6000000238
11943  20.450  -84.310  6.050 0.6999999881
125127  18.737  -84.034  6.761 0.6999999881
11945  17.881  -83.739  6.150 0.6999999881
11941  22.308  -84.593  5.686 0.6000000238
11942  21.459  -84.419  5.695 0.6999999881
11968  19.681  -84.080  5.166 0.6999999881
11944  19.519  -84.202  6.321 0.6999999881
11969  18.649  -83.850  5.357 0.6999999881
12826  17.791  -83.341  5.237 0.6000000238
11980  20.973  -83.893  4.398 0.6000000238
126817  31.423  -84.063  2.889 0.5000000000
140874  30.675  -85.213  3.589 0.5000000000
12872  32.008  -83.358  3.336 0.5000000000
11985  31.612  -83.927  3.772 0.5000000000
14735  33.356  -81.505  3.311 0.6000000238
13779  32.961  -82.295  3.175 0.6000000238
12854  31.954  -83.137  4.531 0.6000000238
11973  31.714  -84.102  4.928 0.6000000238
11960  31.410  -84.231  5.799 0.6000000238
13763  32.669  -81.565  3.911 0.5000000000
13764  32.177  -82.133  4.770 0.6000000238
147480  30.977  -84.266  6.316 0.6000000238
14711  32.080  -81.218  4.738 0.6000000238
13747  31.559  -81.873  5.373 0.5000000000
12821  31.283  -82.770  5.749 0.6000000238
130429  30.438  -83.856  6.434 0.6000000238
15555  31.408  -80.834  5.019 0.5000000000
12822  30.476  -82.893  6.105 0.6000000238
13750  28.759  -82.188  5.204 0.5000000000
131750  29.492  -81.895  5.447 0.5000000000
12824  28.606  -83.664  6.306 0.6000000238
12839  29.505  -82.560  5.836 0.6000000238
5336  31.103  -93.323  1.568 0.6999999881
11015  30.936  -85.474  4.642 0.5000000000
11967  20.652  -84.157  4.999 0.6999999881
11001  31.356  -84.883  5.273 0.6000000238
12823  29.537  -83.364  6.277 0.6000000238
12840  28.672  -82.968  5.693 0.6000000238
4065  23.486  -94.572  7.710 0.3000000119
4666  24.902  -93.855  6.141 0.3000000119
4658  24.577  -93.599  7.023 0.4000000060
4674  25.879  -93.757  4.837 0.3000000119
5316  27.041  -92.886  4.863 0.4000000060
4672  27.354  -93.330  3.821 0.4000000060
138372  30.192  -90.433  4.522 0.4000000060
6027  28.905  -92.122  4.198 0.3000000119
6760  30.852  -90.790  4.117 0.5000000000
6773  31.779  -91.351  3.580 0.6000000238
5328  28.209  -93.085  3.519 0.5000000000
5326  30.127  -93.109  2.873 0.5000000000
4682  28.717  -93.529  2.414 0.5000000000
6772  33.046  -91.639  2.549 0.6000000238
6804  34.079  -90.566  0.717 0.6999999881
12827  17.076  -83.390  5.830 0.6000000238
13780  32.394  -82.529  3.751 0.6000000238
14710  32.491  -80.650  4.253 0.5000000000
12838  31.610  -83.414  5.493 0.6000000238
137242  31.771  -82.657  5.311 0.6000000238
15568  32.575  -79.664  3.962 0.5000000000
13748  30.777  -82.074  5.730 0.5000000000
14693  30.042  -81.350  5.413 0.5000000000
1946  34.834  -99.306  17.376 0.4000000060
1549  35.558  -99.404  17.273 0.4000000060
1561  35.624  -99.316  16.627 0.5000000000
2835  32.495  -96.302  16.087 0.5000000000
2845  31.676  -96.357  15.536 0.5000000000
143829  30.308  -96.738  14.703 0.5000000000
2844  33.269  -96.628  15.830 0.5000000000
2372  33.585  -97.397  17.190 0.5000000000
1548  36.215  -99.194  17.253 0.4000000060
1934  36.686  -98.355  17.772 0.4000000060
1945  36.727  -98.559  16.905 0.5000000000
123785  28.669  -95.360  7.682 0.3000000119
3485  29.474  -95.796  7.367 0.3000000119
3487  27.195  -95.502  7.317 0.3000000119
3471  26.674  -95.190  8.112 0.3000000119
2373  32.417  -97.069  17.514 0.4000000060
2837  30.963  -96.007  16.282 0.5000000000
3382  30.008  -95.927  15.853 0.5000000000
132255  32.973  -97.976  17.901 0.4000000060
1947  33.781  -98.808  17.834 0.4000000060
1536  35.111  -99.600  18.002 0.3000000119
1538  33.483  -99.700  18.838 0.3000000119
2381  37.991  -96.868  16.325 0.4000000060
1918  35.988  -98.574  19.055 0.3000000119
2361  37.254  -97.527  18.200 0.4000000060
2371  37.221  -97.804  17.393 0.5000000000
2345  36.416  -97.850  19.366 0.3000000119
3468  29.281  -95.612  8.254 0.3000000119
133403  30.324  -96.056  8.075 0.3000000119
3470  27.377  -94.932  8.019 0.3000000119
145452  25.881  -95.371  8.650 0.3000000119
2374  31.444  -97.289  18.079 0.3000000119
2829  31.482  -96.397  17.233 0.4000000060
1948  32.680  -98.988  18.350 0.3000000119
2346  35.787  -98.229  19.758 0.3000000119
2827  38.539  -96.351  17.376 0.4000000060
2834  38.511  -96.495  16.715 0.4000000060
2822  37.620  -96.903  18.612 0.4000000060
2330  36.123  -97.370  19.814 0.3000000119
3433  30.174  -95.904  10.062 0.4000000060
132811  29.797  -95.901  9.128 0.4000000060
3450  30.897  -96.068  9.222 0.4000000060
3448  32.497  -95.690  9.376 0.4000000060
142072  33.804  -95.020  9.683 0.4000000060
4036  34.573  -94.744  9.632 0.5000000000
4037  28.195  -94.923  8.862 0.3000000119
143211  28.599  -95.190  8.339 0.3000000119
4053  27.492  -94.662  8.708 0.3000000119
3453  25.549  -94.788  9.112 0.3000000119
4055  24.194  -94.092  9.049 0.3000000119
2363  31.293  -98.192  18.593 0.3000000119
3360  39.247  -95.385  18.622 0.3000000119
148136  39.538  -95.362  18.073 0.3000000119
126796  40.905  -94.893  16.106 0.4000000060
125755  40.838  -94.954  14.596 0.4000000060
2794  35.683  -96.665  20.207 0.3000000119
3345  37.933  -95.818  19.378 0.3000000119
2793  36.578  -96.409  19.899 0.3000000119
2806  37.246  -96.622  19.446 0.3000000119
4604  38.112  -93.170  11.302 0.5000000000
4603  38.983  -93.580  11.136 0.5000000000
3409  29.912  -95.158  12.191 0.3000000119
3420  30.497  -95.439  11.647 0.3000000119
3410  29.113  -95.158  12.066 0.3000000119
133581  30.357  -95.784  10.907 0.3000000119
3432  30.993  -95.885  10.291 0.4000000060
4621  35.245  -93.538  10.813 0.5000000000
4620  36.220  -93.387  10.699 0.5000000000
3434  29.727  -95.786  10.699 0.3000000119
124461  32.254  -95.591  10.145 0.4000000060
3430  33.015  -95.184  10.101 0.4000000060
4023  33.898  -94.622  10.440 0.5000000000
4022  34.840  -94.245  10.287 0.5000000000
4038  27.692  -94.675  9.502 0.3000000119
4054  26.591  -94.685  8.730 0.3000000119
4040  25.434  -94.164  9.593 0.3000000119
4041  24.641  -94.177  9.346 0.3000000119
134513  24.401  -93.354  9.031 0.4000000060
3359  40.187  -94.802  18.441 0.3000000119
3944  41.173  -94.210  16.643 0.4000000060
3333  34.083  -96.091  20.639 0.3000000119
3330  36.870  -95.388  20.306 0.3000000119
3329  37.722  -95.203  20.115 0.3000000119
3380  41.018  -94.565  15.256 0.4000000060
3331  35.944  -95.571  20.444 0.3000000119
128029  40.611  -94.234  12.987 0.4000000060
4590  40.298  -94.077  12.425 0.5000000000
125552  38.504  -93.606  13.594 0.4000000060
131880  39.565  -93.650  13.331 0.5000000000
4579  30.186  -93.692  14.007 0.3000000119
4593  37.690  -93.118  11.998 0.5000000000
4575  38.439  -93.456  12.736 0.5000000000
3992  31.058  -94.603  12.685 0.3000000119
5249  36.296  -92.590  12.026 0.4000000060
4594  37.375  -93.128  12.700 0.5000000000
3995  28.540  -94.731  12.665 0.3000000119
4009  31.352  -95.066  11.859 0.4000000060
4008  32.338  -94.828  11.638 0.4000000060
4606  35.732  -92.822  11.547 0.5000000000
4605  36.773  -92.948  11.330 0.5000000000
3435  28.645  -95.450  10.640 0.3000000119
143965  31.787  -95.333  11.201 0.4000000060
4024  33.086  -94.803  11.036 0.5000000000
140470  33.676  -94.279  11.201 0.5000000000
4025  27.139  -94.358  10.107 0.3000000119
4027  25.805  -93.597  10.307 0.4000000060
136063  25.362  -93.053  10.615 0.3000000119
4633  24.620  -93.493  9.460 0.4000000060
143906  24.649  -92.531  1.225 0.5000000000
5276  24.570  -92.866  8.507 0.3000000119
3877  34.274  -94.727  21.330 0.3000000119
3896  36.284  -94.754  20.867 0.3000000119
3932  41.192  -93.846  17.039 0.3000000119
3315  34.349  -95.275  20.822 0.3000000119
132679  40.866  -93.598  15.943 0.3000000119
131087  39.938  -93.459  14.827 0.5000000000
4560  37.979  -93.801  14.262 0.4000000060
4547  38.747  -93.799  15.139 0.3000000119
4564  29.766  -93.078  14.536 0.3000000119
4576  37.600  -93.445  13.466 0.5000000000
3978  30.623  -94.147  13.342 0.3000000119
5237  35.686  -92.323  12.682 0.4000000060
4577  36.750  -92.929  13.211 0.4000000060
3991  32.006  -94.413  12.501 0.4000000060
4596  33.492  -93.348  12.324 0.4000000060
4595  34.253  -92.799  12.094 0.4000000060
5250  35.019  -92.427  12.063 0.4000000060
4011  28.281  -95.044  11.845 0.3000000119
136549  27.511  -94.619  11.829 0.3000000119
3990  33.153  -94.260  11.847 0.4000000060
4607  34.752  -93.144  11.491 0.5000000000
4622  25.962  -93.399  11.181 0.3000000119
5257  25.235  -92.319  10.703 0.4000000060
5264  24.910  -92.235  9.889 0.4000000060
6039  24.831  -91.103  2.207 0.5000000000
5265  24.656  -92.816  9.340 0.4000000060
5275  24.871  -92.147  9.062 0.5000000000
139395  34.963  -94.455  21.624 0.3000000119
7373  22.428  -89.750  9.227 0.5000000000
4548  37.405  -93.964  15.101 0.3000000119
3956  37.841  -94.057  15.807 0.3000000119
6679  22.644  -90.175  8.520 0.5000000000
131067  21.589  -89.638  8.377 0.6000000238
5216  29.367  -92.256  14.848 0.3000000119
5214  31.250  -92.541  14.160 0.3000000119
4565  28.931  -93.087  14.667 0.3000000119
4578  31.045  -93.446  13.830 0.3000000119
5228  32.005  -92.945  13.553 0.3000000119
5211  36.048  -92.644  13.709 0.4000000060
4561  36.820  -93.480  14.223 0.4000000060
7430  24.569  -89.384  5.645 0.5000000000
8206  20.792  -88.028  7.651 0.5000000000
5240  32.924  -92.856  12.928 0.3000000119
5239  33.814  -92.332  12.639 0.3000000119
5238  34.533  -92.138  12.615 0.3000000119
5870  34.667  -91.656  13.698 0.3000000119
128827  24.811  -89.569  4.870 0.5000000000
3996  27.214  -94.099  12.559 0.3000000119
3997  26.687  -93.974  11.727 0.3000000119
127261  25.043  -89.643  3.933 0.5000000000
4610  25.586  -92.678  11.379 0.3000000119
6787  25.035  -90.375  2.840 0.5000000000
5923  25.492  -91.671  11.007 0.4000000060
6786  25.476  -90.610  2.148 0.6000000238
6650  25.649  -91.199  10.317 0.4000000060
5939  25.721  -91.141  9.479 0.5000000000
6678  26.842  -90.625  8.321 0.4000000060
5970  26.226  -91.083  8.173 0.3000000119
5284  25.175  -92.164  8.069 0.4000000060
6051  25.900  -91.798  1.237 0.6000000238
7388  29.947  -89.702  7.332 0.3000000119
7389  28.991  -89.699  7.090 0.4000000060
6726  27.393  -90.583  7.034 0.4000000060
5971  25.889  -91.583  7.689 0.3000000119
6059  26.321  -92.482  0.693 0.6000000238
5350  25.203  -93.059  0.595 0.5000000000
7386  31.741  -90.092  7.365 0.3000000119
7406  30.391  -89.097  6.522 0.5000000000
7428  28.935  -89.658  6.073 0.4000000060
6745  28.310  -90.375  5.649 0.4000000060
5349  25.993  -93.055  0.361 0.6000000238
7404  32.253  -89.302  6.845 0.3000000119
8215  31.134  -88.711  6.126 0.5000000000
7427  29.713  -89.416  5.788 0.4000000060
6744  29.129  -89.969  5.321 0.4000000060
8214  31.927  -88.673  6.271 0.4000000060
7426  30.643  -89.118  5.499 0.5000000000
7451  29.904  -89.749  5.041 0.4000000060
129401  31.380  -89.263  4.871 0.5000000000
7374  21.889  -89.595  9.047 0.6000000238
5875  29.414  -91.111  14.876 0.3000000119
5215  30.382  -92.340  14.603 0.3000000119
5873  31.285  -91.333  14.380 0.3000000119
5883  32.108  -91.707  13.791 0.3000000119
8192  21.502  -88.798  9.040 0.6000000238
8205  21.235  -88.764  7.822 0.6000000238
5876  28.702  -91.774  14.677 0.3000000119
5882  32.973  -90.954  13.461 0.3000000119
5881  33.714  -90.944  13.623 0.3000000119
6617  28.435  -90.556  13.562 0.3000000119
5227  33.414  -91.644  13.094 0.3000000119
5880  34.306  -91.484  13.443 0.3000000119
9094  20.067  -87.587  7.678 0.6000000238
5241  26.426  -92.677  12.489 0.3000000119
9078  19.475  -87.404  8.860 0.6000000238
141400  19.012  -87.449  7.780 0.6000000238
9095  17.995  -87.429  7.856 0.6000000238
147779  17.232  -87.333  7.988 0.5000000000
6677  27.708  -90.456  8.646 0.4000000060
6701  28.178  -90.094  7.397 0.4000000060
8212  33.400  -88.660  6.076 0.4000000060
8229  32.624  -88.508  5.648 0.5000000000
7306  29.517  -89.320  14.969 0.3000000119
6608  29.873  -90.080  14.999 0.3000000119
5867  30.239  -90.662  14.938 0.3000000119
6612  31.823  -90.251  14.492 0.3000000119
130968  32.441  -90.568  13.972 0.3000000119
5871  33.728  -90.560  14.032 0.3000000119
5863  34.245  -91.190  14.215 0.3000000119
7359  22.095  -89.096  9.678 0.5000000000
133928  28.812  -91.002  14.561 0.3000000119
5884  28.330  -91.360  14.114 0.3000000119
8180  21.223  -87.940  9.440 0.5000000000
7311  28.637  -89.561  13.813 0.3000000119
5213  34.741  -91.942  14.372 0.3000000119
9077  20.354  -87.717  8.547 0.6000000238
8141  28.767  -88.958  13.062 0.3000000119
6660  28.087  -90.779  9.573 0.3000000119
6648  27.244  -90.727  10.153 0.3000000119
9079  18.457  -87.314  8.747 0.6000000238
9080  16.781  -86.936  8.538 0.6000000238
9061  20.422  -87.432  9.398 0.6000000238
9996  20.392  -86.768  9.712 0.5000000000
9997  18.891  -86.650  9.405 0.6000000238
9063  18.128  -86.840  9.251 0.6000000238
133728  17.625  -87.166  8.697 0.6000000238
123623  16.807  -85.769  9.048 0.6000000238
9998  17.569  -86.158  9.240 0.6000000238
10960  15.917  -85.875  8.778 0.5000000000
9060  21.244  -87.403  9.835 0.5000000000
10934  20.768  -86.157  9.733 0.5000000000
10935  19.919  -86.024  9.567 0.5000000000
10959  18.262  -85.562  9.196 0.6000000238
11927  15.187  -84.366  7.597 0.5000000000
145570  15.744  -83.032  6.065 0.6000000238
12809  15.456  -83.576  6.651 0.6000000238
12810  14.554  -83.702  6.757 0.5000000000
12828  14.974  -82.844  6.221 0.6000000238
128923  14.004  -82.894  6.502 0.6000000238
11911  18.341  -84.736  8.428 0.5000000000
131456  17.613  -84.411  8.027 0.5000000000
129031  17.422  -85.159  8.810 0.6000000238
11925  18.113  -84.062  7.402 0.6000000238
140162  16.965  -84.460  8.119 0.5000000000
134192  15.758  -84.892  8.281 0.5000000000
11926  17.138  -83.899  7.065 0.6000000238
12844  19.117  -83.640  4.608 0.6000000238
11946  16.286  -83.473  6.372 0.6000000238
13736  14.371  -82.360  6.474 0.5000000000
11820  16.817  -85.007  14.557 0.5000000000
10956  21.273  -85.502  8.936 0.5000000000
10958  18.882  -85.191  9.042 0.5000000000
146342  18.795  -84.339  7.711 0.6000000238
13616  16.495  -82.580  14.228 0.5000000000
13617  15.586  -82.689  13.899 0.6000000238
13615  17.275  -83.209  14.614 0.6000000238
126670  17.994  -82.750  14.828 0.6000000238
12700  15.891  -84.444  14.427 0.5000000000
11819  17.682  -84.950  14.301 0.5000000000
10879  17.757  -85.228  13.820 0.5000000000
14672  13.417  -81.769  7.310 0.5000000000
14687  14.008  -82.069  6.737 0.5000000000
17970  19.237  -77.236  13.754 0.6000000238
17971  18.561  -77.607  13.157 0.6999999881
17957  18.961  -77.813  14.243 0.6000000238
17120  18.242  -78.260  13.615 0.6999999881
16289  16.705  -79.716  13.180 0.6000000238
14561  15.917  -81.125  13.514 0.6000000238
17105  17.972  -78.963  13.901 0.6000000238
127058  17.327  -79.220  13.273 0.6000000238
17956  19.833  -77.375  14.633 0.6000000238
17104  18.778  -78.638  14.601 0.6000000238
15427  17.313  -80.505  13.983 0.6000000238
15407  16.728  -81.014  13.839 0.5000000000
13632  14.767  -81.990  13.415 0.6000000238
17087  19.315  -78.705  15.121 0.6000000238
138257  18.228  -80.306  14.585 0.6000000238
14536  16.760  -81.755  14.073 0.5000000000
14537  15.734  -81.876  13.757 0.6000000238
15382  18.990  -80.167  15.271 0.6000000238
14535  17.686  -81.941  14.631 0.6000000238
14516  19.044  -81.197  15.367 0.6000000238
13595  18.552  -82.074  15.077 0.6000000238
13614  18.844  -82.950  14.966 0.6000000238
141761  18.742  -83.764  14.600 0.5000000000
10898  17.036  -85.728  12.748 0.5000000000
11847  17.059  -85.128  12.194 0.5000000000
11866  16.986  -84.313  11.682 0.5000000000
11885  15.512  -84.037  11.007 0.5000000000
17121  17.466  -78.638  12.953 0.6000000238
148184  16.103  -79.424  12.552 0.6999999881
16251  19.778  -79.686  15.477 0.5000000000
13594  19.340  -82.079  15.243 0.6000000238
11817  19.027  -84.296  14.149 0.6000000238
10878  18.015  -85.087  13.453 0.5000000000
11830  19.235  -84.090  13.518 0.6000000238
12744  18.294  -84.350  12.434 0.5000000000
12760  18.551  -83.465  12.011 0.6000000238
12762  16.938  -83.578  11.285 0.6000000238
19818  26.088  -75.818  8.767 0.4000000060
18883  17.887  -76.573  10.136 0.6999999881
18885  15.833  -76.667  11.046 0.5000000000
17999  14.597  -77.225  11.815 0.5000000000
19802  25.975  -76.154  9.252 0.6000000238
19803  24.956  -75.789  9.465 0.5000000000
17997  15.433  -77.243  11.174 0.6000000238
17140  14.604  -78.264  11.845 0.5000000000
18895  26.842  -76.666  9.813 0.5000000000
18872  18.369  -76.963  11.147 0.6000000238
17984  17.026  -77.640  11.342 0.8000000119
17138  16.800  -78.309  11.925 0.8000000119
16302  14.454  -79.172  12.132 0.6999999881
12718  20.038  -83.206  13.594 0.6000000238
12743  19.027  -83.959  12.790 0.6000000238
18873  15.009  -76.597  11.999 0.5000000000
19819  25.172  -75.640  8.868 0.5000000000
147209  17.680  -76.196  9.911 0.6999999881
18863  14.507  -77.282  12.310 0.5000000000
123541  27.465  -75.695  10.191 0.4000000060
19816  27.219  -75.640  9.052 0.4000000060
18894  27.276  -76.914  10.207 0.4000000060
18879  27.276  -77.222  10.555 0.5000000000
17994  26.947  -77.938  11.136 0.4000000060
19794  16.334  -76.082  10.971 0.5000000000
18861  15.750  -76.034  13.263 0.5000000000
19826  26.399  -75.183  8.383 0.3000000119
145569  25.293  -74.766  8.272 0.3000000119
19793  17.051  -76.010  10.292 0.6000000238
19774  27.476  -75.938  11.742 0.4000000060
144472  27.749  -77.586  11.730 0.4000000060
17980  26.383  -77.836  11.518 0.4000000060
20711  17.479  -75.262  10.820 0.6000000238
19792  18.005  -75.826  9.793 0.6000000238
17992  27.548  -78.030  11.381 0.4000000060
20698  17.094  -74.816  12.008 0.5000000000
143406  16.057  -75.402  12.790 0.5000000000
22546  27.460  -72.621  9.280 0.3000000119
145844  26.586  -74.018  8.137 0.3000000119
131113  25.566  -74.047  8.232 0.3000000119
21691  23.995  -74.270  8.746 0.4000000060
17967  27.498  -77.655  13.045 0.3000000119
17135  26.636  -78.658  11.681 0.4000000060
17115  27.436  -78.428  12.550 0.4000000060
22572  25.947  -73.045  8.550 0.4000000060
20697  17.938  -74.641  11.689 0.6000000238
20684  16.778  -74.947  12.673 0.4000000060
21673  24.122  -73.429  9.278 0.4000000060
23426  27.009  -71.823  11.068 0.3000000119
23425  27.486  -71.760  9.839 0.3000000119
21636  17.679  -74.229  12.765 0.5000000000
21657  23.282  -73.279  9.786 0.4000000060
22549  22.919  -73.154  10.774 0.4000000060
21632  21.933  -72.947  12.610 0.5000000000
22548  23.705  -72.870  10.745 0.4000000060
22535  23.369  -72.589  11.615 0.4000000060
144504  24.565  -69.014  11.968 0.3000000119
26283  24.125  -68.899  12.475 0.3000000119
25358  23.986  -69.577  12.107 0.3000000119
24362  22.999  -69.841  12.463 0.3000000119
25335  23.598  -69.229  13.104 0.3000000119
23361  16.362  -70.035  19.019 0.4000000060
26282  24.114  -68.196  12.740 0.3000000119
5206  35.025  -92.781  14.894 0.3000000119
137670  27.031  -90.514  9.222 0.4000000060
23436  24.195  -72.157  11.176 0.3000000119
13653  19.311  -83.055  12.366 0.6000000238
24266  14.993  -69.860  20.133 0.4000000060
24371  23.643  -70.357  12.050 0.3000000119
5984  26.643  -91.455  6.614 0.3000000119
6725  28.364  -89.978  6.475 0.4000000060
10936  19.046  -85.913  9.455 0.5000000000
145926  34.566  -99.498  17.937 0.4000000060
1960  34.505  -98.105  16.773 0.5000000000
2846  30.641  -96.340  15.338 0.5000000000
2395  37.262  -97.639  15.996 0.5000000000
2370  37.830  -97.073  17.153 0.4000000060
2843  39.533  -96.079  15.068 0.4000000060
3451  28.919  -95.446  9.053 0.4000000060
138990  31.870  -95.986  8.922 0.4000000060
146920  32.413  -95.836  8.764 0.4000000060
3361  30.430  -96.151  18.349 0.3000000119
2332  34.799  -97.881  20.494 0.3000000119
2821  38.273  -96.144  18.698 0.3000000119
3373  40.040  -95.412  16.715 0.4000000060
147424  40.224  -95.511  15.980 0.4000000060
134496  29.260  -95.690  10.058 0.3000000119
3436  27.882  -94.997  10.498 0.4000000060
3366  40.245  -95.016  17.649 0.4000000060
3968  40.960  -94.281  14.442 0.4000000060
6040  24.301  -91.669  2.294 0.5000000000
4039  26.379  -94.051  9.911 0.4000000060
138033  41.086  -93.928  15.316 0.4000000060
4557  40.882  -93.927  14.282 0.4000000060
4558  40.319  -93.626  14.155 0.5000000000
3977  31.499  -93.916  13.188 0.3000000119
145224  27.874  -94.599  12.427 0.3000000119
4012  27.836  -94.971  11.279 0.3000000119
145557  27.250  -94.569  11.028 0.3000000119
127440  25.322  -91.435  1.643 0.6000000238
4546  40.089  -93.332  15.738 0.3000000119
4545  40.655  -93.606  15.062 0.4000000060
5226  35.414  -92.183  13.330 0.3000000119
7470  25.572  -89.521  3.481 0.5000000000
148330  25.206  -91.782  10.350 0.4000000060
3946  37.566  -94.066  16.600 0.3000000119
5212  35.342  -92.279  14.061 0.3000000119
139179  29.589  -90.274  7.917 0.4000000060
6702  27.447  -90.453  7.777 0.4000000060
128152  26.687  -91.014  7.345 0.4000000060
6724  32.611  -90.650  7.205 0.3000000119
6611  32.642  -90.096  14.359 0.3000000119
128886  19.542  -86.977  9.428 0.6000000238
6700  29.065  -90.410  8.376 0.3000000119
6604  33.208  -90.227  14.441 0.3000000119
5864  33.709  -90.912  14.797 0.3000000119
7331  29.082  -89.386  12.296 0.3000000119
11912  16.500  -85.042  8.545 0.5000000000
124751  16.171  -84.156  7.606 0.6000000238
17972  17.691  -77.949  12.521 0.6999999881
17139  15.762  -78.419  11.680 0.6999999881
17983  18.018  -77.368  11.936 0.6999999881
18884  17.140  -76.442  10.319 0.6000000238
20740  27.105  -74.191  8.476 0.3000000119
22558  27.373  -72.592  8.796 0.3000000119
7485  26.568  -89.452  2.446 0.5000000000
8272  26.215  -89.267  3.034 0.5000000000
7483  34.790  -90.410  1.391 0.6000000238
11910  19.190  -84.731  8.377 0.4000000060
11924  19.432  -84.377  7.471 0.5000000000
13735  15.072  -82.466  6.309 0.5000000000
13753  18.265  -82.602  4.657 0.5000000000
127603  17.793  -82.854  5.005 0.5000000000
13755  16.439  -82.629  5.835 0.5000000000
141546  14.822  -82.071  6.548 0.5000000000
14702  15.649  -82.374  6.219 0.5000000000
13772  19.425  -82.602  4.438 0.5000000000
14671  14.253  -81.547  7.368 0.4000000060
145233  17.824  -82.381  5.054 0.5000000000
13754  17.251  -82.492  5.409 0.5000000000
14686  15.713  -81.807  6.521 0.5000000000
14648  14.224  -81.294  8.201 0.5000000000
14700  17.484  -81.886  5.512 0.6000000238
14701  16.560  -82.016  5.970 0.5000000000
15505  15.043  -81.295  7.799 0.5000000000
12780  15.792  -83.367  10.685 0.5000000000
15548  17.545  -80.780  6.878 0.6000000238
13691  15.169  -81.924  9.475 0.5000000000
13681  15.568  -82.643  10.216 0.5000000000
14669  16.531  -81.268  6.817 0.6000000238
14647  15.100  -81.328  8.323 0.6000000238
14628  14.528  -81.517  8.818 0.5000000000
14684  18.936  -80.834  6.079 0.6000000238
15527  17.051  -80.844  7.566 0.6000000238
15503  16.612  -80.984  8.111 0.6000000238
13680  16.316  -82.052  9.827 0.6000000238
15502  17.559  -80.672  8.170 0.6000000238
13679  17.317  -82.228  10.520 0.5000000000
12778  17.274  -83.072  11.109 0.5000000000
145594  16.659  -81.122  8.522 0.6000000238
14627  15.308  -81.476  8.873 0.6000000238
14562  14.856  -81.194  13.148 0.5000000000
15443  14.343  -79.836  12.451 0.5000000000
142884  15.485  -79.783  12.574 0.5000000000
13669  18.785  -82.449  11.569 0.6000000238
15480  17.992  -80.613  8.850 0.6000000238
13678  18.287  -81.877  10.748 0.6000000238
14626  16.650  -81.310  9.116 0.6000000238
14613  17.107  -81.541  9.812 0.6000000238
14625  17.546  -81.057  9.284 0.6000000238
22547  24.417  -72.587  10.035 0.3000000119
25274  17.036  -68.152  18.061 0.3000000119
138910  31.953  -89.548  4.385 0.4000000060
7468  33.084  -90.475  3.244 0.5000000000
126590  26.457  -93.809  0.233 0.5000000000
6058  27.186  -92.677  0.593 0.5000000000
132572  33.954  -90.087  2.903 0.4000000060
6049  27.633  -91.965  1.062 0.4000000060
143839  35.488  -89.922  1.105 0.4000000060
7486  25.700  -89.833  2.739 0.4000000060
7502  26.231  -90.154  2.023 0.4000000060
133890  25.995  -91.009  1.582 0.4000000060
6050  26.675  -91.733  1.151 0.4000000060
8287  36.905  -88.550  0.867 0.4000000060
8304  36.134  -88.478  0.641 0.4000000060
8306  34.868  -88.980  0.560 0.4000000060
142854  26.040  -89.211  3.602 0.4000000060
8288  36.265  -89.092  0.720 0.4000000060
8305  35.702  -89.080  0.565 0.4000000060
9180  34.912  -87.487  1.236 0.4000000060
15501  18.416  -80.366  8.291 0.5000000000
15500  19.013  -80.174  8.509 0.5000000000
15479  18.703  -80.230  9.128 0.5000000000
15478  19.237  -80.013  9.390 0.5000000000
15477  19.854  -79.940  9.523 0.5000000000
15463  18.912  -80.013  9.834 0.5000000000
15476  20.688  -79.783  9.935 0.5000000000
17141  14.006  -78.740  12.203 0.4000000060
135244  14.207  -77.898  12.712 0.4000000060
15462  19.543  -79.701  10.019 0.5000000000
14612  18.617  -80.853  10.230 0.5000000000
6796  34.340  -90.787  1.054 0.5000000000
7504  35.801  -89.537  0.857 0.4000000060
9179  35.807  -87.796  0.958 0.4000000060
2860  31.123  -96.827  14.777 0.4000000060
2412  31.553  -97.669  14.475 0.4000000060
916  31.976  -101.291  11.153 0.4000000060
141240  32.536  -96.601  15.469 0.4000000060
2411  32.450  -97.478  14.606 0.4000000060
1239  33.348  -100.542  11.635 0.4000000060
126107  32.277  -98.155  14.375 0.4000000060
2019  33.555  -98.902  11.172 0.4000000060
1232  34.210  -100.277  11.880 0.4000000060
1234  33.157  -100.889  12.293 0.4000000060
2383  34.681  -97.879  15.691 0.5000000000
2399  33.058  -97.082  15.046 0.5000000000
2397  34.458  -98.015  14.823 0.4000000060
2410  33.128  -97.975  14.402 0.4000000060
1602  34.122  -100.469  11.995 0.4000000060
1959  35.411  -98.963  16.165 0.5000000000
1972  36.045  -99.070  15.375 0.5000000000
1973  35.515  -98.708  15.015 0.5000000000
134058  34.060  -98.321  14.194 0.4000000060
1982  33.564  -98.724  13.793 0.4000000060
140492  35.755  -98.724  14.575 0.4000000060
1981  34.989  -98.637  14.201 0.4000000060
2881  34.894  -96.849  12.489 0.4000000060
2428  34.771  -97.905  12.119 0.4000000060
1609  35.074  -99.400  12.073 0.4000000060
1601  34.732  -99.749  12.023 0.4000000060
1997  33.616  -99.526  13.203 0.4000000060
2436  33.959  -98.467  11.443 0.4000000060
2012  34.562  -99.614  11.810 0.4000000060
2420  36.073  -97.666  14.134 0.5000000000
135108  35.353  -98.750  13.520 0.4000000060
1996  35.283  -98.876  13.220 0.4000000060
133217  34.495  -99.168  13.258 0.4000000060
2871  35.558  -96.586  13.288 0.5000000000
2421  35.398  -98.298  12.872 0.4000000060
1995  35.270  -99.033  12.603 0.4000000060
1590  35.018  -99.297  12.391 0.4000000060
2890  37.366  -96.305  11.126 0.3000000119
2901  38.004  -96.426  10.034 0.3000000119
2889  38.687  -96.130  10.706 0.4000000060
144168  37.022  -95.748  12.837 0.3000000119
2877  39.625  -95.774  12.225 0.4000000060
129837  37.992  -96.134  11.972 0.4000000060
3460  38.248  -95.409  8.603 0.3000000119
2911  38.343  -96.123  9.129 0.4000000060
2888  39.208  -95.986  11.526 0.4000000060
3444  38.802  -95.310  9.368 0.4000000060
3429  39.190  -95.513  10.115 0.4000000060
3417  39.817  -95.284  11.446 0.4000000060
3399  40.622  -94.564  13.079 0.3000000119
125381  35.548  -96.085  12.423 0.3000000119
2867  39.634  -95.938  13.640 0.3000000119
133053  39.203  -96.021  13.006 0.4000000060
4050  37.958  -94.824  8.475 0.4000000060
3408  40.243  -95.136  12.409 0.3000000119
4617  39.337  -94.443  10.383 0.4000000060
4602  39.547  -94.092  11.103 0.4000000060
3989  40.020  -94.307  11.799 0.4000000060
3401  36.866  -95.849  13.498 0.4000000060
2879  37.996  -96.065  13.137 0.4000000060
4051  37.262  -95.007  7.933 0.4000000060
3392  40.768  -94.782  13.848 0.3000000119
4035  37.265  -94.399  8.886 0.4000000060
4020  36.693  -93.883  9.864 0.4000000060
4631  37.647  -93.756  9.783 0.4000000060
4019  38.774  -94.010  10.035 0.4000000060
2858  36.787  -96.800  14.857 0.4000000060
2869  37.321  -96.165  14.191 0.4000000060
2856  39.151  -96.262  14.550 0.3000000119
2857  37.888  -96.599  14.899 0.4000000060
2855  40.202  -95.673  14.291 0.3000000119
134402  36.129  -94.402  9.206 0.4000000060
3446  34.286  -95.187  8.932 0.4000000060
145890  35.311  -94.463  9.604 0.4000000060
128994  37.644  -93.051  10.964 0.4000000060
142045  38.428  -93.430  10.598 0.4000000060
1971  36.240  -99.016  15.672 0.4000000060
2394  38.341  -96.624  15.517 0.3000000119
1957  36.290  -99.128  16.347 0.4000000060
1980  36.124  -98.846  15.086 0.4000000060
1956  36.652  -98.531  16.149 0.4000000060
2408  37.133  -97.325  15.521 0.4000000060
11035  33.760  -85.955  1.871 0.4000000060
4034  38.280  -94.254  9.285 0.4000000060
910  32.766  -101.044  11.785 0.4000000060
911  32.037  -101.579  11.820 0.4000000060
1233  33.567  -100.746  12.044 0.4000000060
1535  35.683  -99.324  17.836 0.4000000060
1537  34.396  -99.540  18.336 0.3000000119
1550  35.000  -99.493  17.597 0.4000000060
1551  34.110  -99.474  18.260 0.4000000060
1560  35.979  -99.409  16.618 0.4000000060
1573  36.052  -99.280  15.948 0.5000000000
1591  34.386  -99.819  12.392 0.4000000060
1600  35.067  -99.271  12.140 0.4000000060
1610  33.833  -99.966  11.518 0.4000000060
1949  32.057  -98.092  18.242 0.3000000119
1958  35.954  -99.210  15.570 0.5000000000
1994  35.799  -98.588  14.283 0.5000000000
2004  35.187  -99.144  12.304 0.4000000060
2011  34.818  -98.922  11.839 0.4000000060
2331  35.456  -97.680  20.209 0.3000000119
2344  37.131  -97.350  19.048 0.3000000119
2360  37.941  -96.765  17.987 0.4000000060
2362  36.607  -98.092  18.654 0.3000000119
2382  37.255  -97.798  16.652 0.5000000000
2384  33.928  -97.108  16.267 0.5000000000
2385  33.096  -96.633  16.619 0.5000000000
2396  36.559  -98.420  15.548 0.4000000060
2398  33.851  -97.262  15.412 0.5000000000
2409  36.461  -98.191  14.943 0.4000000060
2413  30.413  -97.436  14.289 0.5000000000
2795  34.855  -96.937  20.457 0.3000000119
2805  37.651  -96.635  19.040 0.3000000119
2820  38.747  -95.935  18.053 0.3000000119
2826  39.314  -95.657  17.455 0.4000000060
2828  32.211  -96.437  16.783 0.5000000000
2833  39.294  -96.095  16.008 0.4000000060
2836  31.739  -96.197  16.355 0.5000000000
2859  32.089  -96.902  14.908 0.4000000060
2861  29.598  -96.965  14.499 0.5000000000
2868  38.647  -96.180  13.951 0.4000000060
2870  36.363  -96.251  13.973 0.4000000060
2878  38.909  -96.118  12.326 0.4000000060
2880  36.194  -95.822  13.113 0.3000000119
2900  38.724  -95.984  9.790 0.4000000060
2922  26.263  -95.928  7.971 0.3000000119
3332  34.967  -95.821  20.478 0.3000000119
3346  37.290  -95.908  19.787 0.3000000119
3367  30.410  -95.801  17.643 0.3000000119
3372  40.889  -94.555  17.076 0.4000000060
3381  40.406  -95.461  15.287 0.4000000060
3400  40.342  -95.340  13.315 0.3000000119
3416  40.132  -94.729  11.842 0.4000000060
3418  39.402  -95.631  10.814 0.4000000060
3419  31.125  -95.604  11.098 0.3000000119
3421  29.664  -95.582  11.426 0.3000000119
3422  28.862  -95.437  11.359 0.3000000119
3423  28.288  -95.262  11.140 0.3000000119
3428  39.587  -95.051  10.557 0.4000000060
3431  32.370  -95.276  10.797 0.5000000000
3443  39.239  -94.950  9.928 0.4000000060
3445  35.351  -94.877  8.686 0.4000000060
3447  33.390  -95.411  9.189 0.4000000060
3449  31.695  -95.883  9.775 0.4000000060
3452  28.423  -95.217  9.770 0.3000000119
3461  37.613  -95.420  8.014 0.3000000119
3469  28.049  -94.939  8.099 0.3000000119
3895  37.301  -94.654  20.839 0.3000000119
3897  35.174  -94.839  20.856 0.3000000119
3933  41.211  -94.070  17.337 0.3000000119
3955  41.156  -93.863  16.251 0.4000000060
3976  40.807  -94.214  13.612 0.4000000060
3988  40.384  -94.439  12.442 0.3000000119
3993  30.229  -94.740  12.836 0.3000000119
3994  29.387  -94.780  12.834 0.3000000119
4006  39.808  -94.627  11.168 0.4000000060
4007  34.375  -93.923  10.979 0.5000000000
4010  30.607  -95.030  12.252 0.3000000119
4021  35.715  -93.980  10.075 0.4000000060
4026  26.531  -94.036  10.736 0.3000000119
4033  38.883  -94.609  9.596 0.4000000060
4042  24.079  -94.908  9.085 0.3000000119
4049  38.502  -94.838  8.965 0.4000000060
4074  25.221  -94.107  5.264 0.3000000119
4094  26.892  -94.815  1.436 0.4000000060
4104  27.136  -93.814  0.419 0.5000000000
4532  41.023  -93.652  16.623 0.3000000119
4533  40.646  -93.364  16.616 0.3000000119
4559  39.176  -93.616  14.191 0.5000000000
4563  30.540  -93.075  14.297 0.3000000119
4573  40.535  -93.923  13.271 0.4000000060
4574  39.665  -93.711  12.475 0.5000000000
4591  39.654  -93.840  11.728 0.5000000000
4592  38.788  -93.440  11.827 0.5000000000
4597  32.269  -93.670  13.018 0.3000000119
4598  26.661  -93.361  12.532 0.3000000119
4608  33.939  -93.647  11.664 0.4000000060
4609  26.046  -93.093  11.990 0.3000000119
4618  39.073  -93.865  10.612 0.4000000060
4619  37.170  -93.338  10.520 0.4000000060
4623  24.910  -92.901  9.985 0.4000000060
4632  25.097  -93.553  9.867 0.4000000060
4640  24.233  -93.564  8.575 0.4000000060
4649  24.299  -93.438  7.881 0.4000000060
4685  26.130  -94.006  3.885 0.4000000060
4694  29.230  -93.643  1.340 0.6999999881
4701  29.033  -93.399  1.166 0.6999999881
4707  27.731  -93.629  0.705 0.6000000238
5217  28.615  -92.491  14.644 0.3000000119
5225  36.111  -92.410  13.026 0.4000000060
5236  36.651  -92.715  12.384 0.5000000000
5248  37.164  -92.951  11.659 0.5000000000
5293  25.621  -92.260  7.004 0.5000000000
5314  28.432  -92.563  4.077 0.3000000119
5324  31.660  -93.165  2.060 0.6999999881
5334  32.334  -92.598  1.515 0.6999999881
5335  31.738  -93.022  1.542 0.6999999881
5345  25.407  -92.328  1.061 0.6000000238
5348  26.815  -93.222  0.346 0.5000000000
5866  30.910  -90.664  14.736 0.3000000119
5872  33.212  -90.340  13.902 0.3000000119
5874  30.220  -91.451  14.859 0.3000000119
5892  34.905  -91.946  13.142 0.3000000119
5893  34.621  -91.850  13.037 0.3000000119
5894  34.130  -91.627  13.110 0.3000000119
5940  25.240  -91.646  9.668 0.4000000060
5955  26.218  -90.848  8.917 0.5000000000
5956  25.568  -91.490  8.714 0.3000000119
5985  26.208  -91.635  6.980 0.3000000119
5996  28.119  -91.240  5.116 0.4000000060
6012  29.283  -91.444  4.415 0.4000000060
6013  28.232  -92.018  4.651 0.4000000060
6023  32.458  -92.148  2.717 0.6000000238
6043  33.311  -91.685  1.487 0.6999999881
6044  32.893  -92.080  1.279 0.6999999881
6048  28.622  -92.462  0.980 0.6000000238
6052  24.753  -91.868  1.683 0.5000000000
6055  32.902  -91.539  0.780 0.6999999881
6613  29.136  -90.257  14.707 0.3000000119
6614  28.671  -90.381  14.275 0.3000000119
6661  26.326  -90.749  9.769 0.4000000060
6680  21.997  -90.195  8.585 0.5000000000
6746  27.718  -90.435  6.375 0.4000000060
6774  31.033  -91.750  3.712 0.5000000000
6797  33.768  -91.216  1.063 0.6999999881
7332  28.616  -89.868  12.909 0.3000000119
7357  23.556  -89.268  9.896 0.6000000238
7371  23.980  -89.435  8.471 0.6000000238
7387  30.851  -89.816  7.418 0.3000000119
7405  31.360  -89.092  6.822 0.5000000000
7407  29.550  -89.426  6.524 0.5000000000
7450  30.690  -89.839  4.688 0.5000000000
7471  25.182  -89.882  3.392 0.5000000000
7497  36.647  -89.238  1.041 0.4000000060
7507  33.111  -89.962  0.415 0.6999999881
8163  24.395  -87.890  10.024 0.6000000238
8164  23.913  -88.739  10.199 0.6000000238
8165  23.188  -88.632  10.398 0.6000000238
8178  22.463  -88.498  10.226 0.6000000238
8193  20.933  -88.140  8.714 0.6000000238
8201  27.094  -88.053  7.150 0.8000000119
8213  32.700  -88.739  6.385 0.4000000060
8230  31.621  -88.734  5.577 0.5000000000
8234  24.960  -88.941  6.008 0.6999999881
8247  32.183  -88.851  4.896 0.4000000060
8271  26.845  -88.972  2.739 0.5000000000
8294  28.003  -88.361  2.226 0.6000000238
9057  25.807  -87.672  9.051 0.6999999881
9062  18.846  -87.068  9.241 0.6000000238
9121  28.546  -87.503  5.343 0.8000000119
9137  26.969  -88.468  3.953 0.6000000238
9181  31.709  -87.872  1.339 0.6999999881
9189  35.323  -88.302  0.760 0.4000000060
9991  25.386  -87.154  9.373 0.6999999881
10014  25.851  -86.585  8.954 0.6999999881
10019  17.389  -86.692  9.014 0.6000000238
10040  29.703  -86.546  6.303 0.8000000119
10048  29.882  -86.581  5.711 0.8000000119
10095  29.532  -86.476  2.429 0.6999999881
10891  17.486  -85.534  13.330 0.5000000000
10937  18.368  -86.265  9.397 0.6000000238
10950  27.329  -86.269  8.285 0.6999999881
10983  30.377  -85.437  6.476 0.6999999881
10988  23.723  -85.153  6.346 0.6999999881
10990  22.085  -84.715  6.646 0.6000000238
11002  30.826  -85.577  5.664 0.6000000238
11033  31.144  -85.178  2.158 0.5000000000
11038  31.496  -85.653  1.855 0.5000000000
11818  18.307  -84.821  13.954 0.5000000000
11831  18.586  -84.594  13.339 0.5000000000
11846  17.812  -85.115  12.787 0.5000000000
11865  17.599  -84.576  12.168 0.5000000000
11919  28.943  -84.993  7.282 0.6999999881
11934  31.165  -83.560  6.124 0.6000000238
11940  25.002  -84.850  5.760 0.6999999881
11974  31.320  -84.699  4.229 0.5000000000
11986  30.967  -84.542  3.156 0.5000000000
12696  20.042  -83.127  14.311 0.6999999881
12697  19.336  -83.467  14.536 0.6000000238
12698  18.271  -84.341  14.450 0.5000000000
12699  17.344  -84.171  14.576 0.5000000000
12701  15.305  -83.462  14.037 0.6000000238
12719  19.625  -83.713  13.920 0.6000000238
12742  19.600  -83.510  13.193 0.6000000238
12761  17.696  -83.787  11.685 0.6000000238
12763  16.313  -83.839  11.168 0.5000000000
12779  16.488  -82.955  10.681 0.5000000000
12841  27.764  -83.382  5.456 0.6999999881
12842  26.757  -83.504  4.664 0.5000000000
12845  18.327  -83.299  4.683 0.5000000000
12846  17.126  -82.956  5.409 0.5000000000
12847  16.380  -82.984  5.796 0.6000000238
12857  25.195  -83.415  4.009 0.5000000000
12859  23.943  -83.794  4.065 0.6000000238
12860  22.395  -83.709  4.170 0.6000000238
12862  20.584  -83.429  4.279 0.6000000238
12863  19.650  -83.278  4.374 0.5000000000
12864  18.831  -82.979  4.383 0.5000000000
13593  19.937  -82.045  15.244 0.6999999881
13631  20.440  -82.585  13.679 0.6999999881
13670  17.983  -82.832  11.300 0.5000000000
13718  24.596  -81.551  7.109 0.5000000000
13737  13.515  -82.283  6.749 0.5000000000
13749  30.070  -82.114  5.849 0.5000000000
13756  15.712  -82.691  6.100 0.5000000000
13767  25.894  -82.051  3.900 0.6000000238
13770  21.295  -82.665  4.294 0.6000000238
13782  23.577  -82.658  4.002 0.6000000238
13783  22.848  -82.693  4.099 0.6000000238
14534  20.973  -81.456  14.576 0.6999999881
14585  20.265  -81.398  12.385 0.8000000119
14624  18.304  -80.606  9.509 0.6000000238
14643  26.896  -81.644  8.097 0.5000000000
14646  15.992  -81.268  8.528 0.6000000238
14649  13.404  -81.309  8.040 0.5000000000
14650  12.745  -81.590  7.905 0.5000000000
14663  25.043  -81.094  6.642 0.5000000000
14665  23.338  -81.568  6.536 0.5000000000
14670  15.229  -81.526  7.118 0.5000000000
14679  23.697  -81.347  6.239 0.6000000238
14685  18.010  -81.147  6.129 0.6000000238
14692  30.916  -81.344  5.427 0.5000000000
14695  21.937  -81.337  5.148 0.6999999881
14699  18.345  -81.738  5.198 0.6999999881
14716  25.094  -81.242  4.527 0.5000000000
14717  24.390  -81.296  4.742 0.5000000000
14718  23.632  -81.363  4.812 0.6000000238
14722  19.819  -81.910  4.780 0.6000000238
15380  20.450  -80.841  15.388 0.6999999881
15381  19.766  -80.574  15.492 0.5000000000
15405  20.937  -81.024  15.142 0.6999999881
15406  18.111  -81.162  14.768 0.6000000238
15426  21.315  -80.912  13.791 0.6999999881
15428  16.235  -80.444  13.319 0.5000000000
15429  15.125  -80.510  12.832 0.5000000000
15441  21.569  -79.929  13.061 0.8000000119
15460  21.489  -79.576  10.414 0.6000000238
15481  17.221  -80.946  8.621 0.6000000238
15499  19.471  -80.280  8.696 0.5000000000
15504  15.718  -81.122  8.038 0.6000000238
15522  25.511  -80.546  6.226 0.5000000000
15523  24.952  -80.736  6.041 0.5000000000
15524  19.619  -80.481  6.946 0.6000000238
15528  15.978  -81.162  7.570 0.6000000238
15543  22.547  -81.265  5.354 0.6999999881
15544  21.541  -81.264  5.467 0.6000000238
15558  25.458  -80.657  5.272 0.6000000238
15559  24.683  -81.015  5.373 0.6999999881
15561  22.939  -81.272  5.257 0.6999999881
15569  31.967  -80.170  4.542 0.5000000000
15576  24.893  -80.949  5.103 0.6000000238
15578  23.408  -81.373  4.974 0.6999999881
16249  21.080  -79.419  15.501 0.8000000119
16252  19.169  -79.223  15.200 0.6000000238
16272  18.463  -79.485  14.633 0.6000000238
16273  17.723  -79.723  13.877 0.6000000238
16301  15.491  -79.071  12.082 0.6999999881
16303  13.890  -79.268  12.456 0.4000000060
16313  21.756  -78.895  11.256 0.6000000238
16314  21.067  -78.914  11.239 0.6999999881
16377  26.060  -80.341  5.435 0.6000000238
16388  26.647  -80.055  5.196 0.6000000238
17086  19.865  -78.823  15.440 0.6999999881
17101  22.816  -77.880  14.623 0.6999999881
17102  21.771  -79.042  15.047 0.8000000119
17103  19.489  -78.206  14.972 0.6000000238
17116  26.974  -78.965  12.997 0.4000000060
17117  25.257  -78.088  12.567 0.5000000000
17122  16.567  -78.999  12.488 0.6999999881
17133  27.467  -78.407  11.812 0.4000000060
17134  27.032  -78.915  12.060 0.4000000060
17136  24.680  -78.800  12.561 0.6000000238
17152  27.222  -78.325  11.456 0.4000000060
17153  15.225  -77.727  11.459 0.6000000238
17942  21.183  -78.050  15.384 0.8000000119
17955  20.736  -77.334  15.110 0.8000000119
17966  27.749  -78.017  12.064 0.4000000060
17973  14.844  -77.219  13.200 0.5000000000
17982  18.994  -76.939  12.646 0.8000000119
17985  16.022  -77.746  11.193 0.6999999881
17986  14.296  -77.546  11.963 0.4000000060
17993  27.355  -77.819  11.104 0.4000000060
17995  17.408  -77.073  10.728 0.6999999881
17996  16.410  -77.002  10.783 0.6000000238
17998  14.783  -77.408  11.674 0.5000000000
18840  22.620  -76.644  14.597 0.6999999881
18841  20.466  -76.818  14.566 0.6999999881
18843  15.472  -76.656  13.551 0.5000000000
18856  24.595  -76.607  13.235 0.6999999881
18857  23.892  -76.179  13.752 0.6999999881
18860  19.869  -76.646  13.778 0.6000000238
18862  14.977  -76.670  12.589 0.5000000000
18867  27.703  -76.940  11.579 0.4000000060
18874  14.594  -77.073  11.913 0.5000000000
18878  27.484  -77.486  10.907 0.5000000000
18880  26.682  -77.097  10.769 0.6000000238
18882  19.604  -76.512  10.517 0.6999999881
18886  14.964  -76.931  11.545 0.5000000000
18898  18.332  -76.237  9.604 0.6999999881
18904  27.049  -76.434  9.545 0.5000000000
18905  26.567  -76.258  9.219 0.4000000060
19744  23.089  -75.876  13.912 0.6999999881
19761  23.347  -75.603  13.277 0.6999999881
19763  21.663  -75.821  13.841 0.8000000119
19765  15.350  -76.085  12.457 0.5000000000
19777  24.636  -75.628  11.967 0.6999999881
19781  20.933  -75.825  13.125 0.8000000119
19782  15.571  -76.097  11.729 0.5000000000
19787  27.595  -76.533  10.640 0.4000000060
19789  24.843  -75.692  10.714 0.6999999881
19801  27.363  -76.178  9.749 0.4000000060
19804  23.862  -75.672  9.682 0.5000000000
19807  20.385  -76.177  9.253 0.6999999881
19817  26.760  -75.812  8.869 0.4000000060
19820  23.897  -75.574  8.951 0.6000000238
19823  20.363  -75.984  8.614 0.6999999881
19824  19.592  -75.953  8.711 0.6999999881
19827  25.577  -75.251  8.389 0.3000000119
19828  24.537  -75.212  8.566 0.3000000119
19829  23.459  -75.259  8.701 0.6000000238
19830  23.289  -74.890  8.538 0.6000000238
20696  18.786  -74.421  11.311 0.6999999881
20699  16.347  -75.380  11.830 0.5000000000
20710  18.225  -74.921  10.433 0.8000000119
20712  16.804  -75.478  11.100 0.5000000000
20720  19.973  -75.262  8.768 0.6999999881
20722  18.636  -75.315  9.618 0.6000000238
20733  22.059  -75.297  8.823 0.6000000238
20741  24.681  -74.547  8.459 0.3000000119
21671  27.407  -73.252  8.880 0.3000000119
21672  25.101  -72.815  9.208 0.4000000060
21674  21.103  -74.499  8.747 0.5000000000
21687  27.198  -73.372  8.613 0.3000000119
21688  26.856  -73.597  8.350 0.3000000119
21689  26.390  -73.681  8.221 0.3000000119
21690  24.890  -73.694  8.723 0.4000000060
22433  18.466  -72.574  19.949 0.4000000060
22434  17.544  -72.435  19.710 0.4000000060
22435  16.873  -72.108  19.589 0.4000000060
22453  18.176  -72.557  19.087 0.3000000119
22467  18.895  -72.254  18.593 0.4000000060
22499  17.984  -71.823  14.842 0.6000000238
22507  20.872  -72.941  13.152 0.6000000238
22508  20.130  -72.706  13.417 0.5000000000
22521  21.340  -72.149  13.092 0.6000000238
22536  22.541  -73.101  11.719 0.4000000060
22570  27.104  -72.718  8.589 0.3000000119
23329  18.777  -72.106  20.829 0.3000000119
23333  15.600  -70.934  20.351 0.4000000060
23390  21.921  -71.401  15.580 0.3000000119
23399  19.425  -71.096  14.315 0.5000000000
23400  18.717  -71.379  14.609 0.6000000238
23416  27.329  -70.973  11.505 0.3000000119
23428  23.611  -71.522  12.037 0.3000000119
24255  18.310  -70.874  21.900 0.3000000119
24294  17.026  -69.390  18.448 0.3000000119
24321  19.621  -69.657  16.540 0.4000000060
24334  20.418  -70.327  15.459 0.4000000060
24344  22.618  -70.198  13.615 0.3000000119
24347  19.483  -70.354  14.687 0.5000000000
24348  18.833  -70.520  14.971 0.6000000238
24357  20.048  -70.678  14.116 0.5000000000
24364  21.673  -70.093  12.917 0.5000000000
25273  17.950  -68.795  17.782 0.5000000000
25288  18.545  -68.716  17.323 0.5000000000
25290  17.232  -68.179  17.482 0.5000000000
25300  19.190  -69.214  16.586 0.4000000060
25302  17.999  -68.756  16.407 0.5000000000
25311  19.095  -69.513  15.960 0.5000000000
25312  18.476  -69.453  15.981 0.6000000238
25323  19.574  -70.030  15.146 0.5000000000
25336  22.723  -69.674  12.834 0.4000000060
25346  23.553  -69.378  12.614 0.3000000119
26241  18.740  -68.663  16.965 0.5000000000
26242  18.228  -68.398  17.095 0.6000000238
26243  17.797  -68.257  17.139 0.6000000238
26251  17.567  -68.293  16.906 0.5000000000
26293  24.628  -68.301  12.219 0.3000000119
124289  13.981  -78.218  12.180 0.4000000060
124543  22.123  -73.305  10.618 0.4000000060
125397  17.854  -81.339  10.018 0.6000000238
125938  18.713  -76.636  10.235 0.6000000238
125984  27.526  -71.819  9.087 0.3000000119
126316  25.501  -92.083  11.445 0.3000000119
126541  36.707  -97.162  19.521 0.3000000119
126648  23.245  -70.671  14.491 0.3000000119
127071  31.708  -95.656  10.569 0.4000000060
127479  16.513  -76.447  10.559 0.6000000238
127579  20.195  -79.514  10.129 0.5000000000
128122  25.762  -93.769  0.219 0.6000000238
128314  15.882  -81.574  9.178 0.6000000238
128318  19.346  -80.307  7.884 0.5000000000
130101  18.114  -83.568  14.725 0.6000000238
130196  36.563  -95.843  12.217 0.3000000119
130275  28.978  -91.673  1.243 0.6000000238
130619  28.207  -90.288  8.231 0.3000000119
130661  39.075  -95.977  16.823 0.4000000060
130673  22.251  -79.017  11.775 0.5000000000
130675  20.410  -79.341  15.547 0.6999999881
130679  23.345  -83.870  4.158 0.6000000238
130829  34.073  -91.043  13.819 0.3000000119
130858  17.315  -81.269  14.291 0.6000000238
130924  21.812  -76.464  14.706 0.8000000119
131154  17.214  -81.405  6.251 0.5000000000
132272  29.772  -96.365  15.081 0.5000000000
132516  27.346  -74.075  8.813 0.3000000119
134080  16.358  -83.534  14.354 0.6000000238
134179  21.804  -70.396  13.616 0.4000000060
134723  27.380  -79.402  5.079 0.6000000238
134887  26.960  -94.359  9.370 0.3000000119
136479  30.892  -96.585  17.959 0.3000000119
136685  39.857  -95.690  12.899 0.3000000119
137337  22.081  -75.496  9.062 0.6000000238
137677  23.967  -84.586  4.941 0.6999999881
137710  21.348  -75.325  8.543 0.6000000238
137731  23.772  -87.403  10.106 0.6000000238
138097  24.275  -85.319  6.587 0.6999999881
138224  22.670  -71.232  15.014 0.3000000119
138303  32.775  -93.913  12.558 0.4000000060
138777  16.771  -86.344  8.959 0.6000000238
138959  23.961  -78.217  13.324 0.6999999881
139608  33.433  -90.435  0.502 0.6999999881
139636  35.080  -92.130  12.656 0.3000000119
139702  20.192  -73.832  11.761 0.6999999881
139895  26.095  -74.483  8.097 0.3000000119
140399  32.982  -95.667  8.561 0.4000000060
140807  21.077  -76.041  9.904 0.6999999881
140871  19.537  -86.482  9.509 0.5000000000
141084  35.250  -89.567  0.649 0.4000000060
141496  27.227  -81.117  7.712 0.5000000000
141743  16.215  -84.853  11.580 0.5000000000
141890  41.172  -94.263  15.918 0.4000000060
142551  26.189  -94.358  9.359 0.3000000119
142808  27.728  -88.980  2.084 0.6000000238
143229  23.906  -86.900  9.653 0.6000000238
143536  38.255  -93.673  9.974 0.4000000060
143634  22.787  -75.234  8.677 0.6000000238
143770  32.689  -91.985  13.311 0.3000000119
144364  37.079  -95.532  7.580 0.4000000060
144687  33.532  -94.564  21.871 0.3000000119
144716  33.723  -97.614  14.787 0.4000000060
144914  26.721  -74.377  8.248 0.3000000119
145519  29.218  -95.688  10.876 0.3000000119
145633  37.888  -93.340  10.356 0.4000000060
145809  16.615  -84.290  14.519 0.5000000000
146117  15.839  -81.418  7.029 0.6000000238
146163  17.476  -68.943  18.124 0.4000000060
146597  30.073  -85.608  3.138 0.6000000238
146980  37.554  -97.306  17.697 0.4000000060
147043  18.620  -80.728  15.090 0.6000000238
147297  17.250  -82.466  14.525 0.6000000238
147353  35.574  -92.390  12.253 0.4000000060
147371  22.589  -73.868  9.127 0.5000000000
147463  15.749  -71.015  20.878 0.4000000060
147611  32.575  -94.403  12.154 0.4000000060
147655  28.919  -89.985  7.774 0.4000000060
147815  27.110  -91.250  1.310 0.4000000060
148082  29.741  -79.467  7.884 0.5000000000
148205  27.158  -76.859  10.050 0.4000000060
148419  21.420  -79.663  15.193 0.8000000119
