#!ascii label  , from subject sub-01 vox2ras=TkReg
1321
7449  32.657  -89.434  4.147 0.5000000000
15537  31.977  -79.707  6.954 0.6000000238
16357  31.214  -78.724  7.142 0.6000000238
15517  31.505  -80.010  7.736 0.6999999881
16346  30.832  -79.421  8.025 0.6000000238
137427  31.990  -81.053  8.190 0.6999999881
15494  31.187  -80.302  8.845 0.6000000238
128808  31.655  -84.496  2.423 0.5000000000
11031  34.322  -85.875  2.235 0.6000000238
11032  33.727  -85.075  2.223 0.6000000238
11995  32.416  -84.683  2.182 0.5000000000
128530  35.401  -87.200  1.482 0.5000000000
143074  34.973  -86.626  1.947 0.4000000060
11036  33.072  -85.257  1.930 0.5000000000
15556  30.478  -80.548  4.985 0.5000000000
7482  36.771  -89.133  1.825 0.4000000060
15570  31.007  -79.723  4.561 0.5000000000
17193  31.399  -77.481  4.463 0.6000000238
144760  31.811  -77.052  5.411 0.6000000238
15536  32.853  -79.989  6.260 0.6000000238
15515  33.396  -80.798  7.028 0.6999999881
16371  32.058  -78.691  6.419 0.6000000238
15516  32.450  -80.657  7.300 0.6999999881
14637  34.350  -81.083  8.893 0.6000000238
14660  32.906  -81.389  7.883 0.6999999881
15459  35.107  -80.658  10.522 0.6000000238
14616  33.793  -81.588  9.820 0.6000000238
14639  32.496  -81.537  8.823 0.6999999881
127728  34.969  -80.794  11.270 0.6999999881
16347  30.223  -79.355  7.993 0.6000000238
12880  32.179  -83.654  2.657 0.5000000000
11992  32.963  -83.867  2.370 0.6000000238
11030  35.037  -86.258  2.588 0.6000000238
11023  34.519  -85.415  2.757 0.6999999881
11994  33.223  -84.574  2.217 0.6000000238
10105  36.339  -87.471  1.256 0.4000000060
16390  32.778  -78.331  3.602 0.5000000000
16391  31.780  -78.707  4.089 0.5000000000
8258  35.226  -89.034  3.190 0.5000000000
16384  34.170  -78.280  4.767 0.6999999881
17192  32.418  -76.980  4.139 0.6000000238
16370  33.618  -79.143  5.604 0.6999999881
16385  33.229  -77.916  5.123 0.6000000238
17186  32.818  -76.972  4.929 0.6000000238
16386  32.300  -77.703  5.640 0.6000000238
15514  34.490  -80.514  7.063 0.6999999881
15472  35.273  -80.390  9.052 0.6000000238
15492  34.904  -80.540  8.091 0.6000000238
15471  35.660  -80.125  9.985 0.6000000238
15493  33.881  -81.178  7.859 0.6000000238
16311  36.053  -79.860  11.309 0.6000000238
16294  36.084  -79.715  12.104 0.6999999881
15473  31.262  -80.903  9.702 0.6999999881
15496  29.728  -80.089  8.381 0.5000000000
14617  32.881  -81.793  9.579 0.6999999881
15495  30.561  -80.052  8.683 0.6000000238
12870  34.564  -83.254  2.952 0.5000000000
12879  33.794  -83.179  2.532 0.5000000000
12871  32.495  -82.941  3.018 0.5000000000
145338  34.593  -84.981  3.349 0.6999999881
12878  34.204  -83.443  2.642 0.6000000238
10076  35.711  -86.557  3.189 0.5000000000
10061  35.663  -86.230  4.029 0.6999999881
11022  35.053  -85.816  3.572 0.6999999881
132428  34.111  -84.916  2.492 0.6000000238
11991  33.816  -84.135  2.418 0.6000000238
10104  37.175  -87.432  1.375 0.4000000060
10091  36.703  -87.141  1.785 0.4000000060
10092  35.791  -86.952  2.083 0.5000000000
16400  33.607  -78.281  3.455 0.5000000000
131543  33.842  -77.342  3.853 0.5000000000
17197  33.859  -77.617  3.640 0.5000000000
17198  33.090  -77.415  3.695 0.5000000000
16369  34.750  -79.130  5.544 0.6000000238
17185  33.538  -77.233  4.309 0.5000000000
16356  35.257  -79.668  6.433 0.6999999881
147743  36.356  -79.672  8.497 0.6000000238
15513  35.574  -79.937  7.436 0.6999999881
15535  33.980  -80.096  6.154 0.6999999881
127075  37.122  -79.424  9.824 0.6000000238
15491  35.768  -79.965  8.353 0.6000000238
17150  37.853  -78.699  11.526 0.6999999881
134517  36.501  -79.628  9.863 0.6000000238
17964  38.739  -77.562  13.634 0.6000000238
142507  37.925  -78.422  12.257 0.6999999881
16326  36.258  -79.733  10.647 0.6999999881
18832  38.467  -76.410  14.622 0.6000000238
17965  37.928  -77.774  13.688 0.6000000238
17131  37.434  -78.710  12.134 0.6999999881
14619  30.274  -81.167  9.966 0.6000000238
17114  36.986  -78.744  12.957 0.6999999881
137189  32.381  -81.663  10.294 0.6999999881
15474  30.775  -80.570  9.515 0.6000000238
18833  37.741  -76.772  14.924 0.6999999881
17949  37.515  -77.502  14.526 0.6000000238
16283  36.378  -79.394  12.938 0.8000000119
15436  35.436  -80.284  12.577 0.6999999881
15437  34.786  -80.739  12.229 0.6999999881
14604  33.535  -81.602  10.819 0.6999999881
13785  33.911  -82.316  2.751 0.6000000238
11014  34.795  -84.960  4.264 0.6999999881
12852  34.802  -84.011  4.654 0.6999999881
10060  36.417  -86.494  3.723 0.5000000000
11013  35.421  -85.546  4.563 0.6999999881
10090  37.507  -86.878  2.012 0.4000000060
10075  36.550  -86.840  2.701 0.5000000000
15580  33.990  -79.462  3.280 0.5000000000
14728  33.042  -80.578  3.652 0.5000000000
16399  34.255  -78.585  3.407 0.5000000000
130791  35.172  -78.716  4.758 0.6000000238
16368  35.750  -79.370  5.824 0.6000000238
17184  34.288  -77.839  4.109 0.6999999881
16344  36.810  -79.582  8.175 0.6999999881
16355  36.113  -79.596  6.917 0.6999999881
16324  37.696  -79.248  10.233 0.6000000238
16345  36.275  -79.663  7.800 0.6999999881
17978  39.906  -78.023  12.960 0.6999999881
17130  38.478  -78.457  12.059 0.6999999881
17161  38.100  -78.929  10.857 0.6999999881
14608  30.336  -81.454  11.344 0.6000000238
17963  39.682  -77.347  13.658 0.6000000238
17979  39.058  -78.053  12.933 0.6999999881
17162  37.593  -79.035  10.934 0.6999999881
21612  38.452  -73.398  13.555 0.6000000238
20664  38.768  -74.593  14.313 0.6000000238
18831  39.221  -76.065  14.409 0.6000000238
18851  39.043  -76.857  14.132 0.6000000238
17112  38.301  -78.129  12.906 0.6999999881
142439  30.577  -81.186  10.693 0.6000000238
19737  38.530  -75.446  14.729 0.6000000238
14575  34.096  -81.022  12.526 0.6999999881
14593  32.253  -81.527  11.669 0.6000000238
124970  31.903  -81.443  11.029 0.6999999881
14607  30.926  -80.912  10.286 0.6000000238
21601  38.206  -73.875  14.208 0.5000000000
133107  37.779  -75.180  15.097 0.6000000238
18816  37.068  -76.325  15.403 0.8000000119
17950  36.831  -77.829  14.874 0.8000000119
16284  35.802  -79.683  13.661 0.8000000119
132107  34.059  -81.261  11.663 0.6999999881
14605  32.727  -81.673  10.946 0.6999999881
16264  36.422  -78.989  13.981 0.8000000119
12869  34.805  -83.138  3.724 0.6999999881
13778  34.808  -82.374  3.201 0.6999999881
14726  34.801  -81.802  3.154 0.6999999881
13786  33.524  -82.173  2.949 0.6000000238
11000  35.933  -85.298  5.341 0.6999999881
127064  34.494  -81.491  3.081 0.6000000238
10999  36.938  -85.497  5.179 0.6000000238
14727  33.663  -80.533  3.316 0.5000000000
15579  34.649  -79.620  3.215 0.5000000000
14509  28.205  -81.862  15.865 0.6000000238
16398  34.784  -78.969  3.350 0.5000000000
13607  28.348  -82.812  14.658 0.5000000000
16389  35.430  -78.955  3.971 0.5000000000
14532  30.085  -81.696  14.518 0.6000000238
16382  35.971  -79.230  5.286 0.6999999881
16383  35.530  -78.917  4.540 0.6000000238
136209  37.172  -79.688  7.875 0.6999999881
14556  30.473  -81.679  13.604 0.6000000238
141929  38.077  -79.372  9.684 0.6999999881
16343  37.480  -79.607  8.538 0.6000000238
125797  40.652  -77.996  12.964 0.6999999881
17148  39.450  -78.766  11.498 0.6999999881
17160  38.813  -78.905  10.879 0.6999999881
14595  30.763  -81.377  11.913 0.6000000238
14579  30.590  -81.547  12.705 0.6000000238
18849  40.482  -76.509  13.774 0.6000000238
136772  38.831  -78.645  11.551 0.6999999881
130061  31.742  -81.362  12.716 0.6000000238
14596  30.115  -81.747  12.146 0.6000000238
20676  40.471  -74.807  13.489 0.6000000238
19755  39.984  -75.620  14.056 0.6000000238
126023  32.932  -81.156  13.271 0.6999999881
14577  32.469  -81.385  12.461 0.6000000238
14594  31.490  -81.369  11.730 0.6000000238
21611  39.256  -73.602  13.363 0.6000000238
17079  35.763  -78.245  15.290 0.6000000238
16266  34.880  -79.595  14.811 0.6000000238
15422  34.593  -80.516  13.626 0.6999999881
14552  33.823  -80.922  13.293 0.6000000238
124569  31.059  -81.079  11.100 0.6000000238
19728  36.296  -76.043  15.503 0.6000000238
16265  35.638  -79.373  14.483 0.8000000119
148302  36.467  -76.711  15.456 0.6000000238
17934  36.231  -77.483  15.402 0.6999999881
134749  34.949  -80.582  12.971 0.8000000119
12837  35.306  -83.788  5.685 0.6999999881
125321  35.029  -82.979  4.851 0.6999999881
13762  35.183  -82.231  3.834 0.6999999881
11958  36.433  -84.745  5.885 0.6999999881
11972  35.225  -84.742  5.146 0.6999999881
123503  35.194  -81.559  3.387 0.6000000238
14733  34.814  -80.507  3.156 0.6000000238
15343  28.680  -80.279  17.228 0.6000000238
14493  27.758  -81.402  16.433 0.6000000238
14492  28.661  -81.297  16.310 0.6000000238
138484  35.206  -79.894  3.268 0.6000000238
130241  29.058  -81.614  15.661 0.5000000000
15534  36.433  -79.722  5.854 0.6999999881
15566  35.880  -79.319  4.516 0.6999999881
14490  30.418  -81.073  16.085 0.4000000060
142449  29.413  -81.864  15.028 0.5000000000
16352  37.622  -79.935  7.970 0.6999999881
16353  37.112  -79.793  7.327 0.8000000119
14508  30.686  -81.325  15.213 0.5000000000
16335  38.143  -79.567  9.058 0.6000000238
16367  36.403  -79.709  6.491 0.6999999881
14531  31.087  -81.436  14.312 0.6000000238
135813  38.646  -79.505  9.595 0.6999999881
15400  32.812  -80.859  14.932 0.6999999881
131630  31.777  -81.334  13.897 0.6000000238
139701  41.256  -77.446  13.158 0.6999999881
17128  40.188  -78.500  12.248 0.6999999881
14555  31.248  -81.415  13.261 0.6000000238
20675  41.386  -75.111  13.118 0.6000000238
19754  40.760  -75.577  13.639 0.6000000238
17962  40.538  -77.399  13.401 0.6999999881
14529  32.499  -81.185  14.031 0.6999999881
20689  40.876  -74.249  12.794 0.6000000238
16246  34.601  -79.090  15.327 0.5000000000
15399  33.660  -80.468  14.756 0.6000000238
137679  39.544  -74.537  13.818 0.6000000238
19729  35.500  -75.967  15.384 0.6000000238
17935  35.262  -77.538  15.474 0.5000000000
15423  33.955  -80.603  14.052 0.6999999881
20667  35.593  -74.770  14.641 0.6000000238
12820  35.810  -83.351  6.263 0.6999999881
13746  35.507  -82.746  5.769 0.6999999881
147394  35.560  -81.494  3.928 0.6000000238
14709  35.629  -80.635  3.650 0.6000000238
16206  28.305  -79.750  17.709 0.4000000060
15344  27.830  -80.296  17.321 0.5000000000
14708  36.128  -79.998  4.398 0.6000000238
15342  29.498  -80.205  17.238 0.5000000000
14494  26.810  -81.387  16.476 0.6000000238
14678  36.668  -80.633  6.229 0.6999999881
15567  35.665  -79.630  3.791 0.6000000238
16342  38.199  -79.937  8.469 0.6999999881
15376  31.322  -81.032  15.892 0.4000000060
16308  40.799  -79.297  11.227 0.6999999881
139064  39.728  -79.533  10.052 0.6999999881
16334  39.357  -79.725  9.573 0.6999999881
14507  31.433  -81.243  15.114 0.6000000238
126075  42.017  -77.402  12.850 0.6999999881
17147  41.622  -78.826  11.920 0.6999999881
17159  39.745  -79.186  10.772 0.6999999881
16227  32.773  -79.857  16.261 0.5000000000
14530  31.963  -81.225  14.634 0.5000000000
19770  42.010  -75.834  12.951 0.6000000238
17127  41.266  -78.230  12.572 0.6999999881
16309  40.145  -78.905  11.523 0.6999999881
15374  33.276  -80.239  15.523 0.5000000000
21623  41.145  -73.820  12.110 0.5000000000
19769  42.182  -75.159  12.477 0.6000000238
19753  41.313  -76.051  13.450 0.6000000238
13734  36.159  -82.587  6.404 0.6999999881
13745  36.065  -81.612  5.775 0.6999999881
126058  37.039  -82.432  6.978 0.6999999881
135533  35.908  -81.008  4.666 0.6999999881
16207  27.451  -79.703  17.720 0.4000000060
136596  36.628  -81.714  6.522 0.6999999881
15359  26.438  -80.688  16.883 0.6000000238
14659  38.008  -81.091  7.686 0.8000000119
14677  37.342  -81.068  6.963 0.6999999881
15489  39.469  -80.528  8.756 0.6000000238
15511  38.153  -80.456  8.057 0.6000000238
15377  25.401  -79.867  15.831 0.6000000238
16321  40.391  -79.620  10.343 0.6999999881
15470  39.727  -80.223  9.222 0.6999999881
16341  38.897  -79.973  8.986 0.6000000238
17977  42.708  -77.349  12.504 0.6000000238
16269  25.547  -79.910  14.203 0.5000000000
18865  42.545  -76.548  12.646 0.6999999881
20701  42.354  -74.634  11.709 0.5000000000
13717  37.722  -81.875  7.432 0.6999999881
17055  27.088  -79.076  18.017 0.4000000060
15346  26.266  -80.063  17.203 0.5000000000
15488  40.221  -80.749  8.961 0.8000000119
17057  25.754  -78.685  17.214 0.4000000060
17056  26.400  -78.875  17.667 0.4000000060
14636  39.337  -80.877  8.406 0.6999999881
16248  25.550  -79.071  15.642 0.4000000060
15360  25.732  -80.220  16.633 0.5000000000
17146  42.625  -78.735  11.829 0.6000000238
128550  41.162  -79.732  10.611 0.6000000238
16332  40.935  -80.143  9.966 0.6999999881
17925  25.614  -77.520  16.250 0.4000000060
17976  43.298  -77.011  12.262 0.6000000238
17126  42.282  -78.103  12.415 0.6000000238
16268  26.306  -79.454  13.481 0.4000000060
143120  25.459  -79.651  15.119 0.6000000238
19785  42.832  -75.384  11.870 0.6000000238
20716  42.384  -74.220  10.827 0.5000000000
17043  27.107  -77.824  18.320 0.4000000060
13716  38.425  -81.962  7.721 0.8000000119
17914  26.254  -77.912  17.755 0.4000000060
14658  38.843  -81.148  8.062 0.6999999881
144685  25.622  -77.961  17.022 0.4000000060
148654  41.609  -80.343  9.935 0.6000000238
15469  40.519  -80.432  9.411 0.6999999881
16307  41.971  -79.537  11.267 0.6000000238
16320  41.786  -80.086  10.411 0.6000000238
18824  25.732  -76.867  15.827 0.4000000060
17082  25.846  -78.248  15.248 0.4000000060
18877  43.137  -76.176  12.101 0.6000000238
17098  26.524  -78.652  14.043 0.4000000060
19800  43.059  -74.969  10.908 0.4000000060
17907  26.810  -77.109  18.224 0.4000000060
14635  39.986  -81.091  8.553 0.6999999881
135467  26.295  -77.036  17.774 0.4000000060
15457  42.435  -80.560  9.874 0.6999999881
15487  41.041  -81.008  9.138 0.6000000238
17915  25.772  -77.270  17.213 0.4000000060
17145  43.534  -78.526  11.516 0.6000000238
16306  43.034  -79.356  11.357 0.6000000238
18823  26.202  -76.752  15.015 0.4000000060
18876  43.636  -76.661  11.525 0.6000000238
18838  26.903  -77.205  13.996 0.3000000119
19784  43.412  -75.837  11.279 0.4000000060
20714  43.366  -74.975  9.764 0.4000000060
19799  43.705  -75.613  10.413 0.4000000060
19700  25.794  -75.936  16.916 0.4000000060
19717  25.815  -76.095  15.960 0.4000000060
17990  43.703  -77.526  11.608 0.6000000238
17989  44.209  -77.116  11.036 0.6000000238
19815  43.970  -75.349  9.491 0.4000000060
19798  44.423  -75.914  10.256 0.5000000000
20706  27.491  -75.409  11.028 0.3000000119
20729  44.186  -74.925  8.510 0.4000000060
21575  27.098  -73.406  18.361 0.4000000060
20682  26.454  -74.200  13.697 0.3000000119
20732  27.241  -74.815  8.783 0.4000000060
134378  28.086  -72.793  18.757 0.4000000060
134660  26.786  -72.484  17.963 0.4000000060
22497  26.082  -72.585  14.693 0.3000000119
135850  25.890  -72.768  15.626 0.3000000119
20707  26.873  -74.402  11.334 0.3000000119
20695  26.506  -74.175  12.802 0.3000000119
20718  27.363  -75.060  9.402 0.3000000119
23355  27.927  -71.376  18.540 0.4000000060
23367  26.721  -71.577  17.409 0.4000000060
135932  25.912  -72.832  16.537 0.4000000060
21616  26.322  -73.379  13.323 0.3000000119
21631  26.380  -73.371  12.403 0.3000000119
22559  25.909  -72.263  9.059 0.4000000060
23435  24.976  -71.641  10.492 0.3000000119
23427  24.474  -71.184  11.450 0.3000000119
21656  26.935  -73.838  10.720 0.3000000119
21655  27.285  -73.779  9.641 0.3000000119
148326  27.132  -71.049  17.552 0.4000000060
23376  26.421  -71.414  16.559 0.4000000060
132309  26.051  -72.081  15.335 0.3000000119
23398  26.279  -71.696  14.734 0.3000000119
135110  26.349  -72.552  12.818 0.3000000119
22571  26.745  -72.864  8.520 0.3000000119
129604  26.540  -72.632  11.790 0.3000000119
23434  25.730  -71.023  9.821 0.3000000119
22534  26.960  -72.835  10.574 0.3000000119
24377  26.791  -69.886  10.054 0.4000000060
24379  25.259  -70.774  10.783 0.3000000119
25356  25.892  -69.632  10.807 0.3000000119
25357  25.018  -69.593  11.582 0.3000000119
24317  26.672  -70.622  16.171 0.4000000060
23388  26.359  -71.284  15.559 0.4000000060
131937  26.478  -71.404  14.085 0.3000000119
23457  26.577  -72.124  8.785 0.4000000060
23408  26.451  -71.697  13.322 0.3000000119
23455  27.332  -72.051  8.802 0.3000000119
24388  26.535  -70.666  9.532 0.4000000060
24386  27.321  -70.505  9.638 0.4000000060
139088  25.510  -68.128  11.769 0.3000000119
24316  27.719  -69.896  16.624 0.4000000060
24329  26.831  -70.480  15.395 0.4000000060
24328  27.416  -70.010  14.844 0.4000000060
24341  27.446  -70.117  13.914 0.4000000060
23417  26.722  -71.776  12.218 0.3000000119
134049  27.551  -70.914  10.354 0.3000000119
24376  27.534  -70.184  9.944 0.3000000119
25366  27.639  -69.488  10.505 0.3000000119
26301  27.617  -69.098  10.709 0.5000000000
25367  27.362  -69.882  10.118 0.4000000060
26302  27.226  -69.144  10.543 0.4000000060
27222  25.154  -67.527  12.257 0.3000000119
25309  28.183  -69.516  15.154 0.4000000060
25320  28.231  -69.547  14.249 0.4000000060
25333  28.151  -69.511  13.298 0.3000000119
25354  28.333  -68.789  12.042 0.3000000119
27208  28.180  -67.648  12.153 0.3000000119
28133  27.745  -66.359  13.031 0.3000000119
23416  27.329  -70.973  11.505 0.3000000119
25345  28.108  -69.390  12.141 0.3000000119
26289  28.134  -68.336  11.711 0.3000000119
27219  27.674  -67.770  11.603 0.3000000119
28140  27.522  -66.431  12.364 0.3000000119
133622  27.876  -69.535  11.203 0.3000000119
27220  27.060  -67.556  11.481 0.3000000119
26291  26.510  -68.397  11.239 0.3000000119
147513  24.307  -66.910  13.033 0.3000000119
25283  29.943  -68.671  17.666 0.3000000119
25295  29.186  -68.781  16.505 0.3000000119
25308  28.855  -69.026  15.576 0.3000000119
26266  29.273  -68.064  14.894 0.3000000119
142646  28.706  -67.561  14.633 0.3000000119
28124  27.564  -66.340  13.822 0.3000000119
25319  28.862  -69.063  14.631 0.3000000119
26267  29.040  -68.552  14.273 0.3000000119
27199  28.785  -67.809  13.890 0.3000000119
28123  28.174  -67.098  13.835 0.3000000119
29084  27.214  -65.423  13.225 0.3000000119
29093  26.789  -64.862  13.068 0.3000000119
27209  26.698  -66.745  11.891 0.3000000119
28142  26.172  -66.089  12.321 0.3000000119
27210  25.836  -66.930  12.222 0.3000000119
27211  25.046  -66.617  12.652 0.3000000119
27176  30.317  -67.696  18.497 0.3000000119
26248  29.580  -68.174  16.311 0.3000000119
27194  29.448  -67.960  15.702 0.3000000119
28115  28.403  -67.228  15.364 0.3000000119
28116  27.355  -66.480  14.862 0.3000000119
29085  26.673  -64.724  13.532 0.3000000119
148327  26.268  -64.656  12.929 0.3000000119
28143  25.618  -65.307  12.752 0.3000000119
127371  24.257  -66.772  13.510 0.3000000119
28106  26.872  -66.155  15.597 0.3000000119
136795  26.643  -64.754  13.985 0.3000000119
30060  25.807  -63.649  13.728 0.3000000119
30061  25.121  -64.065  13.609 0.3000000119
28134  24.675  -66.065  13.166 0.3000000119
28126  24.361  -65.751  13.956 0.3000000119
29069  26.148  -65.401  15.652 0.3000000119
29070  25.768  -64.298  15.008 0.3000000119
30051  26.026  -63.587  13.859 0.3000000119
29061  26.229  -65.362  16.792 0.3000000119
30025  25.137  -63.651  16.260 0.3000000119
30035  25.458  -63.359  14.928 0.3000000119
31042  25.320  -62.986  14.512 0.3000000119
31053  24.906  -62.926  14.362 0.3000000119
30053  23.796  -63.782  14.635 0.3000000119
29078  23.613  -65.306  15.322 0.3000000119
8259  34.381  -89.152  3.579 0.5000000000
7467  34.723  -89.779  2.464 0.5000000000
7466  35.501  -89.652  1.948 0.4000000060
14640  31.736  -81.146  9.040 0.6999999881
139061  36.915  -87.808  0.934 0.4000000060
8257  36.125  -89.022  2.723 0.5000000000
17190  34.230  -77.936  3.768 0.5000000000
16325  37.004  -79.315  10.596 0.6000000238
15512  37.558  -80.291  7.465 0.8000000119
14691  36.350  -80.305  5.323 0.6999999881
20702  41.723  -73.928  11.532 0.5000000000
130688  40.781  -78.803  11.921 0.6999999881
17099  25.837  -79.141  14.617 0.4000000060
127016  41.691  -73.552  10.602 0.5000000000
20715  42.785  -74.582  10.082 0.4000000060
16319  42.710  -79.967  10.754 0.6000000238
141526  43.602  -79.140  11.250 0.6000000238
129180  26.144  -75.884  15.152 0.3000000119
18893  43.964  -76.345  10.799 0.4000000060
22465  27.607  -72.168  18.500 0.4000000060
25297  28.130  -69.547  15.939 0.3000000119
27182  30.059  -67.634  17.609 0.3000000119
14632  42.701  -81.553  8.331 0.5000000000
14633  41.717  -81.542  8.600 0.5000000000
14656  40.556  -81.852  8.244 0.6999999881
13714  40.249  -82.364  7.728 0.6999999881
12808  37.916  -82.684  7.323 0.6000000238
15486  41.990  -81.130  9.160 0.5000000000
14634  40.803  -81.385  8.671 0.6000000238
14657  39.692  -81.534  8.223 0.6000000238
11932  36.847  -84.132  6.413 0.6000000238
11933  35.968  -84.091  6.362 0.6000000238
13713  41.222  -82.483  7.423 0.6999999881
12816  39.411  -83.442  6.398 0.6000000238
12817  38.391  -83.507  6.750 0.6000000238
13732  39.875  -82.875  7.094 0.6999999881
13733  38.880  -82.820  7.350 0.6000000238
12819  36.461  -83.372  6.577 0.6000000238
15467  43.796  -80.600  9.543 0.5000000000
12815  40.382  -83.264  5.982 0.6999999881
12836  38.886  -84.038  5.666 0.6000000238
11957  37.353  -84.752  5.798 0.6000000238
13730  41.732  -82.601  6.241 0.6000000238
13731  40.853  -82.868  6.674 0.6999999881
11931  37.843  -84.174  6.309 0.6000000238
136720  42.896  -81.827  6.439 0.6000000238
13744  41.223  -82.765  5.337 0.6999999881
12835  39.879  -83.677  5.326 0.6000000238
15466  44.833  -79.988  9.658 0.5000000000
15455  44.061  -80.060  10.273 0.5000000000
17156  45.674  -78.511  10.264 0.5000000000
16317  44.533  -79.462  10.482 0.5000000000
18891  45.813  -76.814  10.470 0.4000000060
17175  29.914  -77.972  6.613 0.4000000060
17174  30.687  -77.853  6.596 0.4000000060
17179  30.947  -77.247  6.023 0.5000000000
18015  31.031  -77.067  5.589 0.5000000000
18012  30.443  -77.274  5.747 0.5000000000
17157  44.884  -78.725  10.627 0.5000000000
18016  30.770  -77.242  5.185 0.5000000000
14694  28.910  -81.210  4.781 0.6000000238
137234  45.113  -78.070  10.613 0.4000000060
18017  31.675  -76.852  4.860 0.5000000000
16392  30.578  -78.598  4.479 0.5000000000
14712  29.478  -80.383  4.731 0.5000000000
17181  29.162  -78.182  5.926 0.5000000000
128907  29.838  -77.601  5.882 0.5000000000
146315  28.527  -78.426  5.011 0.5000000000
17195  29.161  -78.160  5.060 0.5000000000
16394  28.529  -78.670  4.745 0.5000000000
17194  30.112  -77.799  4.860 0.5000000000
128432  28.918  -79.420  4.530 0.5000000000
143148  28.600  -80.189  4.428 0.5000000000
18003  44.963  -77.408  10.642 0.5000000000
16393  29.432  -78.605  4.669 0.5000000000
19796  46.328  -75.917  10.299 0.4000000060
19814  45.932  -75.210  10.149 0.4000000060
15475  30.090  -80.598  9.230 0.5000000000
16387  27.939  -78.812  4.822 0.5000000000
17144  44.371  -78.046  11.068 0.5000000000
18892  44.756  -76.664  10.545 0.4000000060
14620  29.489  -81.849  9.998 0.5000000000
14621  28.851  -81.975  9.366 0.5000000000
13698  28.067  -82.362  9.049 0.5000000000
141528  29.582  -81.303  9.503 0.5000000000
19797  45.348  -76.057  10.298 0.4000000060
13675  29.310  -82.413  10.611 0.5000000000
140568  28.985  -82.535  9.973 0.5000000000
13664  29.640  -82.232  11.480 0.5000000000
13676  28.745  -83.082  10.444 0.5000000000
135396  27.325  -82.897  9.250 0.5000000000
13700  26.576  -82.351  8.630 0.4000000060
129161  29.175  -82.916  11.965 0.5000000000
12790  27.535  -83.577  10.016 0.6000000238
13686  26.466  -83.014  9.203 0.6000000238
13648  29.556  -82.436  12.477 0.5000000000
12757  28.612  -83.518  11.886 0.5000000000
12773  28.403  -83.673  11.019 0.5000000000
135574  26.873  -84.093  10.468 0.6000000238
12791  26.695  -83.553  9.765 0.6000000238
13687  25.798  -82.757  8.847 0.6000000238
13701  25.431  -82.204  8.220 0.5000000000
13719  23.871  -81.867  7.190 0.5000000000
14666  22.386  -81.804  6.705 0.5000000000
13629  29.407  -82.548  13.414 0.5000000000
12737  28.124  -83.917  12.647 0.5000000000
144234  27.806  -84.184  11.700 0.5000000000
12738  27.312  -84.334  12.572 0.6000000238
130088  25.994  -84.000  10.227 0.6000000238
126387  25.232  -83.203  9.264 0.6000000238
13688  24.944  -82.759  8.693 0.6000000238
13703  23.508  -82.598  7.983 0.5000000000
14610  21.348  -80.897  10.032 0.5000000000
14668  20.655  -81.482  7.228 0.5000000000
14557  29.865  -82.071  13.807 0.5000000000
13630  28.761  -83.113  13.861 0.5000000000
12712  28.300  -83.609  13.431 0.6000000238
12713  27.440  -83.930  13.462 0.6000000238
11843  25.680  -84.479  12.462 0.6000000238
11882  26.180  -84.446  10.969 0.6000000238
11862  25.458  -84.474  11.639 0.6000000238
132331  24.997  -83.747  9.961 0.6000000238
11884  24.255  -84.102  10.692 0.6000000238
12801  24.037  -82.884  8.677 0.6000000238
13704  22.545  -82.932  8.059 0.5000000000
13721  21.840  -82.598  7.606 0.5000000000
138957  21.317  -82.795  9.044 0.5000000000
13706  20.563  -81.729  8.139 0.5000000000
13690  20.714  -82.031  8.908 0.5000000000
12691  27.928  -83.442  14.160 0.6000000238
12692  26.926  -83.552  14.333 0.6000000238
11828  25.967  -84.351  13.180 0.6000000238
11829  25.044  -84.199  13.133 0.6000000238
11844  24.736  -84.364  12.383 0.6000000238
11863  24.507  -84.331  11.517 0.6000000238
11845  23.825  -84.125  12.217 0.6000000238
12776  22.811  -83.642  10.212 0.5000000000
130120  22.648  -83.665  11.058 0.5000000000
12795  22.268  -83.431  9.528 0.5000000000
12777  21.872  -83.271  10.275 0.5000000000
136473  21.962  -83.093  11.072 0.6000000238
13689  21.229  -82.376  9.639 0.5000000000
13677  21.612  -82.385  10.539 0.5000000000
13667  21.865  -81.374  10.679 0.5000000000
14609  22.086  -80.166  10.559 0.5000000000
12693  25.885  -83.488  14.399 0.6000000238
12716  24.598  -83.568  13.582 0.6000000238
12740  23.410  -83.481  12.648 0.6000000238
12758  22.979  -83.697  11.956 0.6000000238
13666  22.101  -82.325  11.411 0.6000000238
14598  22.453  -80.927  11.120 0.5000000000
13610  25.498  -82.815  14.893 0.6000000238
12741  22.675  -82.814  12.299 0.6000000238
14583  22.692  -81.693  11.949 0.6000000238
15450  22.578  -79.868  11.083 0.5000000000
136226  25.319  -80.826  15.734 0.6000000238
13592  25.213  -82.148  15.246 0.6000000238
14533  24.800  -81.783  14.862 0.6000000238
14559  23.646  -82.199  13.094 0.6000000238
138529  23.050  -82.205  12.570 0.6000000238
146061  23.501  -80.406  11.864 0.5000000000
15378  24.900  -81.070  14.936 0.6000000238
144732  24.190  -81.853  13.519 0.6000000238
15402  25.034  -80.611  13.949 0.6000000238
15424  25.336  -80.402  12.854 0.6000000238
16297  25.009  -79.806  12.394 0.5000000000
16286  25.920  -80.123  13.073 0.4000000060
12818  37.364  -83.424  6.829 0.6000000238
13715  39.319  -82.130  7.832 0.6999999881
16318  43.652  -79.638  10.861 0.5000000000
17158  44.134  -78.944  11.059 0.5000000000
17167  46.166  -78.842  9.544 0.5000000000
16316  45.387  -79.260  10.057 0.5000000000
14713  27.914  -80.646  4.322 0.6000000238
11881  27.026  -84.421  11.240 0.6000000238
11861  26.344  -84.539  11.784 0.6000000238
141951  23.679  -83.347  9.298 0.6000000238
13611  24.882  -82.475  14.628 0.6000000238
12717  23.816  -83.181  13.259 0.6000000238
14581  24.173  -81.202  12.732 0.6000000238
15440  24.031  -80.298  12.240 0.6000000238
8246  33.050  -88.639  4.712 0.4000000060
6722  34.269  -90.884  6.685 0.5000000000
7401  35.099  -90.213  6.206 0.5000000000
7402  34.170  -89.285  6.231 0.4000000060
8211  34.023  -88.685  5.642 0.4000000060
8226  35.218  -88.683  4.768 0.4000000060
8245  33.940  -88.678  4.536 0.4000000060
6720  36.174  -91.316  6.497 0.5000000000
5965  35.377  -91.592  6.873 0.5000000000
7424  35.707  -89.419  5.384 0.5000000000
7447  36.156  -88.857  4.530 0.5000000000
8244  34.809  -88.708  4.264 0.4000000060
6719  37.249  -91.278  6.320 0.5000000000
6742  36.981  -91.016  5.833 0.5000000000
6758  37.670  -90.347  5.191 0.5000000000
7446  37.155  -89.267  4.237 0.5000000000
8243  35.665  -88.668  3.892 0.4000000060
125855  37.694  -89.134  3.442 0.4000000060
6718  38.321  -91.162  6.346 0.5000000000
6741  37.956  -91.046  5.779 0.5000000000
6739  39.396  -90.910  5.875 0.5000000000
6757  38.521  -90.527  5.053 0.5000000000
7445  38.076  -89.778  4.265 0.5000000000
8256  36.990  -88.860  2.979 0.4000000060
11011  37.120  -86.169  4.221 0.5000000000
10059  37.315  -86.594  3.202 0.4000000060
10074  38.270  -86.378  2.536 0.4000000060
10089  38.519  -86.757  1.896 0.4000000060
9177  37.521  -87.889  1.064 0.4000000060
7444  38.991  -90.139  4.361 0.5000000000
9176  38.251  -87.936  1.324 0.4000000060
8286  37.731  -88.464  1.327 0.4000000060
147442  37.185  -89.015  1.522 0.4000000060
7443  39.462  -90.131  4.651 0.4000000060
144559  38.636  -89.880  4.105 0.5000000000
7465  37.528  -89.011  2.339 0.4000000060
7464  38.288  -89.239  3.173 0.4000000060
11021  38.108  -85.980  3.619 0.4000000060
10088  39.333  -86.615  2.058 0.4000000060
10102  38.730  -87.343  1.618 0.4000000060
7421  40.823  -89.567  5.599 0.4000000060
142057  38.955  -88.624  1.810 0.4000000060
7495  38.091  -88.882  1.753 0.4000000060
7441  40.448  -89.153  4.501 0.4000000060
7462  39.246  -89.620  3.615 0.4000000060
7479  39.021  -89.272  2.668 0.4000000060
7480  38.542  -89.125  2.437 0.4000000060
138901  37.668  -85.681  4.552 0.5000000000
11984  39.038  -85.180  3.521 0.4000000060
11020  38.900  -85.810  2.788 0.4000000060
11989  40.269  -84.931  2.650 0.4000000060
10087  40.105  -86.150  2.287 0.4000000060
133992  39.840  -86.929  2.159 0.4000000060
9159  39.925  -87.703  2.323 0.4000000060
9175  38.925  -88.082  1.557 0.4000000060
8253  40.741  -88.236  4.025 0.4000000060
9148  40.424  -87.935  3.026 0.4000000060
8267  39.909  -88.441  2.672 0.4000000060
10997  38.814  -84.736  4.688 0.5000000000
11955  39.605  -84.087  4.583 0.6000000238
146160  39.521  -84.460  3.830 0.5000000000
11027  40.472  -85.326  2.530 0.4000000060
10086  40.783  -85.854  2.614 0.4000000060
10073  41.214  -86.444  3.208 0.4000000060
10058  41.503  -86.854  3.942 0.4000000060
12867  40.935  -83.383  3.204 0.4000000060
12851  40.201  -83.630  4.424 0.5000000000
12877  41.198  -83.604  2.965 0.4000000060
11026  41.166  -85.006  2.661 0.4000000060
143649  41.381  -83.047  3.180 0.5000000000
128942  41.707  -83.057  3.079 0.4000000060
11982  41.669  -84.017  2.972 0.4000000060
11971  42.344  -84.557  3.624 0.4000000060
13761  41.189  -82.747  4.221 0.6000000238
13775  42.220  -82.434  3.384 0.5000000000
12865  43.068  -83.034  3.553 0.4000000060
14655  41.520  -82.027  8.054 0.5000000000
13608  27.374  -82.965  14.854 0.5000000000
13591  25.913  -82.398  15.472 0.5000000000
14495  25.933  -81.187  16.374 0.5000000000
14510  27.265  -81.914  15.944 0.5000000000
14512  25.628  -81.729  15.760 0.5000000000
13609  26.383  -82.964  14.945 0.5000000000
6743  36.028  -90.798  5.938 0.5000000000
7425  34.782  -88.908  5.570 0.5000000000
11028  39.819  -85.731  2.388 0.4000000060
8254  40.151  -88.786  3.432 0.4000000060
11988  40.607  -84.112  2.947 0.4000000060
11987  40.913  -84.460  2.695 0.4000000060
9158  40.493  -86.887  2.650 0.4000000060
9147  40.990  -87.324  3.559 0.4000000060
12868  40.249  -83.905  3.605 0.5000000000
11018  41.763  -85.119  3.278 0.4000000060
13777  41.322  -82.861  3.470 0.5000000000
14724  42.198  -81.960  3.661 0.6000000238
148478  42.278  -83.832  3.265 0.5000000000
14707  42.117  -81.815  4.176 0.5000000000
18008  48.716  -77.009  7.915 0.3000000119
18009  48.241  -77.384  7.268 0.3000000119
17165  47.665  -77.460  7.836 0.3000000119
18907  49.075  -76.144  8.679 0.3000000119
18899  49.828  -75.417  10.061 0.3000000119
145070  49.378  -75.539  9.331 0.3000000119
17172  47.554  -77.943  6.269 0.3000000119
17178  46.979  -78.170  5.831 0.4000000060
16364  46.290  -78.505  6.049 0.4000000060
18010  48.448  -77.669  7.083 0.3000000119
16350  46.355  -78.638  7.151 0.4000000060
17170  46.997  -78.013  7.510 0.4000000060
128416  44.662  -80.491  8.653 0.4000000060
142950  44.034  -81.022  8.397 0.4000000060
17168  48.765  -77.495  7.839 0.3000000119
19811  48.868  -75.105  9.202 0.3000000119
18006  47.269  -77.402  9.195 0.3000000119
16380  45.659  -79.423  5.092 0.4000000060
143650  44.773  -79.816  5.031 0.4000000060
14675  43.479  -81.091  5.707 0.4000000060
16378  47.234  -78.639  5.633 0.4000000060
16365  45.672  -79.149  5.653 0.4000000060
15531  45.065  -79.683  5.974 0.4000000060
15532  44.020  -80.792  6.217 0.4000000060
15510  44.146  -81.125  7.292 0.4000000060
17171  48.511  -78.106  6.796 0.3000000119
16351  45.608  -79.300  6.697 0.4000000060
130342  44.650  -80.598  7.560 0.4000000060
14654  42.498  -81.953  7.651 0.4000000060
138266  48.702  -78.073  7.344 0.3000000119
15484  45.246  -80.103  7.758 0.4000000060
14631  43.512  -81.378  8.048 0.4000000060
17163  49.168  -77.600  8.770 0.3000000119
16331  45.754  -79.528  9.186 0.4000000060
17155  46.477  -78.084  9.848 0.4000000060
14703  45.125  -80.833  4.550 0.4000000060
14705  43.502  -80.847  4.286 0.4000000060
14689  45.827  -80.618  5.032 0.4000000060
15551  45.474  -80.044  4.786 0.4000000060
15565  44.063  -80.609  4.463 0.4000000060
14690  43.193  -81.064  4.755 0.4000000060
16339  47.942  -79.709  7.403 0.3000000119
15549  46.936  -79.321  5.434 0.4000000060
17164  48.884  -78.403  9.415 0.3000000119
128866  48.825  -78.228  8.295 0.3000000119
14653  43.455  -81.586  7.099 0.4000000060
17154  49.306  -77.661  9.867 0.3000000119
14723  42.811  -81.713  3.650 0.4000000060
14704  44.232  -81.001  3.969 0.4000000060
18001  46.649  -77.253  10.156 0.3000000119
18890  46.694  -76.486  10.233 0.3000000119
18903  47.486  -76.612  9.563 0.3000000119
13712  42.180  -82.379  7.013 0.4000000060
14676  42.902  -81.454  5.438 0.4000000060
13743  41.911  -82.098  5.072 0.4000000060
13773  43.534  -81.684  3.720 0.4000000060
17169  47.627  -77.683  6.828 0.3000000119
18908  48.864  -76.403  8.456 0.3000000119
19810  49.131  -75.181  9.265 0.3000000119
16379  46.449  -78.899  5.447 0.4000000060
16330  46.407  -78.870  8.488 0.4000000060
15508  45.051  -80.042  6.851 0.4000000060
16340  45.887  -79.552  8.049 0.4000000060
17166  46.871  -78.164  8.866 0.4000000060
15550  46.294  -79.793  5.161 0.4000000060
15553  43.870  -80.567  4.936 0.4000000060
144236  44.501  -80.167  5.466 0.4000000060
16349  48.015  -79.147  6.609 0.3000000119
15509  44.575  -80.392  6.520 0.4000000060
16348  48.422  -78.795  7.181 0.3000000119
15530  46.949  -80.090  5.625 0.4000000060
139777  47.670  -79.854  6.762 0.3000000119
16338  48.234  -79.544  8.096 0.3000000119
5953  30.198  -91.505  8.990 0.3000000119
6676  28.674  -90.683  8.955 0.3000000119
5935  31.339  -91.575  8.862 0.3000000119
5938  29.137  -91.302  9.645 0.3000000119
5952  30.751  -91.508  8.682 0.3000000119
6675  30.034  -91.115  8.570 0.3000000119
148171  32.243  -90.823  9.352 0.3000000119
6658  31.593  -91.119  9.412 0.3000000119
6659  30.823  -91.367  9.578 0.3000000119
6657  32.859  -91.062  9.039 0.3000000119
5951  32.057  -91.434  8.402 0.3000000119
6699  30.584  -90.869  8.043 0.3000000119
7403  33.273  -89.606  6.722 0.3000000119
8160  32.629  -88.512  10.558 0.3000000119
7343  31.440  -89.516  10.369 0.3000000119
147852  33.448  -89.567  9.545 0.3000000119
7355  31.875  -90.162  9.780 0.3000000119
6646  30.395  -90.969  10.283 0.3000000119
6696  32.863  -91.414  7.502 0.3000000119
5982  34.104  -91.543  7.189 0.3000000119
6723  33.390  -91.204  7.080 0.3000000119
143461  34.107  -89.617  9.298 0.3000000119
5950  32.725  -91.496  8.388 0.3000000119
7370  34.228  -90.454  8.815 0.3000000119
127379  34.924  -90.618  8.513 0.3000000119
6673  34.862  -91.414  7.903 0.3000000119
5967  33.379  -91.578  7.562 0.3000000119
6695  35.437  -91.481  7.402 0.3000000119
139288  39.312  -90.517  6.984 0.4000000060
6693  37.579  -91.074  7.031 0.4000000060
126404  27.647  -92.753  13.773 0.3000000119
3980  28.736  -94.212  13.539 0.3000000119
5919  29.419  -91.445  10.071 0.3000000119
5920  28.497  -91.292  10.556 0.3000000119
8149  29.645  -88.947  11.747 0.3000000119
7336  29.390  -89.925  11.535 0.3000000119
5895  28.035  -91.334  13.107 0.3000000119
5896  27.231  -91.848  12.836 0.3000000119
3981  27.836  -94.239  13.144 0.3000000119
8147  31.298  -88.308  11.260 0.3000000119
7335  29.973  -89.479  11.202 0.3000000119
6637  28.452  -91.139  12.077 0.3000000119
5897  26.419  -92.033  12.416 0.3000000119
4583  26.761  -92.944  12.870 0.3000000119
7344  30.595  -89.746  10.672 0.3000000119
6647  29.662  -91.271  10.459 0.3000000119
139642  28.573  -91.288  11.304 0.3000000119
5905  26.847  -91.477  11.994 0.3000000119
5904  29.086  -91.385  10.694 0.3000000119
5921  27.123  -90.971  11.079 0.3000000119
5969  31.610  -91.420  8.264 0.3000000119
6698  31.394  -90.941  7.773 0.3000000119
8161  31.774  -88.710  10.690 0.3000000119
5949  34.027  -91.618  7.767 0.3000000119
5229  28.132  -92.232  14.287 0.3000000119
5922  26.054  -91.131  11.204 0.3000000119
8148  30.448  -88.725  11.332 0.3000000119
6627  28.447  -90.699  12.757 0.3000000119
6636  29.167  -91.023  11.277 0.3000000119
127770  27.895  -91.450  12.160 0.3000000119
5906  25.877  -91.719  11.767 0.3000000119
7385  36.941  -90.640  7.718 0.3000000119
9985  44.697  -86.927  8.993 0.3000000119
148922  43.968  -87.251  8.632 0.3000000119
9086  43.041  -87.900  7.991 0.3000000119
8209  42.423  -88.623  7.234 0.4000000060
8210  41.772  -89.273  6.955 0.4000000060
7399  41.076  -89.803  6.555 0.3000000119
6738  39.755  -90.561  5.560 0.3000000119
10026  44.646  -86.958  8.235 0.3000000119
136417  43.687  -87.641  7.489 0.4000000060
9118  43.273  -87.590  6.746 0.4000000060
9133  42.088  -87.504  5.312 0.4000000060
130103  41.109  -88.636  5.132 0.3000000119
10057  42.336  -86.069  4.563 0.4000000060
140286  41.988  -86.844  4.590 0.4000000060
9134  41.476  -87.651  4.594 0.3000000119
10072  41.795  -86.073  3.769 0.3000000119
12766  43.622  -83.935  10.506 0.3000000119
11875  44.106  -84.963  10.107 0.3000000119
134789  43.652  -87.340  8.465 0.4000000060
129311  42.153  -88.184  7.711 0.4000000060
8198  41.895  -88.995  7.270 0.3000000119
7380  41.234  -89.781  7.009 0.3000000119
6692  40.120  -90.513  6.728 0.3000000119
10917  45.236  -85.636  10.227 0.3000000119
10924  45.137  -86.288  9.437 0.3000000119
9984  44.997  -86.708  9.047 0.3000000119
10965  44.785  -86.335  7.933 0.3000000119
10037  44.406  -86.798  7.577 0.3000000119
11917  44.979  -85.349  7.965 0.3000000119
11918  44.458  -84.716  6.893 0.3000000119
10980  44.479  -85.842  7.295 0.3000000119
10981  43.998  -86.207  6.738 0.4000000060
10046  42.642  -86.917  5.543 0.4000000060
10995  43.463  -85.344  5.855 0.4000000060
11008  42.989  -85.004  5.017 0.4000000060
13741  44.635  -82.542  4.967 0.3000000119
12833  44.152  -83.397  5.236 0.4000000060
11954  43.464  -84.316  5.114 0.4000000060
11009  42.568  -85.214  4.467 0.4000000060
13757  44.736  -81.740  4.496 0.3000000119
12849  43.479  -83.435  4.248 0.4000000060
13759  43.593  -82.496  3.796 0.3000000119
14591  41.128  -81.907  12.019 0.3000000119
133392  40.955  -82.418  11.535 0.3000000119
12769  40.791  -83.338  10.580 0.3000000119
11897  40.450  -84.380  9.558 0.3000000119
13659  43.639  -82.643  11.557 0.3000000119
12753  43.134  -83.046  10.928 0.3000000119
11877  41.984  -84.127  9.981 0.3000000119
10928  40.929  -85.063  9.025 0.3000000119
12751  45.195  -83.820  11.336 0.3000000119
12752  44.163  -83.424  11.069 0.3000000119
11876  42.959  -84.428  9.991 0.3000000119
11895  42.340  -84.829  9.480 0.3000000119
10945  42.186  -86.022  8.606 0.3000000119
9087  41.689  -87.590  7.880 0.3000000119
123513  41.432  -88.455  7.571 0.3000000119
7382  40.136  -90.080  7.197 0.3000000119
129233  39.337  -89.757  7.366 0.3000000119
7383  38.580  -89.921  7.468 0.3000000119
11857  45.756  -84.609  11.169 0.3000000119
12814  44.516  -83.677  6.332 0.3000000119
11953  43.905  -84.385  6.029 0.3000000119
12813  45.104  -83.014  6.707 0.3000000119
14674  46.037  -81.247  5.624 0.3000000119
13740  45.482  -81.466  5.028 0.3000000119
13758  44.133  -81.876  3.922 0.3000000119
126797  40.392  -81.343  13.194 0.3000000119
14590  41.934  -81.735  12.064 0.3000000119
13660  41.679  -82.349  11.523 0.3000000119
12768  41.631  -83.461  10.521 0.3000000119
13643  43.304  -82.092  12.072 0.3000000119
13672  42.154  -82.913  10.979 0.3000000119
14527  40.291  -81.143  14.800 0.3000000119
130153  41.045  -80.903  13.633 0.3000000119
14549  41.953  -80.921  13.289 0.3000000119
135673  42.133  -81.342  12.653 0.3000000119
13644  42.641  -82.333  11.617 0.3000000119
13642  44.068  -82.251  12.175 0.3000000119
15396  40.858  -80.692  14.476 0.3000000119
15420  41.782  -80.493  14.185 0.3000000119
15419  42.772  -80.593  13.703 0.3000000119
14571  42.711  -81.678  12.318 0.3000000119
138164  38.422  -90.729  7.035 0.3000000119
6717  39.295  -90.903  6.315 0.3000000119
6716  39.987  -90.693  6.257 0.3000000119
8225  41.550  -89.145  6.195 0.3000000119
11970  42.919  -84.380  4.347 0.4000000060
9986  44.498  -86.793  9.101 0.3000000119
9069  44.222  -87.288  8.479 0.3000000119
9987  43.681  -86.260  9.208 0.3000000119
9102  43.281  -87.931  7.468 0.4000000060
8224  42.244  -88.693  6.683 0.4000000060
9120  41.839  -88.268  5.707 0.4000000060
10996  42.822  -85.828  5.285 0.4000000060
11874  44.884  -84.522  10.717 0.3000000119
11894  43.339  -85.307  9.570 0.3000000119
9071  42.440  -87.123  8.232 0.3000000119
10004  43.113  -86.570  8.727 0.3000000119
127288  40.921  -89.458  7.284 0.3000000119
11873  45.836  -85.183  10.703 0.3000000119
10916  45.832  -85.711  10.188 0.3000000119
10943  45.205  -86.292  8.808 0.3000000119
11930  44.013  -85.254  6.565 0.4000000060
13728  44.777  -82.752  5.751 0.3000000119
11896  41.416  -84.574  9.500 0.3000000119
10927  41.792  -85.265  9.037 0.3000000119
137540  41.389  -85.739  8.601 0.3000000119
13727  45.503  -82.094  5.925 0.3000000119
15571  29.932  -79.542  4.601 0.4000000060
4582  27.218  -93.353  13.178 0.3000000119
5230  27.005  -92.476  13.049 0.3000000119
5242  25.860  -92.329  11.988 0.3000000119
5918  30.087  -91.479  9.772 0.3000000119
5934  32.124  -91.367  8.835 0.3000000119
5936  30.500  -91.540  9.183 0.3000000119
5937  29.883  -91.447  9.422 0.3000000119
5954  29.601  -91.227  9.056 0.3000000119
5966  34.745  -91.653  7.256 0.3000000119
5968  32.611  -91.544  7.931 0.3000000119
5981  34.796  -91.545  6.850 0.3000000119
6626  28.842  -90.381  12.123 0.3000000119
6645  31.135  -90.545  10.039 0.3000000119
6649  26.417  -90.831  10.532 0.3000000119
6671  36.151  -91.069  7.603 0.3000000119
6674  33.579  -91.257  8.505 0.3000000119
6694  36.660  -91.329  6.985 0.5000000000
6697  32.179  -91.240  7.692 0.3000000119
6721  35.379  -91.277  6.566 0.5000000000
6740  38.790  -91.046  5.773 0.5000000000
6756  39.136  -90.663  5.268 0.5000000000
7342  32.221  -89.264  10.126 0.3000000119
7345  29.843  -90.419  10.848 0.3000000119
7354  33.510  -90.356  9.162 0.3000000119
7381  40.729  -90.157  7.002 0.3000000119
7384  37.742  -90.219  7.607 0.3000000119
7400  40.617  -90.234  6.689 0.3000000119
7422  40.474  -90.330  6.008 0.3000000119
7423  36.695  -89.923  5.231 0.5000000000
7442  40.105  -89.942  5.058 0.4000000060
7448  33.507  -89.291  3.838 0.5000000000
7461  39.793  -89.505  3.964 0.4000000060
7463  38.859  -89.575  3.370 0.5000000000
7481  37.854  -89.052  1.950 0.4000000060
7496  37.308  -88.914  1.413 0.4000000060
8162  31.088  -88.938  10.833 0.3000000119
8197  42.982  -88.098  7.537 0.4000000060
8227  34.375  -88.525  5.022 0.4000000060
8228  33.542  -88.543  5.297 0.4000000060
8242  36.402  -88.739  3.665 0.4000000060
8255  39.511  -89.063  2.859 0.4000000060
8268  39.422  -88.412  2.077 0.4000000060
8269  38.725  -88.945  2.018 0.4000000060
8285  38.459  -88.526  1.598 0.4000000060
9070  43.995  -87.402  8.407 0.3000000119
9085  43.653  -87.690  7.972 0.3000000119
9103  42.923  -88.124  6.929 0.4000000060
9119  42.509  -87.907  6.210 0.4000000060
9160  39.368  -87.502  1.843 0.4000000060
9178  36.468  -87.979  0.796 0.4000000060
10002  44.638  -87.038  8.735 0.3000000119
10003  44.397  -87.134  8.655 0.3000000119
10005  41.240  -86.530  8.201 0.3000000119
10027  44.173  -87.428  7.873 0.4000000060
10038  43.945  -86.934  7.000 0.3000000119
10045  43.362  -86.538  6.193 0.4000000060
10093  34.545  -86.683  1.723 0.4000000060
10103  37.973  -87.363  1.478 0.4000000060
10923  45.576  -85.896  9.556 0.3000000119
10925  44.422  -85.964  9.630 0.3000000119
10926  42.707  -85.643  9.075 0.3000000119
10944  44.820  -86.863  8.704 0.3000000119
10998  37.916  -85.189  5.111 0.5000000000
11010  38.318  -85.387  4.346 0.5000000000
11012  36.223  -85.937  4.594 0.6999999881
11017  42.188  -85.431  3.918 0.4000000060
11019  39.590  -85.398  2.660 0.4000000060
11029  39.140  -86.124  2.300 0.4000000060
11827  26.742  -84.328  13.123 0.6000000238
11842  26.531  -84.505  12.522 0.6000000238
11860  27.050  -84.525  11.954 0.6000000238
11864  23.567  -84.091  11.371 0.5000000000
11883  25.246  -84.265  10.803 0.6000000238
11956  38.180  -84.616  5.568 0.6000000238
11959  35.740  -84.574  5.778 0.6999999881
11981  42.749  -83.723  3.635 0.5000000000
11983  39.912  -84.624  3.089 0.4000000060
11990  34.336  -84.273  2.783 0.6000000238
12694  25.045  -83.208  14.252 0.6000000238
12695  24.392  -82.671  13.811 0.6000000238
12714  26.417  -83.952  13.746 0.6000000238
12715  25.442  -83.838  13.752 0.6000000238
12739  24.140  -83.975  12.990 0.6000000238
12759  22.390  -83.187  11.629 0.6000000238
12767  42.566  -83.614  10.471 0.3000000119
12774  27.688  -84.030  10.757 0.6000000238
12775  23.824  -83.667  9.980 0.6000000238
12785  41.089  -83.904  10.019 0.3000000119
12786  40.280  -83.721  10.079 0.3000000119
12789  28.156  -83.519  10.363 0.5000000000
12792  25.874  -83.399  9.545 0.6000000238
12793  24.472  -83.287  9.305 0.6000000238
12794  23.080  -83.505  9.601 0.5000000000
12796  21.650  -83.164  9.453 0.5000000000
12802  22.945  -83.267  8.832 0.5000000000
12803  21.840  -83.212  8.666 0.5000000000
12834  40.600  -83.225  4.853 0.6000000238
12848  44.160  -82.569  4.383 0.3000000119
12850  40.743  -83.245  3.856 0.5000000000
12853  34.608  -84.128  3.584 0.6999999881
12866  42.341  -83.153  3.239 0.4000000060
13588  28.691  -82.170  15.164 0.5000000000
13589  27.779  -82.399  15.362 0.5000000000
13590  26.822  -82.447  15.469 0.5000000000
13606  29.255  -82.372  14.368 0.5000000000
13649  28.908  -83.226  12.834 0.5000000000
13650  23.261  -82.797  12.831 0.6000000238
13658  44.609  -82.934  11.667 0.3000000119
13665  29.023  -83.021  11.210 0.5000000000
13673  41.265  -82.892  11.061 0.3000000119
13685  28.298  -82.959  9.701 0.5000000000
13699  27.469  -82.102  8.594 0.4000000060
13702  24.556  -82.234  7.871 0.6000000238
13705  21.180  -82.538  8.359 0.5000000000
13720  22.904  -82.322  7.295 0.5000000000
13722  21.079  -82.173  7.630 0.5000000000
13726  46.075  -81.689  6.440 0.3000000119
13729  42.399  -82.002  5.813 0.6000000238
13742  42.540  -81.530  4.792 0.4000000060
13760  41.717  -82.331  3.763 0.6000000238
13774  42.907  -82.378  3.494 0.4000000060
13776  41.740  -82.584  3.354 0.5000000000
13784  34.380  -82.550  2.839 0.6000000238
14491  29.523  -81.163  16.192 0.5000000000
14511  26.366  -81.873  15.946 0.6000000238
14513  25.105  -81.519  15.350 0.6000000238
14548  42.745  -81.139  12.945 0.3000000119
14550  40.264  -81.116  13.988 0.3000000119
14553  33.300  -80.909  14.077 0.6999999881
14554  32.089  -81.261  13.268 0.6000000238
14558  24.495  -81.923  14.175 0.6000000238
14572  41.300  -81.364  12.751 0.3000000119
14573  40.577  -81.666  12.523 0.3000000119
14576  33.404  -81.238  12.480 0.6999999881
14578  31.228  -81.377  12.415 0.6000000238
14580  29.993  -81.943  13.022 0.6000000238
14582  23.502  -81.190  12.198 0.5000000000
14592  33.089  -81.551  11.672 0.6999999881
14597  23.045  -80.575  11.575 0.5000000000
14603  34.410  -81.250  10.651 0.6999999881
14606  31.538  -81.284  10.379 0.6999999881
14615  34.778  -80.861  9.825 0.6000000238
14618  32.036  -81.511  9.638 0.6999999881
14638  33.371  -81.557  8.780 0.6999999881
14641  29.224  -81.044  8.830 0.5000000000
14667  21.469  -81.797  6.884 0.5000000000
14688  46.395  -80.558  5.452 0.3000000119
14706  42.780  -81.273  4.052 0.5000000000
14725  35.076  -80.975  3.204 0.6000000238
14734  33.928  -81.486  3.046 0.6000000238
15345  26.956  -80.232  17.334 0.6000000238
15356  29.116  -80.768  16.773 0.6000000238
15357  28.247  -80.846  16.852 0.6000000238
15358  27.344  -80.857  16.919 0.5000000000
15375  32.627  -80.525  15.743 0.5000000000
15395  41.374  -80.300  15.020 0.3000000119
15397  35.162  -80.026  14.141 0.8000000119
15398  34.406  -80.199  14.476 0.6999999881
15401  32.061  -80.966  15.471 0.5000000000
15403  24.690  -81.329  14.310 0.6000000238
15421  35.330  -80.239  13.357 0.8000000119
15425  24.619  -81.100  13.397 0.6000000238
15438  25.341  -80.111  12.517 0.5000000000
15439  24.802  -80.456  12.594 0.6000000238
15448  35.519  -80.275  11.714 0.6999999881
15456  43.346  -80.236  10.340 0.5000000000
15458  35.637  -80.255  10.896 0.6000000238
15465  45.315  -80.015  8.718 0.4000000060
15468  41.375  -80.588  9.559 0.6000000238
15485  43.058  -81.126  8.968 0.5000000000
15490  38.807  -80.446  8.444 0.6000000238
15529  47.497  -79.421  5.968 0.4000000060
15533  37.022  -79.974  6.693 0.6999999881
15552  44.484  -80.159  4.899 0.4000000060
15554  36.237  -79.566  5.067 0.6999999881
15564  44.724  -80.344  4.579 0.4000000060
15572  27.975  -79.478  4.477 0.5000000000
15581  33.278  -79.443  3.457 0.5000000000
15582  34.308  -80.546  3.172 0.5000000000
16190  27.924  -79.131  18.097 0.4000000060
16208  26.652  -79.583  17.561 0.5000000000
16209  25.954  -79.496  17.261 0.5000000000
16229  25.570  -79.294  16.544 0.4000000060
16245  35.355  -78.944  15.090 0.6000000238
16310  36.588  -79.425  11.328 0.6999999881
16322  39.098  -79.304  10.146 0.6999999881
16323  38.391  -79.188  10.246 0.6999999881
16327  22.065  -79.297  10.753 0.5000000000
16333  40.097  -79.930  9.696 0.6999999881
16336  37.555  -79.433  9.381 0.6999999881
16337  36.826  -79.494  9.038 0.6000000238
16354  36.680  -79.667  7.432 0.6999999881
16358  30.426  -78.615  7.319 0.6000000238
16362  48.240  -78.451  6.557 0.3000000119
16363  47.804  -78.555  6.109 0.4000000060
16366  45.123  -79.607  5.233 0.4000000060
16372  31.417  -77.727  6.251 0.6000000238
16381  44.998  -79.737  4.861 0.4000000060
16397  35.211  -79.182  3.502 0.5000000000
17042  27.511  -78.469  18.281 0.4000000060
17070  25.551  -78.446  16.350 0.4000000060
17095  37.168  -78.237  13.956 0.6000000238
17096  36.573  -78.396  14.594 0.8000000119
17097  36.072  -78.748  14.867 0.6999999881
17113  37.660  -78.344  12.961 0.6999999881
17129  39.286  -78.445  12.200 0.6999999881
17132  36.802  -79.131  12.092 0.6000000238
17149  38.375  -78.709  11.340 0.6999999881
17151  37.235  -79.030  11.410 0.6000000238
17173  46.966  -78.010  6.450 0.3000000119
17176  48.077  -77.980  6.389 0.3000000119
17177  47.520  -78.168  5.995 0.4000000060
17180  30.429  -77.425  6.158 0.5000000000
17183  34.925  -78.451  4.103 0.5000000000
17187  29.906  -77.636  5.390 0.5000000000
17188  29.180  -78.107  5.366 0.5000000000
17189  34.797  -78.605  3.633 0.5000000000
17191  33.275  -77.004  4.014 0.5000000000
17196  34.318  -78.298  3.569 0.5000000000
17933  37.014  -77.121  15.234 0.8000000119
17940  26.478  -77.741  14.533 0.4000000060
17941  25.900  -77.401  15.366 0.4000000060
17948  38.270  -77.174  14.292 0.6000000238
17951  27.101  -78.151  13.540 0.3000000119
17991  43.126  -77.872  12.134 0.6000000238
18002  45.795  -77.718  10.419 0.5000000000
18007  49.122  -76.856  8.481 0.3000000119
18011  48.026  -77.698  6.657 0.3000000119
18013  33.094  -76.905  4.436 0.6000000238
18014  32.579  -76.857  4.587 0.6000000238
18784  27.188  -76.383  18.449 0.4000000060
18790  26.522  -76.406  18.066 0.4000000060
18805  25.705  -76.676  16.615 0.4000000060
18817  35.770  -76.707  15.506 0.6000000238
18848  41.096  -76.813  13.440 0.6999999881
18850  39.728  -76.531  14.094 0.6000000238
18866  41.753  -76.654  13.157 0.6000000238
18889  47.322  -75.826  10.009 0.3000000119
18901  48.965  -75.828  8.798 0.3000000119
19736  39.244  -75.276  14.311 0.6000000238
19738  37.828  -75.935  15.142 0.6999999881
19825  26.995  -75.035  8.548 0.4000000060
20677  38.844  -73.998  13.836 0.6000000238
20688  41.630  -74.456  12.330 0.5000000000
20719  27.263  -74.741  10.348 0.3000000119
21605  26.237  -73.424  14.203 0.3000000119
21644  26.592  -73.513  11.520 0.3000000119
21650  42.247  -74.105  9.773 0.5000000000
22479  26.244  -72.190  17.038 0.4000000060
22487  25.997  -72.069  16.121 0.4000000060
22506  26.234  -72.599  13.769 0.3000000119
23366  27.253  -71.571  18.042 0.4000000060
23407  27.039  -70.929  12.599 0.3000000119
23433  27.451  -70.966  9.502 0.3000000119
23442  27.228  -71.263  9.208 0.3000000119
23443  26.862  -71.276  9.115 0.4000000060
23444  26.229  -71.486  9.270 0.4000000060
23445  25.420  -71.942  9.626 0.4000000060
23456  27.044  -71.983  8.664 0.3000000119
24305  26.836  -70.863  16.946 0.4000000060
24342  26.716  -70.786  14.586 0.3000000119
24352  27.492  -70.151  12.914 0.3000000119
24353  26.850  -70.824  13.583 0.3000000119
24361  27.633  -70.185  11.867 0.3000000119
24368  27.696  -70.141  10.803 0.3000000119
24369  25.416  -70.139  11.048 0.3000000119
24370  24.671  -70.291  11.603 0.3000000119
24378  25.988  -70.267  10.152 0.4000000060
24387  27.130  -70.518  9.516 0.4000000060
25355  28.038  -68.947  11.196 0.3000000119
26238  30.268  -68.257  17.915 0.3000000119
26239  29.936  -68.073  17.034 0.3000000119
26258  29.312  -68.380  15.621 0.3000000119
26259  29.152  -68.592  14.980 0.3000000119
26281  28.489  -68.338  12.497 0.3000000119
26290  27.420  -68.464  11.110 0.5000000000
26292  25.477  -68.889  11.477 0.3000000119
26303  26.446  -69.167  10.763 0.3000000119
27183  29.739  -67.583  16.958 0.3000000119
27189  29.606  -67.811  16.371 0.3000000119
27195  29.139  -67.707  15.299 0.3000000119
27203  28.520  -67.713  12.926 0.3000000119
27221  26.141  -67.544  11.807 0.3000000119
28117  26.632  -65.580  14.752 0.3000000119
28125  27.011  -65.496  13.891 0.3000000119
28127  24.021  -65.299  14.544 0.3000000119
28132  28.264  -67.186  13.233 0.3000000119
28139  28.036  -67.002  12.566 0.3000000119
28141  27.034  -66.051  12.204 0.3000000119
28151  27.337  -66.864  11.886 0.3000000119
29077  26.237  -64.539  14.439 0.3000000119
29086  24.405  -64.782  14.002 0.3000000119
29087  23.818  -64.615  14.585 0.3000000119
29092  27.206  -65.634  12.714 0.3000000119
29094  25.715  -64.365  13.289 0.3000000119
29095  24.937  -65.022  13.392 0.3000000119
29103  26.608  -65.315  12.589 0.3000000119
30034  25.516  -64.590  16.057 0.3000000119
30043  26.284  -64.092  13.833 0.3000000119
30044  25.921  -63.496  14.175 0.3000000119
30050  26.222  -64.218  13.561 0.3000000119
30052  24.524  -63.848  14.069 0.3000000119
31052  25.665  -63.311  14.143 0.3000000119
31060  25.361  -63.358  13.885 0.3000000119
123919  24.358  -67.508  12.722 0.3000000119
125250  31.820  -81.448  12.195 0.6000000238
125986  33.138  -82.911  2.676 0.5000000000
126667  42.571  -88.380  7.468 0.4000000060
127289  29.933  -81.650  10.691 0.6000000238
127745  29.862  -81.430  15.424 0.5000000000
128256  34.985  -78.373  15.358 0.5000000000
128564  36.117  -89.496  1.401 0.4000000060
129298  38.034  -74.544  14.767 0.6000000238
129941  43.995  -87.097  8.853 0.3000000119
130164  36.067  -79.838  9.135 0.6000000238
130315  27.946  -91.397  11.478 0.3000000119
130360  26.199  -71.978  14.125 0.3000000119
131022  27.408  -70.012  15.812 0.4000000060
131048  32.738  -90.022  9.552 0.3000000119
133271  26.499  -74.088  12.039 0.3000000119
133806  28.230  -92.971  14.360 0.3000000119
134159  35.474  -82.031  4.877 0.6000000238
134705  25.197  -80.330  15.018 0.6000000238
135669  23.347  -64.505  15.195 0.3000000119
136362  34.341  -91.183  8.324 0.3000000119
136682  35.847  -79.933  12.951 0.6999999881
137084  34.453  -80.795  12.941 0.8000000119
137154  37.625  -73.374  13.697 0.5000000000
137682  27.172  -70.344  16.570 0.4000000060
137945  32.831  -78.826  5.771 0.6000000238
138229  29.619  -68.467  16.988 0.3000000119
138468  41.630  -82.310  4.450 0.6000000238
139338  32.299  -77.556  3.829 0.5000000000
139680  43.408  -81.065  3.846 0.4000000060
141592  23.405  -83.918  10.668 0.5000000000
141904  26.823  -78.450  18.085 0.4000000060
142006  33.253  -91.670  7.956 0.3000000119
142132  26.199  -72.893  17.316 0.4000000060
142462  36.319  -78.169  15.102 0.6999999881
143303  27.773  -67.067  12.042 0.3000000119
143352  41.378  -85.687  3.027 0.4000000060
144159  27.734  -73.339  18.646 0.4000000060
144736  30.704  -77.197  5.944 0.5000000000
144758  27.776  -68.538  11.189 0.3000000119
145197  45.112  -82.150  5.161 0.3000000119
145479  33.087  -81.793  10.269 0.6999999881
146047  38.849  -90.859  6.617 0.5000000000
146618  42.581  -75.772  12.456 0.6999999881
146641  27.993  -67.050  14.510 0.3000000119
146891  32.233  -84.152  2.406 0.6000000238
147036  43.966  -80.589  5.523 0.4000000060
147075  34.894  -91.187  6.585 0.5000000000
147775  35.940  -91.535  6.992 0.3000000119
148124  48.555  -78.766  7.942 0.3000000119
148316  27.451  -72.839  18.472 0.4000000060
148378  41.776  -86.301  8.414 0.3000000119
148565  43.744  -80.814  4.088 0.4000000060
148830  39.120  -88.910  2.211 0.4000000060
