#!ascii label  , from subject sub-01 vox2ras=TkReg
367
17692  45.931  -78.156  35.145 0.0000000000
133281  46.965  -81.113  30.175 0.0000000000
11576  45.045  -85.176  33.610 0.0000000000
15143  51.373  -80.326  35.548 0.0000000000
11619  45.332  -84.248  30.210 0.0000000000
9702  46.683  -87.191  33.323 0.0000000000
8789  43.881  -88.021  30.562 0.0000000000
14268  47.385  -81.729  33.074 0.0000000000
131777  50.511  -77.493  33.106 0.0000000000
14241  45.495  -81.817  34.995 0.0000000000
12427  48.827  -83.164  36.016 0.0000000000
11573  49.137  -84.197  33.831 0.0000000000
12511  48.595  -83.629  29.417 0.0000000000
14345  45.942  -81.545  27.137 0.0000000000
18568  43.191  -77.061  34.045 0.0000000000
14259  42.907  -80.950  32.945 0.0000000000
11589  42.894  -84.306  31.852 0.0000000000
18544  52.434  -76.622  35.528 0.0000000000
7926  44.586  -89.592  32.183 0.0000000000
14285  46.857  -81.720  31.634 0.0000000000
16066  46.524  -79.928  32.915 0.0000000000
13354  45.638  -83.102  34.200 0.0000000000
126022  46.776  -83.989  34.905 0.0000000000
10665  46.108  -86.219  31.865 0.0000000000
10654  48.379  -85.148  33.511 0.0000000000
10674  47.322  -84.904  31.496 0.0000000000
138982  48.435  -83.999  31.030 0.0000000000
134995  47.425  -83.874  29.510 0.0000000000
14343  47.896  -81.204  27.244 0.0000000000
14288  40.831  -81.837  31.799 0.0000000000
13366  42.967  -82.738  31.982 0.0000000000
133028  40.799  -84.138  31.541 0.0000000000
132301  51.129  -80.201  36.457 0.0000000000
16870  52.205  -78.372  35.386 0.0000000000
19506  49.070  -75.783  32.050 0.0000000000
19493  51.257  -76.127  32.455 0.0000000000
8760  45.068  -87.953  33.793 0.0000000000
9685  46.555  -86.599  34.242 0.0000000000
8770  46.004  -88.183  33.008 0.0000000000
9714  45.038  -87.675  31.805 0.0000000000
10688  44.189  -85.392  30.287 0.0000000000
147292  49.808  -81.049  34.637 0.0000000000
16898  51.292  -78.655  34.053 0.0000000000
16900  48.135  -78.945  33.511 0.0000000000
138408  47.793  -77.566  32.569 0.0000000000
16081  47.800  -80.124  29.004 0.0000000000
141037  45.340  -80.240  35.890 0.0000000000
15111  49.621  -80.954  36.623 0.0000000000
13303  50.631  -82.050  36.150 0.0000000000
11556  48.269  -84.892  35.056 0.0000000000
11539  49.390  -83.947  35.220 0.0000000000
13335  50.331  -82.404  35.465 0.0000000000
128665  49.095  -82.597  33.941 0.0000000000
13376  48.004  -82.801  31.996 0.0000000000
14297  48.618  -82.190  30.297 0.0000000000
13421  44.977  -82.621  28.600 0.0000000000
13419  47.705  -82.843  28.400 0.0000000000
13417  49.239  -82.758  28.760 0.0000000000
15201  49.930  -80.900  29.357 0.0000000000
18581  44.640  -76.363  33.838 0.0000000000
17722  44.497  -77.753  34.645 0.0000000000
16028  42.781  -79.115  35.185 0.0000000000
15131  44.147  -79.940  35.468 0.0000000000
14243  44.109  -80.906  34.293 0.0000000000
13355  44.575  -82.528  33.345 0.0000000000
129102  44.011  -85.318  32.721 0.0000000000
9715  42.401  -86.552  31.819 0.0000000000
8771  43.632  -87.659  32.918 0.0000000000
17737  51.979  -77.285  33.525 0.0000000000
17720  46.303  -77.393  34.659 0.0000000000
18564  46.584  -76.601  34.372 0.0000000000
143488  46.954  -77.917  35.151 0.0000000000
14299  47.176  -81.722  30.827 0.0000000000
138512  46.238  -81.221  30.948 0.0000000000
12469  45.654  -83.878  34.027 0.0000000000
12453  46.144  -83.546  34.574 0.0000000000
11575  45.674  -84.847  34.081 0.0000000000
10676  45.536  -85.554  31.277 0.0000000000
10675  46.558  -85.292  31.463 0.0000000000
11602  45.988  -84.769  30.862 0.0000000000
11588  47.794  -84.399  30.692 0.0000000000
11618  46.593  -84.140  30.077 0.0000000000
15254  47.752  -80.698  25.047 0.0000000000
13378  41.092  -82.622  31.586 0.0000000000
15128  51.446  -80.507  35.896 0.0000000000
16009  51.718  -79.264  36.131 0.0000000000
16038  51.749  -79.511  35.289 0.0000000000
20453  49.568  -75.078  32.038 0.0000000000
128359  45.526  -88.268  33.601 0.0000000000
7913  45.375  -89.016  33.088 0.0000000000
7934  44.190  -89.006  31.180 0.0000000000
8780  44.952  -88.697  32.086 0.0000000000
9724  44.269  -87.251  31.068 0.0000000000
10666  45.005  -86.504  31.502 0.0000000000
9725  43.729  -87.079  30.160 0.0000000000
15161  48.716  -80.820  34.198 0.0000000000
16055  48.955  -79.602  34.063 0.0000000000
16056  47.826  -79.990  33.874 0.0000000000
16905  47.456  -78.389  32.928 0.0000000000
17750  46.929  -77.809  32.412 0.0000000000
140975  47.353  -77.123  32.265 0.0000000000
15129  45.491  -80.810  35.750 0.0000000000
15114  46.057  -80.552  36.078 0.0000000000
14206  46.042  -81.197  35.862 0.0000000000
14202  49.977  -81.901  36.514 0.0000000000
13304  50.077  -82.554  36.248 0.0000000000
9695  46.601  -87.237  33.855 0.0000000000
10634  47.201  -85.880  34.487 0.0000000000
9684  47.259  -86.355  34.204 0.0000000000
11580  48.717  -84.555  33.117 0.0000000000
11574  48.886  -84.600  34.036 0.0000000000
11554  49.343  -84.121  34.592 0.0000000000
12433  50.163  -82.916  35.573 0.0000000000
12468  49.400  -83.665  34.287 0.0000000000
13351  49.565  -83.142  34.359 0.0000000000
13352  49.016  -83.375  33.554 0.0000000000
12496  48.453  -83.832  30.179 0.0000000000
13375  48.397  -83.373  31.399 0.0000000000
12495  48.450  -83.604  30.724 0.0000000000
14283  48.197  -82.704  31.040 0.0000000000
13386  48.778  -82.899  30.281 0.0000000000
12593  45.556  -84.225  24.407 0.0000000000
13460  45.187  -81.746  26.204 0.0000000000
13474  44.589  -82.676  25.863 0.0000000000
133879  45.033  -81.929  27.158 0.0000000000
13441  45.725  -82.234  27.992 0.0000000000
13420  46.785  -82.663  28.446 0.0000000000
13440  46.846  -82.133  27.903 0.0000000000
14342  48.751  -80.926  27.190 0.0000000000
13438  48.707  -81.925  27.807 0.0000000000
14341  49.930  -81.360  28.144 0.0000000000
14314  50.134  -81.620  28.967 0.0000000000
130073  50.488  -81.016  28.860 0.0000000000
18582  43.723  -76.322  33.712 0.0000000000
18567  44.101  -77.072  34.125 0.0000000000
17723  43.538  -77.766  34.656 0.0000000000
15164  42.557  -80.291  33.461 0.0000000000
16058  42.280  -79.653  34.035 0.0000000000
15148  42.962  -80.022  34.242 0.0000000000
16027  43.432  -79.454  35.264 0.0000000000
15147  43.618  -80.130  34.834 0.0000000000
15146  44.466  -80.595  35.097 0.0000000000
14258  43.685  -81.320  33.417 0.0000000000
12485  42.474  -83.492  31.685 0.0000000000
13365  43.874  -82.814  32.628 0.0000000000
12478  43.366  -83.591  32.179 0.0000000000
12477  44.179  -83.818  32.706 0.0000000000
11582  43.689  -84.466  32.422 0.0000000000
7928  41.446  -88.375  31.743 0.0000000000
8781  42.112  -87.226  31.674 0.0000000000
9705  43.194  -86.708  32.475 0.0000000000
17739  50.383  -78.224  33.525 0.0000000000
16897  51.879  -78.156  34.124 0.0000000000
17748  51.206  -77.112  32.986 0.0000000000
18592  52.347  -76.043  33.332 0.0000000000
14269  46.865  -81.591  32.377 0.0000000000
16057  47.127  -80.232  33.382 0.0000000000
13337  45.877  -82.667  34.731 0.0000000000
14222  46.436  -81.833  35.711 0.0000000000
13321  46.157  -82.238  35.303 0.0000000000
11542  47.408  -83.739  35.365 0.0000000000
9712  46.558  -86.816  32.591 0.0000000000
143405  47.042  -86.456  32.869 0.0000000000
10656  46.962  -85.798  32.154 0.0000000000
10664  47.558  -85.222  32.061 0.0000000000
129656  47.930  -84.667  31.552 0.0000000000
11587  48.423  -84.324  31.919 0.0000000000
11616  48.200  -84.028  29.912 0.0000000000
12512  48.203  -83.799  29.290 0.0000000000
147776  46.479  -81.237  26.865 0.0000000000
14360  47.986  -80.535  26.192 0.0000000000
14271  42.314  -81.390  32.221 0.0000000000
14270  43.222  -81.858  32.516 0.0000000000
14286  42.463  -82.103  31.961 0.0000000000
13377  42.043  -82.723  31.632 0.0000000000
134569  41.998  -84.194  31.548 0.0000000000
17673  52.070  -78.046  36.090 0.0000000000
17687  52.432  -77.368  35.456 0.0000000000
18595  50.208  -76.842  32.591 0.0000000000
144772  51.029  -76.605  32.581 0.0000000000
133623  50.249  -75.757  32.124 0.0000000000
19505  51.037  -75.552  32.222 0.0000000000
9696  44.885  -87.112  33.729 0.0000000000
10647  45.780  -85.892  34.146 0.0000000000
8759  45.651  -87.689  33.896 0.0000000000
8758  45.995  -87.880  33.739 0.0000000000
8769  46.183  -87.872  33.519 0.0000000000
8779  45.654  -88.209  32.621 0.0000000000
9713  45.797  -87.208  32.249 0.0000000000
10677  44.735  -85.698  30.929 0.0000000000
15144  50.748  -80.579  35.046 0.0000000000
16039  51.267  -79.770  34.852 0.0000000000
15145  49.898  -80.218  34.478 0.0000000000
16054  50.291  -79.190  34.157 0.0000000000
16899  49.242  -78.554  33.561 0.0000000000
16065  47.211  -79.369  33.261 0.0000000000
16904  48.404  -77.989  33.057 0.0000000000
17749  48.535  -77.315  32.613 0.0000000000
139917  49.024  -76.687  32.327 0.0000000000
18608  48.136  -76.128  32.079 0.0000000000
128265  47.875  -80.717  29.616 0.0000000000
16874  45.523  -78.992  35.684 0.0000000000
16873  46.400  -78.611  35.552 0.0000000000
16025  46.435  -79.275  35.936 0.0000000000
15109  51.107  -80.828  36.323 0.0000000000
14238  51.231  -81.094  35.896 0.0000000000
11541  48.063  -84.420  35.342 0.0000000000
10645  48.396  -85.106  34.310 0.0000000000
11540  48.774  -84.291  35.326 0.0000000000
12435  49.255  -83.652  35.637 0.0000000000
12425  50.267  -82.768  35.914 0.0000000000
13319  50.584  -82.281  35.886 0.0000000000
135322  50.963  -81.085  35.580 0.0000000000
14240  50.306  -81.631  35.169 0.0000000000
14255  49.346  -81.781  34.348 0.0000000000
14256  48.261  -81.811  33.757 0.0000000000
13363  48.524  -83.491  32.450 0.0000000000
13353  48.139  -82.631  33.081 0.0000000000
137880  47.387  -82.123  32.303 0.0000000000
14284  47.536  -82.208  31.454 0.0000000000
14298  47.864  -82.108  30.757 0.0000000000
15190  48.091  -81.469  30.162 0.0000000000
11621  43.705  -85.028  29.438 0.0000000000
12579  44.953  -83.291  24.999 0.0000000000
12531  44.364  -83.271  28.901 0.0000000000
12530  45.332  -83.189  29.267 0.0000000000
12513  46.447  -83.533  29.411 0.0000000000
130080  47.390  -83.402  28.918 0.0000000000
12529  48.283  -83.434  28.793 0.0000000000
13439  47.857  -82.171  27.843 0.0000000000
13418  48.627  -82.788  28.447 0.0000000000
12528  49.103  -83.149  29.122 0.0000000000
140376  49.628  -82.392  28.977 0.0000000000
14316  49.150  -81.550  29.690 0.0000000000
15202  48.921  -80.865  29.538 0.0000000000
16080  49.563  -80.251  29.173 0.0000000000
141215  45.629  -74.818  33.643 0.0000000000
19474  44.294  -75.595  33.575 0.0000000000
19473  45.327  -75.629  33.749 0.0000000000
18580  45.372  -76.405  34.006 0.0000000000
17721  45.427  -77.612  34.646 0.0000000000
17693  44.978  -78.387  35.138 0.0000000000
16043  41.057  -78.847  34.399 0.0000000000
17695  42.915  -78.372  35.099 0.0000000000
16875  43.155  -78.961  35.379 0.0000000000
131908  43.972  -79.307  35.492 0.0000000000
143022  44.594  -78.991  35.586 0.0000000000
16026  44.828  -79.684  35.762 0.0000000000
15130  44.859  -80.392  35.620 0.0000000000
14242  44.810  -81.376  34.674 0.0000000000
13356  43.986  -82.021  33.109 0.0000000000
14257  44.427  -81.710  33.813 0.0000000000
13338  45.181  -82.303  34.181 0.0000000000
127043  45.170  -83.184  33.603 0.0000000000
12470  44.939  -84.121  33.422 0.0000000000
137273  44.554  -85.474  33.267 0.0000000000
11583  43.235  -85.137  32.204 0.0000000000
10658  43.597  -85.997  32.631 0.0000000000
10657  44.324  -86.139  33.235 0.0000000000
16889  51.809  -79.006  34.681 0.0000000000
16896  52.179  -77.717  34.185 0.0000000000
17717  52.630  -77.046  34.814 0.0000000000
17747  51.755  -76.602  32.955 0.0000000000
18578  52.525  -76.176  33.727 0.0000000000
7131  45.127  -89.133  33.293 0.0000000000
7141  44.911  -89.611  32.965 0.0000000000
7900  45.694  -88.317  33.456 0.0000000000
7901  45.376  -88.675  33.400 0.0000000000
7927  42.234  -88.041  31.888 0.0000000000
8750  46.179  -87.393  34.023 0.0000000000
8788  44.427  -88.132  31.355 0.0000000000
9686  45.731  -86.893  34.125 0.0000000000
9701  47.259  -86.432  33.540 0.0000000000
9703  46.333  -87.751  32.965 0.0000000000
9704  43.989  -86.893  33.119 0.0000000000
10632  48.362  -85.020  34.737 0.0000000000
10633  47.848  -85.437  34.578 0.0000000000
10646  47.869  -85.751  33.976 0.0000000000
10648  45.048  -86.114  33.728 0.0000000000
10655  47.465  -85.772  32.699 0.0000000000
10659  42.786  -85.826  32.074 0.0000000000
10663  48.122  -85.081  32.520 0.0000000000
10678  44.195  -86.313  30.657 0.0000000000
11555  48.881  -84.617  34.798 0.0000000000
11558  46.341  -84.485  34.537 0.0000000000
11581  44.433  -84.716  32.961 0.0000000000
11600  48.211  -84.206  30.808 0.0000000000
11601  47.095  -84.571  30.789 0.0000000000
11617  47.701  -84.182  29.954 0.0000000000
12426  49.715  -83.104  36.010 0.0000000000
12434  49.795  -83.310  35.600 0.0000000000
12436  48.380  -83.777  35.639 0.0000000000
12451  49.731  -83.516  35.104 0.0000000000
12476  48.888  -84.014  32.995 0.0000000000
12484  48.550  -83.879  31.713 0.0000000000
12486  41.440  -83.513  31.529 0.0000000000
12510  48.818  -83.337  29.753 0.0000000000
12514  45.660  -83.728  29.747 0.0000000000
13336  49.981  -83.101  34.969 0.0000000000
13364  44.581  -83.281  33.070 0.0000000000
13400  49.349  -82.511  29.395 0.0000000000
13437  49.324  -82.173  28.299 0.0000000000
14201  50.598  -81.333  36.446 0.0000000000
14220  51.310  -81.017  36.069 0.0000000000
14221  51.008  -81.651  36.021 0.0000000000
14223  45.766  -81.473  35.523 0.0000000000
14224  45.129  -81.061  35.334 0.0000000000
14239  50.808  -81.733  35.786 0.0000000000
14254  49.885  -82.525  34.732 0.0000000000
14287  41.696  -81.940  31.785 0.0000000000
14296  49.232  -82.124  29.771 0.0000000000
14315  49.832  -81.650  29.295 0.0000000000
14331  50.225  -81.366  28.690 0.0000000000
14332  49.778  -81.984  28.695 0.0000000000
14344  46.989  -81.495  27.329 0.0000000000
14361  47.049  -80.925  26.622 0.0000000000
15108  51.496  -80.236  36.128 0.0000000000
15112  48.467  -80.936  36.521 0.0000000000
15162  47.565  -80.968  33.635 0.0000000000
15163  43.352  -80.568  33.850 0.0000000000
15174  46.741  -80.940  32.901 0.0000000000
15176  42.007  -80.637  32.610 0.0000000000
15200  50.503  -80.887  29.035 0.0000000000
15253  48.773  -80.425  25.277 0.0000000000
16008  51.964  -79.174  35.581 0.0000000000
16010  51.381  -79.537  36.395 0.0000000000
16014  46.639  -79.940  36.245 0.0000000000
16015  45.733  -79.791  36.037 0.0000000000
16024  51.646  -79.854  35.736 0.0000000000
16037  52.055  -78.983  35.102 0.0000000000
16040  50.814  -79.837  34.640 0.0000000000
16041  42.868  -79.548  34.849 0.0000000000
16053  51.263  -79.316  34.496 0.0000000000
16059  41.356  -79.386  33.816 0.0000000000
16100  48.754  -79.673  28.711 0.0000000000
16857  52.111  -78.649  35.984 0.0000000000
16888  52.082  -78.370  34.701 0.0000000000
17672  52.227  -77.965  35.857 0.0000000000
17686  52.673  -76.643  35.180 0.0000000000
17694  43.913  -78.559  35.205 0.0000000000
17719  47.045  -77.106  34.649 0.0000000000
17724  42.645  -77.698  34.654 0.0000000000
17736  52.464  -77.020  34.039 0.0000000000
17738  51.297  -77.852  33.491 0.0000000000
18566  44.988  -77.039  34.196 0.0000000000
18579  52.251  -76.500  33.382 0.0000000000
18593  52.054  -76.127  32.983 0.0000000000
18594  50.504  -76.333  32.312 0.0000000000
18596  49.445  -77.544  32.977 0.0000000000
18597  48.031  -76.853  32.324 0.0000000000
18607  49.794  -76.283  32.222 0.0000000000
19491  52.279  -75.661  33.105 0.0000000000
19492  51.715  -75.642  32.625 0.0000000000
20424  44.851  -74.865  33.527 0.0000000000
20451  51.344  -75.063  32.314 0.0000000000
20452  50.512  -75.048  32.076 0.0000000000
124602  52.368  -77.671  34.760 0.0000000000
126582  49.319  -81.532  27.769 0.0000000000
131223  46.114  -82.887  28.807 0.0000000000
133199  48.762  -83.437  28.959 0.0000000000
139309  44.229  -82.921  28.198 0.0000000000
141181  41.386  -84.149  31.502 0.0000000000
142942  51.022  -81.419  36.174 0.0000000000
144754  48.602  -80.324  29.196 0.0000000000
145407  47.824  -85.633  33.242 0.0000000000
145831  44.116  -89.679  31.367 0.0000000000
148311  49.795  -82.033  29.136 0.0000000000
