#!ascii label  , from subject sub-01 vox2ras=TkReg
629
64085  22.442  -30.656  21.416 0.1428571492
63129  21.440  -31.153  20.827 0.1428571492
65954  21.876  -29.166  19.676 0.1428571492
64084  23.214  -30.263  21.843 0.1428571492
65032  22.761  -29.181  20.405 0.2857142985
64099  21.876  -30.484  20.546 0.1428571492
65016  23.527  -29.637  21.481 0.1428571492
66899  23.372  -27.692  19.907 0.5714285970
65952  23.510  -28.449  20.450 0.1428571492
66898  25.042  -27.322  20.566 0.2857142985
67888  25.938  -26.286  20.568 0.1428571492
140637  25.654  -26.896  20.665 0.2857142985
71893  25.892  -23.071  20.204 0.2857142985
70995  25.765  -24.006  20.175 0.1428571492
73622  26.762  -21.162  20.151 0.2857142985
72767  26.824  -22.044  20.551 0.2857142985
74505  26.983  -19.390  19.296 0.2857142985
133875  26.651  -20.078  19.317 0.2857142985
75471  27.098  -18.182  18.732 0.2857142985
78377  27.153  -15.385  17.756 0.8571428657
77405  27.161  -16.842  18.199 0.4285714328
75458  27.361  -18.761  19.259 0.2857142985
81136  27.888  -13.040  17.840 0.7142857313
79329  27.860  -14.313  18.275 0.7142857313
79346  27.414  -14.470  17.677 0.7142857313
77421  26.857  -16.195  17.676 0.7142857313
81155  28.356  -12.060  18.004 0.8571428657
131982  27.477  -12.936  17.113 0.8571428657
80252  27.758  -13.838  17.907 0.7142857313
137248  28.609  -10.071  18.461 0.4285714328
82045  27.936  -11.473  17.572 0.7142857313
81156  27.698  -12.247  17.417 0.8571428657
85522  28.623  -7.745  19.407 0.2857142985
85533  28.221  -7.998  18.827 0.5714285970
83789  28.136  -10.037  18.042 0.8571428657
83772  28.391  -9.277  18.534 0.7142857313
82932  28.053  -10.719  17.706 0.8571428657
131450  28.336  -7.022  19.565 0.1428571492
85523  27.898  -7.297  18.985 0.4285714328
84641  27.897  -8.776  18.224 0.5714285970
83790  27.747  -9.383  17.908 0.8571428657
88108  28.065  -5.048  20.424 0.1428571492
86351  29.088  -6.433  20.516 0.1428571492
86363  27.883  -6.489  19.427 0.1428571492
84662  27.374  -8.674  17.856 0.8571428657
89024  28.295  -4.052  20.744 0.1428571492
143487  27.684  -4.435  20.072 0.1428571492
87218  27.951  -5.783  19.890 0.1428571492
87219  27.458  -5.799  19.244 0.4285714328
86375  27.382  -6.529  18.850 0.5714285970
127333  27.251  -7.233  18.417 0.7142857313
84663  26.742  -8.567  17.375 0.8571428657
89037  27.584  -3.672  19.956 0.1428571492
90016  27.378  -2.734  19.757 0.1428571492
88110  27.282  -4.331  19.434 0.1428571492
88126  27.102  -5.071  19.026 0.5714285970
86376  26.866  -6.522  18.373 0.8571428657
85553  27.004  -7.895  17.904 0.8571428657
85535  26.695  -7.119  17.913 0.8571428657
132364  27.892  -2.144  20.448 0.1428571492
90932  27.296  -1.834  19.968 0.2857142985
89038  27.024  -3.549  19.267 0.1428571492
87234  26.971  -5.840  18.712 0.7142857313
87235  26.422  -5.178  18.499 0.8571428657
91785  27.013  -0.612  19.716 0.1428571492
92593  27.362  0.121  19.782 0.1428571492
136703  26.823  -2.159  19.502 0.4285714328
90030  26.049  -2.770  18.432 0.8571428657
89053  26.376  -3.530  18.695 0.8571428657
88128  26.014  -4.297  18.398 0.8571428657
87236  25.584  -5.021  18.050 0.8571428657
90933  26.691  -1.384  19.541 0.4285714328
89054  25.667  -3.540  18.194 0.8571428657
88145  25.294  -4.248  17.913 0.8571428657
92594  26.613  0.077  19.570 0.1428571492
138560  26.908  0.776  19.514 0.2857142985
91786  26.178  -0.569  19.436 0.5714285970
148293  25.720  -0.742  19.176 0.8571428657
90934  25.960  -1.212  19.145 0.8571428657
127466  25.546  -2.136  18.315 0.8571428657
90031  25.243  -2.868  17.979 0.8571428657
89068  24.979  -3.578  17.669 0.8571428657
93436  26.202  1.391  19.310 0.2857142985
148517  26.213  0.640  19.473 0.7142857313
92595  25.952  0.154  19.469 0.5714285970
141330  25.455  -0.203  19.111 0.8571428657
124332  24.968  -1.454  18.252 0.8571428657
147719  24.524  -1.699  17.835 0.8571428657
93450  25.512  0.762  19.265 0.8571428657
92609  24.889  0.378  18.814 0.8571428657
91803  24.671  -0.456  18.442 0.8571428657
91804  23.789  -0.223  17.809 0.7142857313
90966  24.120  -1.174  17.771 0.7142857313
93437  25.379  1.577  19.167 0.8571428657
93451  24.649  1.277  18.884 0.8571428657
93452  23.650  1.475  18.335 0.8571428657
138058  23.758  2.331  18.465 0.8571428657
92621  23.335  0.590  17.764 0.7142857313
95107  24.869  3.708  18.708 0.7142857313
94291  24.343  2.872  18.756 0.8571428657
95108  24.098  3.682  18.403 0.8571428657
95871  24.039  4.897  17.774 0.7142857313
92610  24.169  0.500  18.340 0.8571428657
97412  27.107  6.957  15.447 0.1428571492
95862  24.518  4.375  18.339 0.8571428657
96632  24.886  5.085  18.179 0.7142857313
96639  24.408  5.498  17.720 0.7142857313
95863  23.930  4.235  17.956 0.8571428657
98195  26.479  7.496  14.398 0.1428571492
97391  25.352  6.529  17.321 0.5714285970
97400  25.594  7.143  16.647 0.5714285970
136884  24.277  7.631  16.273 0.5714285970
98176  25.718  7.532  15.887 0.1428571492
98207  25.593  7.572  11.997 0.1428571492
98185  24.829  8.187  15.675 0.5714285970
98982  25.579  8.608  12.371 0.1428571492
140362  25.003  8.952  11.408 0.1428571492
98968  25.691  8.507  14.464 0.1428571492
99700  24.547  9.642  10.917 0.1428571492
99695  25.255  9.532  12.127 0.1428571492
100441  25.076  9.997  12.844 0.1428571492
124339  23.972  10.208  10.175 0.1428571492
100451  24.816  10.312  11.976 0.1428571492
63123  22.388  -31.349  21.882 0.1428571492
62140  21.591  -32.054  21.641 0.1428571492
65933  23.623  -29.075  21.026 0.2857142985
65015  24.397  -29.251  21.747 0.1428571492
66879  24.984  -28.005  21.153 0.2857142985
65951  24.270  -27.849  20.497 0.2857142985
70029  26.593  -24.242  20.531 0.2857142985
126762  26.036  -24.877  20.452 0.2857142985
127237  26.729  -18.861  18.777 0.2857142985
77404  27.431  -16.031  18.339 0.4285714328
76432  26.817  -17.582  18.177 0.5714285970
82023  28.615  -11.315  18.466 0.2857142985
78378  26.667  -15.629  17.189 0.7142857313
83760  28.896  -9.088  19.152 0.1428571492
82949  27.120  -10.796  16.977 0.8571428657
85534  27.686  -8.052  18.398 0.7142857313
90003  28.048  -3.016  20.551 0.1428571492
88127  26.715  -4.313  18.891 0.8571428657
87254  26.005  -5.784  17.972 0.8571428657
133549  24.896  -4.884  17.570 0.8571428657
127510  25.263  2.946  18.889 0.8571428657
95861  25.376  4.443  18.497 0.8571428657
96638  25.172  5.756  17.784 0.7142857313
97399  26.573  7.050  16.219 0.2857142985
98184  25.777  7.918  15.346 0.1428571492
98202  26.083  7.885  13.052 0.1428571492
127191  23.275  8.806  8.627 0.1428571492
67889  25.103  -26.452  20.201 0.2857142985
66912  23.217  -26.942  19.452 0.2857142985
69042  25.584  -25.613  20.319 0.1428571492
71891  27.276  -22.763  20.830 0.2857142985
72775  26.222  -21.764  19.789 0.2857142985
71904  25.516  -22.426  19.605 0.2857142985
88096  28.777  -5.057  21.245 0.1428571492
133610  28.855  -3.144  21.344 0.1428571492
90919  28.023  -1.288  20.215 0.1428571492
138575  27.377  -1.163  19.869 0.2857142985
91772  27.741  -0.573  19.981 0.1428571492
90017  26.649  -2.793  19.100 0.8571428657
136917  26.253  -6.932  17.510 0.8571428657
85555  25.832  -7.051  17.036 1.0000000000
93435  27.185  1.542  19.262 0.1428571492
94280  26.611  2.152  18.926 0.2857142985
90967  23.598  -1.520  17.165 0.8571428657
94281  25.722  2.183  19.011 0.5714285970
95106  25.779  3.707  18.723 0.5714285970
95860  26.358  4.443  18.409 0.5714285970
96631  25.780  5.203  18.196 0.7142857313
97390  26.182  6.686  17.019 0.4285714328
96645  26.816  6.228  16.785 0.2857142985
98175  26.490  7.514  15.269 0.1428571492
98196  26.055  7.959  14.764 0.1428571492
99679  24.440  9.502  14.638 0.2857142985
98967  26.097  7.975  14.014 0.1428571492
99688  25.449  9.397  13.182 0.1428571492
99689  24.762  9.964  13.740 0.1428571492
100442  24.674  10.666  13.047 0.1428571492
100457  24.134  10.774  11.272 0.1428571492
100462  23.564  10.890  9.930 0.1428571492
94290  26.139  2.879  18.693 0.4285714328
95105  26.607  3.558  18.505 0.4285714328
95870  26.566  5.181  17.970 0.4285714328
96637  26.198  5.914  17.562 0.5714285970
65017  22.705  -29.925  20.964 0.1428571492
65033  21.839  -29.894  20.102 0.1428571492
131125  20.803  -31.665  20.851 0.1428571492
65932  24.300  -28.536  21.086 0.1428571492
67890  24.229  -27.055  19.905 0.1428571492
71903  26.230  -22.432  20.145 0.2857142985
80271  27.114  -14.160  16.860 0.7142857313
82915  28.451  -10.644  18.195 0.8571428657
82059  27.347  -11.545  17.155 0.8571428657
84624  28.563  -8.513  18.999 0.5714285970
88109  27.555  -5.076  19.684 0.2857142985
87205  28.583  -5.768  20.542 0.1428571492
134745  26.544  -5.951  18.299 0.8571428657
90951  26.285  -1.981  18.844 0.8571428657
91787  25.390  -0.945  18.822 0.8571428657
90952  25.652  -1.550  18.662 0.8571428657
90953  24.812  -2.179  17.856 0.8571428657
93438  24.888  2.177  19.044 0.8571428657
136451  24.227  2.049  18.753 0.8571428657
97423  26.983  6.982  14.656 0.1428571492
148142  24.995  7.521  16.286 0.5714285970
97401  24.483  7.029  16.830 0.5714285970
98969  25.127  8.848  14.945 0.4285714328
98977  25.798  8.646  13.604 0.1428571492
98986  24.175  8.732  10.151 0.1428571492
123741  24.994  8.183  11.200 0.1428571492
99678  25.351  9.251  14.190 0.1428571492
148843  24.464  10.225  11.125 0.1428571492
70028  27.363  -24.470  20.732 0.1428571492
147916  23.786  -26.607  19.547 0.4285714328
72776  25.610  -21.560  19.103 0.5714285970
71915  24.955  -22.093  18.799 0.5714285970
71916  24.155  -22.485  18.388 0.5714285970
71917  23.423  -22.934  17.837 0.2857142985
73636  25.566  -20.760  18.499 0.5714285970
72801  24.120  -21.544  17.175 0.5714285970
71017  23.140  -23.733  18.012 0.4285714328
72786  25.114  -21.450  18.434 0.5714285970
71929  23.093  -22.534  17.252 0.2857142985
72802  23.435  -21.796  16.857 0.4285714328
75473  26.164  -19.046  18.199 0.4285714328
74534  25.274  -19.748  17.282 0.5714285970
73663  24.743  -20.394  17.039 0.5714285970
73679  24.365  -20.672  16.064 0.4285714328
75488  25.918  -18.535  17.546 0.5714285970
123694  25.279  -18.894  16.799 0.5714285970
74548  24.789  -19.782  16.414 0.4285714328
76451  25.706  -17.987  16.871 0.7142857313
76472  25.181  -18.056  16.016 0.4285714328
77423  26.087  -17.248  16.861 0.4285714328
71945  22.880  -21.961  16.957 0.2857142985
74549  24.428  -19.919  15.761 0.4285714328
76450  26.232  -17.755  17.569 0.7142857313
77442  26.290  -16.333  16.821 0.7142857313
77474  25.321  -16.230  14.688 0.4285714328
79371  25.838  -14.541  15.411 0.7142857313
130467  25.262  -14.629  14.638 0.5714285970
124771  25.619  -13.949  15.065 0.7142857313
148593  24.786  -14.253  14.183 0.2857142985
78390  26.323  -15.401  16.497 0.5714285970
79357  26.001  -15.152  15.791 0.7142857313
79370  26.156  -13.719  15.654 0.7142857313
81192  25.054  -12.522  14.618 0.7142857313
81182  25.420  -12.220  15.149 0.7142857313
82082  24.957  -11.667  14.778 0.7142857313
81193  24.548  -12.833  14.099 0.4285714328
82083  24.331  -11.491  14.139 0.4285714328
80270  27.458  -13.634  17.283 0.5714285970
79356  26.478  -14.455  16.229 0.5714285970
81170  27.169  -12.341  16.803 0.5714285970
81181  25.977  -12.279  15.610 0.5714285970
82072  25.672  -11.520  15.380 0.7142857313
82964  25.208  -10.765  15.210 0.7142857313
83821  25.359  -9.399  15.906 0.7142857313
82972  24.637  -10.962  14.572 0.7142857313
82965  24.449  -10.205  14.865 0.5714285970
84703  24.204  -8.668  14.938 0.5714285970
82933  27.496  -10.163  17.487 0.7142857313
82950  26.581  -10.740  16.361 0.5714285970
82071  26.304  -11.519  15.938 0.5714285970
133548  26.190  -9.912  16.196 0.7142857313
82963  26.050  -10.740  15.675 0.7142857313
84677  25.499  -8.410  16.252 0.8571428657
82973  24.098  -10.673  14.151 0.4285714328
146434  25.410  -7.752  16.301 0.7142857313
135618  24.383  -8.059  15.319 0.7142857313
85574  24.713  -7.014  15.926 0.7142857313
85601  23.763  -7.892  14.697 0.5714285970
85589  24.248  -7.359  15.420 0.7142857313
82934  26.876  -10.004  16.826 0.5714285970
82951  25.600  -10.195  15.716 0.7142857313
85572  25.817  -7.736  16.650 0.8571428657
85573  25.321  -7.134  16.379 0.8571428657
86412  24.771  -6.420  16.325 0.7142857313
86424  24.093  -6.500  15.719 0.5714285970
87274  23.577  -5.006  15.765 0.2857142985
85554  26.396  -7.673  17.285 0.7142857313
86411  25.310  -6.420  16.908 0.7142857313
88157  23.724  -4.238  16.190 0.7142857313
86394  25.823  -6.399  17.489 0.7142857313
87272  24.814  -5.881  16.807 0.8571428657
87273  24.305  -5.636  16.217 0.8571428657
89069  24.580  -3.670  17.078 0.8571428657
87256  24.669  -5.249  16.922 0.8571428657
88156  24.400  -4.176  16.722 0.8571428657
89077  24.044  -3.571  16.593 0.8571428657
89078  23.199  -3.499  15.964 0.7142857313
88146  24.789  -4.214  17.344 0.8571428657
90059  23.649  -2.977  16.528 0.8571428657
90047  24.396  -2.888  17.251 0.8571428657
133673  24.122  -1.969  17.494 0.8571428657
90048  23.523  -2.211  16.755 0.7142857313
93464  22.837  1.371  17.529 0.7142857313
93465  22.351  1.247  16.605 0.7142857313
138658  23.170  2.215  17.880 0.7142857313
94304  23.650  2.972  18.147 0.7142857313
95117  23.510  3.694  17.712 0.8571428657
95873  22.682  3.828  17.068 0.7142857313
137105  22.468  2.172  16.942 0.7142857313
95878  22.307  4.410  16.538 0.7142857313
128066  21.966  3.909  16.129 0.5714285970
96640  23.461  5.021  17.416 0.7142857313
96641  22.896  5.014  16.955 0.7142857313
95879  21.634  4.533  16.160 0.5714285970
96646  22.691  5.832  16.603 0.4285714328
96647  22.061  5.174  16.299 0.5714285970
96648  21.252  5.270  15.747 0.5714285970
97393  23.574  5.609  17.354 0.5714285970
97403  22.451  6.700  16.049 0.5714285970
97404  21.764  5.955  15.957 0.5714285970
95884  20.989  4.657  16.047 0.4285714328
95124  20.856  3.626  16.303 0.4285714328
96654  20.764  5.549  15.624 0.5714285970
95880  20.361  4.471  16.675 0.4285714328
136536  19.784  2.423  16.952 0.4285714328
133153  20.497  5.194  16.125 0.5714285970
97405  19.649  6.340  16.788 0.4285714328
136106  27.753  -15.105  18.470 0.2857142985
82060  26.832  -11.558  16.594 0.5714285970
97416  19.902  6.692  15.835 0.2857142985
96650  19.934  5.361  16.667 0.4285714328
96642  19.560  5.612  17.554 0.2857142985
71905  24.585  -22.811  19.214 0.5714285970
71006  23.648  -24.125  18.672 0.5714285970
73649  26.104  -20.199  18.872 0.2857142985
74517  26.401  -19.562  18.794 0.2857142985
74518  25.765  -19.829  18.173 0.5714285970
71034  22.750  -23.294  17.477 0.2857142985
72815  23.921  -21.367  16.284 0.4285714328
75506  24.746  -19.039  15.739 0.4285714328
72816  23.288  -21.583  16.086 0.2857142985
73680  23.733  -21.082  15.700 0.2857142985
77460  25.406  -16.840  15.259 0.5714285970
79328  28.338  -14.443  18.763 0.2857142985
78420  24.450  -15.633  14.198 0.2857142985
126795  25.050  -13.169  14.450 0.7142857313
87255  25.250  -5.675  17.437 0.8571428657
134237  24.300  -4.800  16.399 0.7142857313
130223  23.136  -0.011  17.333 0.7142857313
91813  22.763  -0.155  16.807 0.7142857313
124211  21.447  3.869  16.166 0.5714285970
97392  24.368  6.191  17.427 0.5714285970
97402  23.446  6.481  16.884 0.5714285970
98177  23.493  7.178  16.195 0.5714285970
97414  21.020  5.985  15.387 0.5714285970
127353  20.832  6.705  15.391 0.2857142985
73635  26.254  -20.872  19.362 0.2857142985
79347  26.786  -14.890  17.088 0.5714285970
83791  27.088  -9.359  17.423 0.7142857313
84676  26.206  -8.451  16.766 0.7142857313
83806  26.506  -9.250  16.844 0.7142857313
145154  24.612  -4.664  16.996 0.7142857313
77422  26.568  -16.985  17.566 0.5714285970
90977  23.030  -1.404  16.486 0.7142857313
80282  26.954  -13.341  16.410 0.5714285970
72787  24.453  -21.759  18.057 0.5714285970
71928  23.734  -22.173  17.559 0.5714285970
71016  23.882  -23.281  18.595 0.5714285970
132959  25.253  -20.354  17.745 0.5714285970
72800  24.812  -21.036  17.695 0.5714285970
73664  24.365  -21.016  16.822 0.4285714328
131529  25.697  -19.218  17.592 0.5714285970
73695  24.033  -20.362  15.505 0.4285714328
132531  25.601  -17.491  16.360 0.5714285970
133175  25.374  -17.348  15.807 0.4285714328
77443  25.704  -16.858  16.175 0.5714285970
78391  25.778  -16.018  15.747 0.7142857313
78407  25.559  -15.364  15.040 0.5714285970
78419  25.068  -15.558  14.387 0.4285714328
77475  24.816  -16.375  14.220 0.4285714328
77461  25.047  -16.990  14.488 0.4285714328
79384  24.610  -14.889  14.184 0.2857142985
134828  25.642  -13.078  15.078 0.7142857313
81171  26.605  -12.343  16.182 0.7142857313
127916  24.904  -10.045  15.552 0.7142857313
83822  24.590  -9.417  15.298 0.7142857313
83807  25.926  -9.106  16.439 0.5714285970
84692  24.831  -8.614  15.611 0.7142857313
84704  23.667  -8.640  14.208 0.2857142985
87287  23.688  -5.804  15.647 0.5714285970
87288  23.090  -5.585  15.096 0.2857142985
94305  23.031  3.000  17.326 0.7142857313
145706  22.785  4.450  17.027 0.8571428657
97413  21.408  6.719  15.591 0.7142857313
97415  20.490  6.305  15.488 0.5714285970
147769  23.623  -19.907  15.258 0.1428571492
75520  24.306  -18.654  15.040 0.4285714328
65967  21.785  -28.396  19.309 0.4285714328
73621  27.383  -20.543  20.421 0.1428571492
130541  26.827  -20.500  19.841 0.1428571492
73634  27.207  -19.886  19.825 0.1428571492
76431  27.479  -17.489  18.693 0.1428571492
125703  27.790  -16.739  18.755 0.1428571492
144443  27.481  -19.262  19.731 0.1428571492
74492  27.869  -19.641  20.338 0.1428571492
77390  28.422  -16.637  19.258 0.1428571492
75457  27.779  -18.114  19.186 0.1428571492
74504  28.010  -18.742  19.832 0.1428571492
77403  28.081  -15.960  18.885 0.1428571492
80237  28.696  -13.697  19.021 0.2857142985
82010  28.775  -12.064  18.856 0.1428571492
91812  23.290  -0.735  17.106 0.5714285970
101210  22.683  12.389  9.003 0.1428571492
132740  22.939  -1.953  16.000 0.4285714328
101926  22.020  12.803  9.795 0.1428571492
100452  24.385  10.939  12.366 0.1428571492
92628  22.276  0.164  16.166 0.4285714328
92622  22.677  0.544  16.980 0.5714285970
93478  21.793  0.912  15.899 0.4285714328
100433  21.262  9.949  13.874 0.2857142985
98970  21.457  8.449  14.782 0.2857142985
98187  21.803  7.417  15.516 0.2857142985
99672  22.216  8.897  15.039 0.2857142985
137471  21.035  0.456  15.063 0.1428571492
93472  21.783  1.770  16.244 0.5714285970
94312  22.426  3.123  16.386 0.5714285970
98971  20.837  8.615  14.518 0.2857142985
93479  21.168  1.483  15.553 0.4285714328
94323  21.463  2.788  15.790 0.5714285970
98960  21.234  7.978  14.922 0.2857142985
93480  20.683  1.535  15.655 0.4285714328
94325  20.537  2.115  16.142 0.2857142985
98189  20.417  7.246  15.490 0.1428571492
98188  20.986  7.351  15.228 0.1428571492
98961  20.562  8.141  14.928 0.1428571492
130631  20.038  2.119  16.357 0.1428571492
94314  20.316  2.847  16.384 0.4285714328
98190  19.853  7.447  15.875 0.1428571492
126925  20.090  8.021  15.520 0.1428571492
98972  20.362  9.026  14.528 0.1428571492
134224  19.622  7.320  16.588 0.2857142985
97387  19.790  6.497  18.844 0.1428571492
132730  19.711  8.095  16.377 0.1428571492
98962  20.048  8.751  14.989 0.1428571492
132024  19.560  7.271  17.593 0.1428571492
98178  19.533  8.103  17.314 0.1428571492
98933  19.971  8.591  17.801 0.1428571492
66913  22.356  -27.527  19.213 0.4285714328
67922  21.678  -26.532  18.324 0.2857142985
72766  27.283  -21.361  20.706 0.1428571492
75456  28.398  -17.988  19.645 0.1428571492
78360  28.505  -15.260  19.058 0.1428571492
91823  22.555  -0.664  16.317 0.2857142985
98958  23.594  8.513  15.431 0.2857142985
99680  22.372  9.568  14.564 0.2857142985
98973  20.048  9.215  14.534 0.2857142985
127651  21.236  -27.051  18.747 0.2857142985
69041  26.849  -25.020  20.595 0.1428571492
140205  26.368  -25.639  20.561 0.1428571492
72751  27.752  -22.072  21.110 0.1428571492
81135  28.466  -12.890  18.601 0.1428571492
93481  20.059  1.601  15.944 0.1428571492
92636  20.915  1.076  14.980 0.2857142985
95123  21.976  3.331  15.818 0.5714285970
99682  20.598  9.440  14.180 0.2857142985
99671  23.353  9.147  15.014 0.2857142985
100444  21.799  10.855  13.493 0.2857142985
101190  21.907  11.584  13.001 0.1428571492
101199  22.223  12.067  12.269 0.1428571492
101197  23.778  11.408  12.135 0.1428571492
98952  20.127  8.746  16.068 0.2857142985
99683  20.001  9.638  14.167 0.2857142985
101189  23.083  11.547  12.703 0.1428571492
101198  22.992  11.937  11.842 0.1428571492
128376  23.971  10.679  13.703 0.1428571492
101188  23.954  11.189  13.029 0.1428571492
82022  29.011  -11.275  19.124 0.2857142985
99670  24.359  8.906  15.203 0.4285714328
100445  20.608  10.519  13.240 0.2857142985
142370  23.419  9.766  14.568 0.2857142985
100432  22.862  10.426  14.124 0.1428571492
65953  22.593  -28.394  19.815 0.4285714328
80251  28.155  -13.702  18.411 0.4285714328
98186  23.548  7.871  15.817 0.2857142985
147856  22.287  0.737  16.374 0.4285714328
94313  22.040  2.638  15.956 0.5714285970
95122  22.229  3.711  16.295 0.5714285970
134765  22.759  7.381  15.645 0.2857142985
96649  20.132  5.860  15.872 0.4285714328
94324  20.893  2.832  15.904 0.5714285970
76420  28.123  -17.396  19.177 0.1428571492
74491  28.613  -19.100  20.443 0.1428571492
77389  28.642  -15.962  19.325 0.1428571492
91831  22.045  -0.419  15.538 0.2857142985
99681  21.361  9.119  14.458 0.2857142985
98959  22.396  8.128  15.303 0.2857142985
129074  20.957  2.108  16.060 0.4285714328
92637  20.367  1.107  15.521 0.2857142985
142169  21.365  2.152  16.098 0.5714285970
66914  21.501  -27.715  18.946 0.2857142985
78346  29.151  -15.528  19.536 0.1428571492
90978  22.347  -1.312  15.667 0.2857142985
100443  23.048  11.181  13.462 0.2857142985
83830  24.050  -9.360  14.505 0.4285714328
86425  23.496  -6.267  15.239 0.2857142985
101174  19.849  11.209  14.656 0.1428571492
100434  20.306  10.087  13.617 0.1428571492
101905  19.862  11.857  13.339 0.1428571492
99653  20.619  9.853  17.149 0.1428571492
101894  20.089  12.109  14.364 0.1428571492
100435  19.891  10.449  13.813 0.1428571492
100446  19.973  10.642  13.099 0.1428571492
100415  20.250  10.515  16.129 0.1428571492
100414  20.772  10.781  16.509 0.1428571492
100424  19.799  10.347  14.994 0.1428571492
101173  20.667  11.870  15.460 0.1428571492
101904  20.029  12.637  13.632 0.1428571492
99673  19.865  9.503  14.917 0.1428571492
101160  20.319  11.119  15.753 0.1428571492
101172  21.915  11.901  15.708 0.1428571492
101903  20.899  12.973  14.384 0.1428571492
85590  23.625  -6.984  14.952 0.2857142985
101159  21.236  11.357  16.157 0.1428571492
101893  21.338  12.558  15.143 0.1428571492
143429  19.868  13.134  13.021 0.1428571492
101191  20.480  11.122  12.855 0.1428571492
101183  19.710  11.167  13.481 0.1428571492
101192  19.939  11.441  12.894 0.1428571492
100413  21.604  10.702  16.680 0.1428571492
75472  26.463  -18.306  18.201 0.4285714328
70043  24.158  -24.523  19.293 0.4285714328
70031  24.638  -24.896  19.714 0.2857142985
70030  25.292  -24.847  20.101 0.1428571492
71005  24.380  -23.678  19.266 0.2857142985
70042  24.930  -24.202  19.705 0.1428571492
69058  23.961  -25.414  19.358 0.2857142985
70044  23.390  -24.938  18.745 0.4285714328
71004  25.159  -23.331  19.743 0.1428571492
69043  24.827  -25.585  19.897 0.1428571492
69060  22.514  -26.029  18.366 0.2857142985
67907  22.438  -26.677  18.694 0.2857142985
69059  23.157  -25.596  18.758 0.2857142985
69073  22.643  -25.367  18.213 0.2857142985
142664  24.816  -18.225  15.239 0.2857142985
75519  25.108  -17.553  15.135 0.2857142985
136222  24.613  -17.062  14.189 0.2857142985
80305  24.646  -13.596  14.069 0.1428571492
147699  24.572  -12.154  14.235 0.2857142985
130699  23.935  -9.936  14.162 0.1428571492
86438  22.559  -6.796  14.160 0.1428571492
126295  22.903  -4.818  15.240 0.1428571492
88172  23.028  -4.249  15.583 0.1428571492
88173  22.544  -4.275  14.950 0.1428571492
89090  22.501  -3.560  15.195 0.1428571492
90084  21.896  -3.189  14.736 0.1428571492
148035  21.837  -0.910  15.280 0.1428571492
92634  21.724  0.259  15.477 0.1428571492
91833  20.775  -0.458  15.226 0.1428571492
91832  21.456  -0.182  15.265 0.1428571492
95125  20.301  3.632  16.776 0.1428571492
138480  19.887  3.998  17.296 0.1428571492
141467  19.532  4.309  17.864 0.1428571492
95874  19.712  4.790  17.369 0.1428571492
67906  23.326  -26.208  19.160 0.1428571492
90060  23.105  -2.645  16.003 0.2857142985
90072  22.184  -2.898  15.173 0.1428571492
92635  21.209  0.730  15.112 0.1428571492
128321  21.139  -28.400  19.191 0.2857142985
74565  24.162  -19.537  15.337 0.2857142985
76486  24.577  -17.747  14.594 0.2857142985
81202  24.053  -12.234  13.722 0.1428571492
83831  23.546  -9.300  13.923 0.1428571492
84714  23.233  -8.594  13.694 0.1428571492
134291  23.329  -8.101  13.938 0.1428571492
86449  22.215  -7.078  13.723 0.1428571492
87300  22.544  -5.870  14.481 0.1428571492
87301  22.063  -5.214  14.326 0.1428571492
88185  22.110  -4.381  14.545 0.1428571492
90061  22.413  -2.267  15.476 0.1428571492
90987  20.625  -1.442  15.026 0.1428571492
137909  19.670  2.757  17.636 0.1428571492
95118  19.910  3.202  17.133 0.1428571492
75535  23.782  -18.185  14.579 0.2857142985
90071  22.651  -2.996  15.546 0.1428571492
67921  22.040  -26.401  18.040 0.2857142985
77476  24.037  -16.621  14.122 0.1428571492
89102  22.151  -3.797  14.707 0.1428571492
87313  22.136  -6.226  14.066 0.1428571492
66915  20.720  -27.850  19.274 0.1428571492
67910  20.162  -27.720  19.717 0.1428571492
70055  22.126  -25.044  17.750 0.1428571492
82914  28.831  -10.597  18.740 0.1428571492
82905  29.261  -10.564  19.341 0.1428571492
95104  27.290  3.269  18.230 0.1428571492
143837  20.635  -29.648  19.492 0.1428571492
69074  22.162  -25.814  17.922 0.1428571492
70054  22.865  -24.581  18.123 0.1428571492
69075  21.749  -25.824  18.063 0.1428571492
94289  26.950  2.779  18.539 0.1428571492
95859  27.037  3.971  18.218 0.1428571492
71930  22.603  -22.794  17.257 0.1428571492
94279  27.461  2.208  18.832 0.1428571492
65968  21.187  -29.095  19.383 0.1428571492
83771  29.033  -9.837  19.004 0.1428571492
71018  22.417  -24.079  17.697 0.1428571492
67908  21.848  -26.979  18.489 0.1428571492
65969  20.503  -28.866  19.480 0.1428571492
65034  21.104  -29.872  19.569 0.2857142985
70994  26.396  -23.547  20.444 0.2857142985
71892  26.624  -22.889  20.519 0.2857142985
80304  25.192  -13.784  14.546 0.7142857313
82044  28.330  -11.250  17.940 0.7142857313
84640  28.165  -8.512  18.576 0.5714285970
85588  24.957  -7.739  15.863 0.7142857313
86362  28.426  -6.451  20.029 0.1428571492
86393  26.380  -6.450  17.923 0.8571428657
86437  23.056  -6.490  14.667 0.2857142985
87289  22.535  -4.996  14.727 0.1428571492
95872  23.348  4.453  17.422 0.7142857313
99662  20.270  10.020  16.505 0.1428571492
99663  20.109  9.386  15.872 0.2857142985
100403  20.608  10.320  16.735 0.1428571492
100431  23.976  10.140  14.264 0.2857142985
126987  21.392  -1.187  15.142 0.1428571492
130614  20.404  0.388  15.380 0.2857142985
132366  24.920  -28.611  21.616 0.1428571492
133585  23.443  -12.008  13.541 0.1428571492
137286  27.590  -10.910  17.368 0.8571428657
142451  26.288  -12.961  15.785 0.7142857313
142499  25.563  8.291  15.058 0.1428571492
143039  22.896  8.639  15.197 0.2857142985
143350  21.385  3.259  15.830 0.5714285970
147865  23.157  -29.430  20.983 0.2857142985
