#!ascii label  , from subject sub-01 vox2ras=TkReg
253
83807  25.926  -9.106  16.439 0.0000000000
74518  25.765  -19.829  18.173 0.0000000000
88157  23.724  -4.238  16.190 0.0000000000
96648  21.252  5.270  15.747 0.0000000000
72787  24.453  -21.759  18.057 0.0000000000
124332  24.968  -1.454  18.252 0.0000000000
93452  23.650  1.475  18.335 0.0000000000
82082  24.957  -11.667  14.778 0.0000000000
79356  26.478  -14.455  16.229 0.0000000000
81170  27.169  -12.341  16.803 0.0000000000
86376  26.866  -6.522  18.373 0.0000000000
83772  28.391  -9.277  18.534 0.0000000000
86412  24.771  -6.420  16.325 0.0000000000
88128  26.014  -4.297  18.398 0.0000000000
95122  22.229  3.711  16.295 0.0000000000
95863  23.930  4.235  17.956 0.0000000000
76432  26.817  -17.582  18.177 0.0000000000
130223  23.136  -0.011  17.333 0.0000000000
93464  22.837  1.371  17.529 0.0000000000
82964  25.208  -10.765  15.210 0.0000000000
81181  25.977  -12.279  15.610 0.0000000000
82950  26.581  -10.740  16.361 0.0000000000
73636  25.566  -20.760  18.499 0.0000000000
134237  24.300  -4.800  16.399 0.0000000000
87256  24.669  -5.249  16.922 0.0000000000
88146  24.789  -4.214  17.344 0.0000000000
141330  25.455  -0.203  19.111 0.0000000000
90934  25.960  -1.212  19.145 0.0000000000
133153  20.497  5.194  16.125 0.0000000000
94324  20.893  2.832  15.904 0.0000000000
95879  21.634  4.533  16.160 0.0000000000
98185  24.829  8.187  15.675 0.0000000000
97400  25.594  7.143  16.647 0.0000000000
97392  24.368  6.191  17.427 0.0000000000
96638  25.172  5.756  17.784 0.0000000000
95861  25.376  4.443  18.497 0.0000000000
79346  27.414  -14.470  17.677 0.0000000000
78378  26.667  -15.629  17.189 0.0000000000
71916  24.155  -22.485  18.388 0.0000000000
90047  24.396  -2.888  17.251 0.0000000000
90967  23.598  -1.520  17.165 0.0000000000
91803  24.671  -0.456  18.442 0.0000000000
93437  25.379  1.577  19.167 0.0000000000
130467  25.262  -14.629  14.638 0.0000000000
134828  25.642  -13.078  15.078 0.0000000000
80282  26.954  -13.341  16.410 0.0000000000
81136  27.888  -13.040  17.840 0.0000000000
85554  26.396  -7.673  17.285 0.0000000000
83791  27.088  -9.359  17.423 0.0000000000
85534  27.686  -8.052  18.398 0.0000000000
83822  24.590  -9.417  15.298 0.0000000000
85601  23.763  -7.892  14.697 0.0000000000
146434  25.410  -7.752  16.301 0.0000000000
86394  25.823  -6.399  17.489 0.0000000000
87235  26.422  -5.178  18.499 0.0000000000
88127  26.715  -4.313  18.891 0.0000000000
90031  25.243  -2.868  17.979 0.0000000000
90017  26.649  -2.793  19.100 0.0000000000
94313  22.040  2.638  15.956 0.0000000000
97403  22.451  6.700  16.049 0.0000000000
96641  22.896  5.014  16.955 0.0000000000
95873  22.682  3.828  17.068 0.0000000000
94305  23.031  3.000  17.326 0.0000000000
138058  23.758  2.331  18.465 0.0000000000
127510  25.263  2.946  18.889 0.0000000000
123694  25.279  -18.894  16.799 0.0000000000
78391  25.778  -16.018  15.747 0.0000000000
82932  28.053  -10.719  17.706 0.0000000000
81155  28.356  -12.060  18.004 0.0000000000
92622  22.677  0.544  16.980 0.0000000000
93465  22.351  1.247  16.605 0.0000000000
82951  25.600  -10.195  15.716 0.0000000000
82963  26.050  -10.740  15.675 0.0000000000
133548  26.190  -9.912  16.196 0.0000000000
71006  23.648  -24.125  18.672 0.0000000000
132959  25.253  -20.354  17.745 0.0000000000
87274  23.577  -5.006  15.765 0.0000000000
88156  24.400  -4.176  16.722 0.0000000000
148517  26.213  0.640  19.473 0.0000000000
92595  25.952  0.154  19.469 0.0000000000
96654  20.764  5.549  15.624 0.0000000000
95884  20.989  4.657  16.047 0.0000000000
97391  25.352  6.529  17.321 0.0000000000
96637  26.198  5.914  17.562 0.0000000000
78377  27.153  -15.385  17.756 0.0000000000
73663  24.743  -20.394  17.039 0.0000000000
90048  23.523  -2.211  16.755 0.0000000000
90977  23.030  -1.404  16.486 0.0000000000
92621  23.335  0.590  17.764 0.0000000000
91804  23.789  -0.223  17.809 0.0000000000
92610  24.169  0.500  18.340 0.0000000000
92609  24.889  0.378  18.814 0.0000000000
93451  24.649  1.277  18.884 0.0000000000
97415  20.490  6.305  15.488 0.0000000000
126795  25.050  -13.169  14.450 0.0000000000
81192  25.054  -12.522  14.618 0.0000000000
81171  26.605  -12.343  16.182 0.0000000000
80270  27.458  -13.634  17.283 0.0000000000
131982  27.477  -12.936  17.113 0.0000000000
71905  24.585  -22.811  19.214 0.0000000000
85535  26.695  -7.119  17.913 0.0000000000
85553  27.004  -7.895  17.904 0.0000000000
127333  27.251  -7.233  18.417 0.0000000000
82965  24.449  -10.205  14.865 0.0000000000
86424  24.093  -6.500  15.719 0.0000000000
85589  24.248  -7.359  15.420 0.0000000000
135618  24.383  -8.059  15.319 0.0000000000
85574  24.713  -7.014  15.926 0.0000000000
85573  25.321  -7.134  16.379 0.0000000000
86411  25.310  -6.420  16.908 0.0000000000
133549  24.896  -4.884  17.570 0.0000000000
87236  25.584  -5.021  18.050 0.0000000000
90953  24.812  -2.179  17.856 0.0000000000
127466  25.546  -2.136  18.315 0.0000000000
90951  26.285  -1.981  18.844 0.0000000000
90016  27.378  -2.734  19.757 0.0000000000
95123  21.976  3.331  15.818 0.0000000000
129074  20.957  2.108  16.060 0.0000000000
94323  21.463  2.788  15.790 0.0000000000
142169  21.365  2.152  16.098 0.0000000000
136884  24.277  7.631  16.273 0.0000000000
98177  23.493  7.178  16.195 0.0000000000
97402  23.446  6.481  16.884 0.0000000000
95871  24.039  4.897  17.774 0.0000000000
96640  23.461  5.021  17.416 0.0000000000
95117  23.510  3.694  17.712 0.0000000000
94304  23.650  2.972  18.147 0.0000000000
95108  24.098  3.682  18.403 0.0000000000
95860  26.358  4.443  18.409 0.0000000000
95107  24.869  3.708  18.708 0.0000000000
95106  25.779  3.707  18.723 0.0000000000
94290  26.139  2.879  18.693 0.0000000000
76472  25.181  -18.056  16.016 0.0000000000
79371  25.838  -14.541  15.411 0.0000000000
78407  25.559  -15.364  15.040 0.0000000000
79357  26.001  -15.152  15.791 0.0000000000
77421  26.857  -16.195  17.676 0.0000000000
77442  26.290  -16.333  16.821 0.0000000000
77422  26.568  -16.985  17.566 0.0000000000
76450  26.232  -17.755  17.569 0.0000000000
83790  27.747  -9.383  17.908 0.0000000000
82933  27.496  -10.163  17.487 0.0000000000
83789  28.136  -10.037  18.042 0.0000000000
91812  23.290  -0.735  17.106 0.0000000000
91813  22.763  -0.155  16.807 0.0000000000
81182  25.420  -12.220  15.149 0.0000000000
82072  25.672  -11.520  15.380 0.0000000000
82071  26.304  -11.519  15.938 0.0000000000
82060  26.832  -11.558  16.594 0.0000000000
72786  25.114  -21.450  18.434 0.0000000000
71915  24.955  -22.093  18.799 0.0000000000
72776  25.610  -21.560  19.103 0.0000000000
87234  26.971  -5.840  18.712 0.0000000000
86375  27.382  -6.529  18.850 0.0000000000
87287  23.688  -5.804  15.647 0.0000000000
87273  24.305  -5.636  16.217 0.0000000000
87272  24.814  -5.881  16.807 0.0000000000
145154  24.612  -4.664  16.996 0.0000000000
88145  25.294  -4.248  17.913 0.0000000000
91787  25.390  -0.945  18.822 0.0000000000
90952  25.652  -1.550  18.662 0.0000000000
148293  25.720  -0.742  19.176 0.0000000000
91786  26.178  -0.569  19.436 0.0000000000
124211  21.447  3.869  16.166 0.0000000000
128066  21.966  3.909  16.129 0.0000000000
148142  24.995  7.521  16.286 0.0000000000
97401  24.483  7.029  16.830 0.0000000000
96639  24.408  5.498  17.720 0.0000000000
96632  24.886  5.085  18.179 0.0000000000
95862  24.518  4.375  18.339 0.0000000000
96631  25.780  5.203  18.196 0.0000000000
79347  26.786  -14.890  17.088 0.0000000000
78390  26.323  -15.401  16.497 0.0000000000
71016  23.882  -23.281  18.595 0.0000000000
71928  23.734  -22.173  17.559 0.0000000000
72801  24.120  -21.544  17.175 0.0000000000
72800  24.812  -21.036  17.695 0.0000000000
74534  25.274  -19.748  17.282 0.0000000000
89078  23.199  -3.499  15.964 0.0000000000
89077  24.044  -3.571  16.593 0.0000000000
90059  23.649  -2.977  16.528 0.0000000000
133673  24.122  -1.969  17.494 0.0000000000
147719  24.524  -1.699  17.835 0.0000000000
90966  24.120  -1.174  17.771 0.0000000000
93450  25.512  0.762  19.265 0.0000000000
97414  21.020  5.985  15.387 0.0000000000
124771  25.619  -13.949  15.065 0.0000000000
79370  26.156  -13.719  15.654 0.0000000000
80271  27.114  -14.160  16.860 0.0000000000
80252  27.758  -13.838  17.907 0.0000000000
79329  27.860  -14.313  18.275 0.0000000000
84676  26.206  -8.451  16.766 0.0000000000
83806  26.506  -9.250  16.844 0.0000000000
84663  26.742  -8.567  17.375 0.0000000000
84662  27.374  -8.674  17.856 0.0000000000
84641  27.897  -8.776  18.224 0.0000000000
85523  27.898  -7.297  18.985 0.0000000000
85533  28.221  -7.998  18.827 0.0000000000
84624  28.563  -8.513  18.999 0.0000000000
82972  24.637  -10.962  14.572 0.0000000000
127916  24.904  -10.045  15.552 0.0000000000
83821  25.359  -9.399  15.906 0.0000000000
84703  24.204  -8.668  14.938 0.0000000000
84692  24.831  -8.614  15.611 0.0000000000
84677  25.499  -8.410  16.252 0.0000000000
85572  25.817  -7.736  16.650 0.0000000000
85555  25.832  -7.051  17.036 0.0000000000
136917  26.253  -6.932  17.510 0.0000000000
87255  25.250  -5.675  17.437 0.0000000000
87254  26.005  -5.784  17.972 0.0000000000
134745  26.544  -5.951  18.299 0.0000000000
88126  27.102  -5.071  19.026 0.0000000000
89069  24.580  -3.670  17.078 0.0000000000
89068  24.979  -3.578  17.669 0.0000000000
89054  25.667  -3.540  18.194 0.0000000000
90030  26.049  -2.770  18.432 0.0000000000
89053  26.376  -3.530  18.695 0.0000000000
89038  27.024  -3.549  19.267 0.0000000000
93472  21.783  1.770  16.244 0.0000000000
97413  21.408  6.719  15.591 0.0000000000
97404  21.764  5.955  15.957 0.0000000000
96647  22.061  5.174  16.299 0.0000000000
95878  22.307  4.410  16.538 0.0000000000
97393  23.574  5.609  17.354 0.0000000000
145706  22.785  4.450  17.027 0.0000000000
94312  22.426  3.123  16.386 0.0000000000
137105  22.468  2.172  16.942 0.0000000000
138658  23.170  2.215  17.880 0.0000000000
94291  24.343  2.872  18.756 0.0000000000
136451  24.227  2.049  18.753 0.0000000000
93438  24.888  2.177  19.044 0.0000000000
94281  25.722  2.183  19.011 0.0000000000
131529  25.697  -19.218  17.592 0.0000000000
77460  25.406  -16.840  15.259 0.0000000000
77443  25.704  -16.858  16.175 0.0000000000
132531  25.601  -17.491  16.360 0.0000000000
76451  25.706  -17.987  16.871 0.0000000000
75488  25.918  -18.535  17.546 0.0000000000
82934  26.876  -10.004  16.826 0.0000000000
82949  27.120  -10.796  16.977 0.0000000000
82059  27.347  -11.545  17.155 0.0000000000
82915  28.451  -10.644  18.195 0.0000000000
82045  27.936  -11.473  17.572 0.0000000000
81156  27.698  -12.247  17.417 0.0000000000
80304  25.192  -13.784  14.546 0.0000000000
82044  28.330  -11.250  17.940 0.0000000000
84640  28.165  -8.512  18.576 0.0000000000
85588  24.957  -7.739  15.863 0.0000000000
86393  26.380  -6.450  17.923 0.0000000000
95872  23.348  4.453  17.422 0.0000000000
137286  27.590  -10.910  17.368 0.0000000000
142451  26.288  -12.961  15.785 0.0000000000
143350  21.385  3.259  15.830 0.0000000000
