22097.45326  
1556.784176  
1382.703031  
412.2121575  
919.6005423  
75.5966644  
450.4577855  
131.850789  
190.5160213  
154.8427062  
92.06304064  
35.364053  
25.96886958  
48.90289825  
80.91327644  
53.0687934  
53.67908179  
59.81674089  
6.786221132  
19.59539515  
29.87560828  
24.00850508  
30.2504241  
6.193928255  
16.75496643  
28.173124  
30.01048086  
20.88907303  
2.011182011  
29.69275975  
9.006362504  
6.831967987  
16.02057389  
21.29496538  
3.300416002  
12.86496838  
6.410684767  
0.7077712274  
7.03197822  
9.453637153  
1.364319758  
11.52485749  
6.70157914  
6.740487681  
22.30795871  
12.09207342  
11.71814082  
3.926283583  
3.851608678  
5.078919232  
3.330075443  
1.185199607  
8.84561172  
3.916030528  
4.803447812  
10.03842104  
5.002960358  
7.980695067  
7.440334733  
4.901064619  
2.181151534  
8.223340553  
1.332354651  
5.881666735  
3.219351502  
6.846001033  
4.912178625  
3.24376042  
3.009803643  
4.592030087  
6.014758695  
3.584148073  
3.349215697  
3.299375424  
2.780888684  
1.613615744  
2.746415087  
3.531351329  
6.609782093  
4.603300517  
3.654692452  
5.397755964  
1.039583447  
3.610634358  
2.443982007  
2.034677424  
2.53107625  
2.399698437  
2.703491295  
4.334700758  
0.677642348  
4.214501563  
2.41630758  
10.59469777  
0.6633426562  
7.532373639  
4.736051769  
3.556288809  
0.1798311331  
11.95523439  
6.095284783  
6.286973433  
2.954503596  
1.038785343  
8.686891833  
20.55592782  
5.263911296  
1.332125405  
11.19994887  
4.555070371  
17.47160859  
33.81532045  
29.18572835  
2.911905856  
5.367196803  
19.70207856  
5.360012311  
5.979527143  
30.44438913  
3.66561284  
