14579.78388  
159.9753893  
1217.128942  
1264.770731  
595.6518031  
456.0711337  
109.4129334  
693.7688229  
228.098683  
26.73739912  
14.78401092  
215.8970441  
100.852154  
40.36297535  
217.379422  
4.688345791  
92.14387182  
167.286226  
71.35113802  
164.3912241  
177.0926939  
173.2447347  
13.52540004  
116.4210253  
27.4523028  
74.93586767  
149.039727  
1.294694157  
57.9299453  
10.43227172  
35.60566791  
44.83954058  
166.2429847  
92.72539467  
10.73090753  
53.87762786  
10.86541684  
38.11054197  
47.45925536  
92.95969368  
104.349705  
5.48219765  
130.5844379  
40.91245966  
64.92993534  
84.02996116  
2.606778838  
44.47740594  
94.05960933  
32.84977171  
0.1679244149  
59.49815123  
74.87194733  
12.40652522  
12.27203663  
56.75354856  
37.68426323  
7.143607287  
2.366108136  
54.96024012  
29.2703874  
102.3828258  
9.763523258  
32.88880694  
0.8315869359  
2.48947664  
0.7647734347  
26.11058181  
13.64241253  
70.56333645  
29.04558823  
3.897340471  
9.157986489  
6.870539398  
30.99466977  
36.97500141  
54.30756658  
14.08759566  
49.25611033  
24.54055811  
0.09392793167  
18.28583742  
30.4642214  
98.55282104  
172.9583  
44.68143631  
22.51133183  
13.60784346  
6.121125537  
123.9757216  
11.36289382  
14.89573321  
222.5286839  
34.15171785  
68.07311396  
60.0682391  
151.2974284  
29.08045661  
49.48462375  
331.7657166  
72.91568987  
64.9472729  
104.6510157  
52.41829503  
96.99512552  
435.8853182  
38.50527307  
164.414501  
153.3096653  
160.7776583  
73.82439115  
589.1865578  
51.27999748  
243.8941641  
160.5630243  
129.5329103  
219.8077283  
775.1044528  
274.2350637  
56.44322751  
