1608.405356  
757.1679654  
1083.851175  
234.6961521  
699.7630007  
2986.011524  
115.2595422  
1533.769879  
6.296956688  
225.983827  
3177.064273  
729.5093271  
118.7692573  
680.3440991  
222.2893987  
234.9540955  
12.27143613  
353.2192099  
1209.944514  
181.0221842  
1364.999351  
15.22963039  
1154.985828  
102.6910351  
815.9025382  
234.5529986  
132.8747694  
114.9478377  
195.8248786  
31.26975056  
214.3112772  
51.49883397  
963.446415  
746.6122086  
77.50036177  
53.60168696  
105.6692326  
47.84703618  
112.3597667  
102.7666984  
64.27531737  
106.4407118  
114.9808823  
595.1208135  
231.6191635  
92.09447293  
28.01602224  
211.6246489  
79.30019861  
41.76741871  
137.8787109  
565.0486081  
0.9062721387  
32.50301813  
40.99927143  
53.05383184  
15.24940715  
87.34474568  
27.05559179  
2.85422483  
43.49379271  
43.41704634  
178.8050004  
91.80974161  
47.29806112  
52.29034402  
43.05300013  
89.00291523  
7.099094587  
50.23225145  
12.80312235  
34.63316273  
8.993118868  
30.41611552  
16.48223187  
32.32242249  
15.28089992  
21.70389411  
63.12651159  
6.433779459  
14.92859951  
66.80693612  
11.64049919  
48.22555593  
85.55428913  
61.41223221  
1.680829251  
55.94218972  
64.55415508  
15.61808715  
240.6139904  
8.870354968  
61.34819529  
19.22364499  
14.2042601  
14.0954015  
70.84028959  
5.834313147  
151.0027554  
100.4370081  
51.31492376  
18.33640307  
73.50465188  
73.87679445  
47.53673828  
131.2597838  
42.30216967  
31.502641  
71.71939581  
102.324327  
78.43132973  
76.31794647  
68.36471691  
42.71104419  
87.36687106  
18.99211627  
101.9489673  
35.91661312  
174.4197292  
25.40820645  
