4122.792444  
1342.564451  
2721.44143  
1261.374816  
1202.164296  
1180.37022  
1187.695435  
1503.365694  
539.1119168  
386.0529669  
223.37514  
2195.646544  
74.06735171  
1418.738277  
597.9774969  
458.8672503  
18.45058293  
298.6083749  
495.6744376  
387.4644825  
100.9881369  
249.6997133  
80.15863886  
171.1967456  
212.6012688  
1105.911187  
133.6882056  
112.5689454  
32.65828015  
20.55214933  
100.2756248  
638.1255497  
623.3680291  
30.94503457  
45.73229184  
182.9654711  
22.82498758  
1.584738872  
161.2858623  
156.9424168  
56.5386829  
194.3720707  
103.2370008  
329.6619151  
12.82577729  
270.2965447  
122.9463701  
7.466463315  
10.85931355  
63.3368611  
42.84544605  
37.3590524  
80.02710977  
55.04765412  
263.7058063  
77.86139206  
47.85074448  
14.08027419  
18.02567389  
6.486987375  
49.71163625  
55.08582009  
20.81346423  
7.383019825  
94.15165683  
20.9977115  
11.92645107  
7.103852217  
29.35290216  
16.75228188  
54.30937364  
23.57016066  
10.10336963  
52.79085781  
9.982914028  
2.998797804  
2.075410671  
6.319966241  
3.688228751  
3.385187614  
7.349185522  
5.474130852  
8.950314289  
13.60343293  
18.15800174  
1.968118742  
25.57335172  
7.794978407  
7.751633373  
6.400885758  
16.44901523  
1.015814475  
3.793147069  
16.92733907  
0.9276826158  
1.856317491  
6.955723771  
5.571787578  
0.4816557125  
45.52359635  
5.826911409  
4.191231733  
1.483041927  
64.94886229  
30.47201064  
8.769519804  
1.246355053  
7.383196035  
0.9067439112  
4.362393015  
69.67232703  
0.1930618719  
22.13217791  
22.1404972  
41.97058812  
11.57988014  
32.36330805  
16.34069577  
33.01311455  
2.53376633  
