3119.54731  
21.91224657  
1238.06323  
398.0923257  
6614.05704  
2212.230674  
753.0768252  
758.0800755  
808.7143872  
1630.321803  
59.42636524  
1142.583121  
1363.337135  
623.8343408  
20.17565892  
571.659648  
10.29856617  
813.7037714  
45.15855371  
34.82364018  
207.9014924  
305.3091563  
79.98133052  
146.232837  
325.2781552  
211.8443641  
181.8894769  
130.5412964  
404.1928649  
368.2461587  
328.0581803  
78.76335641  
323.9573763  
169.5144499  
35.90250845  
59.08816934  
59.71892728  
8.317424471  
120.7687429  
11.11250051  
22.42058741  
177.38107  
21.95200507  
76.87578514  
204.5376732  
301.3279364  
165.1118303  
75.1373048  
5.929557263  
50.85136899  
50.51373062  
16.32858036  
13.05286693  
162.2700544  
100.4928281  
63.49625448  
75.33648358  
94.52850058  
5.319797738  
3.058315349  
26.70091658  
42.49455885  
33.57480881  
35.95389429  
7.909786816  
5.061801693  
5.175796255  
25.34323525  
14.22835835  
4.47877337  
9.408534262  
1.314412968  
5.93635903  
47.61086646  
17.76348124  
6.408429234  
4.541099125  
12.80790771  
44.92262846  
29.94542034  
6.866918057  
23.40146184  
7.542380234  
2.486972771  
22.20078983  
19.43646024  
32.87322645  
4.10654975  
1.833457108  
23.67256303  
10.80924606  
3.383062335  
4.12773128  
22.90721673  
1.908649715  
6.884911146  
27.983832  
5.175496361  
5.447209833  
71.48419128  
8.471001982  
2.152840523  
13.19319047  
39.07637673  
13.13494326  
61.01702071  
0.339734846  
0.3311063133  
16.68669473  
23.11087138  
5.613668996  
94.43349108  
14.7944658  
1.793740498  
43.12064135  
50.47606883  
13.90718184  
21.6230673  
80.4351032  
17.07475419  
