911.0195751  
212.8900098  
29.80463958  
1640.29953  
879.0997622  
919.0140186  
32.96272283  
1382.403512  
12.62455952  
266.4426  
1912.438963  
1555.661211  
7.850310491  
1956.858084  
348.6337735  
889.6619608  
404.3598904  
133.0563781  
392.6078198  
553.7039563  
721.2489014  
332.8105786  
390.8869147  
184.1690899  
515.4301235  
54.66328578  
50.9684957  
786.6580119  
232.1082933  
199.5448987  
665.8470202  
34.02256753  
783.0090017  
929.4696208  
595.2461586  
378.7135268  
310.2508684  
89.34471183  
177.4935648  
216.978655  
424.1913276  
66.29178744  
45.80161368  
140.9925164  
36.88078891  
105.5798919  
69.43723608  
162.8991494  
45.71351348  
64.2897007  
83.73494545  
51.46923063  
131.8830581  
70.61369202  
286.3753615  
322.5080341  
235.8751122  
68.04330379  
104.6315814  
155.3911549  
80.63569615  
2.228480108  
47.54413062  
2.624708879  
131.4748722  
100.9949244  
89.03180112  
17.82688709  
214.9218075  
1.055985813  
37.48626211  
113.3096262  
103.3478904  
57.95969624  
40.91301392  
108.6775674  
46.98388959  
114.1839303  
34.08403987  
16.70164649  
1.255425269  
215.1454543  
51.49165939  
31.11838368  
80.58091781  
8.676899698  
110.3524165  
98.14647606  
107.5955075  
16.41720855  
40.28172247  
27.84503621  
13.18494188  
45.60802347  
9.300613133  
18.79175849  
54.25622242  
5.124055831  
58.29394369  
9.993379992  
73.97825909  
15.99911562  
133.6500414  
384.146995  
128.6120974  
98.06270697  
34.9409639  
10.00276923  
39.22451758  
74.78475733  
37.48853806  
178.5592646  
16.11407563  
26.11354943  
89.74571477  
24.99004327  
97.12575487  
10.00227546  
75.75669407  
4.788795755  
