23524.56269  
1001.448525  
468.8357612  
1291.748989  
756.8952981  
20.1228102  
296.239679  
230.0800921  
65.65921049  
19.28403814  
27.34477081  
165.0724856  
187.082776  
115.990155  
17.33091513  
6.564667955  
4.594066094  
8.021548402  
12.29248586  
5.186612638  
31.73961418  
42.19793276  
20.58240089  
2.810125785  
5.243995752  
9.308595793  
3.532942061  
11.92851748  
0.418727022  
1.859759379  
18.60598668  
4.69716917  
7.503015743  
24.72868254  
1.141666009  
4.939708491  
0.06387725118  
0.4022658378  
4.625371046  
1.973424523  
13.40487567  
3.81570962  
8.121972371  
1.847808882  
7.707693952  
5.144649381  
1.825447839  
2.745313262  
8.17042503  
3.023518506  
2.336368572  
0.06757972824  
3.401819009  
5.2616406  
1.048056871  
1.962721127  
4.234449114  
0.5412514236  
2.913325925  
3.589329244  
0.04046143989  
1.84910287  
0.4015432735  
0.05393785059  
0.125826398  
3.056448566  
5.75684054  
3.223152753  
1.164372942  
2.172300841  
0.723573962  
1.754453719  
0.05749946021  
2.334255059  
3.325966891  
2.202503035  
0.324150638  
3.02280268  
2.784585121  
1.042275048  
0.1858737111  
0.3939285742  
3.575916032  
0.7417048918  
1.717169013  
0.1211382495  
0.2819458272  
1.27517533  
0.612580386  
0.2263237485  
1.782579605  
3.115053454  
0.3907649871  
0.5446541413  
0.2678067545  
1.031212172  
2.3276011  
0.7329523574  
6.976407053  
6.812625901  
4.869274493  
3.031199286  
3.337074526  
2.840099645  
5.982518194  
0.9967204327  
4.068361007  
1.785573124  
6.81575761  
1.511249594  
3.050227607  
9.878352661  
24.69350215  
0.4252375687  
6.347496559  
5.136681401  
3.29966427  
2.486316258  
11.29304316  
11.59373886  
