616.5924273  
1979.48987  
1240.612664  
1421.614884  
286.9555811  
117.8340668  
414.684349  
208.9999476  
173.053869  
39.51628414  
896.8620301  
322.7964149  
863.2298304  
931.3738448  
189.1536911  
2194.37456  
961.4173354  
155.19158  
81.41893397  
3.901445938  
560.8399176  
475.9371291  
234.5128234  
28.64960017  
322.089175  
344.5306195  
46.75863006  
109.5883395  
181.4036978  
296.1709821  
531.7487914  
391.2974028  
402.6111441  
50.43024789  
532.5850027  
17.5255429  
242.9416718  
11.1655687  
5.306644175  
462.1463533  
17.43340386  
74.23403698  
67.31438028  
289.0152617  
148.3684472  
219.7344958  
470.0539619  
30.53641224  
69.5097893  
159.1868707  
73.58585792  
250.4815841  
37.84191927  
50.34874124  
164.2418476  
134.8820078  
154.9084084  
127.1271352  
42.810629  
37.56320862  
25.37242688  
59.71811509  
12.14115006  
10.87501787  
110.18272  
5.980802804  
12.13398071  
73.60467635  
12.46718874  
23.8035117  
40.56603642  
42.69573766  
48.29665661  
19.76123726  
20.0509147  
125.7145856  
83.97765152  
9.82808709  
93.97078308  
91.39927175  
18.39328929  
89.89261816  
77.86339266  
375.8534292  
189.2008181  
9.603384124  
130.6235457  
177.4889101  
47.5589029  
32.61515639  
25.28882945  
228.9000922  
56.39338253  
33.24850795  
23.85323896  
55.39158483  
104.2514612  
5.606312238  
36.08049511  
146.1241854  
39.1427228  
48.24829526  
30.87094225  
602.5163948  
363.3685302  
518.9967783  
6.152064919  
9.57254415  
38.97070623  
276.7402845  
54.18207451  
410.9035092  
168.4753319  
375.2240523  
516.2459493  
650.532887  
372.717949  
233.8420013  
109.805717  
200.4557683  
