5170.82657  
2585.287586  
3690.954791  
4528.794711  
2881.789806  
2806.155776  
465.3887028  
2093.087365  
449.1664935  
243.9888645  
38.88176677  
58.46833765  
11.81702829  
185.1531248  
149.2914778  
208.8088231  
249.0236659  
142.071644  
279.9028114  
137.0450801  
142.5245283  
50.74324173  
21.07747198  
86.36514718  
81.88380563  
25.41531932  
81.73827428  
52.91755076  
68.92706195  
42.70463769  
13.22484061  
25.26448662  
33.84753985  
58.55607867  
6.411625604  
52.65009033  
41.28827928  
39.09563028  
13.86195146  
56.38812645  
76.82874996  
9.170191138  
9.70349016  
40.50566478  
45.48824878  
4.250353689  
9.227652057  
3.03215631  
8.269145592  
29.01260492  
32.71363139  
46.335677  
89.71073823  
19.59936338  
1.803307251  
39.09503493  
21.01337931  
2.434752563  
11.86678168  
7.569936748  
13.45207515  
21.4673873  
37.98855389  
6.580394627  
14.09795345  
4.786472409  
15.10590791  
26.12741982  
1.957004414  
4.084543864  
5.863152951  
19.31217289  
36.68004982  
2.853613595  
7.905094853  
22.38793073  
19.00061795  
9.256720725  
2.241375704  
5.681752013  
25.46045446  
3.345162179  
2.576218804  
0.6949116052  
22.36839854  
16.07010848  
9.806657389  
20.45929579  
15.78574271  
13.77733775  
16.84231392  
15.82813013  
6.437876173  
15.48897851  
3.68489021  
3.425748548  
7.504018983  
8.428975832  
9.14479039  
17.683071  
6.082718864  
2.078998826  
18.64923606  
7.54024035  
3.863135802  
12.61578474  
4.912239886  
43.00050742  
8.368722028  
20.35512847  
17.01716119  
66.84975692  
15.34681211  
1.573586038  
24.84797397  
6.901183586  
6.873512603  
3.730886979  
12.36934543  
13.91764124  
