18442.79555  
2880.15575  
1258.496415  
749.738171  
576.9524294  
12.12470137  
144.0471847  
169.5254456  
65.88233021  
114.6990984  
273.39884  
74.70574628  
75.54538859  
146.1439161  
43.12772426  
5.146838814  
73.34502374  
1.258622382  
24.51507718  
93.64353329  
21.77919411  
175.4641568  
130.1056659  
11.75373154  
51.27611213  
4.887851864  
53.07442862  
4.781725368  
7.16237636  
20.58907143  
2.928095223  
7.435052556  
36.23942637  
7.000315859  
17.03051852  
29.91685614  
47.13910475  
18.81469682  
23.32726849  
14.75964237  
47.05491763  
32.7699429  
6.206702915  
8.611093516  
47.9941167  
7.577410759  
0.7151867115  
14.2048337  
18.74437398  
10.27792214  
6.565192855  
135.8623973  
1.830548023  
8.947991403  
1.583653209  
21.73224347  
3.959041265  
8.116854515  
22.96765273  
9.245563123  
8.207587268  
0.9855104368  
21.63184646  
18.02200699  
5.855952756  
18.92160093  
0.7556873464  
9.078635056  
11.81078106  
0.08739458228  
2.653287354  
14.2837452  
0.06965622519  
36.49712877  
19.55805096  
6.950238775  
1.714519438  
6.682950834  
3.262529373  
0.9275966982  
13.5776905  
26.23013212  
1.666686637  
2.822392009  
6.349762098  
1.169302605  
10.83733633  
15.30556747  
4.550871568  
22.75552649  
96.15314633  
0.8173027997  
3.427886726  
9.074597931  
3.66068346  
7.939099468  
71.72657962  
3.860007003  
64.18204102  
116.5455254  
15.58961488  
13.55813853  
82.67594453  
92.00935721  
74.88759629  
188.6496857  
50.88857971  
55.48590797  
56.88516353  
68.92729955  
46.80422472  
242.7147208  
50.22865896  
74.13578068  
101.9526393  
71.56032272  
67.68446181  
38.85939463  
277.7467983  
24.93230109  
