20343.04996  
3527.574989  
754.755095  
760.2861584  
974.9709748  
80.05424093  
90.00513668  
174.7208711  
103.3602942  
36.00500015  
0.432689595  
57.82824473  
10.4375622  
123.9218231  
85.13831372  
28.21386893  
65.66408431  
22.4970892  
54.54797555  
67.02990152  
8.205117163  
25.91637029  
41.91562913  
40.23713087  
16.52860592  
54.12400918  
36.31081263  
16.80254187  
18.88585234  
0.4686444818  
1.26433892  
0.7078967648  
19.94848535  
7.413830469  
27.18406907  
8.686074219  
25.6263526  
6.078171625  
3.031005718  
8.399559847  
10.71066478  
6.288986255  
8.330069679  
7.945396421  
6.210415731  
1.009947198  
0.1059832531  
4.748624574  
0.03241744316  
1.125414308  
4.182866784  
3.503865057  
9.711035635  
4.320316679  
4.596169164  
3.83898002  
5.306293797  
6.90482529  
2.639117554  
2.100817176  
13.36160156  
22.94461775  
1.658998638  
11.6265939  
19.04756756  
0.4034302357  
5.614661034  
2.728977681  
2.508236865  
6.399962345  
2.331849923  
2.922035417  
2.359073802  
1.32279276  
1.344204106  
0.4203796891  
2.422075463  
4.361254455  
0.4056578658  
3.23629921  
0.5845358493  
9.590962871  
4.866194854  
9.337468808  
1.795073381  
11.55240372  
1.057435913  
1.123126142  
3.29410481  
5.80615258  
9.7963848  
1.182598831  
5.081872232  
2.658555113  
15.07326002  
1.553136215  
0.5061643187  
0.08805205426  
1.772311796  
53.88069506  
10.50825072  
4.264582291  
22.37000882  
36.03549196  
31.62897526  
50.78467377  
10.36518284  
11.29146913  
8.129349466  
47.10290268  
23.98454811  
46.04591662  
60.27131707  
12.17635065  
37.43091406  
8.676649177  
14.05750043  
76.30339683  
90.5654088  
16.29074765  
