17716.71228  
3582.689937  
1835.913229  
1671.773916  
411.248732  
417.4400107  
693.632541  
441.7765182  
17.67571122  
210.9191484  
35.78471078  
129.4820132  
278.2694583  
30.18249176  
40.11507608  
86.41593424  
71.98171828  
20.1541329  
36.57643819  
15.28558236  
27.58582997  
3.176235833  
35.16811984  
2.097358713  
21.90062766  
13.43823393  
23.0432098  
37.01630223  
29.26450915  
41.26503821  
10.07303195  
18.49182186  
10.92282094  
42.80303181  
40.31682077  
40.686851  
0.626934284  
35.14295743  
0.2253414404  
24.62377127  
11.26460153  
16.67649864  
24.69466934  
13.19808019  
9.348507959  
1.45947931  
24.90651101  
42.46612236  
4.147410951  
7.422244645  
20.5690103  
17.59757234  
0.2057360345  
20.43681208  
6.634512522  
5.335703412  
25.65040279  
13.12613925  
1.978184387  
3.004469971  
5.666610706  
0.412901033  
3.797460957  
3.850702049  
8.794444752  
1.554429453  
5.740441448  
1.131076819  
3.600981469  
4.841200914  
0.1609772296  
0.4145795676  
0.03241176232  
1.951769137  
5.254954299  
3.784141634  
1.78898851  
6.155639303  
2.28451632  
4.305654798  
3.482684152  
4.000541607  
1.189733288  
5.326518976  
0.1113054486  
0.6165241214  
0.2036234863  
2.851399731  
1.977494806  
0.1174330337  
3.301836657  
2.21972456  
0.9275126857  
0.6866146234  
1.197908434  
1.183033235  
0.5363561147  
1.032679062  
1.656596286  
19.50568056  
6.357926672  
5.993586112  
3.697445449  
6.291574357  
2.407631546  
0.1036735068  
0.8826532158  
0.2416260484  
3.47705974  
0.3422084782  
2.245337024  
3.646028379  
7.954006494  
11.19961454  
2.692102176  
12.38568824  
10.59893793  
1.316335073  
7.25110142  
2.490569924  
