1.778954405  
1.732466693  
1.672008058  
1.707065268  
1.691881756  
1.608363498  
1.632965649  
1.696738691  
1.640611909  
1.667800868  
1.697871042  
1.657972321  
1.575218385  
1.527236179  
1.436928388  
1.504686644  
1.566637694  
1.483357298  
1.590110675  
1.486262857  
1.628450011  
1.547933948  
1.590084228  
1.398319814  
1.462833201  
1.338096531  
1.456346287  
1.28380951  
1.433313183  
1.180444405  
1.484592697  
1.252608251  
1.468121732  
1.190163137  
1.396348072  
1.142888455  
1.235987598  
1.270821723  
1.101735752  
1.226041804  
0.9310122065  
1.076773726  
0.870356598  
1.241662454  
1.106813851  
1.162608672  
1.034297468  
1.297024961  
1.208305566  
1.210738867  
1.043326784  
1.09118054  
1.139943316  
1.106754485  
1.276778354  
1.124394482  
1.162610378  
1.156807724  
1.090207059  
1.044647497  
0.9816038784  
1.019578603  
1.076679031  
0.9431859069  
1.133714094  
1.013172353  
1.167309441  
0.9276423883  
0.9867672053  
1.012348244  
1.006853856  
1.052027011  
1.064674768  
1.108009939  
1.084476449  
0.9285927176  
0.8079636094  
0.7128590902  
0.8413947188  
0.6374823713  
0.858833204  
0.4963882236  
0.7136837032  
0.3623218381  
0.3898169143  
0.203005677  
0.4520856134  
0.3757264874  
0.2410624034  
0.06894135423  
-0.01641403202  
-0.02358810706  
-0.1516018719  
0.01379327717  
-0.02438225819  
0.3099932152  
0.03797163965  
0.2731888964  
0.2174925838  
0.3169958927  
0.1229838509  
0.06773009837  
-0.0001281519104  
0.124877915  
0.128354745  
0.1673972136  
0.2221110969  
0.1601050679  
0.2446092552  
0.1466197264  
0.2751565092  
0.1552884673  
0.2283193584  
0.02758036751  
0.250999488  
-0.05173459117  
-0.02315899959  
-0.2054153617  
-0.1311426751  
-0.2678793926  
-0.2755942218  
-0.2537214917  
-0.6626614564  
-0.3046980604  
-0.7670758576  
-0.4313592326  
-0.9172410328  
-0.7928837051  
-0.4707749841  
-0.7956039064  
-0.7730930705  
-1.104234469  
-0.8746675576  
-1.040769693  
-1.004744107  
-1.003131735  
-0.9271107069  
-1.014521919  
-0.9267039254  
-0.874926598  
-0.8992589797  
-0.8139795472  
-1.170906828  
-0.8659872411  
-0.9908821523  
-0.8612274514  
-1.069591028  
-0.8309303708  
-1.142048211  
-0.7951028235  
-1.011168371  
-0.7642007344  
-1.049254664  
-0.8911444762  
-1.19118679  
-0.7111441734  
-1.055498035  
-0.7710786759  
-1.078032162  
-0.6347530117  
-0.8903437645  
-0.6169453084  
-0.7428553321  
-0.6471615651  
-0.8317106882  
-0.8516486032  
-0.9769345854  
-0.8490980409  
-0.8320501637  
-0.8484328996  
-0.8226582905  
-0.9686275295  
-0.9321384766  
-0.885839638  
-0.7769409531  
-0.8501022009  
-0.7699382778  
-0.9326014918  
-0.7603343269  
-0.8479151159  
-1.089878811  
-0.9111404785  
-1.1117406  
-0.816243242  
-1.157052935  
-0.8517259802  
-0.9651869649  
-0.8987199227  
-0.9986053466  
-1.041148002  
-1.179363424  
-0.9878251068  
-1.098271175  
-0.9411953562  
-1.210799715  
-0.9204642457  
-1.060602661  
-0.9721587119  
-0.9992560762  
-1.12673167  
-0.9179857484  
-1.279948131  
-1.043766202  
-1.302602429  
-1.088192179  
-1.097392273  
-1.250708562  
-1.01640855  
-1.185102557  
-1.018447168  
-1.10795276  
-0.9525039673  
-0.9800327396  
-0.6720526935  
-0.7456227643  
-0.5134501385  
-0.852372284  
-0.730032256  
-0.9018955439  
-0.5667227067  
-0.7041567293  
-0.9038520659  
-1.052544802  
-0.9056362009  
-0.9026458768  
-0.8200389508  
-0.9496082394  
-0.9133379822  
-0.9483589276  
-0.8425943375  
-0.8965351536  
-0.8691626465  
-0.8858504744  
-0.9194819401  
-0.9442732724  
-0.952318094  
-0.8929167072  
-0.9140056689  
-0.8353530112  
-1.023504053  
