-1.137724971  
-1.074991493  
-1.498543124  
-1.571779308  
-1.140317871  
-1.247383193  
-1.114803118  
-0.7498624152  
-0.7787910437  
-0.9037129206  
-1.050531493  
-1.303331457  
-1.438811994  
-0.6942687463  
-0.8045287609  
-1.234080404  
-1.382004321  
-1.509191526  
-0.9383909567  
-1.260727971  
-1.166124072  
-1.260168052  
-1.123901228  
-1.016745746  
-1.097027982  
-1.079545453  
-1.011094747  
-1.526244978  
-1.513810001  
-1.410123577  
-1.151343579  
-1.400042702  
-1.115865929  
-0.45709909  
-0.5377303582  
-0.4786006409  
-0.822365391  
-0.751580714  
-1.311694914  
-1.31143402  
-1.020704659  
-0.9954114801  
-1.662762537  
-0.8544099959  
-0.8960547034  
-0.5303034006  
-0.7167555566  
0.04458183007  
0.6080178628  
-0.1148882431  
-0.6337613053  
-1.217092905  
-1.514113933  
-1.664385372  
-1.128577053  
-0.7842117191  
-0.9861479437  
-1.306226441  
-0.9420768436  
-0.4786028501  
-0.3789739458  
-0.1298754259  
-0.1390359307  
-0.6173595013  
-0.4872972265  
-0.1799475985  
0.05012228541  
-0.3972335067  
0.1682123771  
-0.1377156966  
-0.2405378769  
-0.0708557295  
0.3439340032  
0.1281945189  
0.01220372249  
-0.4487106028  
-0.4068712633  
-0.5397406195  
-0.530225883  
-0.06395373561  
-0.1094700999  
-0.1111938656  
-0.06459826612  
0.1711687546  
-0.1320795262  
0.1339868891  
-0.09391814304  
0.1762422577  
-0.0004636171498  
0.09044059609  
-0.4455645301  
-0.1451862255  
-0.6471514312  
-0.3618388468  
-0.4854130256  
-0.1531148591  
-0.3999080175  
0.2296814697  
-0.3133104174  
0.7578797128  
1.070679134  
-0.02969440095  
-0.1239765949  
-0.2685005145  
-0.4359254957  
-0.1772869207  
0.1899518631  
0.3928237114  
0.5254862934  
-0.09621107051  
0.4377554074  
0.489345239  
0.6963996504  
0.4724260086  
0.2297743349  
0.4243447917  
-0.0007817009582  
0.5018243608  
0.04684569069  
0.452495317  
-0.0483256332  
0.6686330627  
0.7340340381  
0.8832529654  
0.8485360093  
0.7290194051  
1.237843022  
1.260377069  
1.862375599  
1.478737298  
1.020344406  
1.471825124  
1.289078255  
1.310544755  
0.7268252051  
0.9805297569  
0.9632419418  
1.105845471  
0.5778634075  
1.146195046  
0.8166766608  
1.073960377  
0.4616523965  
0.9175840099  
0.8364528654  
0.5232143837  
0.7885877502  
1.102348632  
0.7747346991  
1.032242817  
1.103687815  
1.414939314  
1.390833288  
2.106218955  
2.164342469  
1.875604125  
1.727892986  
1.478334749  
1.517513907  
1.434691644  
2.454041264  
2.4300742  
2.810585594  
2.015057543  
0.9715115185  
0.2200136356  
-0.1167175537  
-0.2625563466  
0.1856502874  
-0.07168929936  
0.2372771713  
0.3298177459  
0.9573296901  
0.9968847322  
1.129697879  
0.9341913684  
0.8512346824  
1.452336388  
1.479986054  
1.493902519  
0.9248469465  
0.8673074122  
0.5225471362  
0.9949568012  
1.532420888  
1.961666122  
1.968768997  
1.546431167  
1.388975451  
0.5978382115  
0.1965709556  
0.3328077171  
0.2233885224  
0.1848548711  
0.2664889905  
0.3556096092  
0.8067122203  
0.8301948486  
1.189041915  
0.4836386102  
-0.01831658594  
-0.1792244762  
-0.4280387327  
-0.2800104604  
-0.6127690896  
0.187606054  
-0.1984432065  
0.01297394748  
-0.1309911626  
-0.08914138279  
-0.6944442709  
-0.3037481259  
-0.1088826589  
0.3044406048  
0.3882054933  
1.104911793  
1.184371889  
1.161596795  
0.4696441968  
1.351795315  
-0.2621637617  
-1.699297948  
-1.928634007  
-1.30451879  
-1.238487821  
-2.168696906  
-1.996370401  
-1.822227302  
-1.677202895  
-1.681420708  
-1.238854543  
-1.596786266  
-0.6843607797  
-0.8654578513  
-0.8426105675  
-0.7608237865  
-0.5501877167  
-0.3641664238  
-0.2024858014  
-0.3568569436  
