-0.3301136679  
-0.8863362594  
-0.6058387  
-0.9609658283  
-0.9075938623  
-0.5515358674  
-0.4240053929  
-0.9022835558  
-1.134375315  
-1.210377312  
-1.092021522  
-1.085723116  
-0.1356467733  
-1.05645366  
-0.2392060308  
-0.8401893634  
-0.1162324076  
-0.8806746009  
-1.210643159  
-1.342335107  
-0.8859824003  
-1.057615962  
0.2634784456  
-0.6497507443  
-0.3621591359  
-0.05829747501  
-0.7370135427  
-0.9223770865  
-0.5337218246  
-0.3528878616  
-1.096302223  
-0.8227990011  
-0.5048568638  
-0.8486501724  
0.3388070248  
0.01687142506  
-0.7688468824  
0.5656679251  
-1.286682556  
0.2501245691  
-0.229435076  
-0.3683858266  
-0.1178038496  
-0.7132771233  
-0.8151694467  
-0.6140806093  
-1.4342246  
-0.4265757745  
-0.9027776331  
-0.9744469171  
-0.5738829604  
-0.9544865282  
-1.242886217  
-1.078137438  
-1.352046806  
-1.103112196  
-1.355243047  
-0.6201746478  
-1.734919536  
0.2333656129  
0.3203073558  
-0.3635758596  
-0.6174212162  
-0.09042361202  
-0.5260796456  
-0.1301555096  
-0.7660886434  
-0.5414131273  
-0.6039359197  
-0.3532903249  
-0.7570475615  
-0.5257954212  
-1.27906933  
-0.9049269113  
-0.5997810822  
-1.164637935  
-0.2329594736  
-0.8923457118  
0.2492497051  
-0.933498699  
0.6768885732  
-1.240042701  
0.669848603  
-0.2942710871  
0.005289745549  
0.5188684044  
-0.4143037916  
-0.6427463561  
-0.01074834037  
0.6883891501  
1.534625397  
1.684429189  
0.4847624688  
0.9566077578  
1.056243802  
0.3149291085  
0.779466945  
-0.04800140195  
0.1870185253  
0.8869435596  
1.106629273  
1.466911819  
0.9723107887  
0.006768228554  
0.2962273092  
0.4158409494  
0.6936454762  
0.642749564  
0.08875017914  
0.1295494458  
0.1934894915  
0.05063758328  
1.655455024  
1.013234774  
1.411194376  
-0.6813286628  
1.251835065  
0.1437270461  
0.9010526211  
1.159125087  
0.6925228096  
1.718034683  
0.9515804796  
2.091370982  
1.008580441  
2.019995524  
0.9041574287  
0.8567636921  
2.706551402  
0.2385257334  
1.34655862  
0.3343924361  
0.6851477805  
0.8488412962  
0.2919250854  
1.06998963  
0.3349199524  
1.068979899  
0.1352179025  
0.6180526467  
0.867736339  
1.443541988  
0.1482657233  
1.70685561  
0.4017353829  
2.246080215  
0.1555646299  
1.366921692  
0.9468231089  
2.818220478  
0.872964044  
1.305017336  
-0.1638917818  
2.188735151  
0.566068656  
2.599541308  
0.7001736414  
2.264085908  
0.542318463  
1.664103588  
0.4361182883  
0.7337351496  
0.1725158239  
1.012142021  
0.6558449438  
0.6046792909  
0.2662051775  
0.2034836806  
0.5258629074  
0.2644186397  
0.5294564916  
0.4401644997  
0.419064525  
0.5854844459  
0.2891820394  
-0.8354143937  
0.2073595705  
-0.1126857046  
-0.3679797477  
0.9297778737  
-0.1324736516  
1.015010765  
-0.3930554215  
1.433408257  
0.2276342364  
0.2049343686  
-0.4762645212  
0.461563047  
-0.140196322  
0.4587956602  
0.1057090486  
0.9349490104  
0.7427654639  
0.6099753809  
1.021469131  
0.8109945263  
0.5508288737  
-0.9491262075  
1.067475876  
-0.7669402175  
2.381720148  
-0.07789515011  
1.146305728  
0.06593628936  
0.8436678965  
1.246518866  
0.3068976776  
2.238503247  
1.067830485  
0.6932673372  
0.00155687608  
-0.70513366  
-0.5862786188  
-0.6939881099  
-0.9888671796  
-1.19874565  
-1.590400823  
-1.659822697  
0.1917887807  
-1.381765422  
-0.7824995784  
-0.6119364541  
-0.8047223752  
-1.405592457  
-1.482102473  
-1.587501706  
-1.573098222  
-1.607164414  
-1.725462997  
-1.646043205  
-1.964067248  
-1.436068843  
-1.636271588  
-1.566357882  
-1.490873468  
-1.682062081  
-1.287860214  
-1.19833708  
-0.7856508023  
-1.593133266  
