-1.186818928  
-1.733867719  
-1.427599272  
-1.223278593  
-1.94272863  
-1.59576028  
-1.800908189  
-1.94684465  
-1.988044293  
-1.934126935  
-1.820630848  
-1.457659348  
-1.084952437  
-1.312040397  
-1.789353826  
-1.260330512  
-1.439946732  
-1.864191719  
-2.147092855  
-1.975020747  
-2.038628219  
-1.636852779  
-1.027787363  
-1.115213442  
-1.02545966  
-1.102306826  
-1.316001782  
-1.718842774  
-0.9213161781  
-1.109327451  
-1.409098098  
-1.268020962  
-0.7496027809  
-1.174777321  
-0.02349139744  
-1.477330297  
-0.1148091566  
-1.784177715  
-1.120379628  
-0.5162932984  
-1.189542259  
-1.602989034  
-0.6582010811  
0.1508207991  
0.2229024099  
-1.915662052  
-0.3602255748  
0.2411580173  
-1.206981889  
0.06995855158  
-1.852454847  
-1.213768421  
-0.4801950771  
-0.5086515912  
-1.010482925  
-1.602206455  
-0.5765201278  
0.275099804  
0.1347652007  
-0.4717225068  
-1.368209165  
-0.2304130276  
-1.323161611  
-0.03642634405  
-0.7106017949  
-0.2509704437  
-0.7500736556  
-1.111429602  
-0.2085690025  
0.3232190704  
-0.6873457453  
-0.2260440556  
-0.5664550917  
0.61048771  
-0.4721439555  
0.396851464  
-1.026821165  
0.3466699492  
0.4868231934  
-0.1599230642  
0.2557986536  
-0.6305194752  
1.46847904  
0.2716167784  
1.265666018  
0.1480784732  
0.4971823437  
-0.06876158107  
0.7643176938  
-0.2720170947  
0.6132976406  
-0.9783026402  
0.07765161313  
0.2506745523  
1.112940019  
0.8259888921  
-0.1936298938  
-0.3158713519  
1.364503646  
0.5464517796  
-0.1424554924  
-0.281869155  
-0.09306659786  
0.2470611308  
0.4647287877  
1.029365248  
-0.1771601034  
-0.00387930676  
-0.02999120615  
0.375179374  
0.2915821609  
0.3846611961  
0.6676590751  
0.4315619799  
0.6156592698  
-0.3699020501  
1.846177493  
0.30480573  
0.7905761955  
0.5715933037  
2.392603975  
-0.2874857468  
1.094320422  
-0.5621884797  
0.9634219063  
1.417949001  
-0.0205316272  
1.460483923  
1.180766319  
0.02128849466  
1.098165992  
-0.03826504199  
0.7322776393  
-0.8150724884  
0.502936832  
0.9752257394  
1.770758848  
0.4466494114  
1.27737339  
0.04177424321  
1.511966824  
-0.9957623527  
0.9157436798  
-0.07548217958  
1.116830879  
1.285883456  
0.3092472971  
0.3162624092  
0.86999461  
0.6286479695  
0.2285341697  
-0.05856898666  
0.7769709279  
0.4785968958  
0.5710465062  
0.459961021  
0.250613432  
1.810695996  
0.04691457303  
1.105812155  
0.0768097134  
1.046420768  
-0.4968874034  
0.9279027847  
-0.09852913219  
0.6991061606  
-0.7639282317  
1.176332782  
1.528185003  
1.546195313  
0.4254893422  
0.1903111322  
0.9962399957  
1.094852691  
0.3531237013  
0.1345324499  
1.573153121  
1.131942438  
1.082005466  
-0.4417672745  
0.06659785187  
0.5690271157  
2.203879479  
2.290029014  
0.2348663266  
1.374465231  
0.5572393092  
1.578534522  
0.9963930832  
1.343377642  
1.050226037  
1.737274149  
0.6165177154  
1.137115123  
-0.8643322125  
0.8292984187  
-0.8368525395  
1.168539925  
-1.047982952  
1.051009568  
0.1212072897  
0.4884555422  
0.4565428803  
-1.083771162  
1.858932824  
-1.132518813  
0.5880725095  
0.4987385805  
0.0839018715  
-0.082640238  
-0.125216963  
-0.4145739609  
-0.7900743483  
-0.6987181478  
-0.6401966153  
-0.07205211534  
-0.6206970807  
0.367811684  
0.3297103985  
1.213169937  
-0.2439069069  
-0.9697011395  
-0.8334017627  
1.048629482  
0.2910608996  
1.687055669  
0.3533405778  
0.5395760101  
0.5928602279  
0.9331721568  
0.6777847937  
0.7332720424  
0.04280501682  
0.2778913884  
-0.1420043827  
0.4040785294  
0.412741912  
1.089171351  
0.9443496797  
0.5465820168  
