-1.333250645  
-1.389881368  
-1.524247504  
-1.675478128  
-1.536252191  
-1.548470586  
-1.493260949  
-1.274132048  
-1.117246038  
-1.056537978  
-1.186695155  
-0.8271399852  
-0.8223731507  
0.7036901817  
1.337222527  
1.023234847  
0.8714464813  
1.171879525  
0.6241771765  
0.09487389903  
1.067617909  
1.652616581  
1.081136133  
1.454813624  
0.6600387616  
1.430132385  
0.582167737  
0.8821956923  
0.2685601918  
0.9779743827  
0.6104106456  
0.9242831934  
0.3140208892  
0.997525276  
1.075569668  
1.841900406  
1.368085278  
1.507630437  
0.4053607969  
-1.221552518  
-0.5664077403  
-0.7924021849  
-0.7998736127  
0.1964269402  
0.2505834499  
-1.097736279  
-0.3175970187  
0.5552752079  
1.334877352  
0.2192405624  
-0.7550236951  
-0.7360934971  
-0.9193354751  
-1.129407328  
-0.7910399689  
-0.7496139873  
-0.4598462966  
-0.22434808  
1.108216792  
0.5447874276  
-0.6906306117  
0.9405873304  
0.8526044282  
1.033627529  
0.8632858666  
-1.49251166  
-0.4480375903  
-0.747822882  
-0.2281351119  
0.7785147396  
0.8692138511  
1.334652069  
0.9734151931  
-0.6984735948  
-0.433748041  
-0.2499452879  
-0.9473892244  
0.01294221907  
0.4742280613  
1.320605003  
1.090423308  
-0.1918488074  
-0.9748878288  
1.150824643  
0.5983105507  
1.660450611  
0.634007787  
-1.050304339  
-0.2129730482  
-0.2520335753  
1.502127693  
0.5931457396  
-0.9841878294  
-1.359466088  
-1.488989084  
-1.228466788  
-1.224478719  
-1.1550275  
-0.40719065  
0.4725306058  
2.198854237  
1.647966402  
0.8232358171  
0.3383259013  
0.3845286484  
0.2074412869  
0.4937654817  
0.5728122557  
0.8253159454  
0.6548344548  
0.4078399771  
0.7311879735  
0.5359148938  
1.937728216  
1.054989753  
0.2406587429  
-1.645399221  
-0.8532919302  
-0.7030707727  
-0.7088825044  
0.6088836875  
-0.2049050831  
1.528868707  
-0.3377864171  
-1.311839121  
-1.416913962  
-1.071549746  
0.06561053341  
0.7696884821  
1.485297061  
-1.080957188  
-0.9858155101  
-0.8587690244  
-0.8853001114  
-0.718112991  
-0.8128553515  
0.6331257323  
0.1271961535  
0.5020091772  
-0.3551439176  
1.248887311  
0.3112127068  
-1.087191701  
-1.868560381  
-0.3902136527  
-0.583931675  
0.440596083  
-0.3989042641  
0.9775908116  
0.2218480146  
1.101084214  
0.1405741213  
-0.9930436977  
-2.263379664  
-1.015568697  
-2.237537366  
-1.318858421  
-2.063355816  
-1.508473434  
-2.041417586  
-1.485265696  
-1.355252668  
-1.088921376  
-1.286210748  
-0.9881270182  
-1.211727092  
-1.200947362  
-1.172939311  
-0.950409747  
0.1334145509  
0.1333285039  
0.2024267808  
0.5032952245  
1.348498643  
0.8697788252  
0.3200628202  
-1.791048757  
-1.232883837  
-0.8287576307  
-1.515530459  
-0.8710152307  
-2.027275219  
-0.6923292598  
-0.1175317773  
0.8119402065  
0.4135529814  
0.5742139972  
0.2563228849  
0.4781570257  
0.4595804146  
0.6426719825  
0.6374505871  
1.355352031  
1.144562279  
1.191135506  
1.059756787  
0.9836032633  
0.4937212  
-1.170491733  
-0.2382996597  
-1.868227089  
-0.7944569952  
-1.353045762  
-0.8498438583  
0.109358181  
0.08058706473  
0.8003640156  
0.3674366798  
1.502924318  
1.162623052  
0.6985523385  
0.08792037855  
0.0670227409  
-0.08999257234  
0.179868835  
-0.1620580273  
0.3705653181  
0.03965796999  
-1.109549733  
-0.05762555027  
-0.2382444587  
-0.6740230372  
-0.2827640282  
0.5896490731  
1.103789768  
0.8512727181  
0.4989146952  
0.8590088133  
1.027151214  
0.6270419526  
0.9532774331  
0.4483909073  
0.7415423079  
0.9907573497  
0.9572529365  
0.9241976336  
0.5871903436  
1.093098019  
1.312078912  
1.681952738  
