0.1007625508  
-0.8635878397  
-0.1926111337  
0.4046840599  
0.04191175524  
-1.355558449  
-0.906614653  
-1.244686591  
-1.380790415  
-0.7214200187  
-0.6499476605  
-0.6316608605  
-1.631641667  
-0.995848479  
-1.289269431  
-1.737906355  
-1.220503675  
-1.09754294  
-0.1860506205  
-0.6314833108  
0.2515956424  
0.4149986356  
0.3524238931  
0.1890525635  
0.4986291904  
0.4691865579  
0.153049648  
-0.2498080221  
0.0455720078  
0.2241992332  
0.6996041149  
-0.01652802026  
-0.4782123272  
-0.8251762262  
-0.4326282424  
-0.7232236326  
-1.326424481  
-0.7283931408  
-0.9763701078  
-0.7581172846  
-1.706887867  
-1.394450385  
-1.320364443  
-0.5901872263  
-1.186395584  
-1.693587307  
-1.647407095  
-0.3362428041  
-0.7887178442  
-2.27199622  
-1.957698163  
-1.374184203  
-0.5463972879  
-1.204386705  
-1.077956363  
-1.590315594  
-1.250521541  
-0.4423920027  
0.540544093  
0.2137731908  
0.7290073884  
1.060056523  
0.8843830097  
0.4591002397  
1.250557042  
0.7361013926  
0.6916017893  
0.4665817955  
1.070194288  
1.285440027  
0.6336871751  
-1.433955598  
-2.108194192  
-1.300510402  
-0.7450948266  
-0.7816472602  
-0.598432518  
-0.604112394  
-0.4418986266  
-0.5961315919  
-0.04408441311  
0.06782730007  
-0.1753673489  
0.1859788431  
0.1244844521  
0.202109416  
-0.3240703706  
-0.1617480674  
-1.522526234  
-0.6928185413  
-0.997848336  
-1.585431047  
-1.632557329  
-1.52403422  
-1.590268085  
-0.2916262326  
0.2856297122  
1.078331395  
0.759928211  
0.2602473164  
-0.4069463054  
-1.261212494  
-2.048071913  
-0.8865644258  
0.04999996977  
0.3701663245  
-0.2231328817  
-1.248121697  
-1.27317644  
-0.8776568325  
-0.5983983536  
-0.4903677596  
0.09853716102  
0.6414611038  
1.020057889  
1.277415463  
1.292087038  
1.622021155  
0.7119571278  
1.316203933  
1.129491201  
1.95520884  
1.175561915  
0.7010471122  
0.8018605918  
1.008558425  
1.45649099  
1.373958953  
1.498990966  
1.201369593  
0.4633036043  
0.5390294251  
0.2260259055  
0.3938536973  
0.09301406466  
0.03262940323  
-1.145260288  
-2.226775895  
-1.666981508  
-0.6127601579  
-0.146601383  
0.862716082  
1.310077515  
1.895297681  
1.211865247  
0.3540038167  
0.1920007824  
0.7374916957  
0.8580369713  
0.923772367  
0.8879863594  
1.100143856  
0.7540680015  
-0.948398956  
-1.257968601  
-0.9198247278  
-0.02671612918  
0.1818922118  
0.3790088289  
-0.4497151161  
0.02464617126  
0.2171973307  
0.5432214724  
-0.2910137313  
-0.4780333215  
-0.5059707629  
0.1513769997  
-0.3764204773  
-0.7600121511  
-0.6727358635  
-0.1443328966  
0.3599779042  
0.3016240925  
-0.8827920161  
-1.870140029  
-1.765934683  
-1.085542715  
0.4558556903  
0.9802748012  
1.053119724  
0.6105790901  
0.6548194413  
1.000026874  
0.80145252  
0.3494235261  
-0.4543542395  
-1.016051705  
-0.9901319045  
-0.3704931016  
0.1800294415  
0.5605784772  
0.348528718  
0.5339592664  
1.071358316  
1.493674353  
1.329943132  
1.751583008  
1.875727522  
2.169089695  
2.025535086  
1.621707367  
1.647869528  
1.410431874  
2.022560955  
1.511923785  
2.011853511  
1.784563926  
1.571469738  
1.157926916  
0.4250283949  
0.6299029408  
-0.6357972551  
-1.215072349  
-0.4645026604  
0.3251189921  
0.5440853934  
1.227846309  
1.190795775  
1.456610701  
1.850193236  
1.312011243  
0.8319124096  
0.3820986  
0.2805623681  
0.2817646705  
0.02465508831  
0.1581955798  
-0.2150755164  
-0.3712883979  
-0.5409940675  
0.02029511342  
0.4964942208  
0.7358224958  
-0.1869321467  
-0.3306514891  
-0.2550289756  
0.2129063783  
0.1451638736  
0.1413424612  
0.1917919534  
