0.527647237  
0.5931284831  
0.2205508076  
-0.05355349815  
-0.03050494129  
0.1142260134  
0.2420300146  
0.3878946871  
0.4168943633  
0.7038191892  
0.965479044  
1.008802837  
0.8540794907  
-0.6407589358  
-0.6745417318  
-1.24869726  
-1.099750775  
-0.3923062693  
-0.6950399417  
-0.6873243513  
-0.3588948745  
0.02387731554  
-0.8687685124  
-1.278602556  
-2.075261568  
-1.243944863  
-2.273881945  
-1.579078937  
-2.427362108  
-2.157666304  
-1.861468074  
-0.854297189  
-0.6818836963  
-2.114864124  
-1.403937686  
-0.8827534552  
-1.061584946  
-0.3406608263  
-0.275510177  
-0.3378485649  
0.4531302129  
0.4501085632  
0.5044182912  
0.6148755143  
0.2903164525  
1.079180679  
0.1383923074  
-2.020924879  
-0.07135799935  
1.742015456  
1.082729251  
0.3693477608  
0.01923569033  
-0.2264412042  
0.2384777102  
0.821222216  
0.9380338911  
0.8611912037  
0.1102032402  
-1.619119762  
0.664096939  
0.06885925046  
-0.721460988  
-1.293966006  
-0.0009861178065  
-0.08317960078  
1.012161181  
0.9970315376  
1.421217153  
1.097845805  
0.1462842206  
-0.5843508811  
0.0207532951  
0.3396935696  
0.9738289789  
0.7932206159  
0.8709416539  
1.50105352  
0.5838699539  
-0.7166955477  
-0.2284157485  
0.4694932062  
0.927267679  
1.046632081  
-0.8255224953  
-0.5736095102  
0.06721523772  
-0.3189273298  
1.324640911  
0.1688050439  
-0.865268941  
0.2031734464  
-0.6508746426  
-0.6142781884  
-0.5518594843  
-0.3480537238  
0.009017976825  
0.2485629591  
0.5059753008  
-1.306644818  
0.4368847138  
-0.6771293505  
-1.617106643  
-1.438248299  
-1.389880879  
-1.599371252  
-1.162991945  
-1.146397789  
-0.2712587564  
-0.7211299355  
-1.419150876  
-1.774934491  
-1.743913234  
-0.09027417658  
-0.2591883538  
-0.4230823066  
-0.3041813964  
0.493182173  
1.001250943  
1.096052747  
0.7726962165  
-1.834562042  
0.1824465529  
-0.1224052007  
0.5071865609  
0.7617881373  
1.783024465  
0.1659057432  
-0.008523208005  
1.385608104  
0.2135415214  
1.754545425  
1.99771506  
1.896897607  
1.469371436  
1.449612221  
1.481494524  
1.23407678  
0.3809756188  
-1.884617324  
0.1118525449  
0.2569663683  
0.3493256443  
0.7019060583  
1.681324207  
1.33670982  
0.2606013675  
-1.751465373  
-0.3884825107  
-0.5605900609  
0.8148743247  
-0.05505246428  
0.2148037339  
0.1795796547  
1.00770788  
-0.2666318733  
0.3321393085  
0.2945518158  
0.6497372288  
0.2478991965  
0.5133456198  
0.6511017301  
1.180810954  
1.667710381  
1.691606655  
1.50326711  
1.128377271  
0.9989266235  
0.9122620526  
0.824763643  
-0.3277321699  
-1.365258929  
-1.674946017  
0.1982359219  
0.2641385102  
-0.08053513412  
-0.546141599  
0.4425890543  
1.162631579  
1.110582826  
1.334836226  
0.634107366  
1.261059478  
0.5550990354  
0.1873921427  
-0.9740560532  
-1.239764642  
-1.448722547  
-1.473051793  
-1.371185927  
-1.546184696  
-1.095790457  
-0.2115181711  
0.148395278  
0.3831639497  
0.1505122154  
-0.1100321751  
-0.2980548377  
-0.4921262518  
0.6526017599  
-0.1678467896  
0.6198970483  
0.6911829876  
1.431019926  
1.235240216  
-0.9265656529  
-1.168069815  
-1.10288444  
0.2082193905  
0.288970593  
-0.1155854286  
-0.5982955925  
-0.578889166  
-1.139373694  
-0.8990309184  
-0.8958423167  
0.09157724199  
0.206346022  
0.3391170531  
1.486506291  
2.218490407  
1.607714525  
2.406735795  
1.249095234  
0.334099395  
1.598925222  
0.16720751  
0.5235147249  
0.7218391862  
0.3493789092  
0.1045250125  
-1.081636173  
-1.310091698  
-1.172830151  
-1.075356521  
-1.319678984  
-1.713637272  
-1.120854157  
-0.7229105842  
-0.07656874307  
