-0.875233581  
-1.236177959  
-0.9486907563  
-1.544734892  
-1.036650656  
-1.195539441  
-1.034491551  
-1.206724866  
-1.347156091  
-0.7012624082  
-0.4264112112  
-0.215041374  
0.02687064568  
-0.201761621  
-0.6895406621  
-0.6463099986  
-0.9806355691  
-1.956549245  
-1.257556397  
-1.289188787  
-1.457779724  
-1.48533214  
-1.221990202  
-0.9803267398  
-0.296088727  
-1.108923661  
0.729792064  
1.077407535  
0.5056020486  
-0.2550094416  
1.688952059  
1.160332774  
1.397519127  
-0.4565480124  
-0.08865105641  
-0.3816438064  
0.144236698  
-1.315764016  
-0.739856257  
-0.510427125  
-0.6562323534  
-0.1585285485  
-0.1705334123  
0.40237933  
0.8156118682  
-0.4106871305  
0.007726397788  
-0.3044441465  
1.263605961  
0.51607311  
-0.02355375189  
-0.7799784048  
-1.214717342  
-1.546640381  
-0.5904355707  
-0.4544937208  
-0.05067396939  
-0.3946507088  
1.387181627  
-0.08616546975  
-0.4397816037  
1.912974002  
2.065936826  
-0.5501450179  
-1.256819896  
-0.810700031  
-0.7213664549  
-0.1640367321  
-0.1470158588  
1.047545733  
1.90073508  
0.6347234845  
-1.195121726  
-0.2228330139  
-0.5947953497  
-0.1882503834  
-0.6521833316  
0.3301324459  
1.514151059  
0.8103844916  
-1.237483666  
-0.1689333538  
0.1301433273  
2.341721466  
1.839831995  
-0.7841828376  
-0.4391339545  
-0.219107507  
0.1049771478  
1.366891812  
0.3422527722  
-0.3135547752  
-0.004856075665  
-0.350136021  
-0.877502592  
-0.8637708734  
-0.3401223806  
-0.4095463472  
0.2291073304  
1.65360645  
-0.3293908697  
0.5945002797  
1.73891347  
1.763826061  
1.816992989  
1.656108382  
2.033480497  
2.294750105  
2.226996025  
2.11578245  
1.641225382  
1.165331102  
-0.3739235085  
-0.7600586596  
-0.8392395927  
-0.6645823896  
-0.24991357  
-0.7719798722  
0.6531014114  
0.5832898487  
1.581229822  
1.487000361  
-1.051485943  
-0.09117488732  
-0.222158572  
-0.2658344861  
0.1637631319  
1.239405363  
-0.6403812051  
-0.4522039744  
0.1052055778  
-0.3214695803  
0.8928846932  
0.5833837766  
0.3990004565  
0.3021648173  
1.841711732  
1.781067654  
1.802112907  
0.9149348495  
-1.329612116  
-0.9265707108  
-0.5030800108  
-0.4856023709  
0.6795736911  
1.135398946  
1.706932778  
0.8609380816  
-0.5453450143  
-1.077021908  
-1.115793412  
-0.9246786101  
-0.5028167807  
-0.1151633969  
-0.3790285664  
-0.17744818  
-0.6060674887  
-0.6760567869  
-1.091938585  
-0.6977415118  
-1.20532896  
-0.8083512011  
-0.3878520563  
0.396111915  
0.3716861306  
0.295591534  
-0.3843050973  
-0.04296932077  
-0.1041210971  
1.24124898  
1.661911755  
1.172249065  
-0.5706372937  
-1.082694635  
-1.408464071  
-1.007678816  
-0.9425942743  
-1.406937386  
-0.4764643201  
-0.1687118473  
-0.2932964624  
-0.489743763  
-0.4092305251  
1.557823269  
2.316214387  
1.756480907  
1.14048488  
0.6497146623  
0.4455719882  
0.3374837389  
-0.1676162369  
-0.6836273823  
-1.326047911  
-1.090578801  
-0.7880206827  
-0.9061944264  
-1.054897209  
-0.9556208185  
-0.2523959639  
-0.1649881668  
-0.03822530388  
-0.6450921753  
-0.4123284289  
-0.09711219739  
1.322887655  
2.292487027  
0.7337292082  
-0.3029932101  
-0.7770673992  
-0.787753109  
-0.8692461489  
-0.7376037561  
-0.93789036  
-1.562633859  
-1.459735112  
-1.3741507  
-0.8349109592  
-0.3433960524  
-0.3580238842  
-0.2250058753  
0.4779490375  
0.3113702856  
0.03015490539  
0.861697174  
1.535442058  
0.9172683928  
1.108372251  
1.268478512  
1.550749993  
0.9820412031  
1.249890907  
1.016403891  
0.9545957859  
0.9839808654  
0.8947736452  
0.521530857  
0.04955805461  
-0.5983079631  
-0.989311686  
-0.516316092  
