0.4505318377  
-1.239074142  
0.5573307971  
-0.8133247774  
1.406126484  
-0.0597354698  
0.801109553  
-1.773870785  
-2.494090042  
-1.483128952  
-0.3663892608  
0.02635212515  
-0.6292572445  
-0.8542689365  
0.367909647  
0.04845717084  
0.282606407  
-0.6083155563  
0.4729271799  
0.6961386494  
0.2543389033  
-0.1035180159  
0.3265645632  
-0.1863652002  
0.2037149051  
-0.3552278886  
-0.1962100529  
-1.134643049  
-0.06363051276  
-0.6866322255  
-0.6105815445  
-1.503441139  
-1.101882587  
-0.9312978297  
0.4628769114  
-0.4976981088  
0.4876204537  
-0.6209070099  
1.13739967  
0.5257584712  
-2.523188863  
-1.137495017  
-0.7977865792  
-0.8601838541  
-1.274380253  
0.03314561579  
-1.327782473  
-0.3912867258  
-0.2710287202  
-0.3571131647  
-0.4760508655  
-2.211064662  
-1.761429865  
-2.193854913  
-1.333908082  
-1.000404704  
0.37933861  
-0.6665610549  
-0.9448003059  
-0.2510941974  
0.6255793644  
-0.8619243385  
0.2297113766  
0.1554611608  
0.9407711486  
-0.2679384759  
-1.42975818  
-0.79356677  
0.0344665353  
-0.918300838  
-0.84514503  
0.1318666567  
1.316082382  
1.365819551  
0.9942595749  
1.71026688  
-1.563556519  
-0.02616279021  
-0.7743082201  
0.09489274659  
0.8769797076  
0.5750906094  
-0.1575422771  
-0.6274160094  
0.3848636175  
0.3030321567  
1.343531885  
1.360157811  
-1.056521507  
-0.6225082439  
-0.07895217782  
1.133259034  
1.730251007  
1.80957017  
-1.163914797  
-1.523437164  
-2.071890977  
-1.213719379  
-0.8233705953  
-0.5404138157  
0.4885719286  
0.9347794526  
0.3714698405  
-0.7480592797  
-0.7335373562  
-0.629282133  
-0.6181331129  
-0.2780366612  
-0.9082225986  
-0.5083287504  
-0.7711408247  
-0.02489778918  
0.220316194  
0.3757566504  
0.3596469941  
1.216673343  
1.799309226  
-2.093411132  
-0.5052662449  
-0.3462748763  
-1.054641591  
-0.6828374659  
0.02083673896  
1.629094422  
0.8947034732  
-1.342560277  
-1.036471629  
-0.8770686979  
0.159411397  
0.8481313408  
2.280213294  
-1.697715732  
0.2691219729  
-1.255624155  
-0.3149170428  
-0.2798563398  
-0.5973890344  
-0.7517687012  
-0.6952664299  
-0.2278891051  
0.2669477749  
0.7241388405  
1.076232191  
-1.794018153  
-0.07612312899  
-0.8964199645  
-0.6335477123  
-0.09162011142  
0.621151757  
0.3279264859  
0.3953423088  
0.4470878663  
1.798449977  
1.369964876  
0.1758141703  
2.268801615  
1.034912634  
0.7585180878  
-0.337294546  
0.6420458018  
-1.184647922  
-1.331864515  
-1.601205  
0.6223876589  
-0.04446061391  
0.5141509196  
-0.6721850764  
0.3510444478  
-0.5357651126  
-0.9162905541  
-1.022219674  
-0.07197611225  
0.3011268532  
0.8083582201  
0.1516225613  
1.138854945  
1.711214329  
-1.747173389  
-1.269622945  
-0.9646652565  
-1.370628417  
-0.1649323639  
-0.5147135962  
-0.6572854546  
-0.7686479326  
0.2361804538  
-0.474875053  
0.3186368177  
0.04619841564  
0.7569669337  
0.2931557809  
1.109222343  
0.2506887103  
0.9715293838  
0.7493261464  
1.094688536  
0.1094819621  
1.196593016  
2.068627486  
2.348429794  
2.476608671  
0.2423264832  
-0.9165019913  
-0.2166426052  
-0.03839630701  
-0.693769345  
1.219568824  
1.256352599  
0.6172120603  
0.7782926007  
1.575733032  
1.613342476  
1.486990896  
0.89830129  
1.025438047  
1.218734797  
1.696501622  
2.694331305  
1.800704715  
-0.9856449739  
0.6169481111  
0.4293849595  
0.9647576787  
0.8804403656  
0.04444943768  
0.2495557884  
-0.1147694483  
-0.1973195311  
0.03111962279  
-0.2088743186  
-0.01517031904  
0.2647337414  
0.4496336402  
0.6719130431  
0.5787919266  
0.7603301265  
0.5451875205  
0.9833884216  
0.9158487147  
1.014180927  
