0.4778094458  
0.38422601  
0.3170899181  
0.4668942013  
0.3646598765  
0.421557922  
0.3793598884  
0.3364334012  
0.3678768819  
0.2919500687  
0.409759226  
0.3521055578  
0.5497267909  
0.4283223197  
0.2848012874  
0.2630051881  
0.02402993354  
0.1491417896  
0.02831848511  
0.05947500533  
-0.003614879024  
0.1497590122  
0.008694209355  
0.05564836085  
0.07585835573  
-0.00309161542  
-0.01816085761  
0.06930588468  
-0.07444903693  
-0.1707481322  
-0.05845606827  
-0.2103286338  
-0.2895906027  
-0.4319884473  
-0.2867573899  
-0.4818081475  
-0.4292092701  
-0.554774523  
-0.4642094315  
-0.6298350273  
-0.2862536869  
-0.4477127047  
-0.3922721401  
-0.6237868178  
-0.5386192654  
-0.791447192  
-0.5897733611  
-0.6979957343  
-0.7154270278  
-0.6231331716  
-0.7949459025  
-0.6901602043  
-0.8932645517  
-0.679540212  
-0.8476839545  
-0.8461618417  
-0.7596190771  
-0.7513314561  
-0.7506407662  
-0.5239003309  
-0.4188104419  
-0.4027296638  
-0.6700190334  
-0.7815785401  
-0.8079342927  
-0.7269231062  
-0.8906671001  
-0.8128885445  
-0.7609550657  
-0.7820998764  
-0.6722104359  
-0.8316107472  
-0.9628292992  
-1.046504622  
-0.8913516863  
-0.9992271224  
-1.016227062  
-0.9283540012  
-0.9362445653  
-1.183308019  
-1.065888929  
-1.112806573  
-1.022230848  
-0.9718848376  
-0.92873229  
-1.111461232  
-1.214269676  
-1.516934517  
-1.252621755  
-1.129329246  
-1.103492475  
-1.043387466  
-1.120958447  
-1.104968082  
-0.8806933065  
-0.9617766261  
-0.8991305129  
-1.03152292  
-0.9848277178  
-1.080327241  
-0.9490848528  
-0.9322794494  
-1.116109036  
-0.8935921941  
-0.8402824797  
-0.9095633779  
-0.8471174551  
-0.9051753809  
-0.9124504784  
-0.8744878021  
-0.9306141135  
-0.931472122  
-1.011743344  
-0.9314279126  
-0.8956382624  
-1.029839911  
-0.9396096532  
-1.003789891  
-0.87102201  
-1.196584709  
-0.8239558809  
-1.291069801  
-0.6601423219  
-0.9957180877  
-0.7969927098  
-0.7754895104  
-0.8535263672  
-0.8189828048  
-1.015436995  
-0.7499399383  
-1.065672127  
-0.9272381744  
-0.8406409881  
-1.176475817  
-0.9421922458  
-1.080795897  
-0.9579347769  
-1.101639714  
-0.8933404826  
-1.161872128  
-0.909815804  
-1.062857013  
-0.9704277678  
-1.09712688  
-0.9517828124  
-1.12445639  
-0.7793390176  
-1.133986688  
-0.7886550468  
-0.7359107675  
-0.4579961584  
-0.6583913646  
-0.3994107848  
-0.04006946272  
0.3776202069  
0.3661934449  
0.4979816148  
0.6759090496  
1.11873278  
1.342860136  
1.418652472  
1.391802715  
1.251365796  
1.143032865  
0.894921579  
0.8481638793  
0.5907456862  
0.6406593679  
0.4729374946  
0.5514424715  
0.6636630801  
0.6596199868  
0.426883088  
0.4056289394  
0.5380822033  
0.4878230325  
0.3812003746  
0.5777533055  
0.6295694789  
0.3493343361  
0.5490700112  
0.4770714432  
0.6834026738  
0.5518419695  
0.8509893937  
0.5595967588  
0.3595703448  
0.3397996219  
0.3590796243  
0.3304951258  
0.3541319963  
0.2865297311  
0.5588519543  
0.8488344462  
1.132351579  
1.501787466  
1.218325023  
1.330562529  
0.9555673238  
1.272900533  
0.9540691865  
1.179707081  
1.118420254  
1.017353488  
1.127884696  
1.029934715  
1.229034223  
1.178054462  
1.099729573  
1.203610806  
1.302600853  
1.359198429  
1.765324699  
1.949419842  
2.115501765  
2.115753504  
2.600781646  
2.564034923  
2.436457639  
2.00540571  
1.9602503  
2.029084666  
2.121380167  
2.087036329  
1.903343106  
1.657911385  
1.712716886  
1.687810592  
1.627052078  
1.712492118  
1.61091031  
1.749449758  
1.443482647  
1.525388726  
1.394704285  
1.440756281  
1.364128638  
1.369807657  
1.357002144  
1.325443027  
