1.249528799  
0.9899197364  
0.9735006993  
0.8168715944  
0.8072656431  
1.050130079  
1.145725949  
0.8807114656  
1.038504543  
0.8999598594  
0.9785477902  
1.168752978  
0.9736799946  
0.8211653861  
0.9542649513  
0.7748045646  
0.5516180099  
0.7602197143  
0.6200822489  
0.7802960298  
0.4759694524  
0.2829048154  
0.4281084386  
0.5344265245  
0.5178979475  
0.5342205285  
0.3478578291  
0.6271549173  
0.6089108037  
0.8268303349  
0.2945196428  
0.5759080184  
0.4797393051  
0.7592670725  
0.6160833525  
0.5622425732  
0.3509112454  
0.2708926345  
0.520181795  
0.2642525629  
0.7188315681  
0.3495304703  
1.085344029  
0.151047175  
0.09320231943  
-0.1553089469  
-0.1976028181  
-0.2135006805  
-0.4577586567  
-0.3621423084  
0.01144972399  
-0.1475072491  
-0.5238921148  
-0.2531414284  
-0.6071687303  
-0.4086049891  
-0.3379333152  
-0.1447928826  
-0.5545612507  
-0.06988480356  
0.2581909828  
-0.3134061844  
-0.6744127143  
-0.6213066792  
-0.4749846587  
-0.1808686954  
-0.5107312379  
-0.4820614367  
-0.1562029313  
-0.4658840234  
-0.336864708  
-0.6320105848  
-0.385259702  
-0.2848608325  
-0.6410823194  
-0.5749516857  
-0.3495071945  
0.1210441835  
-0.3469699042  
-0.3582917822  
-0.3697532476  
0.05612365944  
-0.116648162  
0.09743716848  
-0.2699554748  
0.08209543769  
-0.1573964158  
-0.05729408882  
0.4548847261  
1.154321514  
1.302159915  
1.29215711  
1.274434471  
1.045014323  
1.108082742  
0.5415806142  
0.762236456  
0.4207263472  
0.690835585  
0.8761175114  
0.923760835  
1.288540991  
0.9574394496  
0.398930044  
0.5523844218  
0.2090151473  
0.5909472309  
0.6153123461  
0.3197589948  
0.3317516592  
0.08475594525  
0.5328878117  
0.5428435192  
0.8430836622  
0.2074084537  
0.557255467  
0.4030917825  
0.4579023708  
0.9075875321  
1.075562814  
1.005137676  
0.9275668069  
1.198666454  
0.9014292938  
1.247665352  
0.7800936939  
1.136310907  
1.238568334  
0.7386985324  
0.6935698433  
0.4327466952  
0.7044687628  
0.6913698253  
0.8178017948  
0.6215026336  
0.881641957  
0.608846079  
0.6806325592  
0.4800906655  
0.3951183228  
0.638051405  
0.4448724856  
0.8705237692  
0.4051999621  
0.8916789678  
0.6745305407  
0.4492514063  
0.3307499152  
0.5938674828  
0.2569728043  
0.5145415851  
0.2006971252  
0.4046670669  
0.2174140786  
0.7634552832  
0.4607825646  
0.8076955201  
0.2474836652  
0.5030134701  
0.4887055479  
0.6304129615  
0.3673759481  
0.4437205016  
0.2958716046  
0.08475802791  
-0.1495765327  
-0.3681084462  
-0.1243663964  
-0.1952361249  
-0.2285969395  
-0.4294564257  
-0.2346602708  
-0.779451046  
-1.025008161  
-1.02199799  
-0.7206008535  
-0.9812410974  
-0.826660423  
-0.8695512303  
-1.147016325  
-0.6772191866  
-0.915076634  
-0.3138434723  
-0.4868276531  
-0.4982954686  
-1.017772243  
-0.8870770578  
-0.3253668325  
-0.5770231906  
-0.5917383321  
-0.6335109633  
-0.6246270895  
-0.5726079594  
-0.3297061031  
0.2022595547  
-0.1249522905  
-0.06067409575  
0.3003795434  
0.4424219537  
0.08245381358  
-0.1916682503  
-0.01876451317  
-0.1968489181  
0.2686689908  
0.4750834773  
0.290699823  
0.05560752492  
-0.2715973105  
0.02820805654  
-0.2436645975  
-0.2464451586  
-0.05910926068  
0.1077336164  
0.5332937393  
0.9670950184  
0.6727263218  
0.5392337913  
-0.05545549832  
0.3301585812  
-1.059463959  
-1.742077565  
-1.52212779  
-2.033007971  
-2.977434342  
-2.943894755  
-3.397398926  
-3.234928324  
-2.61522401  
-2.816587794  
-2.754948829  
-2.986438661  
-2.681554432  
-2.810652071  
-2.747031736  
-2.810328954  
-2.847016483  
-2.841781863  
-2.699503328  
-3.033045619  
-2.554789433  
