-1.885012373  
-1.856695925  
-2.01872364  
-1.807650138  
-1.972167177  
-1.96139604  
-2.036689861  
-1.808621642  
-1.586213701  
-1.579364043  
-1.677667679  
-1.808857483  
-1.6435945  
-2.324457618  
-2.323446508  
-2.033028527  
-1.724191568  
-1.209186793  
-1.059780699  
-1.353654131  
-1.235663746  
-1.577768702  
-1.547306119  
-1.854262871  
-1.557754986  
-1.628661825  
-1.273740959  
-1.419509314  
-0.8935671714  
-1.33306616  
-1.024796548  
-1.200241548  
-0.8820144207  
-1.725724949  
-1.001818114  
-1.610826683  
-1.255928392  
-1.05554078  
-0.57853332  
-0.8597100739  
-0.4964369521  
-0.5061414019  
-0.7796403348  
-1.283941404  
-0.7305050868  
-1.118375048  
-1.170832431  
-1.278672056  
-1.608392793  
-1.496391517  
-1.091525355  
-0.8774556202  
-1.118241295  
-0.8828458278  
-0.728409592  
-1.092364247  
-1.109575463  
-1.360751276  
-1.179796524  
-0.9821479894  
-0.8733372809  
-0.5146813357  
-0.8707515651  
-0.8392418834  
-0.5957289845  
-0.822808092  
-1.284328114  
-0.4687326615  
-1.268062884  
-1.026112488  
-0.9567849014  
-1.067601014  
-0.540775144  
-0.9295581794  
-1.283751687  
-1.126749521  
-0.4366678289  
-0.6973317139  
-0.4733151329  
-0.8420638863  
0.0214279332  
-0.3839325957  
0.5793497982  
-0.334385168  
0.5873964763  
-0.1846732275  
0.7788926018  
-0.5585796061  
0.2863085621  
0.2366464803  
0.546179552  
1.078995399  
0.7635709141  
0.4977650061  
0.387960409  
0.6573588234  
1.081024666  
0.5889543629  
0.3764369605  
0.2625086932  
0.2341053808  
0.3804279963  
0.4497809944  
0.5076194214  
0.5386967839  
0.8912905691  
0.3808135561  
0.5182532938  
0.05305641249  
0.4497316957  
0.2565372466  
0.2932831542  
0.2109290536  
0.2975411595  
1.486841855  
0.6944460706  
0.9965092958  
0.2324812631  
1.63924528  
0.348209667  
1.030791748  
0.8992256584  
0.6574102046  
2.067769449  
0.2877881977  
1.90869839  
0.5693510821  
0.838925232  
1.160408226  
1.098649735  
1.525602427  
0.4389590506  
1.36198595  
0.5552774798  
1.317486095  
0.4709209596  
0.912011157  
0.5534177948  
0.937775002  
0.5684419062  
0.7793024196  
1.362148802  
0.4589601804  
1.142550872  
0.6065893548  
0.8551823557  
0.4884847751  
0.9390421751  
0.3208592372  
1.01550707  
0.9738971501  
1.606094444  
0.5141816803  
0.5495122471  
-0.06179951685  
1.328922636  
-0.07014130407  
0.9795891814  
-0.4046300478  
0.5723411884  
-0.3169760295  
0.9768514531  
0.7125385498  
1.031977086  
0.2398030505  
0.8125213997  
0.4204506998  
0.8155679078  
0.357749525  
0.5040797176  
0.6598213922  
0.5398065101  
0.110139252  
0.4265776008  
0.812978665  
0.8880891391  
0.7766192894  
0.2642539733  
1.180298822  
0.9595798988  
0.7533763032  
1.231598084  
0.2381926179  
1.308170173  
0.2615913213  
0.8408562495  
0.300342495  
0.8749589243  
0.2831991182  
0.6520832142  
0.2995037626  
0.8729415778  
0.4708314513  
1.443365227  
0.6641697289  
1.130711776  
0.579251137  
1.423062979  
0.9447792706  
0.3167835161  
1.30577899  
-0.228302301  
1.532238833  
0.2205192382  
0.870678736  
0.702705216  
0.4827273696  
1.045870106  
0.4353258405  
1.130167673  
1.166469469  
1.214881352  
1.068343776  
1.39085809  
1.180874912  
1.389146795  
0.7331722316  
0.9973487495  
0.4888602736  
0.8744792401  
0.8280748246  
0.7256154986  
-0.03689865668  
-0.1706634733  
-0.04767281032  
0.1950106891  
0.0465259814  
0.1784910522  
0.08088397076  
0.2720803341  
0.1641479921  
0.5253597381  
0.1135411561  
0.0644673615  
0.03557858953  
0.02181211474  
0.09265424801  
-0.04375029563  
-0.0324858237  
-0.3262475062  
