-0.8578189891  
-0.488234627  
-0.5310329854  
-0.3714078377  
-0.4851621974  
-0.3417094753  
-0.6851108136  
-0.7602741104  
-0.3415001437  
-0.2169738525  
-0.3525556189  
-0.3374606079  
0.2328350109  
0.321447316  
0.1194784501  
0.3922487029  
0.1495296378  
0.6130699284  
0.459633172  
0.639860564  
0.3968807402  
0.632090524  
0.3284331523  
0.8414783226  
0.7609861679  
0.9370675152  
0.9275246489  
1.045232354  
0.9192573622  
1.077860325  
0.8869877699  
0.8995286443  
0.6198861154  
0.9625275724  
0.8681996224  
0.822892956  
1.161149565  
0.5859182712  
1.233698129  
0.7960255452  
1.136337492  
1.104791947  
1.040579667  
0.8049403777  
0.9978798284  
0.9474011549  
1.051549755  
1.047521601  
1.000394681  
1.06320277  
1.074728052  
1.095268074  
0.9818022497  
1.110011376  
1.02550161  
0.9937525399  
1.186499172  
0.9439113144  
1.200302261  
1.157896038  
1.243336518  
1.25823796  
1.252883318  
1.221727788  
1.226288648  
1.03327656  
0.8717397323  
1.189857054  
0.9213929918  
1.008811081  
1.177857408  
1.095004808  
0.8904158816  
1.049174758  
0.9326509422  
1.217447365  
1.009119198  
1.304169409  
0.951268344  
1.138561895  
0.8939315724  
1.313859173  
1.056013609  
0.9444275975  
1.160547763  
0.7933285861  
0.8625688925  
0.5710184087  
0.6219470472  
0.5206382717  
0.6635781553  
0.7378588514  
0.6371817331  
0.5368805689  
0.4584652604  
0.8786412817  
0.8056309173  
0.9788793192  
0.846564343  
0.6707010948  
0.6029008581  
0.5956357404  
0.6317035638  
0.588824298  
1.008300626  
0.6035844482  
0.9624433044  
0.4772967888  
0.5579612047  
0.6913823529  
0.4646803371  
0.7206251742  
0.4812291014  
0.5406656185  
0.5727518935  
0.4911110423  
0.6609743601  
0.3929623455  
0.8988169696  
0.08465453178  
0.6181958619  
0.07022873073  
0.636567057  
0.4063946375  
0.3803470586  
0.8581131162  
0.3073042388  
0.3321239944  
0.3134586106  
0.4672931202  
0.3675087367  
0.1684733579  
0.7076826136  
-0.1476793113  
0.2206575632  
-0.4233320858  
-0.03050369828  
-0.5866592291  
0.05203162955  
-0.2497069101  
0.2932163853  
0.03404694045  
0.3048754572  
-0.01554250488  
0.3723178585  
-0.1099865597  
0.2570752373  
-0.01291095868  
0.1834578674  
0.00320546195  
0.1672883348  
-0.04128075357  
0.2056782648  
-0.2971480929  
-0.01636714775  
0.1196453258  
0.1455148163  
0.3858694311  
0.2149834299  
0.8978503717  
0.06555122554  
0.2878473516  
-0.002599792657  
0.2325809816  
-0.2321144515  
-0.003924821872  
-0.4193987648  
-0.1986647613  
-0.7610264464  
-0.6263264641  
-0.3498833923  
-0.4756355248  
-0.9271410414  
-1.048022141  
-0.9869533235  
-0.9710362186  
-0.9278813987  
-0.9858122255  
-0.3830291569  
-1.135518856  
-0.6024310792  
-0.5637580975  
-0.6256637928  
-0.6199175974  
-1.059459317  
-0.9660608416  
-1.283987245  
-1.023828141  
-1.189519556  
-0.8893048765  
-1.189655611  
-0.8186365607  
-1.217728549  
-0.5019368461  
-1.053491745  
-0.1271810303  
-1.448715277  
-0.4911137311  
-1.541727037  
-0.6395303814  
-1.17577401  
-1.030748027  
-0.7994665904  
-1.197891899  
-1.022196912  
-1.449250141  
-1.032512599  
-1.174628078  
-1.427212552  
-1.077894717  
-1.400247487  
-1.005485519  
-1.259858611  
-0.409510265  
-0.6255361238  
-0.3083366737  
-1.318458009  
-1.048795976  
-1.621288025  
-1.80755814  
-2.002305376  
-1.556548104  
-1.794554567  
-1.708749345  
-2.067796538  
-2.025202917  
-2.172654747  
-2.289003304  
-2.249637943  
-2.216082417  
-2.085296025  
-1.994108488  
-2.152697519  
-2.275283203  
-2.403031761  
-2.217598436  
-2.356774533  
-2.197939539  
-2.447242469  
-2.253641586  
