2.007526113  
1.618357683  
1.71809808  
1.647179134  
1.594245417  
1.285782594  
1.51612712  
1.424448332  
1.39514947  
1.538481673  
1.485201798  
1.672935714  
1.298780422  
1.403293864  
1.275087992  
1.497565124  
1.329493996  
0.9699147454  
1.286619505  
1.009425816  
1.418673247  
1.226032079  
1.213045004  
0.8642912812  
1.218546715  
0.5161900417  
1.000680801  
0.6332627597  
1.025207298  
0.260410425  
0.9894083567  
0.2621077685  
0.6825672906  
0.2334035017  
0.6322726134  
-0.199587649  
0.305364525  
-0.3027489482  
-0.0782713189  
-0.1401119182  
-0.4517862187  
-0.2021092812  
-0.78117736  
-0.3165790788  
-0.5742025474  
-0.4600422146  
-0.7638516555  
-0.1876828228  
-0.2538481397  
-0.2701191472  
-0.6288947989  
-0.3891432296  
-0.4260722094  
-0.2372382695  
-0.07964365574  
-0.4998729798  
-0.2451690332  
-0.5620040623  
-0.5671018105  
-0.638843463  
-0.627975738  
-0.83739215  
-0.7223381145  
-0.9642084218  
-0.5944847409  
-1.055327657  
-0.5961187707  
-1.100069481  
-1.208133107  
-1.099074472  
-0.8257884875  
-0.8109194956  
-1.064204612  
-0.8216771589  
-0.9280593638  
-0.9814694325  
-1.389917834  
-1.266050016  
-1.370937066  
-1.423499908  
-1.385562928  
-1.399407715  
-1.358509425  
-1.703419481  
-1.310628012  
-1.817302735  
-1.54407647  
-1.957210363  
-1.753290641  
-1.864619097  
-1.559422858  
-1.54060731  
-1.524578462  
-1.67454384  
-1.743888358  
-1.549788062  
-1.47074114  
-1.462691519  
-1.585910931  
-1.602220132  
-1.713934045  
-1.644125229  
-1.693838324  
-1.695903951  
-1.511242185  
-1.655469214  
-1.491835801  
-1.722215548  
-1.775418357  
-1.738118001  
-1.856197284  
-1.766063406  
-1.89517364  
-1.854559708  
-1.603692796  
-1.728159689  
-1.384716363  
-1.655115398  
-1.203049445  
-1.827681164  
-1.130870933  
-1.533553838  
-0.3561851016  
-0.769775502  
-0.587132282  
-0.322403228  
0.05468116832  
0.02166186884  
-0.2077494897  
0.4075222606  
0.7155334209  
0.6985642117  
0.8355510965  
0.1873603983  
0.5568487838  
-0.05130087198  
0.3699217071  
0.1318489269  
0.2742008193  
0.003942776554  
0.3713678333  
0.2649400642  
0.7260736522  
0.295966754  
0.4885864308  
0.2959741635  
0.8448113844  
0.4183433371  
0.8459845849  
0.269449454  
0.7392462235  
0.4778494058  
0.7593326793  
0.4048348826  
0.5236560841  
0.134916986  
0.06155370938  
0.3750588892  
0.2058144411  
-0.1816375542  
-0.3794459185  
-0.1169082307  
-0.2399979957  
0.1556224177  
-0.02251724787  
0.537570858  
0.300239944  
0.3331039487  
0.0633447788  
0.3040420077  
0.2895754139  
0.5882512051  
0.4554559846  
0.4901069982  
0.1913175047  
0.2553047131  
0.2054529714  
0.3278482414  
0.5721304046  
0.4639332012  
0.9867007952  
0.9063745164  
0.9303671717  
0.8055377339  
1.108709234  
0.69442725  
0.3681860337  
0.6100027881  
0.7426560321  
1.099278878  
1.221189763  
0.8292970247  
0.8421741127  
0.9469923316  
0.9437365314  
0.483012774  
0.138514117  
0.689096338  
0.3710807695  
0.7454694346  
0.5214293666  
0.6699307345  
1.070170948  
0.8393560266  
0.6454243674  
0.4104307353  
1.291377568  
0.8942974208  
0.627960353  
0.7049413645  
1.053465435  
0.3434272688  
0.1713464885  
-0.3390294559  
-0.4157326485  
-0.4124634344  
-0.1046034275  
0.1135031775  
0.007868746426  
0.01904923971  
0.5600551019  
1.104234091  
1.2310955  
1.247617786  
0.8404663452  
0.8467440236  
0.8190002502  
0.6703816573  
0.7185462788  
0.7655710975  
0.871604451  
1.060923262  
0.8313595002  
0.8431712452  
0.8340859625  
0.8685759163  
0.521291997  
0.6204186822  
0.5470683479  
0.9411123696  
