-0.5109880281  
-0.5651228819  
-0.7706736399  
-0.8678618678  
-0.849689102  
-0.9527213304  
-1.142647651  
-0.8078969116  
-0.4615854751  
-0.4407054791  
-0.7358819313  
-0.9668855644  
-0.7365744775  
-0.2851771122  
-0.5448563532  
-0.383071315  
-0.07130231019  
-0.2282623396  
0.03830586345  
-0.05674825271  
0.1674492788  
0.127131551  
0.2344654047  
0.2839402396  
0.1461245711  
0.3462803882  
0.3126922044  
0.05159288684  
0.1675617866  
0.5241409884  
0.4279284597  
0.6433468981  
0.7951223357  
1.134987475  
1.212801957  
1.142893388  
0.8662373119  
0.7390000782  
0.5297363834  
0.7126006916  
0.3872046897  
0.3844872043  
0.1916255854  
0.9606689744  
1.034149284  
0.9086819408  
0.7845424368  
1.389249816  
1.755824215  
1.78884006  
1.348214439  
1.173014508  
1.086451051  
0.9263328787  
1.115999288  
1.003592074  
0.7671744998  
0.7677567608  
0.7811883517  
0.43327213  
0.1998417464  
0.7993930995  
0.3824109241  
0.5201932004  
0.2642989787  
0.6165191871  
1.040118542  
0.5375049805  
0.6432742291  
0.7591895892  
0.6116762634  
0.901902565  
0.9320528368  
1.135644404  
1.159802085  
0.5652268217  
0.3110599411  
0.07028157636  
0.3341074024  
-0.05831049684  
0.06042489564  
-0.4859211259  
0.07669980585  
-0.3436571454  
-0.6190726427  
-0.7660686159  
-0.4410407708  
-0.05400011273  
-0.4506242849  
-0.9994680132  
-1.201522337  
-1.796656492  
-1.262593301  
-0.8749170212  
-0.6531015939  
-0.2849311389  
-0.6214840396  
-0.2713181591  
-0.07852797787  
-0.1598262038  
-0.3997959311  
-0.6162917214  
-1.163056503  
-0.9043081305  
-1.225213934  
-0.6824222654  
-0.8313727078  
-0.3381911584  
-0.3870186665  
-0.8664077879  
-0.4854336076  
-0.8147874783  
-0.7608521969  
-1.044527097  
-0.8622230852  
-0.9523502026  
-1.040427202  
-0.9210058201  
-1.413695618  
-1.198219356  
-1.500339607  
-1.432342502  
-1.611783153  
-1.487430393  
-1.767555593  
-1.812090167  
-1.711303928  
-1.652610359  
-0.9983233153  
-1.118120146  
-1.366621825  
-1.280802879  
-1.402329628  
-1.36841903  
-1.622780142  
-1.296900578  
-1.19382986  
-1.099672769  
-1.480828225  
-1.298246105  
-1.332734846  
-1.456292747  
-1.716838401  
-1.249955017  
-1.472466502  
-1.239081215  
-1.634629337  
-1.345080508  
-1.582068498  
-1.604062775  
-1.878030106  
-1.485537437  
-1.364528575  
-0.9229156802  
-1.45818712  
-1.248838411  
-1.415721488  
-1.366025427  
-1.11033249  
-1.253388584  
-0.6404123063  
0.06387789264  
0.2578136434  
0.3558758051  
0.2881728607  
-0.04026830301  
0.2180383738  
0.1770739709  
0.5969885197  
0.3113255912  
-0.1509492828  
-0.4208175697  
0.2103824416  
0.05375206449  
-0.1903670682  
-0.13322131  
0.02702444707  
0.1028101075  
0.1172152586  
0.05820770146  
-0.4950375791  
-0.559254796  
-0.07490042874  
-0.03527944534  
-0.1590730364  
0.06870634112  
0.3478163598  
0.514689194  
0.9244755637  
0.4351770913  
0.572256433  
0.4492774894  
0.5452059235  
0.3995977758  
0.1120580434  
-0.01598891033  
0.5019178007  
0.58445812  
0.9498216881  
0.9060007573  
0.5417035981  
0.4124780008  
0.4786640447  
0.6789590282  
0.5839388174  
0.4790248878  
0.4703460181  
0.4063820097  
0.3150433662  
0.3086846411  
0.5371871448  
0.8122264771  
0.9029135743  
1.075865408  
1.334106931  
1.723554603  
2.182441816  
2.528481996  
2.3875342  
3.319434667  
2.836435473  
2.194645973  
1.693526453  
0.9195371059  
1.198988178  
1.00117101  
0.7765622373  
1.343620564  
1.279617735  
1.18922233  
0.9828583215  
1.124869855  
1.331843117  
1.264576017  
1.23418289  
1.074735258  
1.17214578  
1.06312034  
1.230626359  
1.20840248  
