1.146857254  
0.8102317382  
0.8151860818  
0.75382485  
0.6975038162  
0.8014134796  
0.7606713471  
0.7087351572  
0.9477666696  
0.8035439978  
0.7853153196  
0.7783575069  
0.6836549473  
0.9338332111  
0.7594739173  
0.8142686927  
0.7773732868  
0.8854022627  
0.9186033032  
0.8600750236  
0.8405921132  
0.675479249  
0.9435341757  
0.9013436115  
0.9420190258  
0.948053512  
0.8609882732  
0.7237209556  
0.8824350848  
1.001970656  
0.8750681992  
0.9374491082  
1.165808615  
1.451052948  
1.511725286  
1.099913191  
0.8662396172  
0.7219448152  
0.6017021788  
0.6769699451  
0.5634882282  
0.5046112623  
0.4449122166  
0.6487990244  
0.560454369  
0.5750277429  
0.391834069  
1.174466557  
1.141607263  
1.095733012  
0.6651696349  
0.5636397099  
0.3781009111  
0.5709368197  
0.5359043138  
0.4712412311  
0.2917601661  
0.3657786865  
0.1368021738  
0.3474386284  
0.4867611851  
0.3193904281  
-0.05181132175  
-0.03867144936  
0.06797112339  
0.2816966877  
0.3677260344  
-0.1398107695  
0.1123700971  
0.05836014343  
0.1278372217  
0.14500494  
0.3638716166  
0.4920556204  
0.3527937602  
-0.2923955768  
-0.3980920799  
-0.4215664722  
-0.3419097448  
-0.6572952635  
-0.3480364816  
-0.6819602554  
-0.304369487  
-0.6503295888  
-0.9535769371  
-0.9664104398  
-0.8098767984  
-0.5673481518  
-0.5525611671  
-0.2448364779  
-0.04313011612  
-0.2058890938  
-0.2622503173  
-0.2444280347  
-0.0002068194083  
-0.07743917863  
-0.3391985005  
-0.2975495572  
-0.1312107635  
0.3326624336  
0.004558677063  
-0.01195586145  
-0.5544624959  
-0.8185507319  
-0.6211080597  
-0.8787108829  
-0.3809888069  
-0.520441683  
-0.6133600111  
-0.9664279408  
-0.8520924922  
-0.6504165193  
-0.2623287926  
-0.3349372353  
-0.6421341495  
-0.7794419391  
-0.5757893696  
-0.7529598277  
-0.5288575172  
-0.5989873003  
-0.6510049452  
-0.49806047  
-0.2577149594  
-0.2368132265  
-0.3158464373  
-0.360971375  
-0.5230280201  
-0.236677757  
-0.00927651314  
-0.7031748729  
-0.741707229  
-0.73626689  
-0.7620440178  
-0.8495764621  
-1.050295905  
-0.8760704235  
-0.9722145053  
-0.8533090889  
-1.117344109  
-1.099735998  
-0.7656147636  
-0.9544057702  
-0.8142752359  
-0.7802921775  
-0.7829721987  
-0.7081939393  
-1.163832611  
-0.9650544136  
-1.003708828  
-0.9434798068  
-1.208317596  
-1.135116469  
-1.102002907  
-0.6716649467  
-0.6255553065  
-0.5549126212  
-0.6967064744  
-0.8626239614  
-0.8106547546  
-0.5178218204  
-0.4120915477  
-0.2210798493  
-0.4148697603  
-0.5537429342  
-1.029350906  
-1.320045108  
-1.304076233  
-1.273492563  
-0.9667338099  
-1.111166455  
-1.320430611  
-1.536350514  
-1.32891796  
-1.306988498  
-1.511915613  
-1.576667535  
-1.254385695  
-1.130619191  
-1.346708293  
-1.439868406  
-1.711303117  
-1.679867457  
-1.324186594  
-1.077625891  
-1.443452219  
-1.382202952  
-1.200759308  
-0.8612916907  
-0.7248728877  
-1.044793316  
-0.9631504087  
-0.8719448655  
-0.8773972773  
-0.8018798918  
-0.870041338  
-0.8062151921  
-0.7300761524  
-0.4446136925  
-0.2214424012  
-0.5181618614  
-0.7087647047  
-0.7999484809  
-0.717180356  
-0.5916331435  
-0.5848415999  
-0.5419632827  
-0.7659077713  
-0.6727907326  
-0.9445871472  
-0.9944099568  
-0.7582480551  
-0.1407179325  
0.07941989247  
0.7165226765  
0.8861449149  
1.317897982  
1.654072181  
2.029234781  
1.873130207  
2.54641209  
2.536213416  
2.196526052  
1.665914438  
1.9670891  
2.051313701  
2.257437535  
2.060364717  
2.401831798  
2.092537211  
2.249724052  
1.941908924  
2.005801132  
2.118184635  
1.950904436  
2.124363617  
1.758535236  
1.689797884  
1.444545325  
2.03827702  
1.755252061  
