-0.4849889963  
-0.966358818  
-1.216349314  
-1.594471696  
-1.277735729  
-1.313394022  
-1.372792798  
-1.303709711  
-1.00213288  
-1.363900563  
-1.476512524  
-1.351148818  
-1.131699234  
-0.8511592698  
-0.8015280691  
-1.013959242  
-0.6000011715  
-0.7219515302  
-0.4777629769  
-0.6105488137  
-0.3757849443  
-0.9242036221  
-1.032582267  
-1.093369388  
-1.353016076  
-1.463103774  
-1.357042957  
-1.316574694  
-1.409629221  
-1.500810637  
-1.596197025  
-1.793415943  
-1.530909572  
-0.9534322947  
-1.07961348  
-1.277536441  
-1.997581089  
-1.56097553  
-1.961100421  
-1.688515743  
-1.976172077  
-2.020059498  
-1.972363885  
-1.517439846  
-1.487668791  
-1.395678549  
-1.17343818  
-0.7845122833  
-0.5555084059  
-0.6173199927  
-0.5908536273  
-0.7281670488  
-0.6168971804  
-1.107484069  
-1.181346133  
-1.374786504  
-1.613528552  
-1.61354164  
-1.577769638  
-1.561195135  
-1.357677934  
-1.394711681  
-1.385800753  
-1.740447507  
-1.513838917  
-1.37256637  
-1.12773692  
-1.520888923  
-1.459068326  
-1.401452563  
-1.209734378  
-0.478656057  
-0.5033165876  
-0.5155993702  
-0.5861305955  
-1.05648912  
-0.8214491284  
-0.5647552675  
-0.3278617868  
-0.6859554719  
-0.5514121274  
-0.3536505875  
-0.3157823218  
0.3121425579  
-0.1813591772  
0.0696879113  
-0.4532927482  
-0.1940368487  
-0.4032633217  
-0.1225343934  
-0.2822228778  
-0.06341534701  
0.008702704717  
0.04415774844  
0.483072391  
0.9425581164  
0.8952815401  
1.062875237  
1.036083488  
0.8594962084  
0.6710484282  
-0.004729292614  
-0.02998419574  
0.2849070332  
0.5773932663  
1.07388163  
1.175619195  
1.308727008  
1.170513878  
0.8677066485  
0.9223618422  
0.3765463339  
0.09375365717  
-0.4360579092  
-0.2240020852  
-0.2071536937  
-0.2324193143  
-0.004551208188  
-0.6700267486  
-0.4002423407  
-0.449870494  
0.2414911259  
-0.006508159463  
0.03860401795  
-0.09714932794  
-0.01517084312  
0.48978852  
0.7827587613  
1.445205694  
1.400741967  
0.919706266  
1.050696357  
0.7946765423  
0.7704701964  
0.1113550191  
0.1188574903  
0.3778611026  
0.6624542537  
0.6139669854  
1.335233773  
1.238005937  
1.356135265  
0.6152225081  
0.8808304748  
0.6069288841  
1.22640079  
1.400987791  
1.53829654  
0.9856533374  
0.9847413171  
0.74699516  
0.9183053804  
0.8007967972  
1.046753753  
0.6040519237  
0.7719054514  
0.7044580472  
0.8814667504  
1.058771512  
0.7245995907  
0.9599588994  
0.8316104925  
1.307241555  
1.760493216  
2.103363001  
1.871978022  
1.837295335  
1.649999647  
2.139406322  
1.929039388  
2.14508782  
1.572007083  
1.007946909  
0.6570460168  
0.8881546632  
0.9034273563  
0.6511049598  
0.4965082818  
0.3424552585  
0.5153968862  
0.2270414005  
0.459764227  
0.5578267363  
0.5242141893  
0.0621886587  
0.07626348131  
0.1175001354  
0.6072958261  
1.294335439  
1.210278211  
0.8843261657  
0.9159393091  
0.8113016702  
0.7451186391  
0.1838366959  
-0.008129356493  
0.2868689527  
0.4216436693  
0.7400147947  
0.5942091961  
0.5952836671  
0.2781528585  
0.33718807  
0.4369216804  
0.154175738  
0.6702790734  
0.1805919906  
0.06842827026  
0.03249127824  
0.4998103666  
0.2982186599  
0.3878689822  
0.3120391875  
0.3469626135  
0.2673894311  
0.5556916708  
0.7765234128  
0.6025406639  
0.4744701948  
1.739948837  
1.95178867  
1.245600737  
1.055773175  
1.01624041  
1.077044997  
0.6214196921  
0.3128091727  
0.1723936304  
0.5119213533  
0.3723928067  
0.7020633894  
0.5659823378  
0.7864653741  
0.1777912895  
0.08496823228  
-0.01107934493  
-0.1337382213  
-0.226665194  
0.1106485574  
0.2143563781  
