15.582966  11.18604405  71.67444597  -24.89178989  
7.114820196  5.107287802  46.61564417  -32.18841904  
6.981731177  5.011751456  28.14551344  -32.12050334  
6.702753113  4.81149042  71.67988135  -60.46687523  
6.583467382  4.725862598  24.88104428  -29.05669023  
6.31181332  4.530859008  30.98845782  -49.50024729  
5.259875254  3.775737964  38.72341834  -136.6850446  
5.102910451  3.663062675  57.25785035  -30.99028598  
4.655316716  3.341762915  62.63782204  -21.35357468  
4.45100293  3.19509873  21.08042916  -8.828922677  
4.269740889  3.064981961  19.81953291  -12.54872534  
3.515552793  2.52359714  26.19195879  -16.89541318  
3.27652489  2.352013845  140.4993531  -66.08568535  
3.026557964  2.172578104  15.53518244  -7.364086382  
2.997979063  2.152063085  78.04300914  -9.121662718  
2.960628815  2.12525166  297.5169164  -61.79881889  
2.903765293  2.084432867  103.8709445  -62.14751131  
2.902399355  2.083452345  97.60378971  -60.01351835  
2.728667166  1.95874079  105.4325545  -98.36099993  
2.671527238  1.917723583  30.63095581  -8.519645324  
