22097.45326  23524.56269  5170.82657  18442.79555  20343.04996  19314.92675  13107.56173  17716.71228  19749.96104  18924.29442  14579.78388  11731.07523  1608.405356  4122.792444  3119.54731  911.0195751  1346.744602  1551.040187  2051.959218  616.5924273  
1556.784176  1001.448525  2585.287586  2880.15575  3527.574989  4483.71896  5720.017896  3582.689937  1157.561418  1018.032456  159.9753893  1604.608721  757.1679654  1342.564451  21.91224657  212.8900098  211.22905  841.9892699  1909.257642  1979.48987  
1382.703031  468.8357612  3690.954791  1258.496415  754.755095  144.2672656  1498.776787  1835.913229  538.5265167  28.37879366  1217.128942  168.6066955  1083.851175  2721.44143  1238.06323  29.80463958  4194.472965  198.1238984  447.9949766  1240.612664  
412.2121575  1291.748989  4528.794711  749.738171  760.2861584  1906.182517  2152.791048  1671.773916  1450.16974  161.6509898  1264.770731  514.675719  234.6961521  1261.374816  398.0923257  1640.29953  434.594641  757.578227  1099.246661  1421.614884  
919.6005423  756.8952981  2881.789806  576.9524294  974.9709748  215.7517256  981.7215933  411.248732  77.39716085  22.61896573  595.6518031  1698.936612  699.7630007  1202.164296  6614.05704  879.0997622  259.8771451  957.0768355  277.1068876  286.9555811  
75.5966644  20.1228102  2806.155776  12.12470137  80.05424093  170.7811665  350.5615985  417.4400107  421.9414707  46.79233226  456.0711337  549.5519243  2986.011524  1180.37022  2212.230674  919.0140186  2487.659108  1731.898165  551.6435677  117.8340668  
450.4577855  296.239679  465.3887028  144.0471847  90.00513668  88.48694931  60.25350013  693.632541  250.360386  158.170889  109.4129334  233.0611965  115.2595422  1187.695435  753.0768252  32.96272283  357.1498388  433.5890616  82.0450385  414.684349  
131.850789  230.0800921  2093.087365  169.5254456  174.7208711  16.30752543  723.0405935  441.7765182  1283.982019  1168.179349  693.7688229  131.8671116  1533.769879  1503.365694  758.0800755  1382.403512  1815.343107  1007.429972  113.4119495  208.9999476  
190.5160213  65.65921049  449.1664935  65.88233021  103.3602942  72.01606728  185.9767525  17.67571122  76.63934949  898.4646617  228.098683  74.19876434  6.296956688  539.1119168  808.7143872  12.62455952  493.4331157  104.6077308  4.82625103  173.053869  
154.8427062  19.28403814  243.9888645  114.6990984  36.00500015  280.6617482  482.4635928  210.9191484  254.222553  124.3405466  26.73739912  93.48203878  225.983827  386.0529669  1630.321803  266.4426  345.442646  1243.409754  121.8407257  39.51628414  
92.06304064  27.34477081  38.88176677  273.39884  0.432689595  35.52435593  9.516691608  35.78471078  196.9677596  443.2656541  14.78401092  106.491866  3177.064273  223.37514  59.42636524  1912.438963  1729.297604  913.5589178  1894.980297  896.8620301  
35.364053  165.0724856  58.46833765  74.70574628  57.82824473  179.0766888  239.1665597  129.4820132  150.3200986  257.5547538  215.8970441  1.298061567  729.5093271  2195.646544  1142.583121  1555.661211  1019.813109  2942.915065  854.6632528  322.7964149  
25.96886958  187.082776  11.81702829  75.54538859  10.4375622  267.9747457  445.7325163  278.2694583  475.8825673  773.265759  100.852154  14.22897411  118.7692573  74.06735171  1363.337135  7.850310491  517.6037374  27.37237881  23.04370512  863.2298304  
48.90289825  115.990155  185.1531248  146.1439161  123.9218231  43.98310224  453.3468428  30.18249176  119.3746243  297.7153115  40.36297535  196.2808138  680.3440991  1418.738277  623.8343408  1956.858084  99.18485441  1180.647386  88.58142336  931.3738448  
80.91327644  17.33091513  149.2914778  43.12772426  85.13831372  44.91010992  3.816448259  40.11507608  171.8681102  14.59383225  217.379422  222.1461926  222.2893987  597.9774969  20.17565892  348.6337735  866.96473  1816.672648  45.00147602  189.1536911  
53.0687934  6.564667955  208.8088231  5.146838814  28.21386893  19.15082538  194.7107056  86.41593424  95.91800391  303.5295362  4.688345791  64.10153401  234.9540955  458.8672503  571.659648  889.6619608  333.8237899  446.5549855  77.80175037  2194.37456  
53.67908179  4.594066094  249.0236659  73.34502374  65.66408431  14.60018592  100.8043263  71.98171828  46.7673034  210.0410884  92.14387182  60.61571301  12.27143613  18.45058293  10.29856617  404.3598904  337.2939512  54.66930775  411.8533641  961.4173354  
59.81674089  8.021548402  142.071644  1.258622382  22.4970892  38.54343979  155.9994839  20.1541329  76.26821257  77.19600433  167.286226  3.815985554  353.2192099  298.6083749  813.7037714  133.0563781  60.1401488  81.78656499  632.5695174  155.19158  
6.786221132  12.29248586  279.9028114  24.51507718  54.54797555  48.28745401  105.4156706  36.57643819  30.17131621  511.5802948  71.35113802  62.13012007  1209.944514  495.6744376  45.15855371  392.6078198  288.7158895  675.0806404  476.7024648  81.41893397  
19.59539515  5.186612638  137.0450801  93.64353329  67.02990152  8.133345978  60.25398344  15.28558236  159.7828063  0.7835701785  164.3912241  211.5210527  181.0221842  387.4644825  34.82364018  553.7039563  173.1036443  330.6892792  115.6283431  3.901445938  
29.87560828  31.73961418  142.5245283  21.77919411  8.205117163  18.34123866  45.69322358  27.58582997  224.8389664  312.4575535  177.0926939  172.4986778  1364.999351  100.9881369  207.9014924  721.2489014  303.5027491  98.531068  629.0199639  560.8399176  
24.00850508  42.19793276  50.74324173  175.4641568  25.91637029  13.81621793  151.4024838  3.176235833  30.1321406  251.3307884  173.2447347  20.31420811  15.22963039  249.6997133  305.3091563  332.8105786  454.4956369  62.81966565  388.4682948  475.9371291  
30.2504241  20.58240089  21.07747198  130.1056659  41.91562913  55.16044919  8.77456976  35.16811984  148.2916865  252.4907336  13.52540004  101.4953105  1154.985828  80.15863886  79.98133052  390.8869147  97.6107542  99.63349231  377.2550884  234.5128234  
6.193928255  2.810125785  86.36514718  11.75373154  40.23713087  97.47372941  132.5987247  2.097358713  147.3367514  102.3148749  116.4210253  203.6027248  102.6910351  171.1967456  146.232837  184.1690899  47.75174053  124.069349  179.6438098  28.64960017  
16.75496643  5.243995752  81.88380563  51.27611213  16.52860592  41.42605814  35.13166019  21.90062766  3.33380585  93.35846637  27.4523028  45.96685422  815.9025382  212.6012688  325.2781552  515.4301235  1608.802677  1044.15331  443.7420415  322.089175  
28.173124  9.308595793  25.41531932  4.887851864  54.12400918  5.941688104  75.43173751  13.43823393  55.92649449  85.66225543  74.93586767  122.9502728  234.5529986  1105.911187  211.8443641  54.66328578  91.93161322  133.8674876  194.9795364  344.5306195  
30.01048086  3.532942061  81.73827428  53.07442862  36.31081263  7.840825881  1.418489077  23.0432098  15.31524928  106.7313581  149.039727  256.8476891  132.8747694  133.6882056  181.8894769  50.9684957  14.71530072  320.1513874  554.3562376  46.75863006  
20.88907303  11.92851748  52.91755076  4.781725368  16.80254187  43.65365105  25.18658402  37.01630223  33.77374831  64.38489663  1.294694157  7.074405388  114.9478377  112.5689454  130.5412964  786.6580119  610.1697327  555.9137027  819.1471896  109.5883395  
2.011182011  0.418727022  68.92706195  7.16237636  18.88585234  42.41401266  67.54959946  29.26450915  138.5707391  73.38429397  57.9299453  37.84235329  195.8248786  32.65828015  404.1928649  232.1082933  327.0179308  361.9258147  496.448558  181.4036978  
29.69275975  1.859759379  42.70463769  20.58907143  0.4686444818  1.791378824  34.9387099  41.26503821  9.277892071  104.7390092  10.43227172  207.9663982  31.26975056  20.55214933  368.2461587  199.5448987  101.2506075  109.2099975  130.6716748  296.1709821  
9.006362504  18.60598668  13.22484061  2.928095223  1.26433892  7.451852518  6.527692932  10.07303195  30.1400413  93.64764622  35.60566791  150.5188988  214.3112772  100.2756248  328.0581803  665.8470202  102.2516303  151.6702745  144.692923  531.7487914  
6.831967987  4.69716917  25.26448662  7.435052556  0.7078967648  2.687538943  41.46536397  18.49182186  10.6564915  33.05351692  44.83954058  10.66501202  51.49883397  638.1255497  78.76335641  34.02256753  118.3439269  181.9466175  308.0963032  391.2974028  
16.02057389  7.503015743  33.84753985  36.23942637  19.94848535  3.045546055  36.14814344  10.92282094  7.94480814  9.121884831  166.2429847  16.66078025  963.446415  623.3680291  323.9573763  783.0090017  6.006777568  197.0603155  805.7414032  402.6111441  
21.29496538  24.72868254  58.55607867  7.000315859  7.413830469  3.297621826  17.26244182  42.80303181  54.93789362  50.2264728  92.72539467  120.4542389  746.6122086  30.94503457  169.5144499  929.4696208  128.6722692  476.3044006  213.2150766  50.43024789  
3.300416002  1.141666009  6.411625604  17.03051852  27.18406907  10.95922383  38.65493196  40.31682077  22.59832071  55.19918529  10.73090753  72.37183925  77.50036177  45.73229184  35.90250845  595.2461586  33.54655569  494.5025498  367.9167257  532.5850027  
12.86496838  4.939708491  52.65009033  29.91685614  8.686074219  2.50017041  17.94731835  40.686851  14.38949969  77.33003072  53.87762786  191.6934955  53.60168696  182.9654711  59.08816934  378.7135268  160.0284427  453.6825854  10.7704068  17.5255429  
6.410684767  0.06387725118  41.28827928  47.13910475  25.6263526  34.30180003  19.39117979  0.626934284  20.59320273  48.60879595  10.86541684  2.013965426  105.6692326  22.82498758  59.71892728  310.2508684  8.59566893  149.6915963  83.48782106  242.9416718  
0.7077712274  0.4022658378  39.09563028  18.81469682  6.078171625  16.9257026  29.6127083  35.14295743  11.27887752  78.53037004  38.11054197  95.81595356  47.84703618  1.584738872  8.317424471  89.34471183  611.3751264  244.7727913  602.3014605  11.1655687  
7.03197822  4.625371046  13.86195146  23.32726849  3.031005718  4.047391207  9.483834701  0.2253414404  89.0864773  25.43631605  47.45925536  133.2304095  112.3597667  161.2858623  120.7687429  177.4935648  354.2411109  59.14001472  399.7291203  5.306644175  
9.453637153  1.973424523  56.38812645  14.75964237  8.399559847  1.482141592  4.466578945  24.62377127  39.71466548  15.035947  92.95969368  99.78470478  102.7666984  156.9424168  11.11250051  216.978655  199.6067167  355.5560482  442.4978003  462.1463533  
1.364319758  13.40487567  76.82874996  47.05491763  10.71066478  9.481182193  7.226302321  11.26460153  45.52734277  27.51482757  104.349705  17.13181871  64.27531737  56.5386829  22.42058741  424.1913276  82.71031043  68.83152814  376.4773179  17.43340386  
11.52485749  3.81570962  9.170191138  32.7699429  6.288986255  10.1368849  52.500274  16.67649864  73.1569606  90.16901598  5.48219765  36.031844  106.4407118  194.3720707  177.38107  66.29178744  161.7680616  51.80930282  546.5357666  74.23403698  
6.70157914  8.121972371  9.70349016  6.206702915  8.330069679  5.368954226  26.34469792  24.69466934  9.960631585  35.71315463  130.5844379  3.135513091  114.9808823  103.2370008  21.95200507  45.80161368  16.84576404  206.8357575  8.098931735  67.31438028  
6.740487681  1.847808882  40.50566478  8.611093516  7.945396421  16.41474101  2.629795927  13.19808019  61.17413717  6.622924476  40.91245966  20.27996383  595.1208135  329.6619151  76.87578514  140.9925164  169.0032962  76.50091399  440.0920374  289.0152617  
22.30795871  7.707693952  45.48824878  47.9941167  6.210415731  0.4789140711  28.1742936  9.348507959  6.002734574  1.968917884  64.92993534  6.276543788  231.6191635  12.82577729  204.5376732  36.88078891  225.8449609  328.4428388  27.56968816  148.3684472  
12.09207342  5.144649381  4.250353689  7.577410759  1.009947198  24.11878158  3.579139196  1.45947931  12.61308843  2.658644375  84.02996116  389.1668385  92.09447293  270.2965447  301.3279364  105.5798919  72.01518471  172.3072572  114.9543849  219.7344958  
11.71814082  1.825447839  9.227652057  0.7151867115  0.1059832531  4.169241391  27.45304455  24.90651101  11.3552214  94.17845385  2.606778838  136.4801698  28.01602224  122.9463701  165.1118303  69.43723608  338.0097893  207.4541018  12.51390536  470.0539619  
3.926283583  2.745313262  3.03215631  14.2048337  4.748624574  12.38141143  96.34809072  42.46612236  11.89038249  47.73289473  44.47740594  334.2300183  211.6246489  7.466463315  75.1373048  162.8991494  50.05914142  89.42750847  42.61713508  30.53641224  
3.851608678  8.17042503  8.269145592  18.74437398  0.03241744316  7.123965338  6.55795421  4.147410951  26.85403361  4.7410222  94.05960933  7.130702297  79.30019861  10.85931355  5.929557263  45.71351348  112.1196049  96.28796063  39.5741885  69.5097893  
5.078919232  3.023518506  29.01260492  10.27792214  1.125414308  10.0667468  11.11977394  7.422244645  9.476131745  6.0942482  32.84977171  108.5757167  41.76741871  63.3368611  50.85136899  64.2897007  207.233398  224.1930536  203.0863203  159.1868707  
3.330075443  2.336368572  32.71363139  6.565192855  4.182866784  25.16475478  15.253811  20.5690103  16.77315434  5.301565652  0.1679244149  162.2427911  137.8787109  42.84544605  50.51373062  83.73494545  35.67351666  7.33681854  184.3844449  73.58585792  
1.185199607  0.06757972824  46.335677  135.8623973  3.503865057  7.301985095  15.02047423  17.59757234  20.85948946  21.93693123  59.49815123  438.3582075  565.0486081  37.3590524  16.32858036  51.46923063  246.2145455  39.63477845  245.6269114  250.4815841  
8.84561172  3.401819009  89.71073823  1.830548023  9.711035635  14.66073476  25.3548964  0.2057360345  20.71152893  2.773183563  74.87194733  28.1710123  0.9062721387  80.02710977  13.05286693  131.8830581  184.0949785  174.5607919  106.2767152  37.84191927  
3.916030528  5.2616406  19.59936338  8.947991403  4.320316679  13.97306596  17.10559634  20.43681208  8.412127428  10.11535141  12.40652522  17.5264509  32.50301813  55.04765412  162.2700544  70.61369202  135.111125  186.5123234  132.0025956  50.34874124  
4.803447812  1.048056871  1.803307251  1.583653209  4.596169164  8.767704342  8.117698443  6.634512522  3.497607123  23.41202712  12.27203663  98.95187133  40.99927143  263.7058063  100.4928281  286.3753615  29.75857113  264.4851737  238.7076202  164.2418476  
10.03842104  1.962721127  39.09503493  21.73224347  3.83898002  6.716185928  6.953041769  5.335703412  15.20734668  25.25021692  56.75354856  30.72135188  53.05383184  77.86139206  63.49625448  322.5080341  70.5099886  118.3576327  34.32674633  134.8820078  
5.002960358  4.234449114  21.01337931  3.959041265  5.306293797  7.567469283  11.42339794  25.65040279  1.990666139  17.49758542  37.68426323  120.4880146  15.24940715  47.85074448  75.33648358  235.8751122  211.4951772  343.3734772  37.32331536  154.9084084  
7.980695067  0.5412514236  2.434752563  8.116854515  6.90482529  9.156463705  35.57810836  13.12613925  12.48283253  15.35101913  7.143607287  200.1754337  87.34474568  14.08027419  94.52850058  68.04330379  35.84923608  19.58203247  124.8533623  127.1271352  
7.440334733  2.913325925  11.86678168  22.96765273  2.639117554  9.620825262  8.32798828  1.978184387  3.591811369  0.3299269625  2.366108136  19.50673619  27.05559179  18.02567389  5.319797738  104.6315814  81.45817436  69.09390687  83.66998225  42.810629  
4.901064619  3.589329244  7.569936748  9.245563123  2.100817176  13.59703439  5.951650826  3.004469971  12.49533408  26.92522921  54.96024012  57.7655392  2.85422483  6.486987375  3.058315349  155.3911549  292.103281  148.1878588  129.8790763  37.56320862  
2.181151534  0.04046143989  13.45207515  8.207587268  13.36160156  11.19574414  9.626987448  5.666610706  7.102094267  3.258750815  29.2703874  116.3912945  43.49379271  49.71163625  26.70091658  80.63569615  21.72571444  123.0046133  176.837995  25.37242688  
8.223340553  1.84910287  21.4673873  0.9855104368  22.94461775  0.07503008307  2.861345233  0.412901033  4.567086037  28.5741898  102.3828258  6.879388391  43.41704634  55.08582009  42.49455885  2.228480108  70.80354987  123.4293627  38.19065665  59.71811509  
1.332354651  0.4015432735  37.98855389  21.63184646  1.658998638  8.045092861  3.247093722  3.797460957  11.64049332  26.59640631  9.763523258  53.57809553  178.8050004  20.81346423  33.57480881  47.54413062  22.8450291  30.79312996  111.6117372  12.14115006  
5.881666735  0.05393785059  6.580394627  18.02200699  11.6265939  8.117904728  4.257301502  3.850702049  11.51835293  20.12643696  32.88880694  20.89457472  91.80974161  7.383019825  35.95389429  2.624708879  25.01037022  41.35034997  144.9881152  10.87501787  
3.219351502  0.125826398  14.09795345  5.855952756  19.04756756  15.6026185  12.41016136  8.794444752  3.890337553  17.39923553  0.8315869359  185.4758055  47.29806112  94.15165683  7.909786816  131.4748722  96.14658002  51.49176677  303.1237762  110.18272  
6.846001033  3.056448566  4.786472409  18.92160093  0.4034302357  1.897763914  1.018251763  1.554429453  13.48979559  28.47455497  2.48947664  117.9966964  52.29034402  20.9977115  5.061801693  100.9949244  86.04435172  29.34268814  350.5572353  5.980802804  
4.912178625  5.75684054  15.10590791  0.7556873464  5.614661034  0.935798652  3.334818747  5.740441448  3.88299879  40.35283583  0.7647734347  25.90569387  43.05300013  11.92645107  5.175796255  89.03180112  7.251523058  80.89350835  30.30926131  12.13398071  
3.24376042  3.223152753  26.12741982  9.078635056  2.728977681  1.778405135  31.38656772  1.131076819  22.37761672  54.22611388  26.11058181  13.3744563  89.00291523  7.103852217  25.34323525  17.82688709  66.08873649  9.369416146  132.5310382  73.60467635  
3.009803643  1.164372942  1.957004414  11.81078106  2.508236865  4.981514912  10.15355924  3.600981469  2.512842514  19.64351375  13.64241253  71.9100241  7.099094587  29.35290216  14.22835835  214.9218075  66.03084697  78.58439117  48.18204516  12.46718874  
4.592030087  2.172300841  4.084543864  0.08739458228  6.399962345  0.9059924136  0.8055001002  4.841200914  6.997994839  48.13655432  70.56333645  45.56925939  50.23225145  16.75228188  4.47877337  1.055985813  2.408629597  33.64888032  81.25764805  23.8035117  
6.014758695  0.723573962  5.863152951  2.653287354  2.331849923  7.027210418  2.989138885  0.1609772296  6.24382108  0.1319215756  29.04558823  8.541916535  12.80312235  54.30937364  9.408534262  37.48626211  11.53198532  44.8711115  49.00264347  40.56603642  
3.584148073  1.754453719  19.31217289  14.2837452  2.922035417  14.55350333  7.812076513  0.4145795676  1.44806633  1.890436738  3.897340471  33.38758267  34.63316273  23.57016066  1.314412968  113.3096262  3.50795286  0.07791573022  67.13107064  42.69573766  
3.349215697  0.05749946021  36.68004982  0.06965622519  2.359073802  1.934769184  7.132636805  0.03241176232  5.837527509  0.7130169254  9.157986489  41.89784375  8.993118868  10.10336963  5.93635903  103.3478904  51.43468507  3.828768339  6.663783781  48.29665661  
3.299375424  2.334255059  2.853613595  36.49712877  1.32279276  7.271126705  0.5178933614  1.951769137  0.6326615314  0.3565498038  6.870539398  0.2521099546  30.41611552  52.79085781  47.61086646  57.95969624  14.45085021  36.38400647  276.5254036  19.76123726  
2.780888684  3.325966891  7.905094853  19.55805096  1.344204106  4.3776047  0.6019827315  5.254954299  7.536769219  0.1189691286  30.99466977  19.99767599  16.48223187  9.982914028  17.76348124  40.91301392  55.3523178  27.76147369  12.02640965  20.0509147  
1.613615744  2.202503035  22.38793073  6.950238775  0.4203796891  1.473756291  0.3034125042  3.784141634  7.218732449  23.56056998  36.97500141  66.52624716  32.32242249  2.998797804  6.408429234  108.6775674  25.61841267  43.91912395  50.00501349  125.7145856  
2.746415087  0.324150638  19.00061795  1.714519438  2.422075463  3.287076913  5.473249109  1.78898851  3.870828685  3.129251714  54.30756658  14.32545439  15.28089992  2.075410671  4.541099125  46.98388959  149.4015495  298.5269264  14.76549656  83.97765152  
3.531351329  3.02280268  9.256720725  6.682950834  4.361254455  7.255666665  1.102900251  6.155639303  0.8036798546  6.774936973  14.08759566  51.65297763  21.70389411  6.319966241  12.80790771  114.1839303  105.1364736  65.28584261  100.2209887  9.82808709  
6.609782093  2.784585121  2.241375704  3.262529373  0.4056578658  4.953472392  1.019449127  2.28451632  2.399848592  8.495556527  49.25611033  53.82663468  63.12651159  3.688228751  44.92262846  34.08403987  128.3655421  60.10353708  93.58415546  93.97078308  
4.603300517  1.042275048  5.681752013  0.9275966982  3.23629921  3.775140293  5.690667999  4.305654798  4.59035066  6.714971957  24.54055811  2.559409684  6.433779459  3.385187614  29.94542034  16.70164649  15.48399143  24.35870908  98.44775198  91.39927175  
3.654692452  0.1858737111  25.46045446  13.5776905  0.5845358493  10.91568135  6.821154963  3.482684152  0.7072489728  4.265904407  0.09392793167  17.10615908  14.92859951  7.349185522  6.866918057  1.255425269  4.354624301  2.525514242  25.83820337  18.39328929  
5.397755964  0.3939285742  3.345162179  26.23013212  9.590962871  1.762125708  8.98854306  4.000541607  0.3649739323  4.756449763  18.28583742  101.5274747  66.80693612  5.474130852  23.40146184  215.1454543  31.72583244  15.84063309  236.5486672  89.89261816  
1.039583447  3.575916032  2.576218804  1.666686637  4.866194854  4.873312404  7.992022448  1.189733288  5.341897672  13.99815294  30.4642214  41.70595826  11.64049919  8.950314289  7.542380234  51.49165939  98.70547773  59.1693549  73.9795763  77.86339266  
3.610634358  0.7417048918  0.6949116052  2.822392009  9.337468808  2.738904742  2.258626047  5.326518976  10.73020118  7.297360808  98.55282104  25.34979854  48.22555593  13.60343293  2.486972771  31.11838368  299.4416992  277.6081873  188.7120609  375.8534292  
2.443982007  1.717169013  22.36839854  6.349762098  1.795073381  0.9463876436  14.10415663  0.1113054486  5.332026086  9.589240929  172.9583  28.43669816  85.55428913  18.15800174  22.20078983  80.58091781  124.4352159  64.39467686  195.8496642  189.2008181  
2.034677424  0.1211382495  16.07010848  1.169302605  11.55240372  6.848130845  12.18444388  0.6165241214  5.232103872  17.73759666  44.68143631  15.36957731  61.41223221  1.968118742  19.43646024  8.676899698  12.52402269  5.678646236  66.35793004  9.603384124  
2.53107625  0.2819458272  9.806657389  10.83733633  1.057435913  0.8203438508  5.485829239  0.2036234863  0.5301880949  2.26004877  22.51133183  57.98951889  1.680829251  25.57335172  32.87322645  110.3524165  11.72671965  6.506319091  58.49391526  130.6235457  
2.399698437  1.27517533  20.45929579  15.30556747  1.123126142  1.0874209  1.033238046  2.851399731  0.3691839306  5.289487766  13.60784346  23.3502827  55.94218972  7.794978407  4.10654975  98.14647606  46.69258049  37.62404252  86.03786667  177.4889101  
2.703491295  0.612580386  15.78574271  4.550871568  3.29410481  0.3744371517  16.69203143  1.977494806  1.781560431  0.3869698406  6.121125537  53.07364609  64.55415508  7.751633373  1.833457108  107.5955075  1.301748003  74.77895112  11.671542  47.5589029  
4.334700758  0.2263237485  13.77733775  22.75552649  5.80615258  0.629942336  5.233997232  0.1174330337  1.688212278  5.029188643  123.9757216  211.9078793  15.61808715  6.400885758  23.67256303  16.41720855  17.14514764  16.19929932  27.22833846  32.61515639  
0.677642348  1.782579605  16.84231392  96.15314633  9.7963848  0.2989037704  17.63076817  3.301836657  2.974974933  2.473400234  11.36289382  52.48350136  240.6139904  16.44901523  10.80924606  40.28172247  123.5653225  83.70179852  53.16041024  25.28882945  
4.214501563  3.115053454  15.82813013  0.8173027997  1.182598831  2.112368847  0.2234509953  2.21972456  3.289235154  16.5334781  14.89573321  5.375114031  8.870354968  1.015814475  3.383062335  27.84503621  6.318517684  11.69788372  111.0954003  228.9000922  
2.41630758  0.3907649871  6.437876173  3.427886726  5.081872232  5.537505803  10.16113387  0.9275126857  0.583729515  21.30576677  222.5286839  168.2560667  61.34819529  3.793147069  4.12773128  13.18494188  27.01184489  0.3601303724  168.41211  56.39338253  
10.59469777  0.5446541413  15.48897851  9.074597931  2.658555113  6.782862187  8.095041019  0.6866146234  0.3373939982  5.644681022  34.15171785  39.24680521  19.22364499  16.92733907  22.90721673  45.60802347  5.912032106  13.04335703  37.5196574  33.24850795  
0.6633426562  0.2678067545  3.68489021  3.66068346  15.07326002  15.74233748  9.289875422  1.197908434  1.41022991  0.3299361365  68.07311396  109.0203889  14.2042601  0.9276826158  1.908649715  9.300613133  115.1149734  44.2945329  58.03791396  23.85323896  
7.532373639  1.031212172  3.425748548  7.939099468  1.553136215  1.531784427  1.612821699  1.183033235  1.828062847  1.920008425  60.0682391  109.4418268  14.0954015  1.856317491  6.884911146  18.79175849  25.44434888  96.27600161  31.53223475  55.39158483  
4.736051769  2.3276011  7.504018983  71.72657962  0.5061643187  3.472693385  12.81031357  0.5363561147  3.124262409  2.698966048  151.2974284  222.4905979  70.84028959  6.955723771  27.983832  54.25622242  25.79905695  25.78683943  0.9364865671  104.2514612  
3.556288809  0.7329523574  8.428975832  3.860007003  0.08805205426  0.1248957668  9.6793708  1.032679062  4.468339266  16.36284369  29.08045661  71.08993855  5.834313147  5.571787578  5.175496361  5.124055831  20.40343192  10.39541894  46.20693804  5.606312238  
0.1798311331  6.976407053  9.14479039  64.18204102  1.772311796  5.176603845  6.210738483  1.656596286  6.992447031  2.820775271  49.48462375  86.13352816  151.0027554  0.4816557125  5.447209833  58.29394369  11.32657837  20.41362676  308.0228691  36.08049511  
11.95523439  6.812625901  17.683071  116.5455254  53.88069506  10.77693823  23.04628149  19.50568056  35.24999009  33.68485304  331.7657166  269.6619796  100.4370081  45.52359635  71.48419128  9.993379992  110.5936205  48.3402749  31.34897687  146.1241854  
6.095284783  4.869274493  6.082718864  15.58961488  10.50825072  4.928047269  2.894504784  6.357926672  1.458740591  5.994990418  72.91568987  156.6665869  51.31492376  5.826911409  8.471001982  73.97825909  10.36606136  13.01408127  103.7143023  39.1427228  
6.286973433  3.031199286  2.078998826  13.55813853  4.264582291  3.911998432  1.162446597  5.993586112  0.1264931742  3.28001282  64.9472729  144.3357758  18.33640307  4.191231733  2.152840523  15.99911562  131.5621634  14.74492236  0.03367171538  48.24829526  
2.954503596  3.337074526  18.64923606  82.67594453  22.37000882  13.25737688  6.234421873  3.697445449  2.853916196  9.370289106  104.6510157  49.22747257  73.50465188  1.483041927  13.19319047  133.6500414  19.49989549  98.37801358  124.5857487  30.87094225  
1.038785343  2.840099645  7.54024035  92.00935721  36.03549196  7.086461512  16.04812078  6.291574357  17.99237665  18.96724163  52.41829503  121.5199312  73.87679445  64.94886229  39.07637673  384.146995  49.88894521  29.66490537  129.428909  602.5163948  
8.686891833  5.982518194  3.863135802  74.88759629  31.62897526  17.9110325  8.552879343  2.407631546  6.420721372  4.661355668  96.99512552  12.64414036  47.53673828  30.47201064  13.13494326  128.6120974  17.3005022  37.97706962  419.1202168  363.3685302  
20.55592782  0.9967204327  12.61578474  188.6496857  50.78467377  37.64051439  2.087354217  0.1036735068  13.1642212  15.16675186  435.8853182  261.2966228  131.2597838  8.769519804  61.01702071  98.06270697  33.57944197  8.584420093  68.52146668  518.9967783  
5.263911296  4.068361007  4.912239886  50.88857971  10.36518284  4.047354721  4.474729814  0.8826532158  1.720840534  8.858030848  38.50527307  94.16686835  42.30216967  1.246355053  0.339734846  34.9409639  58.94256763  0.4201000836  13.90451298  6.152064919  
1.332125405  1.785573124  43.00050742  55.48590797  11.29146913  3.455214493  9.567625252  0.2416260484  3.052285276  30.94543472  164.414501  22.68846719  31.502641  7.383196035  0.3311063133  10.00276923  37.73850168  13.59657284  9.219283428  9.57254415  
11.19994887  6.81575761  8.368722028  56.88516353  8.129349466  1.727386809  0.4693394633  3.47705974  0.2830788711  4.408826518  153.3096653  78.16332845  71.71939581  0.9067439112  16.68669473  39.22451758  131.0564739  37.80221435  24.05961466  38.97070623  
4.555070371  1.511249594  20.35512847  68.92729955  47.10290268  2.180392225  1.557675257  0.3422084782  2.125638938  7.590853826  160.7776583  157.498231  102.324327  4.362393015  23.11087138  74.78475733  2.40759098  6.336196162  226.8953325  276.7402845  
17.47160859  3.050227607  17.01716119  46.80422472  23.98454811  10.86034538  6.041387329  2.245337024  1.699127502  8.521376102  73.82439115  117.3604837  78.43132973  69.67232703  5.613668996  37.48853806  28.64098146  34.77662167  66.78810841  54.18207451  
33.81532045  9.878352661  66.84975692  242.7147208  46.04591662  149.290684  15.92611626  3.646028379  26.66974721  38.37547954  589.1865578  810.1666191  76.31794647  0.1930618719  94.43349108  178.5592646  147.0784672  39.71250792  259.5993809  410.9035092  
29.18572835  24.69350215  15.34681211  50.22865896  60.27131707  1.200424219  8.31385765  7.954006494  20.37947178  35.22052719  51.27999748  229.3995328  68.36471691  22.13217791  14.7944658  16.11407563  39.71153787  5.316059652  102.9248821  168.4753319  
2.911905856  0.4252375687  1.573586038  74.13578068  12.17635065  27.37463843  5.333557221  11.19961454  1.028479849  32.83624965  243.8941641  233.0444785  42.71104419  22.1404972  1.793740498  26.11354943  21.03561861  22.65400344  166.6096724  375.2240523  
5.367196803  6.347496559  24.84797397  101.9526393  37.43091406  8.683451631  12.49953641  2.692102176  18.82371722  20.89513455  160.5630243  279.8262314  87.36687106  41.97058812  43.12064135  89.74571477  71.58113774  22.18018804  1.91292537  516.2459493  
19.70207856  5.136681401  6.901183586  71.56032272  8.676649177  48.32912579  5.742646927  12.38568824  30.52292028  31.27361167  129.5329103  201.5645335  18.99211627  11.57988014  50.47606883  24.99004327  0.3597303266  8.910556412  162.7395931  650.532887  
5.360012311  3.29966427  6.873512603  67.68446181  14.05750043  14.03643755  13.4953567  10.59893793  14.24605726  18.48414083  219.8077283  165.3036275  101.9489673  32.36330805  13.90718184  97.12575487  74.78962021  92.03993865  206.3021123  372.717949  
5.979527143  2.486316258  3.730886979  38.85939463  76.30339683  33.07641901  19.67689664  1.316335073  0.2159665223  11.67269889  775.1044528  358.4826462  35.91661312  16.34069577  21.6230673  10.00227546  1.62157943  62.37890218  433.4797486  233.8420013  
30.44438913  11.29304316  12.36934543  277.7467983  90.5654088  10.5553238  0.4857219098  7.25110142  15.64423095  6.175424053  274.2350637  481.8621158  174.4197292  33.01311455  80.4351032  75.75669407  75.1883208  137.5024985  105.0258997  109.805717  
3.66561284  11.59373886  13.91764124  24.93230109  16.29074765  128.6767737  12.20534228  2.490569924  8.842074752  28.92188331  56.44322751  0.02673552681  25.40820645  2.53376633  17.07475419  4.788795755  147.5724496  15.68291202  102.5424769  200.4557683  
