1.778954405  0.4778094458  1.249528799  -1.885012373  -0.8578189891  2.007526113  -0.5109880281  1.146857254  -0.4849889963  -1.137724971  -0.3301136679  -1.186818928  -1.333250645  0.1007625508  -0.9366967651  1.407539066  0.527647237  -0.875233581  0.4505318377  -0.02740663971  
1.732466693  0.38422601  0.9899197364  -1.856695925  -0.488234627  1.618357683  -0.5651228819  0.8102317382  -0.966358818  -1.074991493  -0.8863362594  -1.733867719  -1.389881368  -0.8635878397  -0.9407993133  1.253263426  0.5931284831  -1.236177959  -1.239074142  0.0335951514  
1.672008058  0.3170899181  0.9735006993  -2.01872364  -0.5310329854  1.71809808  -0.7706736399  0.8151860818  -1.216349314  -1.498543124  -0.6058387  -1.427599272  -1.524247504  -0.1926111337  -0.572933125  1.18602384  0.2205508076  -0.9486907563  0.5573307971  -0.4608187917  
1.707065268  0.4668942013  0.8168715944  -1.807650138  -0.3714078377  1.647179134  -0.8678618678  0.75382485  -1.594471696  -1.571779308  -0.9609658283  -1.223278593  -1.675478128  0.4046840599  -0.2124320228  1.093967495  -0.05355349815  -1.544734892  -0.8133247774  -0.5320820717  
1.691881756  0.3646598765  0.8072656431  -1.972167177  -0.4851621974  1.594245417  -0.849689102  0.6975038162  -1.277735729  -1.140317871  -0.9075938623  -1.94272863  -1.536252191  0.04191175524  -0.5302396401  0.812264532  -0.03050494129  -1.036650656  1.406126484  -0.4396298254  
1.608363498  0.421557922  1.050130079  -1.96139604  -0.3417094753  1.285782594  -0.9527213304  0.8014134796  -1.313394022  -1.247383193  -0.5515358674  -1.59576028  -1.548470586  -1.355558449  -1.508176437  1.038577675  0.1142260134  -1.195539441  -0.0597354698  -0.05983083017  
1.632965649  0.3793598884  1.145725949  -2.036689861  -0.6851108136  1.51612712  -1.142647651  0.7606713471  -1.372792798  -1.114803118  -0.4240053929  -1.800908189  -1.493260949  -0.906614653  -1.538827976  1.221534667  0.2420300146  -1.034491551  0.801109553  -0.3962026147  
1.696738691  0.3364334012  0.8807114656  -1.808621642  -0.7602741104  1.424448332  -0.8078969116  0.7087351572  -1.303709711  -0.7498624152  -0.9022835558  -1.94684465  -1.274132048  -1.244686591  -1.696236662  0.8910033893  0.3878946871  -1.206724866  -1.773870785  0.2387423675  
1.640611909  0.3678768819  1.038504543  -1.586213701  -0.3415001437  1.39514947  -0.4615854751  0.9477666696  -1.00213288  -0.7787910437  -1.134375315  -1.988044293  -1.117246038  -1.380790415  -1.027306809  0.9940651379  0.4168943633  -1.347156091  -2.494090042  0.3464855219  
1.667800868  0.2919500687  0.8999598594  -1.579364043  -0.2169738525  1.538481673  -0.4407054791  0.8035439978  -1.363900563  -0.9037129206  -1.210377312  -1.934126935  -1.056537978  -0.7214200187  -0.4212626851  -0.103486514  0.7038191892  -0.7012624082  -1.483128952  0.9034420227  
1.697871042  0.409759226  0.9785477902  -1.677667679  -0.3525556189  1.485201798  -0.7358819313  0.7853153196  -1.476512524  -1.050531493  -1.092021522  -1.820630848  -1.186695155  -0.6499476605  0.1411687783  -1.880422679  0.965479044  -0.4264112112  -0.3663892608  0.6273480859  
1.657972321  0.3521055578  1.168752978  -1.808857483  -0.3374606079  1.672935714  -0.9668855644  0.7783575069  -1.351148818  -1.303331457  -1.085723116  -1.457659348  -0.8271399852  -0.6316608605  0.4162376812  -1.488097448  1.008802837  -0.215041374  0.02635212515  0.2762665066  
1.575218385  0.5497267909  0.9736799946  -1.6435945  0.2328350109  1.298780422  -0.7365744775  0.6836549473  -1.131699234  -1.438811994  -0.1356467733  -1.084952437  -0.8223731507  -1.631641667  -0.2504870051  -1.664259719  0.8540794907  0.02687064568  -0.6292572445  -0.3747498655  
1.527236179  0.4283223197  0.8211653861  -2.324457618  0.321447316  1.403293864  -0.2851771122  0.9338332111  -0.8511592698  -0.6942687463  -1.05645366  -1.312040397  0.7036901817  -0.995848479  -0.9549710211  -0.718077495  -0.6407589358  -0.201761621  -0.8542689365  0.06231177153  
1.436928388  0.2848012874  0.9542649513  -2.323446508  0.1194784501  1.275087992  -0.5448563532  0.7594739173  -0.8015280691  -0.8045287609  -0.2392060308  -1.789353826  1.337222527  -1.289269431  -1.125362703  -0.3006365286  -0.6745417318  -0.6895406621  0.367909647  0.8890932408  
1.504686644  0.2630051881  0.7748045646  -2.033028527  0.3922487029  1.497565124  -0.383071315  0.8142686927  -1.013959242  -1.234080404  -0.8401893634  -1.260330512  1.023234847  -1.737906355  -1.790215281  -0.6145184692  -1.24869726  -0.6463099986  0.04845717084  0.3446346862  
1.566637694  0.02402993354  0.5516180099  -1.724191568  0.1495296378  1.329493996  -0.07130231019  0.7773732868  -0.6000011715  -1.382004321  -0.1162324076  -1.439946732  0.8714464813  -1.220503675  -1.888285336  -0.6018062959  -1.099750775  -0.9806355691  0.282606407  -0.0602539107  
1.483357298  0.1491417896  0.7602197143  -1.209186793  0.6130699284  0.9699147454  -0.2282623396  0.8854022627  -0.7219515302  -1.509191526  -0.8806746009  -1.864191719  1.171879525  -1.09754294  -1.295729913  0.5512130081  -0.3923062693  -1.956549245  -0.6083155563  -1.179510207  
1.590110675  0.02831848511  0.6200822489  -1.059780699  0.459633172  1.286619505  0.03830586345  0.9186033032  -0.4777629769  -0.9383909567  -1.210643159  -2.147092855  0.6241771765  -0.1860506205  -0.01054227642  0.344155459  -0.6950399417  -1.257556397  0.4729271799  -1.101493318  
1.486262857  0.05947500533  0.7802960298  -1.353654131  0.639860564  1.009425816  -0.05674825271  0.8600750236  -0.6105488137  -1.260727971  -1.342335107  -1.975020747  0.09487389903  -0.6314833108  -0.09822998839  0.785857284  -0.6873243513  -1.289188787  0.6961386494  -0.4854096707  
1.628450011  -0.003614879024  0.4759694524  -1.235663746  0.3968807402  1.418673247  0.1674492788  0.8405921132  -0.3757849443  -1.166124072  -0.8859824003  -2.038628219  1.067617909  0.2515956424  -0.2374017255  0.6322575171  -0.3588948745  -1.457779724  0.2543389033  -1.60400412  
1.547933948  0.1497590122  0.2829048154  -1.577768702  0.632090524  1.226032079  0.127131551  0.675479249  -0.9242036221  -1.260168052  -1.057615962  -1.636852779  1.652616581  0.4149986356  -0.41099432  0.7362532035  0.02387731554  -1.48533214  -0.1035180159  -1.247859874  
1.590084228  0.008694209355  0.4281084386  -1.547306119  0.3284331523  1.213045004  0.2344654047  0.9435341757  -1.032582267  -1.123901228  0.2634784456  -1.027787363  1.081136133  0.3524238931  -0.2556996102  -0.2234769583  -0.8687685124  -1.221990202  0.3265645632  -0.2305171589  
1.398319814  0.05564836085  0.5344265245  -1.854262871  0.8414783226  0.8642912812  0.2839402396  0.9013436115  -1.093369388  -1.016745746  -0.6497507443  -1.115213442  1.454813624  0.1890525635  0.1423184359  -0.2831483077  -1.278602556  -0.9803267398  -0.1863652002  0.05998889928  
1.462833201  0.07585835573  0.5178979475  -1.557754986  0.7609861679  1.218546715  0.1461245711  0.9420190258  -1.353016076  -1.097027982  -0.3621591359  -1.02545966  0.6600387616  0.4986291904  0.4717587732  -0.9446953959  -2.075261568  -0.296088727  0.2037149051  0.1905982642  
1.338096531  -0.00309161542  0.5342205285  -1.628661825  0.9370675152  0.5161900417  0.3462803882  0.948053512  -1.463103774  -1.079545453  -0.05829747501  -1.102306826  1.430132385  0.4691865579  0.7055829871  -0.2780403274  -1.243944863  -1.108923661  -0.3552278886  0.02205545873  
1.456346287  -0.01816085761  0.3478578291  -1.273740959  0.9275246489  1.000680801  0.3126922044  0.8609882732  -1.357042957  -1.011094747  -0.7370135427  -1.316001782  0.582167737  0.153049648  0.5628821983  -0.7887328353  -2.273881945  0.729792064  -0.1962100529  -0.1751471582  
1.28380951  0.06930588468  0.6271549173  -1.419509314  1.045232354  0.6332627597  0.05159288684  0.7237209556  -1.316574694  -1.526244978  -0.9223770865  -1.718842774  0.8821956923  -0.2498080221  0.3019336836  -0.2869123486  -1.579078937  1.077407535  -1.134643049  -0.2299568499  
1.433313183  -0.07444903693  0.6089108037  -0.8935671714  0.9192573622  1.025207298  0.1675617866  0.8824350848  -1.409629221  -1.513810001  -0.5337218246  -0.9213161781  0.2685601918  0.0455720078  0.2620622717  -0.8168255399  -2.427362108  0.5056020486  -0.06363051276  0.3556447374  
1.180444405  -0.1707481322  0.8268303349  -1.33306616  1.077860325  0.260410425  0.5241409884  1.001970656  -1.500810637  -1.410123577  -0.3528878616  -1.109327451  0.9779743827  0.2241992332  0.4984527892  -0.6449256585  -2.157666304  -0.2550094416  -0.6866322255  0.3957403682  
1.484592697  -0.05845606827  0.2945196428  -1.024796548  0.8869877699  0.9894083567  0.4279284597  0.8750681992  -1.596197025  -1.151343579  -1.096302223  -1.409098098  0.6104106456  0.6996041149  -0.388863944  -0.3743141769  -1.861468074  1.688952059  -0.6105815445  -0.4111026426  
1.252608251  -0.2103286338  0.5759080184  -1.200241548  0.8995286443  0.2621077685  0.6433468981  0.9374491082  -1.793415943  -1.400042702  -0.8227990011  -1.268020962  0.9242831934  -0.01652802026  -0.5769811403  -0.168608863  -0.854297189  1.160332774  -1.503441139  -0.5323033278  
1.468121732  -0.2895906027  0.4797393051  -0.8820144207  0.6198861154  0.6825672906  0.7951223357  1.165808615  -1.530909572  -1.115865929  -0.5048568638  -0.7496027809  0.3140208892  -0.4782123272  -1.068454312  -0.2963998732  -0.6818836963  1.397519127  -1.101882587  -0.8710414717  
1.190163137  -0.4319884473  0.7592670725  -1.725724949  0.9625275724  0.2334035017  1.134987475  1.451052948  -0.9534322947  -0.45709909  -0.8486501724  -1.174777321  0.997525276  -0.8251762262  -0.329244794  -1.052853258  -2.114864124  -0.4565480124  -0.9312978297  0.05787284425  
1.396348072  -0.2867573899  0.6160833525  -1.001818114  0.8681996224  0.6322726134  1.212801957  1.511725286  -1.07961348  -0.5377303582  0.3388070248  -0.02349139744  1.075569668  -0.4326282424  0.1579484684  -0.4684204837  -1.403937686  -0.08865105641  0.4628769114  1.283442194  
1.142888455  -0.4818081475  0.5622425732  -1.610826683  0.822892956  -0.199587649  1.142893388  1.099913191  -1.277536441  -0.4786006409  0.01687142506  -1.477330297  1.841900406  -0.7232236326  1.098669232  0.01031626975  -0.8827534552  -0.3816438064  -0.4976981088  0.3804002741  
1.235987598  -0.4292092701  0.3509112454  -1.255928392  1.161149565  0.305364525  0.8662373119  0.8662396172  -1.997581089  -0.822365391  -0.7688468824  -0.1148091566  1.368085278  -1.326424481  0.1180014496  -0.2801602904  -1.061584946  0.144236698  0.4876204537  1.440094873  
1.270821723  -0.554774523  0.2708926345  -1.05554078  0.5859182712  -0.3027489482  0.7390000782  0.7219448152  -1.56097553  -0.751580714  0.5656679251  -1.784177715  1.507630437  -0.7283931408  1.267593966  0.3346365301  -0.3406608263  -1.315764016  -0.6209070099  -1.430062188  
1.101735752  -0.4642094315  0.520181795  -0.57853332  1.233698129  -0.0782713189  0.5297363834  0.6017021788  -1.961100421  -1.311694914  -1.286682556  -1.120379628  0.4053607969  -0.9763701078  1.332449316  1.196047012  -0.275510177  -0.739856257  1.13739967  0.05704540112  
1.226041804  -0.6298350273  0.2642525629  -0.8597100739  0.7960255452  -0.1401119182  0.7126006916  0.6769699451  -1.688515743  -1.31143402  0.2501245691  -0.5162932984  -1.221552518  -0.7581172846  1.39477955  1.48587615  -0.3378485649  -0.510427125  0.5257584712  -0.08747903744  
0.9310122065  -0.2862536869  0.7188315681  -0.4964369521  1.136337492  -0.4517862187  0.3872046897  0.5634882282  -1.976172077  -1.020704659  -0.229435076  -1.189542259  -0.5664077403  -1.706887867  0.9098013575  1.437979096  0.4531302129  -0.6562323534  -2.523188863  0.9471583871  
1.076773726  -0.4477127047  0.3495304703  -0.5061414019  1.104791947  -0.2021092812  0.3844872043  0.5046112623  -2.020059498  -0.9954114801  -0.3683858266  -1.602989034  -0.7924021849  -1.394450385  0.264830797  0.360864871  0.4501085632  -0.1585285485  -1.137495017  0.8415002072  
0.870356598  -0.3922721401  1.085344029  -0.7796403348  1.040579667  -0.78117736  0.1916255854  0.4449122166  -1.972363885  -1.662762537  -0.1178038496  -0.6582010811  -0.7998736127  -1.320364443  0.6631857647  -1.845360005  0.5044182912  -0.1705334123  -0.7977865792  0.5479588781  
1.241662454  -0.6237868178  0.151047175  -1.283941404  0.8049403777  -0.3165790788  0.9606689744  0.6487990244  -1.517439846  -0.8544099959  -0.7132771233  0.1508207991  0.1964269402  -0.5901872263  0.4999393079  -0.5471060377  0.6148755143  0.40237933  -0.8601838541  -1.381137972  
1.106813851  -0.5386192654  0.09320231943  -0.7305050868  0.9978798284  -0.5742025474  1.034149284  0.560454369  -1.487668791  -0.8960547034  -0.8151694467  0.2229024099  0.2505834499  -1.186395584  0.4059493876  -1.01346478  0.2903164525  0.8156118682  -1.274380253  -0.7156008654  
1.162608672  -0.791447192  -0.1553089469  -1.118375048  0.9474011549  -0.4600422146  0.9086819408  0.5750277429  -1.395678549  -0.5303034006  -0.6140806093  -1.915662052  -1.097736279  -1.693587307  -1.058449722  -1.460433127  1.079180679  -0.4106871305  0.03314561579  -0.02257283338  
1.034297468  -0.5897733611  -0.1976028181  -1.170832431  1.051549755  -0.7638516555  0.7845424368  0.391834069  -1.17343818  -0.7167555566  -1.4342246  -0.3602255748  -0.3175970187  -1.647407095  -2.010678172  -1.356080446  0.1383923074  0.007726397788  -1.327782473  -0.4772033058  
1.297024961  -0.6979957343  -0.2135006805  -1.278672056  1.047521601  -0.1876828228  1.389249816  1.174466557  -0.7845122833  0.04458183007  -0.4265757745  0.2411580173  0.5552752079  -0.3362428041  -0.7157694381  -1.197480569  -2.020924879  -0.3044441465  -0.3912867258  -0.2419174569  
1.208305566  -0.7154270278  -0.4577586567  -1.608392793  1.000394681  -0.2538481397  1.755824215  1.141607263  -0.5555084059  0.6080178628  -0.9027776331  -1.206981889  1.334877352  -0.7887178442  -0.5244686931  -0.46782615  -0.07135799935  1.263605961  -0.2710287202  -0.420012529  
1.210738867  -0.6231331716  -0.3621423084  -1.496391517  1.06320277  -0.2701191472  1.78884006  1.095733012  -0.6173199927  -0.1148882431  -0.9744469171  0.06995855158  0.2192405624  -2.27199622  -1.510190504  -0.8001957586  1.742015456  0.51607311  -0.3571131647  -0.9529806243  
1.043326784  -0.7949459025  0.01144972399  -1.091525355  1.074728052  -0.6288947989  1.348214439  0.6651696349  -0.5908536273  -0.6337613053  -0.5738829604  -1.852454847  -0.7550236951  -1.957698163  -1.307239569  -1.127431332  1.082729251  -0.02355375189  -0.4760508655  0.6052247558  
1.09118054  -0.6901602043  -0.1475072491  -0.8774556202  1.095268074  -0.3891432296  1.173014508  0.5636397099  -0.7281670488  -1.217092905  -0.9544865282  -1.213768421  -0.7360934971  -1.374184203  -1.197236827  0.8566309742  0.3693477608  -0.7799784048  -2.211064662  0.586435717  
1.139943316  -0.8932645517  -0.5238921148  -1.118241295  0.9818022497  -0.4260722094  1.086451051  0.3781009111  -0.6168971804  -1.514113933  -1.242886217  -0.4801950771  -0.9193354751  -0.5463972879  -1.459589175  1.258072336  0.01923569033  -1.214717342  -1.761429865  -0.05180110348  
1.106754485  -0.679540212  -0.2531414284  -0.8828458278  1.110011376  -0.2372382695  0.9263328787  0.5709368197  -1.107484069  -1.664385372  -1.078137438  -0.5086515912  -1.129407328  -1.204386705  -1.602175757  1.167758885  -0.2264412042  -1.546640381  -2.193854913  -0.05007360711  
1.276778354  -0.8476839545  -0.6071687303  -0.728409592  1.02550161  -0.07964365574  1.115999288  0.5359043138  -1.181346133  -1.128577053  -1.352046806  -1.010482925  -0.7910399689  -1.077956363  -1.603570811  0.3201010299  0.2384777102  -0.5904355707  -1.333908082  0.8138607466  
1.124394482  -0.8461618417  -0.4086049891  -1.092364247  0.9937525399  -0.4998729798  1.003592074  0.4712412311  -1.374786504  -0.7842117191  -1.103112196  -1.602206455  -0.7496139873  -1.590315594  -1.701951587  -0.6650927137  0.821222216  -0.4544937208  -1.000404704  0.8657740489  
1.162610378  -0.7596190771  -0.3379333152  -1.109575463  1.186499172  -0.2451690332  0.7671744998  0.2917601661  -1.613528552  -0.9861479437  -1.355243047  -0.5765201278  -0.4598462966  -1.250521541  -1.218132612  -1.555753044  0.9380338911  -0.05067396939  0.37933861  0.6018454387  
1.156807724  -0.7513314561  -0.1447928826  -1.360751276  0.9439113144  -0.5620040623  0.7677567608  0.3657786865  -1.61354164  -1.306226441  -0.6201746478  0.275099804  -0.22434808  -0.4423920027  -0.852802647  -1.335669932  0.8611912037  -0.3946507088  -0.6665610549  -1.11153788  
1.090207059  -0.7506407662  -0.5545612507  -1.179796524  1.200302261  -0.5671018105  0.7811883517  0.1368021738  -1.577769638  -0.9420768436  -1.734919536  0.1347652007  1.108216792  0.540544093  -0.9843922027  -0.268434678  0.1102032402  1.387181627  -0.9448003059  -0.2521715824  
1.044647497  -0.5239003309  -0.06988480356  -0.9821479894  1.157896038  -0.638843463  0.43327213  0.3474386284  -1.561195135  -0.4786028501  0.2333656129  -0.4717225068  0.5447874276  0.2137731908  0.254252311  -0.5684283679  -1.619119762  -0.08616546975  -0.2510941974  -0.8099215804  
0.9816038784  -0.4188104419  0.2581909828  -0.8733372809  1.243336518  -0.627975738  0.1998417464  0.4867611851  -1.357677934  -0.3789739458  0.3203073558  -1.368209165  -0.6906306117  0.7290073884  0.2340098097  0.4175441637  0.664096939  -0.4397816037  0.6255793644  -0.882516113  
1.019578603  -0.4027296638  -0.3134061844  -0.5146813357  1.25823796  -0.83739215  0.7993930995  0.3193904281  -1.394711681  -0.1298754259  -0.3635758596  -0.2304130276  0.9405873304  1.060056523  -0.8505754347  -0.4609578289  0.06885925046  1.912974002  -0.8619243385  0.1771490913  
1.076679031  -0.6700190334  -0.6744127143  -0.8707515651  1.252883318  -0.7223381145  0.3824109241  -0.05181132175  -1.385800753  -0.1390359307  -0.6174212162  -1.323161611  0.8526044282  0.8843830097  -1.285152698  0.02692247943  -0.721460988  2.065936826  0.2297113766  -0.6947642896  
0.9431859069  -0.7815785401  -0.6213066792  -0.8392418834  1.221727788  -0.9642084218  0.5201932004  -0.03867144936  -1.740447507  -0.6173595013  -0.09042361202  -0.03642634405  1.033627529  0.4591002397  -1.990561691  -0.8743747838  -1.293966006  -0.5501450179  0.1554611608  0.03009972888  
1.133714094  -0.8079342927  -0.4749846587  -0.5957289845  1.226288648  -0.5944847409  0.2642989787  0.06797112339  -1.513838917  -0.4872972265  -0.5260796456  -0.7106017949  0.8632858666  1.250557042  -1.247613761  0.3866794472  -0.0009861178065  -1.256819896  0.9407711486  -1.038780987  
1.013172353  -0.7269231062  -0.1808686954  -0.822808092  1.03327656  -1.055327657  0.6165191871  0.2816966877  -1.37256637  -0.1799475985  -0.1301555096  -0.2509704437  -1.49251166  0.7361013926  -0.3092900095  1.444619298  -0.08317960078  -0.810700031  -0.2679384759  -0.3811568185  
1.167309441  -0.8906671001  -0.5107312379  -1.284328114  0.8717397323  -0.5961187707  1.040118542  0.3677260344  -1.12773692  0.05012228541  -0.7660886434  -0.7500736556  -0.4480375903  0.6916017893  -0.5658570368  2.074920395  1.012161181  -0.7213664549  -1.42975818  -0.5802561735  
0.9276423883  -0.8128885445  -0.4820614367  -0.4687326615  1.189857054  -1.100069481  0.5375049805  -0.1398107695  -1.520888923  -0.3972335067  -0.5414131273  -1.111429602  -0.747822882  0.4665817955  -1.602527227  -0.6352786549  0.9970315376  -0.1640367321  -0.79356677  1.023544234  
0.9867672053  -0.7609550657  -0.1562029313  -1.268062884  0.9213929918  -1.208133107  0.6432742291  0.1123700971  -1.459068326  0.1682123771  -0.6039359197  -0.2085690025  -0.2281351119  1.070194288  -1.532603206  -1.862193644  1.421217153  -0.1470158588  0.0344665353  -0.7446325586  
1.012348244  -0.7820998764  -0.4658840234  -1.026112488  1.008811081  -1.099074472  0.7591895892  0.05836014343  -1.401452563  -0.1377156966  -0.3532903249  0.3232190704  0.7785147396  1.285440027  -1.55932012  -0.1392445322  1.097845805  1.047545733  -0.918300838  -1.280732848  
1.006853856  -0.6722104359  -0.336864708  -0.9567849014  1.177857408  -0.8257884875  0.6116762634  0.1278372217  -1.209734378  -0.2405378769  -0.7570475615  -0.6873457453  0.8692138511  0.6336871751  -1.8548754  -0.1092134558  0.1462842206  1.90073508  -0.84514503  -1.127874022  
1.052027011  -0.8316107472  -0.6320105848  -1.067601014  1.095004808  -0.8109194956  0.901902565  0.14500494  -0.478656057  -0.0708557295  -0.5257954212  -0.2260440556  1.334652069  -1.433955598  -2.052392824  0.1386157517  -0.5843508811  0.6347234845  0.1318666567  0.4934421383  
1.064674768  -0.9628292992  -0.385259702  -0.540775144  0.8904158816  -1.064204612  0.9320528368  0.3638716166  -0.5033165876  0.3439340032  -1.27906933  -0.5664550917  0.9734151931  -2.108194192  -1.678147806  0.3157483915  0.0207532951  -1.195121726  1.316082382  -0.6774356989  
1.108009939  -1.046504622  -0.2848608325  -0.9295581794  1.049174758  -0.8216771589  1.135644404  0.4920556204  -0.5155993702  0.1281945189  -0.9049269113  0.61048771  -0.6984735948  -1.300510402  -0.4177690144  1.80590806  0.3396935696  -0.2228330139  1.365819551  0.3059903156  
1.084476449  -0.8913516863  -0.6410823194  -1.283751687  0.9326509422  -0.9280593638  1.159802085  0.3527937602  -0.5861305955  0.01220372249  -0.5997810822  -0.4721439555  -0.433748041  -0.7450948266  0.1534384887  1.558764436  0.9738289789  -0.5947953497  0.9942595749  -0.2009841622  
0.9285927176  -0.9992271224  -0.5749516857  -1.126749521  1.217447365  -0.9814694325  0.5652268217  -0.2923955768  -1.05648912  -0.4487106028  -1.164637935  0.396851464  -0.2499452879  -0.7816472602  0.2220709231  1.852749625  0.7932206159  -0.1882503834  1.71026688  0.5518380751  
0.8079636094  -1.016227062  -0.3495071945  -0.4366678289  1.009119198  -1.389917834  0.3110599411  -0.3980920799  -0.8214491284  -0.4068712633  -0.2329594736  -1.026821165  -0.9473892244  -0.598432518  0.6557231775  0.6517351955  0.8709416539  -0.6521833316  -1.563556519  0.1132815728  
0.7128590902  -0.9283540012  0.1210441835  -0.6973317139  1.304169409  -1.266050016  0.07028157636  -0.4215664722  -0.5647552675  -0.5397406195  -0.8923457118  0.3466699492  0.01294221907  -0.604112394  0.7323862821  -1.208685042  1.50105352  0.3301324459  -0.02616279021  0.6996288017  
0.8413947188  -0.9362445653  -0.3469699042  -0.4733151329  0.951268344  -1.370937066  0.3341074024  -0.3419097448  -0.3278617868  -0.530225883  0.2492497051  0.4868231934  0.4742280613  -0.4418986266  1.057952073  -0.3102674546  0.5838699539  1.514151059  -0.7743082201  -2.135143029  
0.6374823713  -1.183308019  -0.3582917822  -0.8420638863  1.138561895  -1.423499908  -0.05831049684  -0.6572952635  -0.6859554719  -0.06395373561  -0.933498699  -0.1599230642  1.320605003  -0.5961315919  0.6552511202  -0.128513246  -0.7166955477  0.8103844916  0.09489274659  0.8659958771  
0.858833204  -1.065888929  -0.3697532476  0.0214279332  0.8939315724  -1.385562928  0.06042489564  -0.3480364816  -0.5514121274  -0.1094700999  0.6768885732  0.2557986536  1.090423308  -0.04408441311  1.206288329  -0.03317119478  -0.2284157485  -1.237483666  0.8769797076  -1.637330788  
0.4963882236  -1.112806573  0.05612365944  -0.3839325957  1.313859173  -1.399407715  -0.4859211259  -0.6819602554  -0.3536505875  -0.1111938656  -1.240042701  -0.6305194752  -0.1918488074  0.06782730007  1.896585483  1.782496508  0.4694932062  -0.1689333538  0.5750906094  0.07361000786  
0.7136837032  -1.022230848  -0.116648162  0.5793497982  1.056013609  -1.358509425  0.07669980585  -0.304369487  -0.3157823218  -0.06459826612  0.669848603  1.46847904  -0.9748878288  -0.1753673489  1.77237898  -0.7992546025  0.927267679  0.1301433273  -0.1575422771  1.064912735  
0.3623218381  -0.9718848376  0.09743716848  -0.334385168  0.9444275975  -1.703419481  -0.3436571454  -0.6503295888  0.3121425579  0.1711687546  -0.2942710871  0.2716167784  1.150824643  0.1859788431  1.80183454  0.08405655504  1.046632081  2.341721466  -0.6274160094  -0.4182158303  
0.3898169143  -0.92873229  -0.2699554748  0.5873964763  1.160547763  -1.310628012  -0.6190726427  -0.9535769371  -0.1813591772  -0.1320795262  0.005289745549  1.265666018  0.5983105507  0.1244844521  0.5937642374  -0.01348726907  -0.8255224953  1.839831995  0.3848636175  1.537617594  
0.203005677  -1.111461232  0.08209543769  -0.1846732275  0.7933285861  -1.817302735  -0.7660686159  -0.9664104398  0.0696879113  0.1339868891  0.5188684044  0.1480784732  1.660450611  0.202109416  0.9334272718  0.02443358788  -0.5736095102  -0.7841828376  0.3030321567  0.002519166261  
0.4520856134  -1.214269676  -0.1573964158  0.7788926018  0.8625688925  -1.54407647  -0.4410407708  -0.8098767984  -0.4532927482  -0.09391814304  -0.4143037916  0.4971823437  0.634007787  -0.3240703706  0.5027084016  1.114543368  0.06721523772  -0.4391339545  1.343531885  0.1667080134  
0.3757264874  -1.516934517  -0.05729408882  -0.5585796061  0.5710184087  -1.957210363  -0.05400011273  -0.5673481518  -0.1940368487  0.1762422577  -0.6427463561  -0.06876158107  -1.050304339  -0.1617480674  0.4643688552  1.520671009  -0.3189273298  -0.219107507  1.360157811  -0.3445013626  
0.2410624034  -1.252621755  0.4548847261  0.2863085621  0.6219470472  -1.753290641  -0.4506242849  -0.5525611671  -0.4032633217  -0.0004636171498  -0.01074834037  0.7643176938  -0.2129730482  -1.522526234  -0.8520818835  1.115163067  1.324640911  0.1049771478  -1.056521507  2.148969551  
0.06894135423  -1.129329246  1.154321514  0.2366464803  0.5206382717  -1.864619097  -0.9994680132  -0.2448364779  -0.1225343934  0.09044059609  0.6883891501  -0.2720170947  -0.2520335753  -0.6928185413  0.8389722203  -1.306437483  0.1688050439  1.366891812  -0.6225082439  -0.48390379  
-0.01641403202  -1.103492475  1.302159915  0.546179552  0.6635781553  -1.559422858  -1.201522337  -0.04313011612  -0.2822228778  -0.4455645301  1.534625397  0.6132976406  1.502127693  -0.997848336  0.9006934977  0.7701953627  -0.865268941  0.3422527722  -0.07895217782  1.821055964  
-0.02358810706  -1.043387466  1.29215711  1.078995399  0.7378588514  -1.54060731  -1.796656492  -0.2058890938  -0.06341534701  -0.1451862255  1.684429189  -0.9783026402  0.5931457396  -1.585431047  0.7128665115  0.7168551849  0.2031734464  -0.3135547752  1.133259034  0.5216982545  
-0.1516018719  -1.120958447  1.274434471  0.7635709141  0.6371817331  -1.524578462  -1.262593301  -0.2622503173  0.008702704717  -0.6471514312  0.4847624688  0.07765161313  -0.9841878294  -1.632557329  0.09221311498  1.559743863  -0.6508746426  -0.004856075665  1.730251007  0.9741031695  
0.01379327717  -1.104968082  1.045014323  0.4977650061  0.5368805689  -1.67454384  -0.8749170212  -0.2444280347  0.04415774844  -0.3618388468  0.9566077578  0.2506745523  -1.359466088  -1.52403422  -0.05045146618  0.9528025398  -0.6142781884  -0.350136021  1.80957017  0.5444659695  
-0.02438225819  -0.8806933065  1.108082742  0.387960409  0.4584652604  -1.743888358  -0.6531015939  -0.0002068194083  0.483072391  -0.4854130256  1.056243802  1.112940019  -1.488989084  -1.590268085  -0.3010192143  2.053296911  -0.5518594843  -0.877502592  -1.163914797  0.2734230958  
0.3099932152  -0.9617766261  0.5415806142  0.6573588234  0.8786412817  -1.549788062  -0.2849311389  -0.07743917863  0.9425581164  -0.1531148591  0.3149291085  0.8259888921  -1.228466788  -0.2916262326  -0.4276982459  1.176361974  -0.3480537238  -0.8637708734  -1.523437164  1.101088867  
0.03797163965  -0.8991305129  0.762236456  1.081024666  0.8056309173  -1.47074114  -0.6214840396  -0.3391985005  0.8952815401  -0.3999080175  0.779466945  -0.1936298938  -1.224478719  0.2856297122  -0.2680974666  -0.0569014354  0.009017976825  -0.3401223806  -2.071890977  1.971673974  
0.2731888964  -1.03152292  0.4207263472  0.5889543629  0.9788793192  -1.462691519  -0.2713181591  -0.2975495572  1.062875237  0.2296814697  -0.04800140195  -0.3158713519  -1.1550275  1.078331395  -0.4516936692  -0.321023441  0.2485629591  -0.4095463472  -1.213719379  1.810871488  
0.2174925838  -0.9848277178  0.690835585  0.3764369605  0.846564343  -1.585910931  -0.07852797787  -0.1312107635  1.036083488  -0.3133104174  0.1870185253  1.364503646  -0.40719065  0.759928211  -0.2554012759  -1.166387472  0.5059753008  0.2291073304  -0.8233705953  0.1619421825  
0.3169958927  -1.080327241  0.8761175114  0.2625086932  0.6707010948  -1.602220132  -0.1598262038  0.3326624336  0.8594962084  0.7578797128  0.8869435596  0.5464517796  0.4725306058  0.2602473164  0.05884905157  -0.353530776  -1.306644818  1.65360645  -0.5404138157  0.5473486519  
0.1229838509  -0.9490848528  0.923760835  0.2341053808  0.6029008581  -1.713934045  -0.3997959311  0.004558677063  0.6710484282  1.070679134  1.106629273  -0.1424554924  2.198854237  -0.4069463054  0.007040211325  1.35676616  0.4368847138  -0.3293908697  0.4885719286  1.289589288  
0.06773009837  -0.9322794494  1.288540991  0.3804279963  0.5956357404  -1.644125229  -0.6162917214  -0.01195586145  -0.004729292614  -0.02969440095  1.466911819  -0.281869155  1.647966402  -1.261212494  0.01459393467  0.7862450145  -0.6771293505  0.5945002797  0.9347794526  1.580316166  
-0.0001281519104  -1.116109036  0.9574394496  0.4497809944  0.6317035638  -1.693838324  -1.163056503  -0.5544624959  -0.02998419574  -0.1239765949  0.9723107887  -0.09306659786  0.8232358171  -2.048071913  -1.316110887  -0.09167986786  -1.617106643  1.73891347  0.3714698405  1.787711516  
0.124877915  -0.8935921941  0.398930044  0.5076194214  0.588824298  -1.695903951  -0.9043081305  -0.8185507319  0.2849070332  -0.2685005145  0.006768228554  0.2470611308  0.3383259013  -0.8865644258  -1.583264278  -0.3183219782  -1.438248299  1.763826061  -0.7480592797  -0.03515117083  
0.128354745  -0.8402824797  0.5523844218  0.5386967839  1.008300626  -1.511242185  -1.225213934  -0.6211080597  0.5773932663  -0.4359254957  0.2962273092  0.4647287877  0.3845286484  0.04999996977  -0.8340969642  -0.05033701284  -1.389880879  1.816992989  -0.7335373562  0.59033602  
0.1673972136  -0.9095633779  0.2090151473  0.8912905691  0.6035844482  -1.655469214  -0.6824222654  -0.8787108829  1.07388163  -0.1772869207  0.4158409494  1.029365248  0.2074412869  0.3701663245  -0.6733002411  -0.6347232062  -1.599371252  1.656108382  -0.629282133  0.916225486  
0.2221110969  -0.8471174551  0.5909472309  0.3808135561  0.9624433044  -1.491835801  -0.8313727078  -0.3809888069  1.175619195  0.1899518631  0.6936454762  -0.1771601034  0.4937654817  -0.2231328817  -0.7782352013  -0.03803996902  -1.162991945  2.033480497  -0.6181331129  -0.01256385506  
0.1601050679  -0.9051753809  0.6153123461  0.5182532938  0.4772967888  -1.722215548  -0.3381911584  -0.520441683  1.308727008  0.3928237114  0.642749564  -0.00387930676  0.5728122557  -1.248121697  -1.234634297  -0.1668531541  -1.146397789  2.294750105  -0.2780366612  0.6381601245  
0.2446092552  -0.9124504784  0.3197589948  0.05305641249  0.5579612047  -1.775418357  -0.3870186665  -0.6133600111  1.170513878  0.5254862934  0.08875017914  -0.02999120615  0.8253159454  -1.27317644  -1.519390839  0.234866142  -0.2712587564  2.226996025  -0.9082225986  -0.4553683318  
0.1466197264  -0.8744878021  0.3317516592  0.4497316957  0.6913823529  -1.738118001  -0.8664077879  -0.9664279408  0.8677066485  -0.09621107051  0.1295494458  0.375179374  0.6548344548  -0.8776568325  -1.703198588  0.07760631052  -0.7211299355  2.11578245  -0.5083287504  0.5870382764  
0.2751565092  -0.9306141135  0.08475594525  0.2565372466  0.4646803371  -1.856197284  -0.4854336076  -0.8520924922  0.9223618422  0.4377554074  0.1934894915  0.2915821609  0.4078399771  -0.5983983536  -1.594133203  -0.4418654038  -1.419150876  1.641225382  -0.7711408247  0.1092967329  
0.1552884673  -0.931472122  0.5328878117  0.2932831542  0.7206251742  -1.766063406  -0.8147874783  -0.6504165193  0.3765463339  0.489345239  0.05063758328  0.3846611961  0.7311879735  -0.4903677596  -1.301290403  -0.4419091023  -1.774934491  1.165331102  -0.02489778918  1.663767125  
0.2283193584  -1.011743344  0.5428435192  0.2109290536  0.4812291014  -1.89517364  -0.7608521969  -0.2623287926  0.09375365717  0.6963996504  1.655455024  0.6676590751  0.5359148938  0.09853716102  -0.3202718441  -0.8546567093  -1.743913234  -0.3739235085  0.220316194  0.5191202614  
0.02758036751  -0.9314279126  0.8430836622  0.2975411595  0.5406656185  -1.854559708  -1.044527097  -0.3349372353  -0.4360579092  0.4724260086  1.013234774  0.4315619799  1.937728216  0.6414611038  0.5092172149  0.5966449499  -0.09027417658  -0.7600586596  0.3757566504  1.298327271  
0.250999488  -0.8956382624  0.2074084537  1.486841855  0.5727518935  -1.603692796  -0.8622230852  -0.6421341495  -0.2240020852  0.2297743349  1.411194376  0.6156592698  1.054989753  1.020057889  0.9106123096  0.6799711083  -0.2591883538  -0.8392395927  0.3596469941  -0.3870322591  
-0.05173459117  -1.029839911  0.557255467  0.6944460706  0.4911110423  -1.728159689  -0.9523502026  -0.7794419391  -0.2071536937  0.4243447917  -0.6813286628  -0.3699020501  0.2406587429  1.277415463  1.271650844  0.7816742837  -0.4230823066  -0.6645823896  1.216673343  0.4050642983  
-0.02315899959  -0.9396096532  0.4030917825  0.9965092958  0.6609743601  -1.384716363  -1.040427202  -0.5757893696  -0.2324193143  -0.0007817009582  1.251835065  1.846177493  -1.645399221  1.292087038  1.001789291  1.28058658  -0.3041813964  -0.24991357  1.799309226  1.064433903  
-0.2054153617  -1.003789891  0.4579023708  0.2324812631  0.3929623455  -1.655115398  -0.9210058201  -0.7529598277  -0.004551208188  0.5018243608  0.1437270461  0.30480573  -0.8532919302  1.622021155  1.300300061  1.651940443  0.493182173  -0.7719798722  -2.093411132  0.9892631018  
-0.1311426751  -0.87102201  0.9075875321  1.63924528  0.8988169696  -1.203049445  -1.413695618  -0.5288575172  -0.6700267486  0.04684569069  0.9010526211  0.7905761955  -0.7030707727  0.7119571278  0.5753262059  -0.3320719532  1.001250943  0.6531014114  -0.5052662449  3.506847603  
-0.2678793926  -1.196584709  1.075562814  0.348209667  0.08465453178  -1.827681164  -1.198219356  -0.5989873003  -0.4002423407  0.452495317  1.159125087  0.5715933037  -0.7088825044  1.316203933  1.009306151  -1.547928396  1.096052747  0.5832898487  -0.3462748763  0.6841081564  
-0.2755942218  -0.8239558809  1.005137676  1.030791748  0.6181958619  -1.130870933  -1.500339607  -0.6510049452  -0.449870494  -0.0483256332  0.6925228096  2.392603975  0.6088836875  1.129491201  0.4244949134  0.06592146256  0.7726962165  1.581229822  -1.054641591  0.8787319713  
-0.2537214917  -1.291069801  0.9275668069  0.8992256584  0.07022873073  -1.533553838  -1.432342502  -0.49806047  0.2414911259  0.6686330627  1.718034683  -0.2874857468  -0.2049050831  1.95520884  1.351304787  -1.014974877  -1.834562042  1.487000361  -0.6828374659  0.271700767  
-0.6626614564  -0.6601423219  1.198666454  0.6574102046  0.636567057  -0.3561851016  -1.611783153  -0.2577149594  -0.006508159463  0.7340340381  0.9515804796  1.094320422  1.528868707  1.175561915  1.439255596  0.5127784405  0.1824465529  -1.051485943  0.02083673896  0.09428086786  
-0.3046980604  -0.9957180877  0.9014292938  2.067769449  0.4063946375  -0.769775502  -1.487430393  -0.2368132265  0.03860401795  0.8832529654  2.091370982  -0.5621884797  -0.3377864171  0.7010471122  2.133249298  0.5995822662  -0.1224052007  -0.09117488732  1.629094422  -0.5598617954  
-0.7670758576  -0.7969927098  1.247665352  0.2877881977  0.3803470586  -0.587132282  -1.767555593  -0.3158464373  -0.09714932794  0.8485360093  1.008580441  0.9634219063  -1.311839121  0.8018605918  1.835927985  1.858814529  0.5071865609  -0.222158572  0.8947034732  0.4199172329  
-0.4313592326  -0.7754895104  0.7800936939  1.90869839  0.8581131162  -0.322403228  -1.812090167  -0.360971375  -0.01517084312  0.7290194051  2.019995524  1.417949001  -1.416913962  1.008558425  1.303149214  1.307023753  0.7617881373  -0.2658344861  -1.342560277  1.819395725  
-0.9172410328  -0.8535263672  1.136310907  0.5693510821  0.3073042388  0.05468116832  -1.711303928  -0.5230280201  0.48978852  1.237843022  0.9041574287  -0.0205316272  -1.071549746  1.45649099  2.074028778  -1.475925664  1.783024465  0.1637631319  -1.036471629  -0.4423144323  
-0.7928837051  -0.8189828048  1.238568334  0.838925232  0.3321239944  0.02166186884  -1.652610359  -0.236677757  0.7827587613  1.260377069  0.8567636921  1.460483923  0.06561053341  1.373958953  2.013180941  -0.5268779265  0.1659057432  1.239405363  -0.8770686979  -0.04463677346  
-0.4707749841  -1.015436995  0.7386985324  1.160408226  0.3134586106  -0.2077494897  -0.9983233153  -0.00927651314  1.445205694  1.862375599  2.706551402  1.180766319  0.7696884821  1.498990966  2.347003376  0.005667604334  -0.008523208005  -0.6403812051  0.159411397  -0.2041145908  
-0.7956039064  -0.7499399383  0.6935698433  1.098649735  0.4672931202  0.4075222606  -1.118120146  -0.7031748729  1.400741967  1.478737298  0.2385257334  0.02128849466  1.485297061  1.201369593  2.199776916  1.44160411  1.385608104  -0.4522039744  0.8481313408  -0.7499547117  
-0.7730930705  -1.065672127  0.4327466952  1.525602427  0.3675087367  0.7155334209  -1.366621825  -0.741707229  0.919706266  1.020344406  1.34655862  1.098165992  -1.080957188  0.4633036043  1.670699121  1.215218891  0.2135415214  0.1052055778  2.280213294  -0.4097499445  
-1.104234469  -0.9272381744  0.7044687628  0.4389590506  0.1684733579  0.6985642117  -1.280802879  -0.73626689  1.050696357  1.471825124  0.3343924361  -0.03826504199  -0.9858155101  0.5390294251  2.202640325  1.556748088  1.754545425  -0.3214695803  -1.697715732  -0.02900180646  
-0.8746675576  -0.8406409881  0.6913698253  1.36198595  0.7076826136  0.8355510965  -1.402329628  -0.7620440178  0.7946765423  1.289078255  0.6851477805  0.7322776393  -0.8587690244  0.2260259055  1.746164742  -0.5848375748  1.99771506  0.8928846932  0.2691219729  1.851927979  
-1.040769693  -1.176475817  0.8178017948  0.5552774798  -0.1476793113  0.1873603983  -1.36841903  -0.8495764621  0.7704701964  1.310544755  0.8488412962  -0.8150724884  -0.8853001114  0.3938536973  1.632886304  0.0796970778  1.896897607  0.5833837766  -1.255624155  0.1164589764  
-1.004744107  -0.9421922458  0.6215026336  1.317486095  0.2206575632  0.5568487838  -1.622780142  -1.050295905  0.1113550191  0.7268252051  0.2919250854  0.502936832  -0.718112991  0.09301406466  0.04209557655  -0.4532871183  1.469371436  0.3990004565  -0.3149170428  1.55116582  
-1.003131735  -1.080795897  0.881641957  0.4709209596  -0.4233320858  -0.05130087198  -1.296900578  -0.8760704235  0.1188574903  0.9805297569  1.06998963  0.9752257394  -0.8128553515  0.03262940323  0.6779736229  -1.700032887  1.449612221  0.3021648173  -0.2798563398  -1.931418792  
-0.9271107069  -0.9579347769  0.608846079  0.912011157  -0.03050369828  0.3699217071  -1.19382986  -0.9722145053  0.3778611026  0.9632419418  0.3349199524  1.770758848  0.6331257323  -1.145260288  -0.4755744532  0.3805489768  1.481494524  1.841711732  -0.5973890344  -0.595362983  
-1.014521919  -1.101639714  0.6806325592  0.5534177948  -0.5866592291  0.1318489269  -1.099672769  -0.8533090889  0.6624542537  1.105845471  1.068979899  0.4466494114  0.1271961535  -2.226775895  -1.618272507  -0.2686117434  1.23407678  1.781067654  -0.7517687012  -1.770155246  
-0.9267039254  -0.8933404826  0.4800906655  0.937775002  0.05203162955  0.2742008193  -1.480828225  -1.117344109  0.6139669854  0.5778634075  0.1352179025  1.27737339  0.5020091772  -1.666981508  -2.021661416  0.3558847847  0.3809756188  1.802112907  -0.6952664299  -0.4953553149  
-0.874926598  -1.161872128  0.3951183228  0.5684419062  -0.2497069101  0.003942776554  -1.298246105  -1.099735998  1.335233773  1.146195046  0.6180526467  0.04177424321  -0.3551439176  -0.6127601579  -1.005735278  -1.246707329  -1.884617324  0.9149348495  -0.2278891051  -0.9603456048  
-0.8992589797  -0.909815804  0.638051405  0.7793024196  0.2932163853  0.3713678333  -1.332734846  -0.7656147636  1.238005937  0.8166766608  0.867736339  1.511966824  1.248887311  -0.146601383  -1.27182125  0.4187658233  0.1118525449  -1.329612116  0.2669477749  -0.1046119128  
-0.8139795472  -1.062857013  0.4448724856  1.362148802  0.03404694045  0.2649400642  -1.456292747  -0.9544057702  1.356135265  1.073960377  1.443541988  -0.9957623527  0.3112127068  0.862716082  -0.06244079346  0.3977347301  0.2569663683  -0.9265707108  0.7241388405  -2.504083698  
-1.170906828  -0.9704277678  0.8705237692  0.4589601804  0.3048754572  0.7260736522  -1.716838401  -0.8142752359  0.6152225081  0.4616523965  0.1482657233  0.9157436798  -1.087191701  1.310077515  -0.2266334958  1.663709285  0.3493256443  -0.5030800108  1.076232191  0.2486614687  
-0.8659872411  -1.09712688  0.4051999621  1.142550872  -0.01554250488  0.295966754  -1.249955017  -0.7802921775  0.8808304748  0.9175840099  1.70685561  -0.07548217958  -1.868560381  1.895297681  0.2601759325  0.3587710517  0.7019060583  -0.4856023709  -1.794018153  -0.5629819241  
-0.9908821523  -0.9517828124  0.8916789678  0.6065893548  0.3723178585  0.4885864308  -1.472466502  -0.7829721987  0.6069288841  0.8364528654  0.4017353829  1.116830879  -0.3902136527  1.211865247  -0.113916941  -1.305842712  1.681324207  0.6795736911  -0.07612312899  -0.2079320581  
-0.8612274514  -1.12445639  0.6745305407  0.8551823557  -0.1099865597  0.2959741635  -1.239081215  -0.7081939393  1.22640079  0.5232143837  2.246080215  1.285883456  -0.583931675  0.3540038167  -0.2817721157  -0.5124254376  1.33670982  1.135398946  -0.8964199645  -2.205872289  
-1.069591028  -0.7793390176  0.4492514063  0.4884847751  0.2570752373  0.8448113844  -1.634629337  -1.163832611  1.400987791  0.7885877502  0.1555646299  0.3092472971  0.440596083  0.1920007824  -0.7292205684  -0.1370173401  0.2606013675  1.706932778  -0.6335477123  -1.075101127  
-0.8309303708  -1.133986688  0.3307499152  0.9390421751  -0.01291095868  0.4183433371  -1.345080508  -0.9650544136  1.53829654  1.102348632  1.366921692  0.3162624092  -0.3989042641  0.7374916957  -0.161786419  -0.9471994584  -1.751465373  0.8609380816  -0.09162011142  -1.141178762  
-1.142048211  -0.7886550468  0.5938674828  0.3208592372  0.1834578674  0.8459845849  -1.582068498  -1.003708828  0.9856533374  0.7747346991  0.9468231089  0.86999461  0.9775908116  0.8580369713  -0.6957187638  -0.2435974446  -0.3884825107  -0.5453450143  0.621151757  0.4053532829  
-0.7951028235  -0.7359107675  0.2569728043  1.01550707  0.00320546195  0.269449454  -1.604062775  -0.9434798068  0.9847413171  1.032242817  2.818220478  0.6286479695  0.2218480146  0.923772367  -0.2275643698  -0.2330619173  -0.5605900609  -1.077021908  0.3279264859  -1.544636725  
-1.011168371  -0.4579961584  0.5145415851  0.9738971501  0.1672883348  0.7392462235  -1.878030106  -1.208317596  0.74699516  1.103687815  0.872964044  0.2285341697  1.101084214  0.8879863594  0.04655302492  0.9753210595  0.8148743247  -1.115793412  0.3953423088  -1.127232785  
-0.7642007344  -0.6583913646  0.2006971252  1.606094444  -0.04128075357  0.4778494058  -1.485537437  -1.135116469  0.9183053804  1.414939314  1.305017336  -0.05856898666  0.1405741213  1.100143856  0.6958073696  0.419190117  -0.05505246428  -0.9246786101  0.4470878663  -2.379132384  
-1.049254664  -0.3994107848  0.4046670669  0.5141816803  0.2056782648  0.7593326793  -1.364528575  -1.102002907  0.8007967972  1.390833288  -0.1638917818  0.7769709279  -0.9930436977  0.7540680015  0.9909276778  1.279289556  0.2148037339  -0.5028167807  1.798449977  -0.4351443166  
-0.8911444762  -0.04006946272  0.2174140786  0.5495122471  -0.2971480929  0.4048348826  -0.9229156802  -0.6716649467  1.046753753  2.106218955  2.188735151  0.4785968958  -2.263379664  -0.948398956  0.5374044769  1.279259634  0.1795796547  -0.1151633969  1.369964876  -1.400319706  
-1.19118679  0.3776202069  0.7634552832  -0.06179951685  -0.01636714775  0.5236560841  -1.45818712  -0.6255553065  0.6040519237  2.164342469  0.566068656  0.5710465062  -1.015568697  -1.257968601  -0.674190307  2.034661958  1.00770788  -0.3790285664  0.1758141703  -0.04269898741  
-0.7111441734  0.3661934449  0.4607825646  1.328922636  0.1196453258  0.134916986  -1.248838411  -0.5549126212  0.7719054514  1.875604125  2.599541308  0.459961021  -2.237537366  -0.9198247278  -0.359282569  0.8699007625  -0.2666318733  -0.17744818  2.268801615  -0.810954432  
-1.055498035  0.4979816148  0.8076955201  -0.07014130407  0.1455148163  0.06155370938  -1.415721488  -0.6967064744  0.7044580472  1.727892986  0.7001736414  0.250613432  -1.318858421  -0.02671612918  0.07032472185  1.523358107  0.3321393085  -0.6060674887  1.034912634  -0.2443516335  
-0.7710786759  0.6759090496  0.2474836652  0.9795891814  0.3858694311  0.3750588892  -1.366025427  -0.8626239614  0.8814667504  1.478334749  2.264085908  1.810695996  -2.063355816  0.1818922118  0.503139023  1.507204481  0.2945518158  -0.6760567869  0.7585180878  -0.1585417738  
-1.078032162  1.11873278  0.5030134701  -0.4046300478  0.2149834299  0.2058144411  -1.11033249  -0.8106547546  1.058771512  1.517513907  0.542318463  0.04691457303  -1.508473434  0.3790088289  0.9392415536  1.685076729  0.6497372288  -1.091938585  -0.337294546  -0.9328722283  
-0.6347530117  1.342860136  0.4887055479  0.5723411884  0.8978503717  -0.1816375542  -1.253388584  -0.5178218204  0.7245995907  1.434691644  1.664103588  1.105812155  -2.041417586  -0.4497151161  -0.06117159104  1.518826353  0.2478991965  -0.6977415118  0.6420458018  -0.707161777  
-0.8903437645  1.418652472  0.6304129615  -0.3169760295  0.06555122554  -0.3794459185  -0.6404123063  -0.4120915477  0.9599588994  2.454041264  0.4361182883  0.0768097134  -1.485265696  0.02464617126  -0.2199775214  1.580770468  0.5133456198  -1.20532896  -1.184647922  -1.409285117  
-0.6169453084  1.391802715  0.3673759481  0.9768514531  0.2878473516  -0.1169082307  0.06387789264  -0.2210798493  0.8316104925  2.4300742  0.7337351496  1.046420768  -1.355252668  0.2171973307  -0.6297754264  1.400189499  0.6511017301  -0.8083512011  -1.331864515  -0.3268653482  
-0.7428553321  1.251365796  0.4437205016  0.7125385498  -0.002599792657  -0.2399979957  0.2578136434  -0.4148697603  1.307241555  2.810585594  0.1725158239  -0.4968874034  -1.088921376  0.5432214724  -0.248854387  -0.08153317903  1.180810954  -0.3878520563  -1.601205  0.7601998106  
-0.6471615651  1.143032865  0.2958716046  1.031977086  0.2325809816  0.1556224177  0.3558758051  -0.5537429342  1.760493216  2.015057543  1.012142021  0.9279027847  -1.286210748  -0.2910137313  0.04979245059  -1.352416319  1.667710381  0.396111915  0.6223876589  1.763698216  
-0.8317106882  0.894921579  0.08475802791  0.2398030505  -0.2321144515  -0.02251724787  0.2881728607  -1.029350906  2.103363001  0.9715115185  0.6558449438  -0.09852913219  -0.9881270182  -0.4780333215  0.4687977702  -1.367715093  1.691606655  0.3716861306  -0.04446061391  0.924097994  
-0.8516486032  0.8481638793  -0.1495765327  0.8125213997  -0.003924821872  0.537570858  -0.04026830301  -1.320045108  1.871978022  0.2200136356  0.6046792909  0.6991061606  -1.211727092  -0.5059707629  0.02970486753  -1.432992685  1.50326711  0.295591534  0.5141509196  1.254390717  
-0.9769345854  0.5907456862  -0.3681084462  0.4204506998  -0.4193987648  0.300239944  0.2180383738  -1.304076233  1.837295335  -0.1167175537  0.2662051775  -0.7639282317  -1.200947362  0.1513769997  0.3086063965  -1.345353832  1.128377271  -0.3843050973  -0.6721850764  0.3324525316  
-0.8490980409  0.6406593679  -0.1243663964  0.8155679078  -0.1986647613  0.3331039487  0.1770739709  -1.273492563  1.649999647  -0.2625563466  0.2034836806  1.176332782  -1.172939311  -0.3764204773  -0.005415377554  -1.835345911  0.9989266235  -0.04296932077  0.3510444478  1.028442508  
-0.8320501637  0.4729374946  -0.1952361249  0.357749525  -0.7610264464  0.0633447788  0.5969885197  -0.9667338099  2.139406322  0.1856502874  0.5258629074  1.528185003  -0.950409747  -0.7600121511  0.4159099568  -1.873163607  0.9122620526  -0.1041210971  -0.5357651126  -1.583033785  
-0.8484328996  0.5514424715  -0.2285969395  0.5040797176  -0.6263264641  0.3040420077  0.3113255912  -1.111166455  1.929039388  -0.07168929936  0.2644186397  1.546195313  0.1334145509  -0.6727358635  -0.09787603969  -0.6505758967  0.824763643  1.24124898  -0.9162905541  -1.094743818  
-0.8226582905  0.6636630801  -0.4294564257  0.6598213922  -0.3498833923  0.2895754139  -0.1509492828  -1.320430611  2.14508782  0.2372771713  0.5294564916  0.4254893422  0.1333285039  -0.1443328966  0.1172971977  -0.4490303373  -0.3277321699  1.661911755  -1.022219674  -1.282839365  
-0.9686275295  0.6596199868  -0.2346602708  0.5398065101  -0.4756355248  0.5882512051  -0.4208175697  -1.536350514  1.572007083  0.3298177459  0.4401644997  0.1903111322  0.2024267808  0.3599779042  0.2051634285  -0.8004303884  -1.365258929  1.172249065  -0.07197611225  -0.002106369178  
-0.9321384766  0.426883088  -0.779451046  0.110139252  -0.9271410414  0.4554559846  0.2103824416  -1.32891796  1.007946909  0.9573296901  0.419064525  0.9962399957  0.5032952245  0.3016240925  0.6660789585  -1.141138286  -1.674946017  -0.5706372937  0.3011268532  0.04309006959  
-0.885839638  0.4056289394  -1.025008161  0.4265776008  -1.048022141  0.4901069982  0.05375206449  -1.306988498  0.6570460168  0.9968847322  0.5854844459  1.094852691  1.348498643  -0.8827920161  0.5863020565  0.1218375214  0.1982359219  -1.082694635  0.8083582201  0.03704355797  
-0.7769409531  0.5380822033  -1.02199799  0.812978665  -0.9869533235  0.1913175047  -0.1903670682  -1.511915613  0.8881546632  1.129697879  0.2891820394  0.3531237013  0.8697788252  -1.870140029  0.7435387077  0.3754374358  0.2641385102  -1.408464071  0.1516225613  -1.778969586  
-0.8501022009  0.4878230325  -0.7206008535  0.8880891391  -0.9710362186  0.2553047131  -0.13322131  -1.576667535  0.9034273563  0.9341913684  -0.8354143937  0.1345324499  0.3200628202  -1.765934683  0.3419566966  0.2807652886  -0.08053513412  -1.007678816  1.138854945  -0.7088752476  
-0.7699382778  0.3812003746  -0.9812410974  0.7766192894  -0.9278813987  0.2054529714  0.02702444707  -1.254385695  0.6511049598  0.8512346824  0.2073595705  1.573153121  -1.791048757  -1.085542715  0.4322460347  0.3704042223  -0.546141599  -0.9425942743  1.711214329  -1.024394153  
-0.9326014918  0.5777533055  -0.826660423  0.2642539733  -0.9858122255  0.3278482414  0.1028101075  -1.130619191  0.4965082818  1.452336388  -0.1126857046  1.131942438  -1.232883837  0.4558556903  1.453727184  1.017115362  0.4425890543  -1.406937386  -1.747173389  -0.2593428978  
-0.7603343269  0.6295694789  -0.8695512303  1.180298822  -0.3830291569  0.5721304046  0.1172152586  -1.346708293  0.3424552585  1.479986054  -0.3679797477  1.082005466  -0.8287576307  0.9802748012  1.550563249  -0.08113723882  1.162631579  -0.4764643201  -1.269622945  1.817079992  
-0.8479151159  0.3493343361  -1.147016325  0.9595798988  -1.135518856  0.4639332012  0.05820770146  -1.439868406  0.5153968862  1.493902519  0.9297778737  -0.4417672745  -1.515530459  1.053119724  1.607712353  -0.6221522189  1.110582826  -0.1687118473  -0.9646652565  0.2717133756  
-1.089878811  0.5490700112  -0.6772191866  0.7533763032  -0.6024310792  0.9867007952  -0.4950375791  -1.711303117  0.2270414005  0.9248469465  -0.1324736516  0.06659785187  -0.8710152307  0.6105790901  0.708483166  -0.07433120643  1.334836226  -0.2932964624  -1.370628417  1.132569718  
-0.9111404785  0.4770714432  -0.915076634  1.231598084  -0.5637580975  0.9063745164  -0.559254796  -1.679867457  0.459764227  0.8673074122  1.015010765  0.5690271157  -2.027275219  0.6548194413  0.5940915998  -1.713186446  0.634107366  -0.489743763  -0.1649323639  0.045306428  
-1.1117406  0.6834026738  -0.3138434723  0.2381926179  -0.6256637928  0.9303671717  -0.07490042874  -1.324186594  0.5578267363  0.5225471362  -0.3930554215  2.203879479  -0.6923292598  1.000026874  0.9522242079  -1.846914059  1.261059478  -0.4092305251  -0.5147135962  -0.2743936549  
-0.816243242  0.5518419695  -0.4868276531  1.308170173  -0.6199175974  0.8055377339  -0.03527944534  -1.077625891  0.5242141893  0.9949568012  1.433408257  2.290029014  -0.1175317773  0.80145252  1.559563296  -0.4029997675  0.5550990354  1.557823269  -0.6572854546  -0.9577345732  
-1.157052935  0.8509893937  -0.4982954686  0.2615913213  -1.059459317  1.108709234  -0.1590730364  -1.443452219  0.0621886587  1.532420888  0.2276342364  0.2348663266  0.8119402065  0.3494235261  1.853233577  -0.09745221828  0.1873921427  2.316214387  -0.7686479326  0.1759677658  
-0.8517259802  0.5595967588  -1.017772243  0.8408562495  -0.9660608416  0.69442725  0.06870634112  -1.382202952  0.07626348131  1.961666122  0.2049343686  1.374465231  0.4135529814  -0.4543542395  1.480290148  -0.4312369742  -0.9740560532  1.756480907  0.2361804538  0.1519658809  
-0.9651869649  0.3595703448  -0.8870770578  0.300342495  -1.283987245  0.3681860337  0.3478163598  -1.200759308  0.1175001354  1.968768997  -0.4762645212  0.5572393092  0.5742139972  -1.016051705  1.160865961  -0.9973561404  -1.239764642  1.14048488  -0.474875053  -0.2021611098  
-0.8987199227  0.3397996219  -0.3253668325  0.8749589243  -1.023828141  0.6100027881  0.514689194  -0.8612916907  0.6072958261  1.546431167  0.461563047  1.578534522  0.2563228849  -0.9901319045  0.8628359796  -1.039450976  -1.448722547  0.6497146623  0.3186368177  0.6409757064  
-0.9986053466  0.3590796243  -0.5770231906  0.2831991182  -1.189519556  0.7426560321  0.9244755637  -0.7248728877  1.294335439  1.388975451  -0.140196322  0.9963930832  0.4781570257  -0.3704931016  0.9105978904  -1.148459381  -1.473051793  0.4455719882  0.04619841564  0.4251902538  
-1.041148002  0.3304951258  -0.5917383321  0.6520832142  -0.8893048765  1.099278878  0.4351770913  -1.044793316  1.210278211  0.5978382115  0.4587956602  1.343377642  0.4595804146  0.1800294415  0.3841850627  -0.7408093124  -1.371185927  0.3374837389  0.7569669337  0.8985269775  
-1.179363424  0.3541319963  -0.6335109633  0.2995037626  -1.189655611  1.221189763  0.572256433  -0.9631504087  0.8843261657  0.1965709556  0.1057090486  1.050226037  0.6426719825  0.5605784772  -0.3176040176  -0.868471951  -1.546184696  -0.1676162369  0.2931557809  0.752043801  
-0.9878251068  0.2865297311  -0.6246270895  0.8729415778  -0.8186365607  0.8292970247  0.4492774894  -0.8719448655  0.9159393091  0.3328077171  0.9349490104  1.737274149  0.6374505871  0.348528718  -0.9049025353  -0.4871826093  -1.095790457  -0.6836273823  1.109222343  0.2214512035  
-1.098271175  0.5588519543  -0.5726079594  0.4708314513  -1.217728549  0.8421741127  0.5452059235  -0.8773972773  0.8113016702  0.2233885224  0.7427654639  0.6165177154  1.355352031  0.5339592664  -0.834007555  -0.03494521176  -0.2115181711  -1.326047911  0.2506887103  -0.5835968765  
-0.9411953562  0.8488344462  -0.3297061031  1.443365227  -0.5019368461  0.9469923316  0.3995977758  -0.8018798918  0.7451186391  0.1848548711  0.6099753809  1.137115123  1.144562279  1.071358316  -0.321604511  0.8903732337  0.148395278  -1.090578801  0.9715293838  -0.6140328706  
-1.210799715  1.132351579  0.2022595547  0.6641697289  -1.053491745  0.9437365314  0.1120580434  -0.870041338  0.1838366959  0.2664889905  1.021469131  -0.8643322125  1.191135506  1.493674353  0.08112550289  0.965073504  0.3831639497  -0.7880206827  0.7493261464  -0.6049529721  
-0.9204642457  1.501787466  -0.1249522905  1.130711776  -0.1271810303  0.483012774  -0.01598891033  -0.8062151921  -0.008129356493  0.3556096092  0.8109945263  0.8292984187  1.059756787  1.329943132  -0.9434299333  0.7676165394  0.1505122154  -0.9061944264  1.094688536  -0.9747869155  
-1.060602661  1.218325023  -0.06067409575  0.579251137  -1.448715277  0.138514117  0.5019178007  -0.7300761524  0.2868689527  0.8067122203  0.5508288737  -0.8368525395  0.9836032633  1.751583008  -0.5381859014  0.1291159822  -0.1100321751  -1.054897209  0.1094819621  -1.581472885  
-0.9721587119  1.330562529  0.3003795434  1.423062979  -0.4911137311  0.689096338  0.58445812  -0.4446136925  0.4216436693  0.8301948486  -0.9491262075  1.168539925  0.4937212  1.875727522  -0.3982040399  0.630461223  -0.2980548377  -0.9556208185  1.196593016  -0.0981951429  
-0.9992560762  0.9555673238  0.4424219537  0.9447792706  -1.541727037  0.3710807695  0.9498216881  -0.2214424012  0.7400147947  1.189041915  1.067475876  -1.047982952  -1.170491733  2.169089695  0.9754345372  0.3681288432  -0.4921262518  -0.2523959639  2.068627486  -0.842177956  
-1.12673167  1.272900533  0.08245381358  0.3167835161  -0.6395303814  0.7454694346  0.9060007573  -0.5181618614  0.5942091961  0.4836386102  -0.7669402175  1.051009568  -0.2382996597  2.025535086  0.6781409262  1.717915202  0.6526017599  -0.1649881668  2.348429794  1.056389859  
-0.9179857484  0.9540691865  -0.1916682503  1.30577899  -1.17577401  0.5214293666  0.5417035981  -0.7087647047  0.5952836671  -0.01831658594  2.381720148  0.1212072897  -1.868227089  1.621707367  1.226241431  1.099445311  -0.1678467896  -0.03822530388  2.476608671  -0.4720489559  
-1.279948131  1.179707081  -0.01876451317  -0.228302301  -1.030748027  0.6699307345  0.4124780008  -0.7999484809  0.2781528585  -0.1792244762  -0.07789515011  0.4884555422  -0.7944569952  1.647869528  1.082993145  2.217826756  0.6198970483  -0.6450921753  0.2423264832  -0.1042078584  
-1.043766202  1.118420254  -0.1968489181  1.532238833  -0.7994665904  1.070170948  0.4786640447  -0.717180356  0.33718807  -0.4280387327  1.146305728  0.4565428803  -1.353045762  1.410431874  0.8506589771  1.160405485  0.6911829876  -0.4123284289  -0.9165019913  0.4615433313  
-1.302602429  1.017353488  0.2686689908  0.2205192382  -1.197891899  0.8393560266  0.6789590282  -0.5916331435  0.4369216804  -0.2800104604  0.06593628936  -1.083771162  -0.8498438583  2.022560955  1.392645843  -1.324842866  1.431019926  -0.09711219739  -0.2166426052  0.5879408629  
-1.088192179  1.127884696  0.4750834773  0.870678736  -1.022196912  0.6454243674  0.5839388174  -0.5848415999  0.154175738  -0.6127690896  0.8436678965  1.858932824  0.109358181  1.511923785  0.4171318526  -0.4284939054  1.235240216  1.322887655  -0.03839630701  0.3622073988  
-1.097392273  1.029934715  0.290699823  0.702705216  -1.449250141  0.4104307353  0.4790248878  -0.5419632827  0.6702790734  0.187606054  1.246518866  -1.132518813  0.08058706473  2.011853511  0.8687420492  -0.1104303253  -0.9265656529  2.292487027  -0.693769345  -1.153845025  
-1.250708562  1.229034223  0.05560752492  0.4827273696  -1.032512599  1.291377568  0.4703460181  -0.7659077713  0.1805919906  -0.1984432065  0.3068976776  0.5880725095  0.8003640156  1.784563926  0.4147322237  -0.4821431643  -1.168069815  0.7337292082  1.219568824  1.375550287  
-1.01640855  1.178054462  -0.2715973105  1.045870106  -1.174628078  0.8942974208  0.4063820097  -0.6727907326  0.06842827026  0.01297394748  2.238503247  0.4987385805  0.3674366798  1.571469738  0.2929963704  -0.5272872564  -1.10288444  -0.3029932101  1.256352599  -0.490490347  
-1.185102557  1.099729573  0.02820805654  0.4353258405  -1.427212552  0.627960353  0.3150433662  -0.9445871472  0.03249127824  -0.1309911626  1.067830485  0.0839018715  1.502924318  1.157926916  0.5251187409  0.662314353  0.2082193905  -0.7770673992  0.6172120603  -0.01651940728  
-1.018447168  1.203610806  -0.2436645975  1.130167673  -1.077894717  0.7049413645  0.3086846411  -0.9944099568  0.4998103666  -0.08914138279  0.6932673372  -0.082640238  1.162623052  0.4250283949  0.6592911196  0.938635258  0.288970593  -0.787753109  0.7782926007  -1.082928018  
-1.10795276  1.302600853  -0.2464451586  1.166469469  -1.400247487  1.053465435  0.5371871448  -0.7582480551  0.2982186599  -0.6944442709  0.00155687608  -0.125216963  0.6985523385  0.6299029408  0.8212596435  0.8200725826  -0.1155854286  -0.8692461489  1.575733032  -0.3628810249  
-0.9525039673  1.359198429  -0.05910926068  1.214881352  -1.005485519  0.3434272688  0.8122264771  -0.1407179325  0.3878689822  -0.3037481259  -0.70513366  -0.4145739609  0.08792037855  -0.6357972551  -0.1602311269  0.8611899815  -0.5982955925  -0.7376037561  1.613342476  -1.197122248  
-0.9800327396  1.765324699  0.1077336164  1.068343776  -1.259858611  0.1713464885  0.9029135743  0.07941989247  0.3120391875  -0.1088826589  -0.5862786188  -0.7900743483  0.0670227409  -1.215072349  -1.372709307  0.3661606297  -0.578889166  -0.93789036  1.486990896  -1.579619119  
-0.6720526935  1.949419842  0.5332937393  1.39085809  -0.409510265  -0.3390294559  1.075865408  0.7165226765  0.3469626135  0.3044406048  -0.6939881099  -0.6987181478  -0.08999257234  -0.4645026604  -1.097948893  0.06726695149  -1.139373694  -1.562633859  0.89830129  -2.920328178  
-0.7456227643  2.115501765  0.9670950184  1.180874912  -0.6255361238  -0.4157326485  1.334106931  0.8861449149  0.2673894311  0.3882054933  -0.9888671796  -0.6401966153  0.179868835  0.3251189921  -0.8642167699  0.1273320739  -0.8990309184  -1.459735112  1.025438047  -2.056867202  
-0.5134501385  2.115753504  0.6727263218  1.389146795  -0.3083366737  -0.4124634344  1.723554603  1.317897982  0.5556916708  1.104911793  -1.19874565  -0.07205211534  -0.1620580273  0.5440853934  -0.8463058198  -0.1308751471  -0.8958423167  -1.3741507  1.218734797  -2.090240898  
-0.852372284  2.600781646  0.5392337913  0.7331722316  -1.318458009  -0.1046034275  2.182441816  1.654072181  0.7765234128  1.184371889  -1.590400823  -0.6206970807  0.3705653181  1.227846309  -0.6036335314  0.327259786  0.09157724199  -0.8349109592  1.696501622  -0.835759196  
-0.730032256  2.564034923  -0.05545549832  0.9973487495  -1.048795976  0.1135031775  2.528481996  2.029234781  0.6025406639  1.161596795  -1.659822697  0.367811684  0.03965796999  1.190795775  -1.520098094  0.5166252305  0.206346022  -0.3433960524  2.694331305  0.03152245117  
-0.9018955439  2.436457639  0.3301585812  0.4888602736  -1.621288025  0.007868746426  2.3875342  1.873130207  0.4744701948  0.4696441968  0.1917887807  0.3297103985  -1.109549733  1.456610701  -1.134013392  1.384098671  0.3391170531  -0.3580238842  1.800704715  -0.05430525368  
-0.5667227067  2.00540571  -1.059463959  0.8744792401  -1.80755814  0.01904923971  3.319434667  2.54641209  1.739948837  1.351795315  -1.381765422  1.213169937  -0.05762555027  1.850193236  -0.2619597923  1.588555873  1.486506291  -0.2250058753  -0.9856449739  1.796713771  
-0.7041567293  1.9602503  -1.742077565  0.8280748246  -2.002305376  0.5600551019  2.836435473  2.536213416  1.95178867  -0.2621637617  -0.7824995784  -0.2439069069  -0.2382444587  1.312011243  1.09504834  -0.6225014964  2.218490407  0.4779490375  0.6169481111  3.276459795  
-0.9038520659  2.029084666  -1.52212779  0.7256154986  -1.556548104  1.104234091  2.194645973  2.196526052  1.245600737  -1.699297948  -0.6119364541  -0.9697011395  -0.6740230372  0.8319124096  1.000474175  -0.482009657  1.607714525  0.3113702856  0.4293849595  2.046538205  
-1.052544802  2.121380167  -2.033007971  -0.03689865668  -1.794554567  1.2310955  1.693526453  1.665914438  1.055773175  -1.928634007  -0.8047223752  -0.8334017627  -0.2827640282  0.3820986  0.8939999405  -1.075324599  2.406735795  0.03015490539  0.9647576787  3.044674848  
-0.9056362009  2.087036329  -2.977434342  -0.1706634733  -1.708749345  1.247617786  0.9195371059  1.9670891  1.01624041  -1.30451879  -1.405592457  1.048629482  0.5896490731  0.2805623681  0.6120551839  -1.262715988  1.249095234  0.861697174  0.8804403656  0.1301340779  
-0.9026458768  1.903343106  -2.943894755  -0.04767281032  -2.067796538  0.8404663452  1.198988178  2.051313701  1.077044997  -1.238487821  -1.482102473  0.2910608996  1.103789768  0.2817646705  0.5940776233  -0.8702144543  0.334099395  1.535442058  0.04444943768  -0.006131292471  
-0.8200389508  1.657911385  -3.397398926  0.1950106891  -2.025202917  0.8467440236  1.00117101  2.257437535  0.6214196921  -2.168696906  -1.587501706  1.687055669  0.8512727181  0.02465508831  0.15034227  -0.9763323719  1.598925222  0.9172683928  0.2495557884  -0.09582893682  
-0.9496082394  1.712716886  -3.234928324  0.0465259814  -2.172654747  0.8190002502  0.7765622373  2.060364717  0.3128091727  -1.996370401  -1.573098222  0.3533405778  0.4989146952  0.1581955798  0.0286268856  -1.127212446  0.16720751  1.108372251  -0.1147694483  -0.7106096316  
-0.9133379822  1.687810592  -2.61522401  0.1784910522  -2.289003304  0.6703816573  1.343620564  2.401831798  0.1723936304  -1.822227302  -1.607164414  0.5395760101  0.8590088133  -0.2150755164  -0.487273495  -0.8981730946  0.5235147249  1.268478512  -0.1973195311  -0.257220101  
-0.9483589276  1.627052078  -2.816587794  0.08088397076  -2.249637943  0.7185462788  1.279617735  2.092537211  0.5119213533  -1.677202895  -1.725462997  0.5928602279  1.027151214  -0.3712883979  -0.6069343841  -0.7014765214  0.7218391862  1.550749993  0.03111962279  0.1302869123  
-0.8425943375  1.712492118  -2.754948829  0.2720803341  -2.216082417  0.7655710975  1.18922233  2.249724052  0.3723928067  -1.681420708  -1.646043205  0.9331721568  0.6270419526  -0.5409940675  -0.3888865934  -1.232108027  0.3493789092  0.9820412031  -0.2088743186  -0.5883596596  
-0.8965351536  1.61091031  -2.986438661  0.1641479921  -2.085296025  0.871604451  0.9828583215  1.941908924  0.7020633894  -1.238854543  -1.964067248  0.6777847937  0.9532774331  0.02029511342  0.3891411783  -0.8303375134  0.1045250125  1.249890907  -0.01517031904  -0.5426497024  
-0.8691626465  1.749449758  -2.681554432  0.5253597381  -1.994108488  1.060923262  1.124869855  2.005801132  0.5659823378  -1.596786266  -1.436068843  0.7332720424  0.4483909073  0.4964942208  0.3508639828  -1.421564395  -1.081636173  1.016403891  0.2647337414  0.03167980794  
-0.8858504744  1.443482647  -2.810652071  0.1135411561  -2.152697519  0.8313595002  1.331843117  2.118184635  0.7864653741  -0.6843607797  -1.636271588  0.04280501682  0.7415423079  0.7358224958  0.5134219463  -1.061232366  -1.310091698  0.9545957859  0.4496336402  0.04510793178  
-0.9194819401  1.525388726  -2.747031736  0.0644673615  -2.275283203  0.8431712452  1.264576017  1.950904436  0.1777912895  -0.8654578513  -1.566357882  0.2778913884  0.9907573497  -0.1869321467  -0.4816729442  -1.125849761  -1.172830151  0.9839808654  0.6719130431  1.045549629  
-0.9442732724  1.394704285  -2.810328954  0.03557858953  -2.403031761  0.8340859625  1.23418289  2.124363617  0.08496823228  -0.8426105675  -1.490873468  -0.1420043827  0.9572529365  -0.3306514891  -0.6397310578  -1.072538542  -1.075356521  0.8947736452  0.5787919266  0.5027109691  
-0.952318094  1.440756281  -2.847016483  0.02181211474  -2.217598436  0.8685759163  1.074735258  1.758535236  -0.01107934493  -0.7608237865  -1.682062081  0.4040785294  0.9241976336  -0.2550289756  -0.5867906989  -1.215251824  -1.319678984  0.521530857  0.7603301265  0.863634323  
-0.8929167072  1.364128638  -2.841781863  0.09265424801  -2.356774533  0.521291997  1.17214578  1.689797884  -0.1337382213  -0.5501877167  -1.287860214  0.412741912  0.5871903436  0.2129063783  -0.4507594558  -1.564745762  -1.713637272  0.04955805461  0.5451875205  0.6044140508  
-0.9140056689  1.369807657  -2.699503328  -0.04375029563  -2.197939539  0.6204186822  1.06312034  1.444545325  -0.226665194  -0.3641664238  -1.19833708  1.089171351  1.093098019  0.1451638736  -0.5241163442  -1.30807231  -1.120854157  -0.5983079631  0.9833884216  1.267370106  
-0.8353530112  1.357002144  -3.033045619  -0.0324858237  -2.447242469  0.5470683479  1.230626359  2.03827702  0.1106485574  -0.2024858014  -0.7856508023  0.9443496797  1.312078912  0.1413424612  -0.3147797114  -1.146598433  -0.7229105842  -0.989311686  0.9158487147  0.4219600952  
-1.023504053  1.325443027  -2.554789433  -0.3262475062  -2.253641586  0.9411123696  1.20840248  1.755252061  0.2143563781  -0.3568569436  -1.593133266  0.5465820168  1.681952738  0.1917919534  -0.4384142459  -0.6809415413  -0.07656874307  -0.516316092  1.014180927  0.7378062089  
