#!ascii label  , from subject sub-01 vox2ras=TkReg
1131
140391  -5.906  -56.442  89.794 0.0000000000
53287  -27.236  -41.597  84.065 0.0000000000
58316  -27.547  -37.455  78.708 0.0000000000
145245  -21.153  -50.940  83.441 0.0000000000
62135  -36.427  -33.519  68.666 0.0000000000
146931  -30.298  -32.117  72.158 0.0000000000
52249  -29.061  -41.810  87.697 0.0000000000
48635  -24.472  -47.292  84.811 0.0000000000
64010  -40.813  -31.370  74.287 0.0000000000
69561  -42.431  -25.732  74.786 0.0000000000
72253  -44.311  -22.208  72.648 0.0000000000
144530  -29.371  -32.750  82.106 0.0000000000
61033  -26.750  -33.869  75.452 0.0000000000
62995  -33.290  -31.276  78.838 0.0000000000
62027  -36.123  -32.968  76.014 0.0000000000
47758  -15.405  -47.623  86.329 0.0000000000
129777  -4.109  -58.541  91.412 0.0000000000
54405  -28.801  -40.828  80.620 0.0000000000
58282  -30.370  -37.328  83.704 0.0000000000
47818  -17.682  -48.414  80.915 0.0000000000
46988  -21.929  -49.448  78.624 0.0000000000
71416  -44.804  -22.799  65.976 0.0000000000
74814  -47.168  -19.063  71.172 0.0000000000
61124  -34.177  -34.191  70.496 0.0000000000
59222  -38.777  -35.664  73.925 0.0000000000
41295  -8.056  -54.249  87.769 0.0000000000
34736  -2.431  -62.316  87.358 0.0000000000
66762  -40.866  -28.425  74.341 0.0000000000
62976  -31.444  -31.524  80.778 0.0000000000
45981  -13.804  -50.104  84.375 0.0000000000
38514  -5.338  -57.652  90.099 0.0000000000
54382  -25.974  -41.522  80.093 0.0000000000
53347  -28.417  -42.120  81.745 0.0000000000
46934  -19.728  -49.263  82.512 0.0000000000
128134  -19.353  -48.788  79.644 0.0000000000
46026  -21.841  -50.257  81.250 0.0000000000
51237  -25.098  -43.878  86.497 0.0000000000
49512  -23.772  -46.914  83.251 0.0000000000
52300  -23.762  -43.392  84.399 0.0000000000
45066  -20.927  -49.830  84.790 0.0000000000
46911  -19.314  -48.284  84.737 0.0000000000
68660  -37.676  -26.037  69.292 0.0000000000
71414  -42.266  -23.261  66.496 0.0000000000
73955  -45.420  -20.847  72.456 0.0000000000
63071  -28.530  -32.291  73.967 0.0000000000
61104  -32.785  -33.214  70.840 0.0000000000
60094  -37.411  -35.243  75.116 0.0000000000
44052  -12.000  -51.309  86.672 0.0000000000
43077  -11.301  -51.668  87.926 0.0000000000
43075  -9.746  -52.194  88.978 0.0000000000
42182  -9.185  -53.640  86.669 0.0000000000
35693  -4.171  -62.014  87.632 0.0000000000
124478  -27.938  -41.492  85.524 0.0000000000
52303  -29.185  -41.500  84.583 0.0000000000
124219  -30.788  -41.429  86.494 0.0000000000
45072  -23.885  -49.469  86.165 0.0000000000
45996  -23.769  -49.417  83.411 0.0000000000
47761  -24.761  -47.346  86.925 0.0000000000
50335  -25.724  -44.693  87.460 0.0000000000
64038  -38.124  -32.295  71.167 0.0000000000
138232  -37.843  -29.637  71.870 0.0000000000
67706  -39.249  -26.929  72.743 0.0000000000
145572  -40.920  -24.295  71.742 0.0000000000
71390  -42.264  -22.755  70.540 0.0000000000
70474  -42.961  -24.011  74.090 0.0000000000
60053  -28.165  -35.403  79.915 0.0000000000
59181  -26.581  -35.932  77.528 0.0000000000
62004  -28.214  -33.551  78.537 0.0000000000
63022  -29.919  -31.243  77.907 0.0000000000
63977  -31.530  -31.103  75.677 0.0000000000
138291  -33.682  -32.061  74.599 0.0000000000
63025  -34.455  -31.461  77.280 0.0000000000
46864  -14.133  -48.847  87.290 0.0000000000
45065  -12.869  -50.659  85.612 0.0000000000
72295  -50.093  -22.269  67.283 0.0000000000
38503  -2.659  -57.915  91.024 0.0000000000
123087  -27.085  -41.371  77.401 0.0000000000
56387  -28.700  -39.657  78.795 0.0000000000
129693  -30.990  -40.425  82.994 0.0000000000
57371  -30.459  -38.583  80.977 0.0000000000
59162  -29.515  -37.466  80.429 0.0000000000
60042  -28.598  -34.944  82.914 0.0000000000
46950  -23.653  -49.610  81.407 0.0000000000
46882  -18.151  -47.710  87.166 0.0000000000
47798  -17.429  -47.143  83.983 0.0000000000
72271  -43.827  -21.618  69.783 0.0000000000
142476  -45.496  -21.350  68.334 0.0000000000
72278  -47.604  -21.629  67.746 0.0000000000
74831  -49.293  -19.248  70.300 0.0000000000
123042  -6.685  -57.897  86.922 0.0000000000
138477  -5.748  -58.888  87.664 0.0000000000
60187  -35.397  -34.485  69.929 0.0000000000
61068  -35.103  -34.092  73.231 0.0000000000
59236  -36.196  -35.224  72.483 0.0000000000
126674  -37.847  -34.575  71.431 0.0000000000
132262  -40.249  -33.679  72.971 0.0000000000
40431  -7.140  -55.486  87.913 0.0000000000
36671  -4.731  -59.348  89.072 0.0000000000
36669  -3.437  -60.166  89.268 0.0000000000
145404  -2.399  -59.946  88.470 0.0000000000
38515  -5.592  -57.030  89.893 0.0000000000
147185  -25.676  -41.797  83.310 0.0000000000
53345  -26.620  -41.839  81.904 0.0000000000
53309  -27.773  -41.749  83.351 0.0000000000
46010  -20.437  -50.043  82.538 0.0000000000
46935  -20.095  -49.706  81.830 0.0000000000
131645  -21.062  -50.413  82.558 0.0000000000
132412  -25.292  -42.652  85.915 0.0000000000
51243  -23.686  -44.119  85.001 0.0000000000
53285  -25.228  -42.100  84.862 0.0000000000
129515  -24.190  -42.130  83.488 0.0000000000
45069  -22.003  -50.547  85.721 0.0000000000
45068  -21.752  -50.395  85.924 0.0000000000
45080  -21.143  -50.633  84.551 0.0000000000
145973  -20.342  -49.445  83.833 0.0000000000
71399  -40.631  -23.454  67.601 0.0000000000
57398  -27.020  -38.897  77.327 0.0000000000
57389  -26.488  -38.204  77.278 0.0000000000
63089  -29.216  -32.053  73.489 0.0000000000
62091  -29.110  -33.080  72.009 0.0000000000
63125  -31.501  -32.407  71.542 0.0000000000
43093  -11.450  -51.858  85.994 0.0000000000
43084  -11.447  -51.714  87.004 0.0000000000
43092  -10.946  -52.187  86.542 0.0000000000
127710  -9.855  -52.557  87.282 0.0000000000
134292  -9.988  -53.330  85.713 0.0000000000
52261  -29.176  -41.587  86.572 0.0000000000
52273  -29.416  -41.497  85.612 0.0000000000
123406  -30.377  -41.580  87.191 0.0000000000
46884  -24.558  -48.404  87.461 0.0000000000
46900  -24.501  -48.567  86.654 0.0000000000
47749  -25.388  -47.062  88.224 0.0000000000
52248  -28.031  -42.576  88.575 0.0000000000
50329  -26.529  -44.592  88.489 0.0000000000
51225  -26.797  -43.361  87.978 0.0000000000
52260  -26.676  -42.652  87.098 0.0000000000
64030  -39.550  -31.561  72.293 0.0000000000
124855  -38.865  -31.098  72.026 0.0000000000
64902  -40.014  -30.522  73.210 0.0000000000
67680  -41.456  -26.826  74.602 0.0000000000
67696  -40.222  -27.127  73.754 0.0000000000
134756  -40.359  -26.330  73.573 0.0000000000
69584  -39.730  -25.396  72.057 0.0000000000
69586  -41.111  -24.892  72.959 0.0000000000
128189  -42.007  -24.112  73.102 0.0000000000
70464  -42.770  -24.878  74.604 0.0000000000
60991  -28.243  -34.322  80.439 0.0000000000
60999  -27.986  -34.409  79.345 0.0000000000
61985  -28.584  -33.091  80.714 0.0000000000
123214  -32.129  -31.456  80.163 0.0000000000
62993  -30.280  -31.268  79.490 0.0000000000
63942  -31.783  -30.878  78.440 0.0000000000
63958  -30.170  -30.962  76.517 0.0000000000
63951  -32.511  -30.881  77.258 0.0000000000
63023  -33.180  -31.193  76.787 0.0000000000
63011  -33.891  -31.239  78.058 0.0000000000
46866  -16.428  -47.785  88.240 0.0000000000
46854  -15.700  -48.310  88.805 0.0000000000
46881  -14.789  -48.114  86.953 0.0000000000
45980  -13.321  -50.466  84.940 0.0000000000
73145  -50.649  -21.064  69.014 0.0000000000
139096  -51.673  -21.517  68.513 0.0000000000
37611  -3.099  -58.152  91.444 0.0000000000
53357  -27.751  -41.676  80.104 0.0000000000
54419  -26.859  -41.487  78.180 0.0000000000
54421  -28.104  -41.034  78.695 0.0000000000
55416  -27.984  -40.421  78.437 0.0000000000
55403  -28.794  -40.014  79.426 0.0000000000
53288  -31.277  -41.060  85.164 0.0000000000
142037  -30.323  -41.149  84.088 0.0000000000
55349  -32.260  -40.212  84.242 0.0000000000
143960  -30.980  -37.644  84.069 0.0000000000
58290  -31.673  -38.498  83.249 0.0000000000
146246  -30.744  -37.975  82.276 0.0000000000
58304  -29.966  -37.912  80.840 0.0000000000
59144  -29.694  -36.933  82.218 0.0000000000
59150  -29.060  -36.237  81.715 0.0000000000
59137  -29.072  -36.261  83.767 0.0000000000
122822  -20.145  -49.203  78.925 0.0000000000
47801  -24.337  -48.552  84.190 0.0000000000
46951  -24.015  -49.792  82.303 0.0000000000
47800  -24.236  -48.601  83.448 0.0000000000
48662  -23.185  -47.439  81.241 0.0000000000
45958  -19.433  -48.748  87.073 0.0000000000
47799  -18.285  -47.571  83.239 0.0000000000
47788  -18.581  -47.627  84.334 0.0000000000
145903  -17.770  -47.517  82.512 0.0000000000
47806  -16.525  -48.165  81.990 0.0000000000
72261  -43.467  -22.379  71.515 0.0000000000
72264  -42.935  -22.271  70.354 0.0000000000
133174  -43.903  -22.004  71.154 0.0000000000
74813  -46.305  -19.563  71.695 0.0000000000
73973  -45.511  -20.563  70.598 0.0000000000
73974  -46.219  -20.145  70.193 0.0000000000
72277  -46.727  -21.628  67.723 0.0000000000
73987  -47.685  -20.208  69.260 0.0000000000
73143  -48.413  -20.581  68.835 0.0000000000
74815  -48.400  -18.848  70.727 0.0000000000
61020  -26.483  -34.711  75.993 0.0000000000
59192  -25.828  -36.229  75.832 0.0000000000
145727  -34.501  -34.887  68.723 0.0000000000
60166  -34.625  -34.420  70.368 0.0000000000
122949  -35.024  -32.916  75.139 0.0000000000
62052  -34.300  -32.589  73.992 0.0000000000
62054  -35.503  -33.755  74.641 0.0000000000
128725  -38.073  -35.703  74.576 0.0000000000
60120  -36.283  -35.488  73.636 0.0000000000
59221  -37.382  -35.786  73.339 0.0000000000
140230  -36.771  -35.168  71.908 0.0000000000
59256  -38.162  -35.473  72.619 0.0000000000
61127  -39.039  -33.842  71.826 0.0000000000
60139  -39.684  -34.708  73.134 0.0000000000
125335  -8.636  -53.581  87.684 0.0000000000
42175  -8.246  -53.544  88.567 0.0000000000
137041  -7.277  -54.249  89.550 0.0000000000
41294  -7.642  -54.843  87.831 0.0000000000
40444  -7.245  -56.113  87.367 0.0000000000
41306  -7.797  -55.747  86.927 0.0000000000
36705  -5.623  -60.397  87.219 0.0000000000
36672  -5.063  -59.288  88.602 0.0000000000
36704  -5.047  -60.689  87.578 0.0000000000
34722  -3.022  -61.869  87.994 0.0000000000
35679  -3.673  -61.446  88.091 0.0000000000
35678  -2.825  -61.169  88.319 0.0000000000
36668  -2.789  -60.043  89.242 0.0000000000
35677  -2.317  -61.135  88.010 0.0000000000
48600  -26.473  -46.105  89.229 0.0000000000
64880  -41.723  -30.670  75.282 0.0000000000
65813  -40.575  -29.403  74.019 0.0000000000
65801  -41.884  -29.121  75.188 0.0000000000
62960  -30.666  -31.815  81.274 0.0000000000
47786  -15.469  -47.879  84.112 0.0000000000
47772  -14.487  -48.453  85.210 0.0000000000
37615  -5.236  -57.231  91.666 0.0000000000
147280  -4.822  -58.080  91.067 0.0000000000
139207  -25.122  -41.530  80.422 0.0000000000
54369  -26.952  -41.690  80.724 0.0000000000
53358  -28.681  -41.962  81.014 0.0000000000
59126  -29.188  -36.280  85.708 0.0000000000
47809  -18.943  -48.413  81.910 0.0000000000
47833  -18.764  -48.494  80.178 0.0000000000
46947  -19.530  -48.949  81.416 0.0000000000
46967  -20.230  -49.180  79.888 0.0000000000
136587  -21.363  -49.596  79.448 0.0000000000
126862  -24.443  -45.731  85.899 0.0000000000
48634  -24.168  -47.182  84.128 0.0000000000
130264  -23.988  -45.850  84.675 0.0000000000
50355  -23.564  -45.582  84.119 0.0000000000
52322  -22.791  -43.232  82.407 0.0000000000
132356  -20.677  -49.596  87.089 0.0000000000
45969  -19.646  -48.761  85.974 0.0000000000
45970  -20.261  -49.309  85.385 0.0000000000
46922  -19.871  -49.056  83.408 0.0000000000
67735  -37.141  -27.385  69.444 0.0000000000
71402  -43.227  -22.608  66.762 0.0000000000
73107  -45.832  -21.735  74.519 0.0000000000
73123  -45.129  -21.341  72.568 0.0000000000
62038  -27.793  -32.611  75.318 0.0000000000
61122  -32.090  -33.790  70.219 0.0000000000
61123  -33.289  -33.826  70.411 0.0000000000
62016  -37.638  -33.188  76.836 0.0000000000
61022  -37.024  -34.150  75.624 0.0000000000
61024  -38.460  -34.714  76.426 0.0000000000
45036  -12.786  -50.080  87.938 0.0000000000
44027  -12.385  -50.575  88.190 0.0000000000
43061  -11.290  -51.147  90.054 0.0000000000
43076  -10.517  -51.804  88.512 0.0000000000
143719  -9.239  -52.962  87.608 0.0000000000
42181  -8.494  -54.619  86.698 0.0000000000
41321  -8.220  -55.350  86.465 0.0000000000
42189  -8.880  -54.824  85.839 0.0000000000
52282  -27.369  -41.427  85.071 0.0000000000
52301  -28.162  -41.553  84.066 0.0000000000
126085  -28.950  -41.503  85.097 0.0000000000
52275  -30.253  -41.388  85.705 0.0000000000
122862  -22.671  -49.921  84.402 0.0000000000
140827  -22.663  -50.232  82.953 0.0000000000
45985  -23.677  -49.137  84.471 0.0000000000
132645  -24.478  -48.686  85.917 0.0000000000
48626  -24.635  -47.503  86.158 0.0000000000
49476  -26.433  -45.465  88.800 0.0000000000
49482  -25.614  -45.643  87.540 0.0000000000
49489  -24.840  -45.834  86.487 0.0000000000
51230  -25.543  -44.048  86.985 0.0000000000
52270  -25.805  -42.844  86.573 0.0000000000
44064  -23.043  -50.213  86.114 0.0000000000
62124  -37.552  -33.631  70.569 0.0000000000
63141  -36.623  -32.448  69.527 0.0000000000
64037  -37.271  -31.818  70.814 0.0000000000
64916  -36.782  -30.143  70.826 0.0000000000
66775  -37.114  -28.541  71.259 0.0000000000
66768  -39.521  -28.716  73.219 0.0000000000
66766  -38.193  -28.140  72.167 0.0000000000
148028  -37.515  -27.537  71.156 0.0000000000
68631  -38.247  -26.386  71.177 0.0000000000
69603  -38.924  -24.847  70.200 0.0000000000
135112  -40.361  -23.739  69.746 0.0000000000
70492  -40.947  -23.257  69.245 0.0000000000
71385  -41.630  -23.480  71.586 0.0000000000
71380  -42.609  -23.278  72.470 0.0000000000
71382  -43.861  -22.764  73.082 0.0000000000
70466  -44.082  -24.280  74.930 0.0000000000
72245  -45.253  -22.258  74.125 0.0000000000
59166  -27.767  -36.796  79.075 0.0000000000
59171  -26.490  -36.743  77.610 0.0000000000
124895  -27.614  -35.243  78.881 0.0000000000
60069  -27.479  -34.756  78.014 0.0000000000
62024  -27.604  -33.563  77.048 0.0000000000
148138  -29.407  -31.780  79.773 0.0000000000
62013  -28.698  -32.588  78.017 0.0000000000
63020  -28.475  -32.262  77.172 0.0000000000
135755  -28.896  -31.567  75.487 0.0000000000
63054  -29.938  -31.169  74.943 0.0000000000
64007  -30.848  -31.232  74.386 0.0000000000
63091  -31.964  -31.511  73.116 0.0000000000
63978  -32.330  -31.344  75.450 0.0000000000
63038  -33.856  -31.592  76.220 0.0000000000
62014  -35.625  -32.159  76.666 0.0000000000
63014  -36.304  -31.667  78.347 0.0000000000
63028  -36.930  -32.345  77.345 0.0000000000
45941  -14.064  -49.265  88.529 0.0000000000
46896  -13.908  -48.906  85.659 0.0000000000
45957  -13.477  -49.619  87.020 0.0000000000
45049  -12.922  -50.279  86.830 0.0000000000
44053  -12.482  -50.955  86.260 0.0000000000
56395  -27.821  -40.082  77.908 0.0000000000
57385  -28.333  -38.898  78.570 0.0000000000
53311  -29.058  -41.659  83.703 0.0000000000
134388  -29.750  -41.899  82.142 0.0000000000
140548  -29.585  -40.673  81.293 0.0000000000
131887  -30.990  -39.323  82.074 0.0000000000
55391  -29.520  -39.510  79.983 0.0000000000
57379  -29.894  -38.772  79.751 0.0000000000
58319  -29.698  -38.284  79.734 0.0000000000
58317  -28.365  -37.437  79.194 0.0000000000
59157  -28.967  -36.626  80.373 0.0000000000
60045  -28.657  -35.352  81.346 0.0000000000
60963  -28.689  -33.955  82.882 0.0000000000
60030  -29.093  -35.668  85.354 0.0000000000
60947  -29.479  -34.082  84.402 0.0000000000
46027  -22.604  -50.311  81.861 0.0000000000
46039  -22.631  -50.140  80.828 0.0000000000
46969  -22.507  -49.684  79.757 0.0000000000
47810  -23.723  -48.357  81.643 0.0000000000
127929  -23.405  -49.098  80.585 0.0000000000
46867  -17.715  -47.781  88.201 0.0000000000
47760  -17.567  -47.445  86.655 0.0000000000
46898  -19.188  -48.232  85.620 0.0000000000
47775  -17.420  -47.271  85.862 0.0000000000
47774  -15.986  -47.282  85.325 0.0000000000
47796  -15.568  -48.306  83.080 0.0000000000
71392  -41.884  -22.806  69.035 0.0000000000
72288  -42.947  -22.245  67.827 0.0000000000
128396  -43.902  -21.969  67.564 0.0000000000
73137  -44.573  -21.305  70.479 0.0000000000
73152  -44.802  -21.331  68.695 0.0000000000
72289  -44.903  -21.925  67.354 0.0000000000
72305  -46.293  -22.302  66.630 0.0000000000
71403  -47.519  -22.420  66.675 0.0000000000
71404  -48.481  -22.562  66.647 0.0000000000
72294  -49.118  -22.180  67.245 0.0000000000
73144  -49.966  -20.903  68.877 0.0000000000
39518  -6.484  -56.553  88.170 0.0000000000
38543  -5.984  -57.657  88.499 0.0000000000
38557  -6.199  -58.377  87.373 0.0000000000
58328  -25.794  -37.086  76.246 0.0000000000
61140  -35.762  -34.108  68.894 0.0000000000
63109  -33.171  -32.363  72.271 0.0000000000
63110  -34.062  -32.860  72.487 0.0000000000
61084  -34.837  -34.037  72.305 0.0000000000
61050  -35.755  -34.618  74.285 0.0000000000
61085  -35.360  -34.580  72.865 0.0000000000
60150  -34.958  -34.489  71.199 0.0000000000
60167  -35.337  -34.646  70.875 0.0000000000
61125  -36.335  -34.432  70.443 0.0000000000
61126  -37.305  -34.317  70.859 0.0000000000
62125  -38.517  -33.619  71.258 0.0000000000
63127  -39.352  -32.885  71.891 0.0000000000
63094  -40.591  -32.528  73.465 0.0000000000
41273  -6.595  -54.914  90.883 0.0000000000
41281  -7.096  -54.198  90.453 0.0000000000
40417  -6.726  -55.515  88.649 0.0000000000
39527  -6.852  -56.995  87.206 0.0000000000
39541  -7.312  -57.421  86.474 0.0000000000
38525  -5.588  -58.261  88.838 0.0000000000
37634  -4.903  -58.800  89.743 0.0000000000
36630  -4.572  -59.072  90.075 0.0000000000
35680  -4.370  -61.086  87.882 0.0000000000
36670  -4.213  -60.104  89.100 0.0000000000
37633  -3.645  -59.264  90.291 0.0000000000
36646  -2.863  -59.488  89.742 0.0000000000
37630  -2.614  -58.694  89.646 0.0000000000
35692  -2.105  -61.713  87.485 0.0000000000
35676  -1.909  -61.102  87.596 0.0000000000
53308  -26.191  -41.718  83.909 0.0000000000
124628  -27.029  -41.790  83.346 0.0000000000
45995  -20.852  -50.518  83.282 0.0000000000
143439  -21.432  -50.846  82.989 0.0000000000
53286  -26.245  -41.646  85.015 0.0000000000
53307  -25.100  -41.889  83.917 0.0000000000
45081  -21.338  -50.946  84.417 0.0000000000
126466  -21.546  -50.557  85.110 0.0000000000
45087  -21.036  -50.956  83.932 0.0000000000
45984  -20.773  -50.099  83.987 0.0000000000
131495  -27.077  -38.439  77.758 0.0000000000
57397  -26.403  -38.976  76.708 0.0000000000
63107  -29.969  -31.817  72.804 0.0000000000
63106  -29.181  -32.475  72.704 0.0000000000
63123  -29.760  -32.467  72.026 0.0000000000
63124  -30.530  -32.461  71.655 0.0000000000
62110  -30.880  -32.892  70.924 0.0000000000
135564  -31.028  -31.849  72.374 0.0000000000
124088  -10.724  -52.572  85.814 0.0000000000
43091  -10.170  -52.645  86.515 0.0000000000
123407  -29.884  -41.673  87.089 0.0000000000
52250  -30.185  -41.673  87.970 0.0000000000
46870  -24.835  -47.812  88.454 0.0000000000
46885  -24.795  -47.686  87.752 0.0000000000
47750  -26.133  -46.709  89.016 0.0000000000
52239  -29.268  -42.037  88.649 0.0000000000
123546  -27.792  -41.968  87.248 0.0000000000
46869  -24.636  -48.671  88.066 0.0000000000
64021  -40.190  -31.486  72.930 0.0000000000
64901  -39.546  -30.789  72.567 0.0000000000
64893  -40.437  -31.021  73.763 0.0000000000
68603  -42.238  -26.484  74.976 0.0000000000
146661  -40.710  -26.748  74.126 0.0000000000
68614  -40.929  -26.052  74.127 0.0000000000
68613  -40.660  -25.553  73.340 0.0000000000
69576  -41.260  -25.264  73.876 0.0000000000
70472  -41.653  -24.617  73.452 0.0000000000
69577  -41.953  -25.069  74.279 0.0000000000
61970  -28.952  -32.842  81.455 0.0000000000
140588  -32.693  -31.342  79.529 0.0000000000
62994  -31.823  -31.098  79.300 0.0000000000
63009  -32.573  -31.056  78.624 0.0000000000
63950  -31.746  -30.796  77.695 0.0000000000
63010  -33.156  -31.045  77.788 0.0000000000
47747  -15.877  -47.605  87.304 0.0000000000
73989  -51.089  -20.628  69.604 0.0000000000
73158  -50.960  -21.548  68.507 0.0000000000
73146  -51.405  -21.137  69.078 0.0000000000
146013  -4.666  -57.871  91.785 0.0000000000
37613  -4.316  -58.072  92.028 0.0000000000
37612  -3.712  -58.207  91.802 0.0000000000
53372  -28.256  -41.623  80.306 0.0000000000
54403  -28.069  -41.375  79.364 0.0000000000
54404  -28.269  -41.088  79.746 0.0000000000
54422  -28.318  -40.544  79.028 0.0000000000
54423  -28.590  -40.465  79.806 0.0000000000
54354  -31.799  -40.651  84.404 0.0000000000
55342  -32.667  -40.252  84.914 0.0000000000
58283  -31.202  -37.846  83.405 0.0000000000
58288  -30.504  -37.567  82.728 0.0000000000
59145  -30.269  -37.644  81.879 0.0000000000
59138  -29.638  -36.851  83.233 0.0000000000
147762  -24.463  -48.258  84.615 0.0000000000
48644  -24.499  -48.022  84.204 0.0000000000
47808  -18.307  -47.802  82.273 0.0000000000
47807  -17.447  -47.883  81.817 0.0000000000
71427  -45.612  -23.111  65.598 0.0000000000
72252  -43.643  -22.540  72.275 0.0000000000
72262  -44.070  -22.059  71.816 0.0000000000
74829  -46.630  -19.629  70.688 0.0000000000
73986  -46.708  -20.313  69.367 0.0000000000
73975  -47.066  -19.831  69.832 0.0000000000
141373  -47.894  -19.750  69.679 0.0000000000
61021  -27.067  -34.089  76.532 0.0000000000
61032  -26.182  -34.534  74.841 0.0000000000
142617  -33.349  -34.353  69.891 0.0000000000
61139  -32.915  -34.973  69.389 0.0000000000
60165  -33.830  -34.625  69.506 0.0000000000
62026  -35.382  -32.468  76.093 0.0000000000
62040  -35.669  -33.228  75.345 0.0000000000
58339  -38.492  -35.687  74.459 0.0000000000
129789  -37.557  -35.749  73.763 0.0000000000
58351  -38.277  -35.729  73.741 0.0000000000
59238  -37.739  -35.743  73.015 0.0000000000
59240  -38.621  -35.610  73.401 0.0000000000
60138  -39.338  -34.778  72.684 0.0000000000
60121  -39.201  -35.326  73.362 0.0000000000
42174  -7.754  -54.238  88.333 0.0000000000
125093  -7.596  -55.427  87.404 0.0000000000
41307  -8.019  -54.962  87.190 0.0000000000
34721  -2.523  -61.646  87.856 0.0000000000
35661  -2.586  -60.540  88.499 0.0000000000
62946  -31.028  -32.135  82.064 0.0000000000
46920  -14.930  -48.906  83.523 0.0000000000
39487  -5.647  -56.966  90.815 0.0000000000
39473  -5.568  -56.743  91.642 0.0000000000
38504  -5.334  -57.499  90.943 0.0000000000
37624  -5.008  -57.881  91.001 0.0000000000
37635  -5.068  -58.154  90.295 0.0000000000
54367  -25.087  -41.510  81.308 0.0000000000
53346  -27.428  -41.974  81.677 0.0000000000
145967  -26.763  -41.791  81.334 0.0000000000
127784  -27.938  -41.856  80.960 0.0000000000
47820  -18.878  -48.331  80.949 0.0000000000
46011  -20.889  -50.127  81.702 0.0000000000
46948  -20.231  -49.434  80.958 0.0000000000
46949  -21.129  -49.889  80.583 0.0000000000
46968  -21.948  -50.008  80.386 0.0000000000
50339  -24.501  -44.788  86.084 0.0000000000
50348  -24.154  -45.505  85.316 0.0000000000
51250  -23.466  -44.479  84.079 0.0000000000
50354  -22.996  -45.235  83.235 0.0000000000
51249  -22.956  -44.330  83.262 0.0000000000
52299  -23.185  -43.472  83.466 0.0000000000
53329  -23.958  -41.802  82.329 0.0000000000
45067  -21.374  -50.142  85.362 0.0000000000
147868  -21.864  -50.448  86.537 0.0000000000
45052  -21.537  -50.181  86.253 0.0000000000
144074  -21.262  -49.998  86.786 0.0000000000
127400  -20.917  -49.710  85.951 0.0000000000
45994  -20.312  -49.804  83.263 0.0000000000
46933  -19.062  -48.505  82.894 0.0000000000
62051  -27.858  -32.678  74.382 0.0000000000
62071  -27.324  -33.306  73.797 0.0000000000
62072  -28.116  -32.934  73.471 0.0000000000
62123  -32.046  -33.332  70.569 0.0000000000
62017  -38.499  -33.540  77.261 0.0000000000
61013  -38.102  -33.984  76.580 0.0000000000
59195  -39.320  -35.629  75.851 0.0000000000
44040  -12.411  -50.725  87.238 0.0000000000
44039  -11.951  -51.182  87.585 0.0000000000
44026  -11.945  -51.009  88.520 0.0000000000
52283  -28.538  -41.471  84.670 0.0000000000
123404  -30.303  -41.514  86.429 0.0000000000
52274  -29.806  -41.459  85.613 0.0000000000
45070  -23.112  -49.822  85.265 0.0000000000
45082  -23.571  -49.412  85.290 0.0000000000
137386  -24.615  -47.913  87.138 0.0000000000
47777  -24.567  -48.073  86.464 0.0000000000
47776  -24.561  -48.194  85.808 0.0000000000
50321  -27.002  -44.963  89.292 0.0000000000
50328  -26.130  -44.365  87.808 0.0000000000
131357  -26.001  -45.175  88.035 0.0000000000
49481  -25.202  -45.971  87.051 0.0000000000
130303  -25.313  -45.170  87.026 0.0000000000
50340  -24.942  -44.931  86.555 0.0000000000
139693  -27.318  -41.879  86.452 0.0000000000
52259  -26.153  -42.939  86.860 0.0000000000
52271  -26.740  -41.976  86.235 0.0000000000
52281  -26.284  -41.943  85.891 0.0000000000
134785  -24.075  -49.479  86.781 0.0000000000
45071  -23.484  -49.801  86.070 0.0000000000
44075  -22.550  -50.284  85.432 0.0000000000
140706  -38.006  -33.004  70.911 0.0000000000
63133  -37.201  -32.692  70.349 0.0000000000
146967  -37.643  -32.444  70.800 0.0000000000
64909  -38.064  -30.528  71.702 0.0000000000
64028  -37.337  -30.838  71.119 0.0000000000
135410  -37.383  -30.087  71.382 0.0000000000
65836  -37.028  -29.330  71.290 0.0000000000
65814  -41.213  -29.327  74.650 0.0000000000
66761  -40.119  -28.605  73.702 0.0000000000
66760  -39.594  -27.723  73.257 0.0000000000
67705  -38.818  -27.510  72.473 0.0000000000
67715  -38.021  -27.268  71.683 0.0000000000
68632  -38.770  -26.647  72.083 0.0000000000
70483  -40.270  -24.565  71.555 0.0000000000
69597  -39.287  -25.058  71.187 0.0000000000
70487  -39.638  -24.509  70.665 0.0000000000
70490  -39.580  -24.209  69.706 0.0000000000
70488  -40.261  -24.016  70.556 0.0000000000
70489  -40.965  -23.476  70.274 0.0000000000
125479  -40.957  -23.822  71.264 0.0000000000
70480  -42.609  -23.666  73.200 0.0000000000
70479  -42.104  -23.693  72.565 0.0000000000
71381  -43.161  -23.060  72.752 0.0000000000
71373  -43.404  -23.387  73.545 0.0000000000
71366  -45.205  -23.079  74.765 0.0000000000
60060  -28.008  -35.780  79.569 0.0000000000
60059  -27.610  -36.053  79.071 0.0000000000
138855  -27.857  -35.067  79.350 0.0000000000
61997  -28.309  -33.481  79.357 0.0000000000
61007  -27.832  -34.491  78.681 0.0000000000
62011  -27.809  -33.973  77.865 0.0000000000
62975  -30.161  -31.570  80.398 0.0000000000
63008  -30.035  -31.222  78.694 0.0000000000
63007  -29.207  -31.792  78.389 0.0000000000
63021  -29.146  -31.718  77.566 0.0000000000
63034  -28.321  -32.046  76.295 0.0000000000
63035  -29.119  -31.451  76.598 0.0000000000
130927  -31.229  -30.868  76.433 0.0000000000
63976  -30.575  -30.969  75.747 0.0000000000
63992  -30.917  -31.084  75.114 0.0000000000
63993  -31.639  -31.246  74.917 0.0000000000
63024  -33.855  -31.346  77.085 0.0000000000
63039  -34.513  -31.805  76.389 0.0000000000
63026  -35.108  -31.603  77.394 0.0000000000
62999  -36.606  -31.424  79.408 0.0000000000
63027  -35.927  -31.877  77.416 0.0000000000
62006  -37.990  -32.687  77.703 0.0000000000
46865  -15.169  -48.156  87.907 0.0000000000
45942  -14.593  -48.789  88.287 0.0000000000
45928  -15.073  -48.835  89.129 0.0000000000
140938  -13.830  -49.251  87.811 0.0000000000
46908  -14.115  -49.309  84.798 0.0000000000
45956  -13.276  -50.077  85.970 0.0000000000
38502  -2.445  -57.487  90.628 0.0000000000
53386  -25.981  -41.960  77.494 0.0000000000
54440  -27.394  -41.024  77.354 0.0000000000
56397  -28.212  -40.138  78.429 0.0000000000
55415  -27.808  -40.589  78.033 0.0000000000
56396  -28.377  -39.662  78.456 0.0000000000
57390  -27.659  -39.169  77.903 0.0000000000
52302  -28.840  -41.545  84.190 0.0000000000
53310  -28.522  -41.762  83.462 0.0000000000
53312  -29.466  -41.464  83.979 0.0000000000
53336  -30.848  -40.796  83.570 0.0000000000
53334  -29.930  -41.595  83.236 0.0000000000
53349  -30.012  -41.439  82.550 0.0000000000
53360  -29.676  -41.535  81.832 0.0000000000
54384  -30.663  -40.405  82.250 0.0000000000
57364  -31.103  -38.650  82.390 0.0000000000
56370  -30.831  -38.777  81.809 0.0000000000
55379  -30.617  -39.750  81.584 0.0000000000
56378  -30.217  -38.758  80.405 0.0000000000
56377  -29.928  -38.949  79.982 0.0000000000
58312  -29.966  -38.120  80.349 0.0000000000
58311  -29.573  -37.621  80.051 0.0000000000
58318  -29.104  -37.510  79.643 0.0000000000
59168  -29.163  -36.955  80.001 0.0000000000
141128  -28.717  -35.431  82.135 0.0000000000
60049  -28.913  -36.304  80.837 0.0000000000
60976  -28.596  -34.532  82.057 0.0000000000
60021  -29.287  -35.625  86.149 0.0000000000
61907  -29.342  -33.584  83.577 0.0000000000
47845  -18.772  -48.731  79.647 0.0000000000
46986  -19.212  -48.984  79.100 0.0000000000
45089  -23.086  -49.844  83.365 0.0000000000
45099  -22.181  -50.565  82.796 0.0000000000
46013  -23.006  -50.207  82.574 0.0000000000
46040  -23.188  -50.066  81.298 0.0000000000
46970  -23.172  -49.704  80.586 0.0000000000
125438  -24.163  -47.779  83.283 0.0000000000
48653  -23.637  -47.461  82.310 0.0000000000
47748  -17.077  -47.489  87.409 0.0000000000
45982  -19.800  -48.868  85.019 0.0000000000
145377  -18.011  -47.283  84.698 0.0000000000
122964  -17.291  -47.063  84.964 0.0000000000
47787  -16.423  -47.259  84.364 0.0000000000
47797  -16.264  -47.570  83.466 0.0000000000
125106  -41.729  -23.034  69.933 0.0000000000
72269  -42.484  -22.524  69.713 0.0000000000
72270  -43.245  -21.898  69.515 0.0000000000
72273  -42.678  -22.262  68.809 0.0000000000
72274  -43.519  -21.802  68.520 0.0000000000
73151  -43.996  -21.478  69.063 0.0000000000
73134  -45.018  -21.214  71.831 0.0000000000
73138  -44.985  -21.057  70.963 0.0000000000
133798  -45.396  -20.961  69.024 0.0000000000
73140  -45.070  -20.915  70.055 0.0000000000
125321  -45.231  -21.623  67.935 0.0000000000
72290  -45.748  -21.948  67.220 0.0000000000
72276  -45.984  -21.640  67.762 0.0000000000
72292  -47.167  -21.958  67.160 0.0000000000
71418  -47.812  -22.896  66.101 0.0000000000
72293  -48.067  -22.137  67.262 0.0000000000
72279  -48.635  -21.614  67.777 0.0000000000
142586  -48.621  -20.049  69.379 0.0000000000
133907  -49.376  -20.475  69.078 0.0000000000
73977  -49.597  -19.867  69.743 0.0000000000
73988  -50.238  -20.517  69.390 0.0000000000
133858  -50.153  -19.405  70.436 0.0000000000
38558  -6.338  -57.634  87.749 0.0000000000
59180  -26.155  -36.465  76.819 0.0000000000
60186  -35.004  -34.640  68.738 0.0000000000
63073  -32.910  -31.629  73.951 0.0000000000
63092  -32.778  -31.919  72.936 0.0000000000
137339  -33.679  -32.072  73.949 0.0000000000
62073  -34.815  -33.446  73.643 0.0000000000
146678  -34.376  -32.892  73.211 0.0000000000
62094  -34.640  -33.483  72.822 0.0000000000
62093  -34.373  -33.440  72.153 0.0000000000
61035  -36.705  -34.691  75.006 0.0000000000
61034  -36.051  -34.256  74.767 0.0000000000
61051  -36.228  -35.052  74.469 0.0000000000
60136  -36.114  -35.338  73.034 0.0000000000
60119  -35.767  -35.102  73.346 0.0000000000
60135  -35.701  -34.945  72.579 0.0000000000
60134  -35.208  -34.519  72.007 0.0000000000
60151  -35.602  -34.791  71.830 0.0000000000
139954  -36.160  -35.039  71.827 0.0000000000
60169  -37.162  -34.883  71.506 0.0000000000
123959  -37.993  -34.078  71.170 0.0000000000
144425  -39.922  -33.761  72.550 0.0000000000
62112  -39.553  -33.473  72.154 0.0000000000
62095  -40.146  -33.332  72.666 0.0000000000
63111  -40.346  -32.794  72.849 0.0000000000
124114  -40.475  -33.102  73.208 0.0000000000
41287  -7.293  -54.717  88.665 0.0000000000
41280  -6.684  -54.980  89.661 0.0000000000
39528  -7.483  -56.525  86.698 0.0000000000
38542  -5.897  -58.214  88.115 0.0000000000
38526  -5.588  -57.716  89.296 0.0000000000
137385  -5.137  -58.754  89.052 0.0000000000
35662  -3.463  -60.752  88.535 0.0000000000
36688  -4.076  -60.680  88.401 0.0000000000
36648  -4.048  -59.628  89.898 0.0000000000
36647  -3.290  -59.694  89.818 0.0000000000
37632  -3.104  -59.158  90.243 0.0000000000
36667  -2.504  -59.957  88.760 0.0000000000
37647  -2.674  -59.409  89.363 0.0000000000
37646  -2.502  -59.313  88.845 0.0000000000
34735  -1.899  -62.352  86.889 0.0000000000
54361  -25.785  -41.665  81.983 0.0000000000
145564  -26.351  -41.841  82.836 0.0000000000
53331  -27.233  -41.965  82.650 0.0000000000
53332  -28.076  -42.022  82.611 0.0000000000
46012  -21.696  -50.459  82.201 0.0000000000
51236  -24.606  -43.793  86.027 0.0000000000
51244  -24.087  -44.481  85.562 0.0000000000
52280  -24.346  -43.192  85.315 0.0000000000
53306  -24.399  -42.524  84.379 0.0000000000
53305  -23.730  -42.765  83.798 0.0000000000
53330  -24.890  -41.756  83.048 0.0000000000
44063  -22.517  -50.495  86.275 0.0000000000
69610  -38.211  -25.473  68.744 0.0000000000
71400  -41.535  -23.222  67.234 0.0000000000
56403  -26.749  -40.031  76.474 0.0000000000
63088  -28.715  -32.580  73.265 0.0000000000
133475  -28.436  -33.652  72.079 0.0000000000
62122  -31.404  -33.457  70.492 0.0000000000
62111  -31.889  -32.925  70.888 0.0000000000
43083  -10.729  -52.128  87.189 0.0000000000
139124  -10.466  -52.086  87.787 0.0000000000
144256  -9.533  -54.127  85.614 0.0000000000
52272  -28.476  -41.549  85.986 0.0000000000
123405  -29.921  -41.565  86.321 0.0000000000
52262  -30.702  -41.474  87.500 0.0000000000
45959  -24.219  -49.221  86.423 0.0000000000
141583  -24.933  -47.314  87.510 0.0000000000
131308  -27.315  -43.920  88.987 0.0000000000
51224  -26.080  -43.710  87.344 0.0000000000
128576  -39.028  -32.105  71.727 0.0000000000
64029  -38.133  -31.440  71.427 0.0000000000
64910  -38.771  -30.064  72.327 0.0000000000
66748  -41.537  -27.801  74.769 0.0000000000
133946  -40.321  -27.859  73.883 0.0000000000
67697  -40.829  -27.464  74.285 0.0000000000
67695  -39.752  -26.660  73.178 0.0000000000
68621  -39.410  -26.189  72.459 0.0000000000
68622  -40.049  -25.862  72.855 0.0000000000
69585  -40.478  -25.112  72.491 0.0000000000
70477  -41.000  -24.576  72.183 0.0000000000
70484  -41.318  -24.074  71.928 0.0000000000
70473  -42.235  -24.328  73.852 0.0000000000
61000  -28.091  -34.445  79.936 0.0000000000
130148  -28.392  -33.326  80.020 0.0000000000
143011  -28.756  -32.492  79.555 0.0000000000
123444  -31.182  -31.244  79.958 0.0000000000
139704  -31.092  -31.074  79.430 0.0000000000
63936  -30.988  -30.936  78.938 0.0000000000
63949  -30.860  -30.929  78.177 0.0000000000
63036  -29.770  -31.165  77.188 0.0000000000
63959  -30.788  -30.859  77.286 0.0000000000
63960  -31.794  -30.744  77.004 0.0000000000
63961  -32.289  -31.082  76.367 0.0000000000
46855  -17.035  -48.228  89.162 0.0000000000
72281  -50.544  -21.884  67.873 0.0000000000
71406  -50.485  -22.615  66.814 0.0000000000
138141  -51.283  -21.956  67.876 0.0000000000
72296  -51.595  -22.342  67.136 0.0000000000
37621  -2.890  -58.561  90.654 0.0000000000
140604  -26.811  -41.543  79.827 0.0000000000
54401  -26.180  -41.546  79.166 0.0000000000
54402  -27.309  -41.410  79.133 0.0000000000
123549  -27.857  -41.282  78.567 0.0000000000
54420  -27.722  -41.120  77.995 0.0000000000
54441  -27.854  -40.762  78.222 0.0000000000
55402  -28.339  -40.089  78.741 0.0000000000
52286  -30.311  -41.178  84.969 0.0000000000
53313  -30.138  -41.248  84.129 0.0000000000
53314  -30.921  -40.970  84.571 0.0000000000
54353  -31.259  -40.827  84.200 0.0000000000
54362  -31.522  -40.452  83.716 0.0000000000
58284  -31.951  -38.251  83.661 0.0000000000
58289  -31.109  -38.078  82.861 0.0000000000
57363  -30.662  -38.386  81.654 0.0000000000
58305  -30.309  -38.264  80.866 0.0000000000
137403  -30.350  -38.105  81.272 0.0000000000
58296  -30.085  -37.808  81.277 0.0000000000
59158  -29.473  -37.326  80.811 0.0000000000
59151  -29.599  -37.136  81.358 0.0000000000
59143  -28.972  -36.039  82.815 0.0000000000
60914  -29.738  -34.892  86.415 0.0000000000
46923  -23.985  -49.067  83.555 0.0000000000
46014  -23.796  -49.945  82.710 0.0000000000
143519  -24.038  -49.722  82.888 0.0000000000
46936  -24.130  -49.274  82.763 0.0000000000
47822  -24.012  -49.156  81.933 0.0000000000
49511  -23.242  -46.522  82.512 0.0000000000
46883  -18.989  -48.224  86.604 0.0000000000
46921  -19.318  -48.276  83.823 0.0000000000
124387  -17.071  -47.483  82.771 0.0000000000
135322  -16.170  -47.988  82.675 0.0000000000
47817  -16.959  -48.527  81.256 0.0000000000
71387  -42.753  -22.611  71.202 0.0000000000
72265  -43.418  -22.142  70.820 0.0000000000
72266  -44.018  -21.700  70.474 0.0000000000
73965  -45.402  -20.673  71.539 0.0000000000
73966  -45.884  -20.100  71.153 0.0000000000
73985  -45.812  -20.546  69.652 0.0000000000
73141  -46.382  -20.781  68.848 0.0000000000
73153  -46.173  -21.262  68.285 0.0000000000
73142  -47.389  -20.722  68.790 0.0000000000
73155  -48.051  -21.127  68.290 0.0000000000
73976  -48.577  -19.469  69.948 0.0000000000
38572  -7.327  -58.336  86.256 0.0000000000
38571  -6.783  -58.883  86.662 0.0000000000
60081  -27.006  -35.015  77.117 0.0000000000
60080  -26.310  -35.596  76.463 0.0000000000
60092  -25.908  -35.366  75.374 0.0000000000
60185  -34.079  -35.155  68.729 0.0000000000
138053  -34.571  -34.561  69.539 0.0000000000
63074  -34.394  -32.502  74.901 0.0000000000
62053  -34.928  -33.250  74.419 0.0000000000
61049  -35.319  -34.035  74.007 0.0000000000
59193  -37.827  -35.636  74.899 0.0000000000
60093  -36.704  -35.261  74.623 0.0000000000
59205  -37.567  -35.684  74.270 0.0000000000
59204  -36.995  -35.693  73.849 0.0000000000
59237  -36.748  -35.669  73.077 0.0000000000
139689  -36.791  -35.427  72.481 0.0000000000
130162  -37.253  -35.719  72.895 0.0000000000
59255  -37.452  -35.408  72.389 0.0000000000
60152  -38.019  -35.059  71.957 0.0000000000
61107  -38.495  -34.392  71.675 0.0000000000
61108  -39.000  -34.483  72.211 0.0000000000
61070  -40.146  -34.183  73.382 0.0000000000
42176  -9.011  -52.835  88.370 0.0000000000
42169  -8.887  -52.698  89.462 0.0000000000
42168  -8.149  -53.339  89.485 0.0000000000
42167  -7.733  -53.942  89.069 0.0000000000
40456  -7.972  -56.123  86.201 0.0000000000
37664  -5.454  -58.793  88.381 0.0000000000
36690  -5.332  -59.640  87.879 0.0000000000
36689  -4.676  -60.094  88.391 0.0000000000
34723  -3.523  -62.155  87.790 0.0000000000
148550  -3.236  -61.340  88.245 0.0000000000
140360  -2.952  -60.561  88.781 0.0000000000
36687  -2.271  -60.475  88.135 0.0000000000
129486  -26.703  -46.576  89.597 0.0000000000
51215  -28.204  -43.417  89.487 0.0000000000
143206  -41.247  -30.839  74.735 0.0000000000
64894  -40.879  -30.362  74.345 0.0000000000
65800  -41.509  -30.032  75.005 0.0000000000
140676  -41.549  -28.558  74.870 0.0000000000
141322  -42.771  -26.273  75.131 0.0000000000
69562  -43.101  -25.729  75.093 0.0000000000
61948  -30.161  -32.546  82.477 0.0000000000
62945  -29.912  -32.236  81.736 0.0000000000
62961  -31.844  -31.870  81.565 0.0000000000
62977  -32.536  -31.750  81.039 0.0000000000
123540  -33.337  -31.412  79.909 0.0000000000
146801  -15.024  -47.879  84.871 0.0000000000
47773  -15.004  -47.775  85.571 0.0000000000
46909  -14.693  -48.697  84.370 0.0000000000
37614  -4.895  -57.696  91.610 0.0000000000
124616  -4.580  -58.259  91.290 0.0000000000
54368  -26.026  -41.589  81.083 0.0000000000
147968  -28.231  -41.838  80.556 0.0000000000
53373  -28.511  -41.590  80.897 0.0000000000
58276  -29.481  -36.837  85.180 0.0000000000
131708  -18.211  -48.099  81.373 0.0000000000
47819  -18.286  -48.389  80.660 0.0000000000
46966  -19.461  -48.735  80.451 0.0000000000
140901  -24.306  -46.427  84.904 0.0000000000
49495  -23.827  -46.386  84.110 0.0000000000
50347  -23.836  -45.106  84.803 0.0000000000
49500  -23.361  -46.120  83.319 0.0000000000
125778  -22.951  -45.872  82.641 0.0000000000
53328  -23.323  -42.522  82.937 0.0000000000
45051  -20.122  -49.220  86.455 0.0000000000
45983  -20.384  -49.398  84.485 0.0000000000
46912  -20.012  -48.859  84.179 0.0000000000
67724  -36.921  -27.843  69.861 0.0000000000
71415  -43.899  -22.981  65.977 0.0000000000
72254  -45.000  -21.793  73.142 0.0000000000
140645  -45.471  -21.574  73.823 0.0000000000
73115  -45.439  -21.163  73.236 0.0000000000
75722  -47.443  -18.532  72.733 0.0000000000
62037  -27.373  -33.172  76.053 0.0000000000
62050  -27.297  -33.237  74.902 0.0000000000
145533  -34.070  -33.825  70.825 0.0000000000
122939  -36.831  -33.039  76.434 0.0000000000
141025  -36.710  -33.576  75.893 0.0000000000
62028  -37.295  -33.753  76.209 0.0000000000
61023  -37.676  -34.412  76.049 0.0000000000
60082  -38.005  -34.991  75.816 0.0000000000
59194  -38.281  -35.419  75.534 0.0000000000
59206  -38.590  -35.618  75.218 0.0000000000
142048  -38.954  -35.667  74.543 0.0000000000
59223  -39.278  -35.461  74.164 0.0000000000
43082  -9.762  -52.364  88.069 0.0000000000
146709  -8.446  -54.253  87.208 0.0000000000
133005  -2.482  -63.050  86.925 0.0000000000
130154  -28.898  -41.556  84.747 0.0000000000
52284  -29.398  -41.483  85.025 0.0000000000
52285  -29.610  -41.412  85.161 0.0000000000
138030  -21.974  -50.618  84.677 0.0000000000
142369  -21.573  -50.905  83.655 0.0000000000
45088  -22.389  -50.318  83.629 0.0000000000
142043  -23.997  -49.080  85.482 0.0000000000
45997  -23.883  -48.943  84.370 0.0000000000
47789  -24.373  -48.520  85.086 0.0000000000
124026  -24.539  -47.835  85.187 0.0000000000
48610  -26.017  -46.158  88.255 0.0000000000
48620  -25.315  -46.606  87.445 0.0000000000
48619  -24.878  -46.665  86.653 0.0000000000
49488  -24.557  -46.764  85.728 0.0000000000
44057  -23.397  -50.076  86.764 0.0000000000
62136  -36.741  -33.246  69.668 0.0000000000
63132  -36.693  -31.930  70.168 0.0000000000
129195  -36.606  -31.020  70.327 0.0000000000
132622  -40.365  -30.179  73.752 0.0000000000
65822  -39.875  -29.538  73.399 0.0000000000
65821  -39.196  -29.302  72.794 0.0000000000
66767  -38.991  -28.412  72.699 0.0000000000
65820  -38.436  -29.056  72.321 0.0000000000
66776  -37.640  -28.775  71.790 0.0000000000
130258  -37.507  -27.997  71.524 0.0000000000
138075  -37.061  -27.930  70.677 0.0000000000
67725  -37.157  -27.352  70.104 0.0000000000
68644  -37.754  -26.066  70.223 0.0000000000
69596  -38.954  -25.818  71.668 0.0000000000
69602  -38.517  -25.577  70.698 0.0000000000
69608  -38.201  -25.402  69.704 0.0000000000
69609  -38.751  -24.768  69.158 0.0000000000
70491  -40.054  -23.673  68.975 0.0000000000
71394  -40.525  -23.380  68.427 0.0000000000
71389  -41.574  -23.189  70.832 0.0000000000
70485  -41.742  -23.729  72.137 0.0000000000
125857  -42.063  -22.983  71.242 0.0000000000
124780  -42.996  -22.859  71.980 0.0000000000
71375  -44.563  -22.470  73.489 0.0000000000
70465  -43.409  -24.392  74.621 0.0000000000
71374  -44.158  -23.109  73.839 0.0000000000
143117  -44.763  -22.874  74.145 0.0000000000
58324  -26.787  -37.584  77.986 0.0000000000
59172  -27.025  -36.542  78.424 0.0000000000
60068  -27.138  -35.531  78.244 0.0000000000
61012  -27.420  -34.303  77.315 0.0000000000
62959  -29.467  -32.172  80.985 0.0000000000
62974  -28.996  -32.287  80.252 0.0000000000
62992  -29.282  -31.761  79.134 0.0000000000
62005  -28.692  -32.612  78.839 0.0000000000
62025  -27.885  -32.744  76.733 0.0000000000
143898  -27.843  -32.491  76.037 0.0000000000
139432  -28.206  -32.123  75.595 0.0000000000
63053  -28.392  -32.148  74.853 0.0000000000
145241  -29.680  -31.116  75.847 0.0000000000
63072  -29.120  -31.743  74.425 0.0000000000
63090  -29.960  -31.520  73.900 0.0000000000
134512  -30.895  -31.415  73.434 0.0000000000
64008  -31.772  -31.344  74.099 0.0000000000
63994  -32.342  -31.420  74.719 0.0000000000
63055  -33.007  -31.676  75.042 0.0000000000
63037  -33.102  -31.439  75.899 0.0000000000
63056  -33.759  -31.942  75.429 0.0000000000
63057  -34.450  -32.217  75.673 0.0000000000
147848  -34.959  -32.126  76.204 0.0000000000
62996  -34.028  -31.353  79.255 0.0000000000
63012  -34.577  -31.377  78.241 0.0000000000
62998  -35.665  -31.372  79.325 0.0000000000
63013  -35.370  -31.495  78.317 0.0000000000
62015  -36.286  -32.453  76.718 0.0000000000
47757  -14.489  -48.160  86.056 0.0000000000
46880  -14.084  -48.656  86.483 0.0000000000
45968  -13.678  -49.812  85.329 0.0000000000
127952  -13.627  -49.338  86.301 0.0000000000
45037  -13.308  -49.656  87.823 0.0000000000
45064  -12.412  -51.258  85.271 0.0000000000
44061  -12.057  -51.417  85.865 0.0000000000
147418  -52.050  -21.144  69.050 0.0000000000
72282  -52.022  -21.799  67.892 0.0000000000
55414  -27.323  -40.586  77.199 0.0000000000
56404  -27.237  -39.672  77.221 0.0000000000
57384  -27.532  -38.289  78.326 0.0000000000
53333  -28.971  -42.062  82.699 0.0000000000
127708  -29.497  -41.821  83.201 0.0000000000
124722  -29.616  -42.015  82.555 0.0000000000
53348  -29.228  -42.120  81.836 0.0000000000
53359  -29.294  -41.922  81.440 0.0000000000
53374  -29.166  -41.387  81.283 0.0000000000
55366  -31.417  -40.056  83.075 0.0000000000
147229  -31.368  -39.173  82.584 0.0000000000
54385  -31.125  -39.969  82.402 0.0000000000
127906  -29.944  -39.917  80.924 0.0000000000
126376  -29.185  -40.173  80.348 0.0000000000
132784  -28.920  -39.458  79.195 0.0000000000
56388  -29.246  -39.106  79.226 0.0000000000
145474  -30.095  -38.499  80.011 0.0000000000
141855  -29.544  -38.901  79.300 0.0000000000
57386  -28.964  -39.251  78.953 0.0000000000
125539  -28.906  -38.385  79.192 0.0000000000
144852  -28.110  -38.103  78.836 0.0000000000
59167  -28.440  -36.637  79.545 0.0000000000
60061  -28.654  -36.226  79.983 0.0000000000
146304  -28.598  -36.023  80.208 0.0000000000
127189  -28.439  -35.568  80.325 0.0000000000
125446  -28.464  -35.216  80.713 0.0000000000
60984  -28.452  -34.110  81.197 0.0000000000
61947  -28.816  -33.502  82.056 0.0000000000
59132  -28.984  -36.107  84.686 0.0000000000
60038  -28.826  -35.499  83.773 0.0000000000
60930  -29.353  -34.984  85.591 0.0000000000
125964  -29.030  -35.082  84.668 0.0000000000
130987  -28.902  -34.517  83.700 0.0000000000
61926  -29.307  -33.117  82.769 0.0000000000
46028  -23.435  -50.078  82.011 0.0000000000
47811  -24.049  -48.460  82.539 0.0000000000
141522  -23.737  -48.979  81.232 0.0000000000
47821  -23.449  -48.321  80.726 0.0000000000
46990  -23.030  -49.118  79.684 0.0000000000
46989  -22.517  -49.054  78.741 0.0000000000
47759  -16.545  -47.329  86.524 0.0000000000
46910  -18.436  -47.580  85.258 0.0000000000
46897  -18.378  -47.732  86.203 0.0000000000
71395  -41.244  -23.056  68.261 0.0000000000
71396  -42.107  -22.717  68.076 0.0000000000
71401  -42.414  -22.816  67.280 0.0000000000
72304  -44.389  -22.351  66.678 0.0000000000
73122  -44.643  -21.657  72.207 0.0000000000
73133  -44.454  -21.583  71.263 0.0000000000
73139  -44.482  -21.270  69.646 0.0000000000
72275  -44.400  -21.636  68.212 0.0000000000
71417  -45.479  -22.415  66.499 0.0000000000
124030  -46.213  -22.680  66.071 0.0000000000
71428  -46.543  -23.181  65.595 0.0000000000
72291  -46.456  -21.928  67.159 0.0000000000
143504  -46.843  -22.227  66.719 0.0000000000
144065  -46.918  -22.681  66.172 0.0000000000
72280  -49.662  -21.716  67.831 0.0000000000
73156  -49.210  -21.059  68.409 0.0000000000
73157  -50.195  -21.397  68.459 0.0000000000
73978  -50.619  -20.037  70.036 0.0000000000
40416  -6.266  -56.037  89.241 0.0000000000
39509  -5.816  -56.905  89.040 0.0000000000
141358  -6.167  -59.075  87.091 0.0000000000
58323  -26.202  -37.332  77.117 0.0000000000
137901  -25.901  -37.980  76.576 0.0000000000
63108  -32.192  -32.026  72.228 0.0000000000
63126  -32.555  -32.582  71.496 0.0000000000
63093  -33.640  -32.288  73.233 0.0000000000
62092  -33.665  -33.019  71.651 0.0000000000
61105  -33.872  -33.520  71.099 0.0000000000
61106  -34.591  -34.060  71.378 0.0000000000
61069  -35.540  -34.693  73.680 0.0000000000
60105  -35.938  -35.182  74.036 0.0000000000
60168  -36.162  -34.848  71.125 0.0000000000
61141  -36.577  -33.844  69.929 0.0000000000
63134  -38.788  -32.928  71.342 0.0000000000
62126  -39.076  -33.366  71.639 0.0000000000
64031  -39.905  -32.309  72.393 0.0000000000
126653  -40.426  -32.251  73.041 0.0000000000
64009  -40.599  -31.866  73.619 0.0000000000
60122  -39.722  -34.944  73.735 0.0000000000
40402  -6.228  -55.724  90.267 0.0000000000
125281  -5.275  -58.287  89.551 0.0000000000
37623  -4.758  -58.470  90.552 0.0000000000
36629  -4.232  -58.926  90.659 0.0000000000
35694  -4.890  -61.670  87.191 0.0000000000
36649  -4.551  -59.392  89.571 0.0000000000
37622  -3.519  -58.709  90.932 0.0000000000
37631  -2.771  -58.947  89.983 0.0000000000
38513  -2.623  -58.270  90.319 0.0000000000
38512  -2.448  -57.880  90.054 0.0000000000
125085  -1.994  -63.076  86.730 0.0000000000
45055  -24.312  -49.280  87.115 0.0000000000
45090  -23.308  -49.477  84.288 0.0000000000
45960  -24.510  -48.980  87.427 0.0000000000
45971  -24.422  -48.957  86.846 0.0000000000
46899  -24.386  -48.975  86.102 0.0000000000
46913  -24.201  -48.826  85.287 0.0000000000
46924  -24.149  -48.751  84.454 0.0000000000
51261  -22.665  -43.927  82.106 0.0000000000
52304  -29.602  -41.359  84.685 0.0000000000
53289  -31.591  -40.859  84.780 0.0000000000
53335  -30.331  -41.141  83.417 0.0000000000
53350  -30.478  -40.873  82.842 0.0000000000
53361  -30.131  -40.876  82.088 0.0000000000
54383  -30.281  -40.361  81.608 0.0000000000
54442  -28.040  -40.527  78.565 0.0000000000
55367  -31.439  -39.533  82.843 0.0000000000
55392  -30.146  -39.242  80.686 0.0000000000
56369  -30.558  -39.028  81.240 0.0000000000
57354  -31.128  -38.444  82.561 0.0000000000
57380  -30.215  -38.521  80.320 0.0000000000
58297  -30.650  -38.143  81.914 0.0000000000
58350  -37.957  -35.771  74.028 0.0000000000
58363  -37.849  -35.777  73.499 0.0000000000
59133  -29.551  -36.781  84.224 0.0000000000
59207  -39.048  -35.667  75.174 0.0000000000
59208  -39.380  -35.557  74.967 0.0000000000
59239  -38.223  -35.693  73.190 0.0000000000
60106  -36.460  -35.428  74.270 0.0000000000
60107  -37.090  -35.516  74.537 0.0000000000
60108  -39.782  -35.159  74.584 0.0000000000
60137  -38.612  -35.014  72.276 0.0000000000
61036  -37.364  -34.691  75.507 0.0000000000
61052  -40.177  -34.489  74.160 0.0000000000
61083  -34.350  -33.645  71.706 0.0000000000
61086  -39.866  -34.202  72.787 0.0000000000
61109  -39.499  -34.084  72.330 0.0000000000
62012  -28.120  -33.138  77.574 0.0000000000
62039  -35.009  -32.449  75.782 0.0000000000
62041  -36.379  -33.823  75.377 0.0000000000
63040  -34.999  -31.844  76.625 0.0000000000
63128  -39.893  -32.981  72.374 0.0000000000
63943  -32.426  -30.874  77.947 0.0000000000
67714  -37.550  -27.007  70.694 0.0000000000
67747  -36.926  -27.971  69.292 0.0000000000
68602  -41.696  -25.880  74.515 0.0000000000
68659  -37.377  -26.715  69.768 0.0000000000
70478  -41.566  -24.270  72.590 0.0000000000
71386  -42.241  -23.188  71.901 0.0000000000
73154  -47.058  -21.252  68.301 0.0000000000
74830  -47.585  -19.366  70.276 0.0000000000
124148  -30.722  -40.978  84.004 0.0000000000
130951  -43.477  -21.903  70.201 0.0000000000
131726  -38.769  -35.358  72.832 0.0000000000
136994  -39.497  -30.038  72.841 0.0000000000
139944  -26.875  -45.638  89.476 0.0000000000
142455  -23.058  -46.770  81.767 0.0000000000
144917  -38.975  -34.956  72.476 0.0000000000
147208  -26.643  -42.351  86.656 0.0000000000
147362  -42.560  -28.953  75.489 0.0000000000
148602  -29.525  -39.040  79.521 0.0000000000
