#!ascii label  , from subject sub-01 vox2ras=TkReg
1881
132883  -31.546  -42.636  92.652 0.0000000000
65776  -46.163  -28.610  77.620 0.0000000000
60966  -34.767  -33.601  84.025 0.0000000000
43115  -6.824  -53.827  83.680 0.0000000000
45000  -18.541  -49.625  91.025 0.0000000000
145773  -10.298  -41.324  89.188 0.0000000000
52157  -4.993  -44.176  95.287 0.0000000000
60993  -42.008  -34.536  79.760 0.0000000000
138541  -4.351  -40.819  83.777 0.0000000000
135612  -2.158  -56.771  90.203 0.0000000000
55343  -32.927  -40.226  85.551 0.0000000000
47740  -25.700  -47.315  89.131 0.0000000000
45002  -25.494  -49.718  91.442 0.0000000000
70424  -48.012  -24.168  77.878 0.0000000000
62948  -38.605  -32.188  82.431 0.0000000000
45022  -13.494  -49.657  88.691 0.0000000000
58224  -4.290  -37.565  89.501 0.0000000000
141214  -7.486  -47.045  85.523 0.0000000000
141763  -8.720  -46.149  81.541 0.0000000000
43165  -6.982  -52.909  79.915 0.0000000000
39435  -6.978  -55.307  94.673 0.0000000000
43018  -4.278  -53.788  94.370 0.0000000000
140354  -32.027  -34.309  87.466 0.0000000000
44960  -24.146  -49.960  94.204 0.0000000000
45039  -20.499  -49.433  88.207 0.0000000000
52181  -7.526  -43.901  92.546 0.0000000000
48607  -4.117  -48.098  87.886 0.0000000000
63017  -43.386  -32.775  78.887 0.0000000000
41267  -9.420  -53.045  94.152 0.0000000000
125042  -11.394  -51.273  91.184 0.0000000000
55334  -7.583  -40.605  85.699 0.0000000000
147176  -3.725  -44.664  80.344 0.0000000000
135544  -4.917  -46.575  96.975 0.0000000000
45897  -3.340  -49.951  90.911 0.0000000000
42188  -3.180  -55.110  86.650 0.0000000000
53220  -32.840  -41.232  91.333 0.0000000000
143469  -30.837  -41.825  90.117 0.0000000000
140910  -31.948  -41.551  89.389 0.0000000000
50305  -29.142  -44.793  91.596 0.0000000000
50321  -27.002  -44.963  89.292 0.0000000000
48581  -28.755  -46.722  92.227 0.0000000000
68581  -47.182  -26.504  77.544 0.0000000000
65791  -43.075  -29.277  75.839 0.0000000000
67670  -44.180  -27.444  75.987 0.0000000000
70451  -45.210  -24.971  76.012 0.0000000000
122946  -36.715  -32.687  83.336 0.0000000000
61950  -32.346  -32.940  83.135 0.0000000000
61972  -33.699  -32.360  82.290 0.0000000000
62980  -35.880  -31.404  80.409 0.0000000000
45979  -7.113  -50.383  84.548 0.0000000000
145088  -8.509  -50.336  82.547 0.0000000000
43127  -7.886  -53.834  82.011 0.0000000000
42261  -5.644  -55.137  80.000 0.0000000000
40518  -7.032  -56.509  81.370 0.0000000000
40376  -6.514  -55.505  92.879 0.0000000000
37595  -5.212  -56.791  93.145 0.0000000000
60886  -31.566  -34.268  89.521 0.0000000000
58256  -33.034  -38.210  87.813 0.0000000000
58279  -32.291  -37.917  84.347 0.0000000000
58242  -30.558  -37.284  88.052 0.0000000000
60012  -29.599  -35.551  87.035 0.0000000000
48547  -27.097  -47.364  94.848 0.0000000000
126579  -22.986  -50.413  86.826 0.0000000000
44031  -22.370  -50.391  88.803 0.0000000000
73098  -46.565  -21.350  75.574 0.0000000000
126556  -47.110  -19.310  75.061 0.0000000000
52176  -6.391  -43.985  93.947 0.0000000000
50299  -6.113  -45.520  90.379 0.0000000000
50278  -4.187  -46.184  91.668 0.0000000000
61003  -43.204  -34.573  79.595 0.0000000000
140358  -39.186  -33.988  77.670 0.0000000000
59173  -40.116  -35.328  77.148 0.0000000000
138991  -41.340  -33.796  76.306 0.0000000000
41247  -10.802  -53.375  96.136 0.0000000000
142415  -11.474  -52.869  95.316 0.0000000000
130721  -9.488  -38.726  90.598 0.0000000000
57268  -7.519  -38.587  88.898 0.0000000000
128539  -9.831  -40.330  86.971 0.0000000000
47828  -5.682  -48.103  79.670 0.0000000000
51295  -6.887  -44.804  80.342 0.0000000000
49549  -3.966  -46.687  79.374 0.0000000000
47654  -6.700  -48.589  97.556 0.0000000000
41268  -2.287  -55.185  92.104 0.0000000000
44964  -3.679  -52.341  92.970 0.0000000000
43058  -2.050  -53.470  90.633 0.0000000000
44025  -2.241  -52.286  88.620 0.0000000000
131775  -2.409  -56.156  88.088 0.0000000000
56292  -33.556  -39.904  88.459 0.0000000000
47696  -28.112  -47.699  95.052 0.0000000000
47707  -28.930  -47.684  94.098 0.0000000000
45921  -25.727  -48.789  90.234 0.0000000000
129388  -47.748  -22.534  77.874 0.0000000000
71355  -45.720  -23.333  75.518 0.0000000000
62985  -40.353  -32.495  80.492 0.0000000000
63000  -37.602  -31.666  79.510 0.0000000000
46855  -17.035  -48.228  89.162 0.0000000000
45917  -16.231  -49.312  90.877 0.0000000000
56310  -4.815  -39.689  86.610 0.0000000000
51223  -9.190  -44.145  87.231 0.0000000000
52269  -9.759  -43.881  85.464 0.0000000000
49494  -8.450  -46.645  84.054 0.0000000000
146038  -8.234  -49.357  80.591 0.0000000000
45123  -5.022  -51.431  79.459 0.0000000000
124658  -7.410  -52.637  97.348 0.0000000000
44936  -6.178  -51.930  96.517 0.0000000000
41250  -4.914  -54.681  95.078 0.0000000000
39443  -3.475  -56.264  93.002 0.0000000000
60934  -33.498  -34.107  85.138 0.0000000000
60948  -30.523  -33.912  84.901 0.0000000000
43972  -20.888  -50.352  92.491 0.0000000000
43977  -24.656  -50.476  92.337 0.0000000000
44002  -21.450  -50.406  90.739 0.0000000000
45023  -19.341  -49.293  89.733 0.0000000000
126194  -9.553  -39.709  92.858 0.0000000000
54239  -9.068  -41.181  94.274 0.0000000000
135672  -9.347  -42.199  90.991 0.0000000000
51209  -7.574  -44.990  88.992 0.0000000000
48609  -5.794  -47.628  87.295 0.0000000000
45967  -4.836  -50.435  85.784 0.0000000000
64843  -44.757  -30.497  78.108 0.0000000000
63059  -41.810  -31.806  75.769 0.0000000000
42113  -8.974  -53.141  97.718 0.0000000000
40373  -8.110  -53.914  94.235 0.0000000000
41274  -7.169  -54.270  91.554 0.0000000000
43999  -14.652  -50.065  91.591 0.0000000000
43967  -13.973  -50.804  93.157 0.0000000000
43031  -12.478  -51.685  94.832 0.0000000000
43035  -9.880  -52.320  92.314 0.0000000000
42161  -8.321  -52.918  90.490 0.0000000000
58212  -5.011  -37.798  90.998 0.0000000000
56281  -5.583  -39.247  88.170 0.0000000000
54324  -5.808  -41.240  85.269 0.0000000000
52297  -8.971  -43.092  82.811 0.0000000000
53325  -6.283  -42.532  82.868 0.0000000000
53323  -3.814  -42.543  82.320 0.0000000000
50230  -4.508  -45.070  95.761 0.0000000000
45860  -5.251  -50.905  95.321 0.0000000000
47698  -3.905  -47.938  93.640 0.0000000000
49414  -3.604  -46.466  93.254 0.0000000000
145354  -2.839  -48.971  89.408 0.0000000000
45048  -3.261  -51.539  87.209 0.0000000000
42209  -4.221  -54.308  85.506 0.0000000000
38556  -2.001  -58.898  87.044 0.0000000000
39555  -2.578  -58.276  85.820 0.0000000000
38627  -6.385  -57.956  83.461 0.0000000000
53211  -32.194  -41.755  91.529 0.0000000000
53200  -31.905  -42.181  92.893 0.0000000000
52194  -31.262  -42.387  91.398 0.0000000000
52206  -31.784  -41.739  90.487 0.0000000000
51171  -30.270  -43.922  91.980 0.0000000000
51188  -29.671  -43.831  91.506 0.0000000000
51149  -31.005  -43.378  93.040 0.0000000000
50292  -30.132  -44.293  92.417 0.0000000000
66725  -46.426  -27.916  77.406 0.0000000000
65781  -44.300  -28.865  76.502 0.0000000000
65792  -43.834  -28.612  76.065 0.0000000000
66731  -45.171  -27.936  76.790 0.0000000000
67661  -45.408  -27.330  76.677 0.0000000000
60978  -35.275  -33.068  83.748 0.0000000000
60969  -37.231  -33.625  84.261 0.0000000000
137193  -36.008  -33.756  84.598 0.0000000000
61951  -33.442  -32.875  82.981 0.0000000000
61952  -34.088  -32.822  83.088 0.0000000000
61953  -34.915  -32.682  83.020 0.0000000000
44072  -6.362  -52.021  84.515 0.0000000000
44080  -7.751  -52.504  83.172 0.0000000000
43116  -7.595  -53.428  83.094 0.0000000000
147693  -7.481  -55.161  81.586 0.0000000000
42223  -7.273  -55.082  82.977 0.0000000000
40390  -6.304  -55.651  91.271 0.0000000000
39473  -5.568  -56.743  91.642 0.0000000000
58220  -31.787  -37.273  90.152 0.0000000000
58243  -31.363  -37.622  88.339 0.0000000000
59094  -30.966  -36.899  89.721 0.0000000000
59994  -30.581  -35.655  89.280 0.0000000000
73930  -47.143  -20.596  76.465 0.0000000000
73937  -46.754  -20.700  75.667 0.0000000000
75674  -47.739  -18.888  77.037 0.0000000000
52175  -5.766  -44.147  94.277 0.0000000000
51150  -5.280  -45.136  93.083 0.0000000000
50262  -4.536  -45.521  93.129 0.0000000000
60994  -42.802  -34.601  79.477 0.0000000000
148559  -43.779  -34.499  80.389 0.0000000000
61001  -40.276  -34.245  78.774 0.0000000000
61015  -39.633  -34.761  77.685 0.0000000000
60063  -40.799  -34.950  78.462 0.0000000000
131382  -41.530  -34.855  78.289 0.0000000000
42124  -11.979  -52.676  96.666 0.0000000000
43013  -12.721  -52.276  95.845 0.0000000000
126948  -19.290  -49.920  92.286 0.0000000000
43985  -18.352  -49.818  92.068 0.0000000000
56326  -4.870  -39.708  84.437 0.0000000000
56270  -10.180  -39.884  89.754 0.0000000000
56269  -9.788  -39.447  89.287 0.0000000000
54293  -10.327  -41.302  88.520 0.0000000000
46982  -4.102  -49.494  79.076 0.0000000000
48682  -4.610  -47.932  79.452 0.0000000000
47841  -3.771  -48.249  78.859 0.0000000000
48518  -7.519  -47.604  97.692 0.0000000000
47655  -7.000  -48.984  97.469 0.0000000000
143810  -1.681  -55.946  91.105 0.0000000000
42150  -1.912  -54.601  91.719 0.0000000000
131963  -1.561  -55.360  89.998 0.0000000000
42166  -1.633  -54.569  89.639 0.0000000000
136308  -2.189  -56.097  89.080 0.0000000000
54278  -33.345  -40.720  89.864 0.0000000000
54299  -33.261  -40.797  88.910 0.0000000000
56275  -33.634  -39.779  89.862 0.0000000000
57279  -33.402  -38.902  89.239 0.0000000000
47732  -27.676  -47.077  90.869 0.0000000000
47717  -27.710  -47.945  91.647 0.0000000000
46856  -25.392  -47.915  89.317 0.0000000000
45042  -24.494  -49.296  87.892 0.0000000000
71329  -47.951  -23.244  77.851 0.0000000000
70436  -46.692  -24.901  76.943 0.0000000000
70452  -45.744  -24.193  76.004 0.0000000000
130166  -46.774  -23.961  76.803 0.0000000000
71343  -46.807  -23.103  76.586 0.0000000000
62967  -39.475  -31.989  81.444 0.0000000000
62950  -41.200  -32.285  82.352 0.0000000000
62929  -39.509  -32.494  83.557 0.0000000000
62964  -36.973  -31.694  81.564 0.0000000000
62999  -36.606  -31.424  79.408 0.0000000000
62982  -37.743  -31.631  80.566 0.0000000000
63002  -39.377  -32.460  79.608 0.0000000000
58235  -3.949  -37.021  88.276 0.0000000000
124610  -4.293  -37.970  87.340 0.0000000000
137906  -4.527  -38.442  88.317 0.0000000000
50333  -7.917  -46.088  86.461 0.0000000000
50338  -8.863  -45.365  85.290 0.0000000000
49486  -8.055  -46.809  84.853 0.0000000000
45114  -8.283  -51.512  80.762 0.0000000000
128833  -8.606  -49.878  81.087 0.0000000000
132241  -8.005  -50.917  80.459 0.0000000000
46034  -6.633  -49.873  79.779 0.0000000000
45124  -6.087  -51.555  79.627 0.0000000000
43164  -5.911  -53.178  79.836 0.0000000000
41238  -7.171  -53.458  96.588 0.0000000000
42117  -6.547  -53.066  96.432 0.0000000000
40352  -5.979  -54.764  95.543 0.0000000000
37605  -4.756  -57.513  92.262 0.0000000000
126631  -4.147  -56.507  93.651 0.0000000000
37603  -3.892  -57.767  92.489 0.0000000000
38493  -2.977  -57.462  91.693 0.0000000000
60933  -32.970  -34.065  86.104 0.0000000000
144978  -30.812  -34.547  87.287 0.0000000000
60931  -30.098  -34.360  85.721 0.0000000000
125880  -31.881  -34.189  86.248 0.0000000000
138321  -32.359  -34.019  85.407 0.0000000000
128716  -23.491  -49.665  94.594 0.0000000000
43944  -21.681  -50.543  93.954 0.0000000000
123101  -22.292  -50.692  92.668 0.0000000000
45885  -27.131  -49.342  93.152 0.0000000000
45881  -26.959  -49.339  93.972 0.0000000000
126918  -24.534  -50.337  91.498 0.0000000000
44041  -21.627  -50.118  88.115 0.0000000000
44030  -21.883  -50.299  89.347 0.0000000000
45025  -20.976  -49.794  88.676 0.0000000000
44014  -20.204  -49.883  90.362 0.0000000000
45038  -19.700  -49.089  88.790 0.0000000000
45944  -19.220  -48.707  88.254 0.0000000000
53193  -7.670  -42.949  93.566 0.0000000000
54259  -8.620  -42.121  93.416 0.0000000000
53204  -9.036  -41.894  92.688 0.0000000000
127692  -8.686  -42.500  92.231 0.0000000000
52213  -8.793  -43.848  89.718 0.0000000000
52196  -7.936  -44.183  90.993 0.0000000000
49460  -4.395  -46.931  89.453 0.0000000000
49469  -5.928  -46.752  88.429 0.0000000000
48608  -4.850  -47.860  87.586 0.0000000000
47768  -4.914  -49.072  85.910 0.0000000000
47755  -4.339  -48.990  86.463 0.0000000000
63945  -44.327  -31.358  78.768 0.0000000000
63938  -45.708  -31.385  79.760 0.0000000000
63937  -44.766  -31.841  79.627 0.0000000000
63029  -42.444  -32.936  77.388 0.0000000000
63041  -41.568  -32.741  75.987 0.0000000000
63030  -42.721  -31.875  77.100 0.0000000000
64848  -43.665  -30.632  77.175 0.0000000000
43908  -10.019  -52.293  97.536 0.0000000000
140286  -9.951  -53.383  94.827 0.0000000000
40364  -9.394  -53.595  95.097 0.0000000000
41261  -8.849  -53.341  94.161 0.0000000000
41265  -7.558  -54.083  93.140 0.0000000000
41271  -7.932  -53.644  93.128 0.0000000000
45927  -14.501  -49.297  89.385 0.0000000000
44998  -15.503  -49.619  91.168 0.0000000000
44997  -14.257  -49.772  90.657 0.0000000000
137614  -12.013  -50.843  90.657 0.0000000000
145798  -13.154  -50.496  91.675 0.0000000000
43982  -12.810  -50.748  92.121 0.0000000000
43039  -13.077  -51.055  93.943 0.0000000000
43050  -12.227  -51.176  92.837 0.0000000000
43029  -11.349  -52.324  94.016 0.0000000000
43048  -10.702  -51.752  91.770 0.0000000000
42169  -8.887  -52.698  89.462 0.0000000000
58201  -5.897  -37.702  91.864 0.0000000000
56301  -7.766  -39.251  87.519 0.0000000000
57267  -6.471  -38.910  88.583 0.0000000000
56312  -7.397  -39.695  86.888 0.0000000000
55321  -5.898  -40.405  86.392 0.0000000000
55333  -6.450  -40.720  85.759 0.0000000000
50353  -9.184  -45.260  83.463 0.0000000000
140863  -9.658  -43.908  84.025 0.0000000000
51259  -8.954  -44.321  81.963 0.0000000000
137854  -4.786  -44.713  80.595 0.0000000000
51276  -6.490  -44.024  80.737 0.0000000000
52333  -4.743  -43.401  81.371 0.0000000000
53324  -4.566  -42.482  82.722 0.0000000000
52332  -3.962  -43.435  81.255 0.0000000000
52330  -2.819  -42.858  80.837 0.0000000000
49387  -4.531  -45.972  96.397 0.0000000000
142874  -5.391  -52.728  95.516 0.0000000000
44950  -5.625  -51.247  96.252 0.0000000000
44956  -4.918  -51.572  94.733 0.0000000000
44976  -3.240  -51.361  91.757 0.0000000000
46815  -4.102  -49.876  93.174 0.0000000000
46818  -3.682  -49.804  92.192 0.0000000000
135789  -3.596  -47.409  93.296 0.0000000000
138847  -3.388  -48.617  91.668 0.0000000000
138933  -3.384  -47.421  91.441 0.0000000000
46831  -2.974  -49.591  90.199 0.0000000000
43089  -2.277  -52.589  87.835 0.0000000000
44050  -2.458  -51.909  87.766 0.0000000000
134734  -3.254  -52.493  87.038 0.0000000000
44069  -4.147  -52.815  85.784 0.0000000000
42198  -3.695  -54.857  85.772 0.0000000000
136538  -1.408  -60.345  86.187 0.0000000000
127878  -1.999  -58.583  86.249 0.0000000000
55274  -33.588  -40.211  91.412 0.0000000000
52240  -30.172  -41.803  88.896 0.0000000000
148275  -31.100  -41.763  88.944 0.0000000000
52224  -31.661  -41.659  89.652 0.0000000000
53227  -32.529  -41.448  90.076 0.0000000000
49461  -27.917  -45.846  90.753 0.0000000000
50314  -28.196  -44.968  90.526 0.0000000000
52222  -28.939  -42.874  89.904 0.0000000000
132687  -28.762  -46.165  91.964 0.0000000000
69540  -46.930  -25.790  77.257 0.0000000000
67668  -42.958  -27.682  75.438 0.0000000000
68592  -43.352  -26.455  75.389 0.0000000000
69562  -43.101  -25.729  75.093 0.0000000000
68593  -44.111  -26.677  75.770 0.0000000000
69539  -46.214  -25.767  76.798 0.0000000000
132603  -37.425  -32.548  83.093 0.0000000000
61957  -38.661  -32.624  83.381 0.0000000000
61955  -37.476  -33.108  83.781 0.0000000000
60954  -37.664  -33.794  84.595 0.0000000000
61949  -31.236  -32.578  82.854 0.0000000000
62947  -32.227  -32.350  82.381 0.0000000000
62977  -32.536  -31.750  81.039 0.0000000000
132816  -33.243  -31.740  80.834 0.0000000000
147750  -34.455  -31.360  80.064 0.0000000000
61987  -34.473  -31.715  80.949 0.0000000000
61975  -36.336  -32.218  82.402 0.0000000000
47783  -7.077  -48.932  84.869 0.0000000000
47784  -7.721  -48.414  84.360 0.0000000000
45990  -7.834  -50.069  83.922 0.0000000000
147635  -8.374  -52.156  82.202 0.0000000000
43142  -8.157  -52.873  80.784 0.0000000000
43151  -6.825  -53.754  80.193 0.0000000000
42263  -7.461  -54.169  80.714 0.0000000000
132605  -6.680  -55.490  80.591 0.0000000000
40371  -6.914  -55.218  93.674 0.0000000000
39439  -6.373  -55.643  94.151 0.0000000000
39458  -5.953  -56.159  93.103 0.0000000000
125527  -31.959  -34.233  88.107 0.0000000000
57301  -33.108  -38.536  86.378 0.0000000000
138848  -33.113  -38.632  84.501 0.0000000000
132305  -32.307  -37.960  86.176 0.0000000000
131783  -31.424  -37.727  86.099 0.0000000000
58270  -30.107  -37.294  85.514 0.0000000000
59100  -29.718  -36.250  87.664 0.0000000000
60902  -30.563  -34.769  87.919 0.0000000000
143332  -25.886  -49.173  94.557 0.0000000000
44033  -23.569  -50.254  88.633 0.0000000000
44019  -23.451  -50.352  89.439 0.0000000000
44043  -22.440  -50.465  87.564 0.0000000000
44054  -21.719  -50.299  87.135 0.0000000000
73944  -46.225  -20.613  74.308 0.0000000000
74793  -46.406  -19.921  73.780 0.0000000000
74794  -46.738  -19.121  73.239 0.0000000000
75710  -48.163  -18.133  73.204 0.0000000000
122797  -6.999  -43.979  93.317 0.0000000000
51161  -7.246  -44.478  91.707 0.0000000000
51160  -6.274  -44.956  92.042 0.0000000000
130656  -4.638  -46.068  91.033 0.0000000000
49459  -3.966  -47.136  89.643 0.0000000000
62009  -43.115  -33.851  78.832 0.0000000000
62002  -44.369  -34.113  80.543 0.0000000000
60083  -38.751  -35.293  76.207 0.0000000000
59196  -39.623  -35.615  75.759 0.0000000000
61037  -40.262  -34.810  75.020 0.0000000000
60085  -40.666  -35.113  76.739 0.0000000000
60074  -41.746  -34.619  77.930 0.0000000000
43003  -10.869  -52.749  97.539 0.0000000000
42123  -11.575  -52.903  97.112 0.0000000000
41257  -11.197  -53.137  95.307 0.0000000000
147818  -10.809  -53.100  94.773 0.0000000000
44026  -11.945  -51.009  88.520 0.0000000000
43060  -10.581  -51.543  90.591 0.0000000000
58213  -8.143  -37.759  91.089 0.0000000000
57236  -7.410  -37.868  90.707 0.0000000000
57237  -8.481  -38.044  90.326 0.0000000000
56284  -9.068  -39.015  88.147 0.0000000000
55324  -9.144  -39.974  86.461 0.0000000000
48670  -7.348  -47.049  80.296 0.0000000000
50395  -7.964  -45.741  80.521 0.0000000000
144077  -6.530  -46.339  80.139 0.0000000000
49537  -4.724  -46.096  80.199 0.0000000000
134129  -4.060  -45.685  80.161 0.0000000000
49380  -8.097  -46.060  98.647 0.0000000000
48517  -6.773  -47.491  97.973 0.0000000000
48520  -5.708  -47.248  97.357 0.0000000000
42137  -3.151  -54.321  93.154 0.0000000000
43936  -4.008  -52.766  93.653 0.0000000000
43027  -2.589  -54.203  92.714 0.0000000000
43964  -2.618  -53.139  91.822 0.0000000000
141977  -2.744  -52.217  90.711 0.0000000000
125993  -2.424  -51.355  89.185 0.0000000000
130507  -2.278  -52.892  89.027 0.0000000000
130967  -2.029  -53.567  88.308 0.0000000000
42187  -2.812  -54.703  87.362 0.0000000000
53275  -32.137  -41.127  86.366 0.0000000000
52252  -31.085  -41.446  88.317 0.0000000000
53262  -32.607  -40.708  87.848 0.0000000000
55326  -33.291  -40.119  87.181 0.0000000000
57291  -33.445  -38.830  88.045 0.0000000000
58234  -33.205  -38.296  89.893 0.0000000000
45890  -27.441  -48.967  92.862 0.0000000000
47713  -28.893  -47.388  93.172 0.0000000000
45908  -27.172  -48.634  91.686 0.0000000000
141062  -25.218  -49.207  90.151 0.0000000000
45041  -24.246  -49.748  88.171 0.0000000000
71365  -44.501  -23.505  74.554 0.0000000000
72238  -46.281  -21.923  75.321 0.0000000000
73091  -47.285  -21.965  77.137 0.0000000000
61991  -40.955  -33.419  79.852 0.0000000000
61980  -43.051  -33.806  81.426 0.0000000000
62969  -41.519  -32.662  81.438 0.0000000000
62997  -34.850  -31.371  79.241 0.0000000000
63016  -38.304  -32.364  78.666 0.0000000000
61999  -39.948  -33.364  79.026 0.0000000000
45918  -17.605  -49.224  90.401 0.0000000000
45906  -17.262  -49.566  90.929 0.0000000000
45929  -16.884  -48.756  90.008 0.0000000000
45928  -15.073  -48.835  89.129 0.0000000000
57311  -4.832  -39.322  86.164 0.0000000000
56318  -4.783  -40.071  85.828 0.0000000000
53243  -9.849  -42.779  88.773 0.0000000000
53256  -10.294  -42.284  87.512 0.0000000000
51229  -9.430  -44.150  86.327 0.0000000000
50346  -9.125  -45.339  84.308 0.0000000000
132646  -8.832  -46.539  82.494 0.0000000000
47795  -8.091  -48.467  83.538 0.0000000000
140904  -8.505  -47.905  81.919 0.0000000000
48661  -8.441  -47.452  81.370 0.0000000000
47829  -6.919  -48.317  79.851 0.0000000000
45840  -6.816  -51.022  97.252 0.0000000000
43913  -6.781  -51.904  97.007 0.0000000000
43007  -5.934  -53.032  95.995 0.0000000000
42130  -4.555  -54.224  94.772 0.0000000000
38450  -5.231  -55.979  94.247 0.0000000000
40366  -4.048  -55.464  94.146 0.0000000000
41254  -3.875  -55.040  94.171 0.0000000000
40369  -3.154  -55.296  92.884 0.0000000000
39471  -2.459  -56.547  91.397 0.0000000000
39497  -2.258  -57.059  90.443 0.0000000000
60951  -34.488  -33.978  84.475 0.0000000000
131100  -35.103  -33.929  85.065 0.0000000000
60935  -34.848  -34.136  85.741 0.0000000000
56353  -31.896  -39.178  83.380 0.0000000000
61907  -29.342  -33.584  83.577 0.0000000000
60964  -33.617  -34.067  84.181 0.0000000000
43957  -20.581  -50.282  93.054 0.0000000000
43986  -19.654  -49.901  91.660 0.0000000000
47695  -27.423  -47.454  94.959 0.0000000000
45876  -26.181  -49.192  94.515 0.0000000000
43947  -24.671  -50.293  93.451 0.0000000000
44005  -23.403  -50.504  90.752 0.0000000000
43052  -23.017  -50.635  91.587 0.0000000000
43040  -22.634  -50.663  92.233 0.0000000000
128526  -21.031  -50.388  91.418 0.0000000000
44000  -19.887  -49.872  91.053 0.0000000000
45013  -18.969  -49.422  90.480 0.0000000000
45931  -18.913  -48.827  89.349 0.0000000000
144999  -49.292  -18.268  72.052 0.0000000000
75743  -50.600  -18.621  71.763 0.0000000000
75744  -51.412  -18.794  71.729 0.0000000000
57225  -9.512  -38.670  91.624 0.0000000000
129438  -9.858  -40.636  91.225 0.0000000000
55260  -9.390  -40.500  93.617 0.0000000000
54265  -9.584  -41.232  91.963 0.0000000000
54284  -9.803  -41.934  90.254 0.0000000000
52214  -9.329  -43.345  89.237 0.0000000000
51210  -8.318  -44.599  88.477 0.0000000000
49475  -7.256  -46.624  87.105 0.0000000000
50313  -6.739  -45.415  89.590 0.0000000000
49474  -6.319  -47.032  87.612 0.0000000000
48618  -6.758  -47.492  86.087 0.0000000000
47769  -5.748  -48.644  85.843 0.0000000000
45978  -6.290  -50.732  85.067 0.0000000000
140222  -5.710  -52.060  84.953 0.0000000000
65769  -45.865  -29.350  77.993 0.0000000000
61053  -40.562  -33.986  74.618 0.0000000000
123672  -40.936  -32.799  74.517 0.0000000000
63995  -41.171  -31.485  74.692 0.0000000000
63981  -42.843  -30.473  76.173 0.0000000000
64849  -44.267  -30.007  77.241 0.0000000000
42994  -8.096  -52.949  97.878 0.0000000000
41240  -8.214  -53.574  96.807 0.0000000000
42121  -10.046  -53.188  97.343 0.0000000000
40355  -8.816  -53.779  95.853 0.0000000000
40362  -7.809  -54.403  94.873 0.0000000000
41269  -6.871  -55.029  91.897 0.0000000000
44986  -16.810  -49.673  91.388 0.0000000000
43983  -16.849  -49.854  91.960 0.0000000000
130569  -15.675  -50.461  93.077 0.0000000000
43998  -13.475  -50.286  91.088 0.0000000000
43968  -14.994  -50.408  92.498 0.0000000000
43952  -15.045  -50.816  93.851 0.0000000000
43033  -14.207  -51.315  94.578 0.0000000000
43032  -12.959  -51.593  94.895 0.0000000000
43019  -12.645  -52.014  95.389 0.0000000000
42140  -11.820  -52.194  94.939 0.0000000000
130370  -10.662  -52.703  94.193 0.0000000000
146763  -9.970  -52.783  94.049 0.0000000000
43059  -9.846  -51.991  91.086 0.0000000000
42153  -9.071  -52.475  91.399 0.0000000000
129658  -8.562  -53.016  92.926 0.0000000000
42160  -7.533  -53.444  91.069 0.0000000000
58211  -4.570  -37.557  90.389 0.0000000000
57235  -6.406  -38.219  90.355 0.0000000000
147825  -5.877  -38.435  89.701 0.0000000000
57266  -5.034  -38.784  88.661 0.0000000000
56299  -5.183  -39.583  87.409 0.0000000000
55320  -4.938  -40.208  86.260 0.0000000000
54337  -4.782  -41.201  84.610 0.0000000000
53274  -10.130  -41.731  86.156 0.0000000000
54327  -9.749  -41.540  85.554 0.0000000000
54340  -8.743  -41.525  84.650 0.0000000000
52336  -8.262  -43.935  81.315 0.0000000000
53327  -8.133  -42.701  82.523 0.0000000000
54351  -7.008  -41.684  84.211 0.0000000000
54350  -5.843  -41.862  84.099 0.0000000000
53300  -4.588  -42.064  83.441 0.0000000000
54347  -3.674  -41.651  82.951 0.0000000000
53321  -3.079  -42.134  82.240 0.0000000000
131808  -6.268  -50.718  96.883 0.0000000000
46789  -5.651  -49.875  96.406 0.0000000000
141578  -4.859  -48.135  95.804 0.0000000000
45869  -4.429  -51.256  93.895 0.0000000000
45880  -4.413  -49.672  93.813 0.0000000000
48535  -4.331  -47.212  95.196 0.0000000000
132847  -4.021  -46.480  94.551 0.0000000000
49402  -3.900  -45.830  94.305 0.0000000000
50250  -3.754  -45.873  93.729 0.0000000000
49431  -3.637  -46.594  92.589 0.0000000000
49458  -3.540  -47.294  90.278 0.0000000000
48605  -3.311  -48.620  88.532 0.0000000000
45915  -2.422  -50.423  88.805 0.0000000000
141149  -2.767  -50.303  88.116 0.0000000000
46878  -3.568  -49.862  87.107 0.0000000000
45062  -4.065  -51.382  86.067 0.0000000000
44070  -4.501  -52.086  85.614 0.0000000000
123673  -5.480  -54.107  84.743 0.0000000000
38524  -2.498  -58.319  89.370 0.0000000000
38541  -2.310  -59.207  88.011 0.0000000000
39517  -2.422  -57.769  88.861 0.0000000000
39526  -2.464  -57.583  87.789 0.0000000000
141976  -2.485  -57.132  86.446 0.0000000000
40468  -2.898  -56.577  86.026 0.0000000000
39569  -2.994  -58.514  85.494 0.0000000000
40469  -3.277  -56.464  85.799 0.0000000000
135996  -4.505  -56.152  85.226 0.0000000000
41349  -5.640  -55.875  84.427 0.0000000000
41363  -6.312  -55.813  83.854 0.0000000000
140239  -7.061  -56.628  82.404 0.0000000000
39597  -6.414  -58.067  81.260 0.0000000000
52186  -31.681  -42.353  91.957 0.0000000000
52187  -32.078  -42.018  92.246 0.0000000000
51173  -31.292  -42.583  91.810 0.0000000000
52195  -31.759  -41.911  91.145 0.0000000000
51157  -31.105  -43.015  92.395 0.0000000000
51172  -30.722  -43.297  92.097 0.0000000000
52179  -31.321  -42.831  93.283 0.0000000000
66726  -47.177  -27.625  77.923 0.0000000000
66719  -46.961  -28.297  78.111 0.0000000000
65775  -45.366  -28.872  77.311 0.0000000000
65782  -44.916  -28.515  76.864 0.0000000000
66724  -45.653  -28.220  77.116 0.0000000000
66732  -45.928  -27.632  76.989 0.0000000000
60967  -35.638  -33.492  84.280 0.0000000000
134896  -35.304  -33.791  84.598 0.0000000000
134763  -34.041  -33.872  83.775 0.0000000000
137706  -34.174  -33.384  83.639 0.0000000000
60977  -34.601  -33.078  83.580 0.0000000000
44079  -6.813  -52.829  83.964 0.0000000000
42224  -7.453  -54.283  82.935 0.0000000000
146094  -6.904  -54.543  83.513 0.0000000000
128212  -5.934  -56.377  90.630 0.0000000000
147577  -4.975  -44.269  94.806 0.0000000000
51139  -5.133  -44.511  94.299 0.0000000000
141845  -4.687  -45.006  93.920 0.0000000000
136772  -42.951  -34.650  80.217 0.0000000000
60985  -42.613  -34.381  80.455 0.0000000000
60992  -41.309  -34.357  79.445 0.0000000000
60054  -40.780  -34.628  78.896 0.0000000000
60055  -41.551  -34.718  79.017 0.0000000000
60050  -41.956  -34.666  79.267 0.0000000000
43006  -13.239  -51.803  96.969 0.0000000000
43010  -13.455  -52.007  96.187 0.0000000000
129569  -18.870  -49.781  91.752 0.0000000000
44988  -18.196  -49.725  91.515 0.0000000000
56325  -4.538  -40.371  84.126 0.0000000000
56338  -4.600  -39.791  83.592 0.0000000000
143833  -10.222  -40.532  89.934 0.0000000000
55286  -10.310  -40.600  89.228 0.0000000000
47842  -4.232  -48.668  79.144 0.0000000000
46773  -7.113  -49.854  97.276 0.0000000000
141602  -1.837  -56.410  90.750 0.0000000000
41279  -1.567  -55.726  90.648 0.0000000000
123019  -1.902  -56.091  90.006 0.0000000000
40415  -2.213  -56.864  89.500 0.0000000000
56266  -33.762  -39.781  90.627 0.0000000000
55281  -33.523  -40.269  89.884 0.0000000000
124093  -33.917  -39.159  90.682 0.0000000000
48593  -27.177  -46.814  90.138 0.0000000000
127988  -27.020  -47.390  90.331 0.0000000000
47741  -26.566  -47.106  89.627 0.0000000000
141812  -46.303  -24.326  76.469 0.0000000000
70437  -47.248  -24.320  77.285 0.0000000000
71344  -47.356  -23.570  77.267 0.0000000000
62966  -38.579  -31.899  81.467 0.0000000000
62949  -39.459  -32.189  82.561 0.0000000000
62965  -37.807  -31.825  81.535 0.0000000000
62983  -38.602  -31.881  80.510 0.0000000000
59086  -4.047  -36.381  89.384 0.0000000000
58223  -3.858  -37.030  89.097 0.0000000000
138669  -4.187  -37.874  87.960 0.0000000000
58236  -4.209  -37.685  88.694 0.0000000000
49480  -8.028  -46.230  85.517 0.0000000000
48632  -7.735  -47.637  85.048 0.0000000000
44104  -8.139  -52.174  80.599 0.0000000000
45113  -7.705  -51.601  80.178 0.0000000000
146465  -6.975  -51.312  79.746 0.0000000000
45125  -7.027  -52.070  79.811 0.0000000000
146061  -5.593  -52.594  79.732 0.0000000000
44114  -6.222  -52.408  79.742 0.0000000000
136331  -7.286  -54.421  95.615 0.0000000000
41245  -6.605  -54.014  95.940 0.0000000000
40353  -6.678  -54.627  95.668 0.0000000000
37604  -4.339  -57.643  92.586 0.0000000000
60916  -32.462  -34.293  86.892 0.0000000000
60917  -33.480  -34.149  86.864 0.0000000000
60904  -32.818  -34.080  87.680 0.0000000000
127403  -32.182  -40.708  84.938 0.0000000000
123690  -30.718  -34.453  86.508 0.0000000000
46809  -25.045  -49.052  94.572 0.0000000000
44959  -23.086  -50.254  94.269 0.0000000000
43945  -23.210  -50.537  93.695 0.0000000000
143678  -26.002  -49.852  92.049 0.0000000000
44990  -26.076  -49.892  92.454 0.0000000000
43992  -25.365  -50.203  91.868 0.0000000000
45040  -21.213  -49.828  87.682 0.0000000000
45024  -20.159  -49.496  89.229 0.0000000000
45050  -19.951  -49.126  87.630 0.0000000000
53194  -8.105  -42.532  93.843 0.0000000000
53203  -8.267  -42.626  93.007 0.0000000000
52182  -8.176  -43.111  92.334 0.0000000000
52188  -8.131  -43.724  91.659 0.0000000000
49467  -4.177  -47.379  89.033 0.0000000000
49472  -4.480  -47.618  88.345 0.0000000000
48615  -4.443  -48.422  87.097 0.0000000000
145626  -3.999  -48.905  86.993 0.0000000000
63944  -43.595  -31.854  78.464 0.0000000000
63018  -43.937  -32.341  79.297 0.0000000000
139328  -42.957  -32.578  78.099 0.0000000000
63952  -43.347  -31.439  77.545 0.0000000000
41262  -9.778  -53.140  94.430 0.0000000000
41266  -8.309  -53.582  93.825 0.0000000000
42143  -8.717  -53.221  93.745 0.0000000000
45011  -15.009  -49.420  90.318 0.0000000000
45010  -13.854  -49.684  89.629 0.0000000000
43981  -12.137  -51.049  91.718 0.0000000000
43049  -11.518  -51.500  92.375 0.0000000000
55323  -8.121  -39.954  86.247 0.0000000000
55322  -6.939  -40.257  86.340 0.0000000000
50365  -9.133  -45.104  82.704 0.0000000000
51260  -9.265  -44.500  82.961 0.0000000000
50364  -8.933  -45.467  81.951 0.0000000000
51275  -5.295  -44.020  80.841 0.0000000000
51274  -4.204  -44.187  80.775 0.0000000000
52344  -3.613  -43.995  80.635 0.0000000000
49383  -5.479  -46.178  97.742 0.0000000000
43919  -4.811  -53.216  95.027 0.0000000000
43927  -4.941  -52.356  94.923 0.0000000000
43926  -4.446  -53.071  94.336 0.0000000000
45888  -3.473  -50.372  91.625 0.0000000000
46823  -3.461  -49.420  91.615 0.0000000000
47708  -3.559  -48.837  92.222 0.0000000000
46832  -3.139  -49.004  91.049 0.0000000000
133255  -3.096  -54.038  87.018 0.0000000000
43090  -2.833  -53.017  87.290 0.0000000000
43097  -3.416  -53.378  86.645 0.0000000000
42197  -3.430  -54.459  86.269 0.0000000000
138957  -1.549  -61.428  85.681 0.0000000000
36730  -1.570  -60.607  85.655 0.0000000000
129548  -33.272  -40.627  91.587 0.0000000000
52223  -29.922  -42.133  89.951 0.0000000000
123340  -30.943  -41.675  89.147 0.0000000000
53219  -32.361  -41.539  90.748 0.0000000000
52207  -32.148  -41.589  90.240 0.0000000000
126699  -32.870  -41.283  90.604 0.0000000000
54271  -33.311  -40.861  90.957 0.0000000000
49462  -28.568  -45.282  91.254 0.0000000000
52204  -30.214  -42.603  90.892 0.0000000000
51187  -29.263  -43.266  90.704 0.0000000000
50291  -29.634  -44.742  92.095 0.0000000000
147125  -29.405  -45.379  92.292 0.0000000000
124473  -29.019  -45.497  91.900 0.0000000000
49453  -28.450  -46.001  91.477 0.0000000000
132319  -47.647  -25.798  77.814 0.0000000000
68582  -47.981  -26.487  78.265 0.0000000000
64870  -42.538  -30.120  75.797 0.0000000000
64881  -42.227  -29.704  75.495 0.0000000000
66741  -44.184  -28.027  76.165 0.0000000000
66740  -43.116  -28.463  75.629 0.0000000000
68604  -42.827  -26.903  75.309 0.0000000000
67669  -43.533  -27.203  75.608 0.0000000000
68594  -44.814  -26.966  76.285 0.0000000000
67662  -46.056  -27.080  76.902 0.0000000000
68587  -45.635  -26.510  76.604 0.0000000000
68588  -46.451  -26.517  77.067 0.0000000000
60953  -36.750  -33.826  84.684 0.0000000000
61971  -33.080  -32.376  82.358 0.0000000000
62963  -33.180  -31.963  81.664 0.0000000000
61986  -33.790  -31.922  81.416 0.0000000000
61973  -34.515  -32.255  82.052 0.0000000000
61954  -35.776  -32.648  83.173 0.0000000000
61974  -35.462  -32.287  82.229 0.0000000000
46907  -7.372  -49.427  84.414 0.0000000000
45078  -7.606  -51.008  84.008 0.0000000000
126656  -8.117  -53.024  82.384 0.0000000000
45096  -8.002  -51.583  83.232 0.0000000000
44096  -8.293  -53.005  81.511 0.0000000000
44097  -8.419  -52.220  81.158 0.0000000000
43141  -8.069  -53.691  81.036 0.0000000000
41385  -7.255  -55.792  81.306 0.0000000000
139682  -6.743  -56.148  80.789 0.0000000000
39606  -6.338  -56.706  80.712 0.0000000000
144693  -6.668  -55.379  93.293 0.0000000000
39459  -6.418  -55.650  93.420 0.0000000000
137809  -6.192  -55.902  92.945 0.0000000000
143433  -31.162  -34.501  88.615 0.0000000000
129634  -33.324  -38.547  87.231 0.0000000000
58266  -32.776  -38.120  86.908 0.0000000000
58254  -31.137  -37.644  87.525 0.0000000000
58264  -30.869  -37.574  86.788 0.0000000000
137378  -30.490  -37.470  86.121 0.0000000000
142330  -30.140  -37.309  86.724 0.0000000000
58252  -29.731  -36.873  87.100 0.0000000000
59109  -30.022  -36.898  87.725 0.0000000000
60885  -30.918  -34.863  89.435 0.0000000000
60894  -30.510  -35.196  88.620 0.0000000000
48546  -26.164  -47.942  94.601 0.0000000000
130626  -26.080  -48.384  94.598 0.0000000000
44045  -23.666  -50.177  87.919 0.0000000000
44044  -23.225  -50.347  88.049 0.0000000000
125531  -22.865  -50.448  87.479 0.0000000000
73108  -46.217  -21.242  74.799 0.0000000000
73116  -45.813  -21.093  74.032 0.0000000000
74778  -47.023  -19.921  75.779 0.0000000000
144458  -46.597  -20.090  74.854 0.0000000000
74786  -46.918  -19.380  74.174 0.0000000000
143287  -47.354  -18.821  74.442 0.0000000000
75697  -47.659  -18.525  75.082 0.0000000000
141104  -6.348  -44.316  93.326 0.0000000000
52180  -6.729  -44.413  92.695 0.0000000000
51158  -4.898  -45.534  92.643 0.0000000000
51159  -5.486  -45.301  92.361 0.0000000000
50297  -4.333  -46.573  90.136 0.0000000000
50296  -3.945  -46.477  90.859 0.0000000000
62001  -43.423  -34.411  79.563 0.0000000000
147192  -43.943  -34.141  79.958 0.0000000000
61004  -43.720  -34.514  80.108 0.0000000000
61014  -38.906  -34.358  77.049 0.0000000000
60071  -39.757  -35.191  77.242 0.0000000000
60070  -39.215  -34.991  76.851 0.0000000000
59183  -39.479  -35.406  76.508 0.0000000000
59184  -39.907  -35.510  76.394 0.0000000000
60084  -40.159  -35.476  76.274 0.0000000000
59174  -40.448  -35.298  76.998 0.0000000000
61002  -42.719  -34.557  79.150 0.0000000000
60065  -42.143  -34.627  78.673 0.0000000000
61009  -42.502  -34.394  78.602 0.0000000000
43909  -11.985  -52.035  97.644 0.0000000000
42129  -11.994  -52.590  96.104 0.0000000000
42132  -11.598  -52.853  95.761 0.0000000000
42136  -11.241  -53.105  95.028 0.0000000000
43070  -11.286  -51.306  88.975 0.0000000000
125983  -8.928  -38.046  91.240 0.0000000000
145814  -9.153  -38.775  89.624 0.0000000000
56285  -9.763  -39.582  88.402 0.0000000000
57270  -9.297  -39.129  88.874 0.0000000000
56303  -9.326  -39.597  87.424 0.0000000000
48669  -6.349  -47.354  79.903 0.0000000000
139674  -4.283  -47.112  79.454 0.0000000000
48668  -5.033  -47.254  79.690 0.0000000000
49536  -4.331  -46.416  79.829 0.0000000000
48680  -3.766  -47.335  78.985 0.0000000000
133408  -7.097  -48.032  97.716 0.0000000000
143188  -7.280  -47.080  98.153 0.0000000000
47653  -6.284  -47.970  97.575 0.0000000000
42141  -2.727  -54.384  92.768 0.0000000000
42142  -2.864  -54.259  92.891 0.0000000000
42145  -2.363  -54.621  92.503 0.0000000000
130533  -1.742  -54.337  91.013 0.0000000000
43047  -2.218  -53.821  91.597 0.0000000000
43980  -2.474  -52.945  91.093 0.0000000000
146253  -2.798  -52.532  91.403 0.0000000000
43996  -2.373  -52.643  90.179 0.0000000000
131446  -2.135  -53.171  89.679 0.0000000000
41293  -2.137  -55.225  88.498 0.0000000000
42173  -1.916  -54.191  88.805 0.0000000000
42180  -2.228  -54.394  88.041 0.0000000000
41305  -2.553  -55.416  87.647 0.0000000000
52276  -30.995  -41.311  85.712 0.0000000000
137090  -31.468  -41.330  86.425 0.0000000000
125094  -31.496  -41.589  89.223 0.0000000000
52251  -30.962  -41.557  88.460 0.0000000000
52243  -31.658  -41.475  88.844 0.0000000000
55302  -33.417  -40.376  88.726 0.0000000000
54310  -33.107  -40.557  88.359 0.0000000000
55314  -33.359  -40.156  88.015 0.0000000000
54317  -32.987  -40.415  87.540 0.0000000000
56305  -33.510  -39.706  87.583 0.0000000000
57292  -33.577  -39.424  87.945 0.0000000000
49476  -26.433  -45.465  88.800 0.0000000000
47706  -28.687  -47.899  94.277 0.0000000000
46817  -28.303  -48.461  93.987 0.0000000000
46821  -28.228  -48.385  93.553 0.0000000000
49442  -29.621  -46.157  93.035 0.0000000000
48577  -29.140  -46.813  92.799 0.0000000000
46849  -26.802  -47.964  90.569 0.0000000000
46841  -27.284  -48.216  91.334 0.0000000000
46840  -26.581  -48.529  90.917 0.0000000000
146501  -26.199  -48.860  90.948 0.0000000000
45016  -24.655  -49.474  89.649 0.0000000000
45027  -24.495  -49.355  88.759 0.0000000000
45053  -23.782  -49.750  86.775 0.0000000000
73080  -47.589  -21.775  78.048 0.0000000000
69550  -43.882  -25.831  75.481 0.0000000000
69563  -43.579  -25.021  75.079 0.0000000000
127292  -44.402  -25.024  75.499 0.0000000000
70467  -44.973  -24.039  75.342 0.0000000000
71366  -45.205  -23.079  74.765 0.0000000000
72237  -45.783  -22.478  75.011 0.0000000000
72229  -46.286  -22.734  75.818 0.0000000000
72223  -47.328  -22.743  77.165 0.0000000000
72222  -46.773  -22.141  76.289 0.0000000000
61978  -41.281  -32.950  80.644 0.0000000000
62930  -40.540  -32.337  83.493 0.0000000000
62931  -41.726  -32.334  83.111 0.0000000000
61931  -38.663  -33.037  84.216 0.0000000000
62979  -35.085  -31.421  80.244 0.0000000000
63015  -37.319  -31.977  78.460 0.0000000000
62984  -39.440  -32.141  80.439 0.0000000000
61990  -40.184  -32.860  79.650 0.0000000000
46854  -15.700  -48.310  88.805 0.0000000000
58257  -4.388  -37.141  87.235 0.0000000000
57299  -4.650  -38.796  86.884 0.0000000000
147647  -9.464  -43.589  87.676 0.0000000000
49487  -8.465  -46.010  84.609 0.0000000000
50345  -8.859  -45.942  83.813 0.0000000000
49499  -8.778  -46.473  83.367 0.0000000000
46918  -7.930  -49.159  83.705 0.0000000000
46929  -8.387  -48.929  82.925 0.0000000000
47805  -8.521  -48.585  82.014 0.0000000000
46962  -8.599  -49.001  81.145 0.0000000000
47816  -8.505  -48.162  81.159 0.0000000000
47830  -7.993  -48.499  80.403 0.0000000000
46961  -7.416  -49.297  80.083 0.0000000000
130190  -5.433  -50.919  79.492 0.0000000000
145375  -5.909  -50.068  79.685 0.0000000000
42274  -5.856  -54.156  79.947 0.0000000000
42273  -4.873  -54.461  79.754 0.0000000000
44925  -7.210  -51.789  97.270 0.0000000000
43904  -7.056  -52.237  97.142 0.0000000000
42126  -6.115  -53.536  95.933 0.0000000000
42116  -6.097  -53.099  96.082 0.0000000000
42125  -5.605  -53.597  95.634 0.0000000000
42131  -5.116  -53.713  95.341 0.0000000000
41242  -4.935  -54.246  95.179 0.0000000000
38451  -5.750  -55.930  94.090 0.0000000000
38459  -5.296  -56.332  93.691 0.0000000000
38471  -3.847  -56.938  93.335 0.0000000000
39438  -4.158  -56.088  93.970 0.0000000000
39436  -3.661  -56.011  93.428 0.0000000000
40365  -3.729  -55.478  93.788 0.0000000000
40370  -3.447  -55.629  93.189 0.0000000000
40375  -3.307  -55.979  92.679 0.0000000000
39472  -2.941  -56.871  91.888 0.0000000000
38492  -2.563  -57.182  91.238 0.0000000000
39486  -2.142  -56.813  90.961 0.0000000000
147664  -34.089  -34.142  84.659 0.0000000000
128563  -34.421  -34.105  85.170 0.0000000000
57313  -32.847  -38.073  84.795 0.0000000000
144609  -32.933  -38.684  83.939 0.0000000000
57341  -32.351  -38.611  83.719 0.0000000000
127870  -29.592  -34.423  85.087 0.0000000000
60947  -29.479  -34.082  84.402 0.0000000000
61908  -30.331  -33.356  84.100 0.0000000000
60950  -32.801  -33.976  84.614 0.0000000000
124660  -21.159  -50.435  92.758 0.0000000000
43958  -21.104  -50.426  93.210 0.0000000000
43971  -20.072  -50.086  92.724 0.0000000000
43987  -20.425  -50.205  92.013 0.0000000000
44973  -26.022  -49.968  93.337 0.0000000000
44963  -26.390  -49.510  94.203 0.0000000000
44969  -25.961  -49.934  93.915 0.0000000000
44962  -25.803  -49.675  94.300 0.0000000000
43962  -24.704  -50.354  92.880 0.0000000000
143891  -22.753  -50.403  89.022 0.0000000000
122913  -23.300  -50.452  90.109 0.0000000000
44018  -23.006  -50.463  89.592 0.0000000000
44016  -21.847  -50.290  90.107 0.0000000000
44003  -22.185  -50.510  90.630 0.0000000000
43062  -22.529  -50.608  91.282 0.0000000000
43041  -22.967  -50.666  91.946 0.0000000000
133293  -21.795  -50.569  91.339 0.0000000000
43989  -22.068  -50.626  91.776 0.0000000000
45014  -19.759  -49.646  90.040 0.0000000000
45001  -19.384  -49.625  90.702 0.0000000000
45919  -18.508  -49.193  90.145 0.0000000000
46868  -18.731  -48.207  87.715 0.0000000000
45943  -18.359  -48.290  88.857 0.0000000000
75723  -48.436  -18.259  72.330 0.0000000000
76612  -48.765  -17.785  73.629 0.0000000000
75725  -50.943  -18.318  72.317 0.0000000000
145511  -9.549  -39.045  93.177 0.0000000000
140573  -9.694  -39.326  92.055 0.0000000000
55270  -9.864  -39.557  91.212 0.0000000000
55265  -9.705  -40.224  92.031 0.0000000000
55249  -8.968  -40.912  95.168 0.0000000000
53213  -9.229  -42.037  91.730 0.0000000000
54272  -9.640  -41.507  91.093 0.0000000000
53233  -9.644  -42.693  89.673 0.0000000000
52198  -9.199  -43.264  89.977 0.0000000000
51197  -8.243  -44.446  89.334 0.0000000000
51221  -7.682  -45.289  88.178 0.0000000000
50326  -7.821  -45.741  87.340 0.0000000000
51175  -6.529  -44.989  91.030 0.0000000000
51195  -6.860  -45.102  90.279 0.0000000000
131469  -5.834  -46.013  89.736 0.0000000000
49478  -6.629  -47.253  86.785 0.0000000000
48617  -6.165  -47.780  86.696 0.0000000000
130213  -6.580  -48.161  85.736 0.0000000000
48624  -5.983  -48.144  86.312 0.0000000000
46894  -5.048  -49.720  85.772 0.0000000000
46905  -5.679  -50.201  85.545 0.0000000000
45977  -5.427  -51.045  85.423 0.0000000000
131370  -5.958  -51.502  84.999 0.0000000000
45076  -5.226  -51.741  85.324 0.0000000000
64850  -45.065  -29.638  77.630 0.0000000000
64845  -46.441  -29.861  78.786 0.0000000000
64844  -45.552  -30.127  78.437 0.0000000000
60936  -35.541  -33.905  85.412 0.0000000000
61038  -40.597  -34.467  75.433 0.0000000000
138924  -40.896  -33.879  75.408 0.0000000000
63042  -42.161  -32.311  76.540 0.0000000000
63058  -41.283  -32.313  75.178 0.0000000000
63075  -41.029  -32.152  74.534 0.0000000000
63979  -41.468  -31.518  75.163 0.0000000000
63980  -42.151  -30.957  75.698 0.0000000000
63953  -44.014  -30.957  77.846 0.0000000000
43002  -8.767  -52.837  97.907 0.0000000000
42995  -8.624  -53.017  97.947 0.0000000000
41235  -8.036  -53.270  97.368 0.0000000000
41236  -8.659  -53.291  97.370 0.0000000000
42122  -11.028  -53.046  97.461 0.0000000000
42115  -10.415  -53.004  97.528 0.0000000000
142116  -10.311  -53.377  96.786 0.0000000000
41255  -9.070  -53.425  94.506 0.0000000000
40356  -9.319  -53.648  95.477 0.0000000000
40368  -8.405  -53.825  94.607 0.0000000000
40367  -7.649  -54.418  94.300 0.0000000000
40372  -7.379  -54.623  93.943 0.0000000000
41270  -7.308  -54.313  92.511 0.0000000000
40382  -6.932  -54.980  92.749 0.0000000000
41273  -6.595  -54.914  90.883 0.0000000000
44985  -15.868  -50.014  91.814 0.0000000000
123000  -16.096  -50.203  92.404 0.0000000000
44013  -13.222  -50.047  89.945 0.0000000000
124074  -13.717  -50.473  92.188 0.0000000000
140562  -14.768  -50.683  93.315 0.0000000000
43951  -14.065  -51.006  93.966 0.0000000000
148049  -13.384  -51.345  94.557 0.0000000000
123647  -13.067  -51.736  95.164 0.0000000000
43024  -12.429  -51.887  95.137 0.0000000000
43036  -10.868  -52.143  93.143 0.0000000000
42147  -10.054  -52.592  93.542 0.0000000000
43068  -9.760  -51.982  90.005 0.0000000000
42162  -9.199  -52.423  90.473 0.0000000000
126882  -8.966  -52.549  92.323 0.0000000000
42152  -8.228  -52.845  91.752 0.0000000000
57221  -5.120  -37.609  91.689 0.0000000000
58200  -4.618  -37.314  91.322 0.0000000000
59074  -4.304  -36.838  90.767 0.0000000000
57250  -7.436  -38.193  89.840 0.0000000000
143096  -6.337  -39.371  88.013 0.0000000000
133019  -5.782  -38.724  88.978 0.0000000000
57248  -5.229  -38.399  89.420 0.0000000000
56280  -4.849  -39.111  87.936 0.0000000000
55332  -5.431  -40.653  85.782 0.0000000000
147879  -5.303  -40.346  86.358 0.0000000000
55331  -4.850  -40.649  85.312 0.0000000000
143507  -5.118  -41.151  85.196 0.0000000000
52258  -9.937  -43.404  86.046 0.0000000000
135585  -10.361  -42.001  86.869 0.0000000000
53273  -10.014  -43.051  85.415 0.0000000000
53304  -9.512  -42.998  83.743 0.0000000000
53284  -9.749  -42.581  84.671 0.0000000000
53283  -9.151  -42.053  84.098 0.0000000000
134841  -9.182  -41.148  85.279 0.0000000000
50394  -7.206  -45.592  80.251 0.0000000000
51296  -7.861  -45.062  80.504 0.0000000000
51277  -7.614  -44.254  80.741 0.0000000000
52319  -7.103  -42.809  82.091 0.0000000000
53326  -7.327  -42.431  82.982 0.0000000000
53302  -7.502  -41.996  83.547 0.0000000000
134096  -6.544  -42.162  83.537 0.0000000000
53299  -3.962  -42.138  82.966 0.0000000000
54348  -4.177  -41.612  83.389 0.0000000000
54359  -3.264  -41.666  82.551 0.0000000000
53322  -3.481  -42.155  82.545 0.0000000000
144633  -4.779  -44.675  96.042 0.0000000000
44937  -6.516  -51.681  96.847 0.0000000000
45839  -6.489  -51.171  96.956 0.0000000000
45848  -5.986  -50.786  96.681 0.0000000000
45861  -5.420  -50.320  95.950 0.0000000000
47667  -5.390  -48.908  96.586 0.0000000000
46788  -5.198  -49.267  95.835 0.0000000000
44965  -4.180  -51.804  93.371 0.0000000000
128680  -3.989  -48.939  93.408 0.0000000000
47699  -4.304  -48.641  94.081 0.0000000000
47681  -4.613  -48.289  94.862 0.0000000000
48534  -4.115  -47.530  94.320 0.0000000000
48568  -3.518  -47.048  92.854 0.0000000000
137021  -3.622  -46.439  94.059 0.0000000000
123628  -3.651  -46.130  93.675 0.0000000000
50243  -3.970  -45.610  94.219 0.0000000000
131596  -3.699  -46.267  93.198 0.0000000000
50261  -4.052  -45.957  92.922 0.0000000000
49430  -3.588  -46.694  92.762 0.0000000000
47723  -3.126  -48.582  89.988 0.0000000000
49450  -3.385  -47.248  91.036 0.0000000000
48587  -3.365  -47.892  90.219 0.0000000000
48592  -3.522  -47.859  89.574 0.0000000000
47739  -2.889  -48.954  88.933 0.0000000000
124322  -2.327  -51.601  88.725 0.0000000000
140980  -2.350  -51.077  88.941 0.0000000000
126393  -2.282  -51.673  88.419 0.0000000000
45047  -2.749  -51.495  87.658 0.0000000000
45953  -2.696  -50.962  87.922 0.0000000000
45954  -3.114  -51.044  87.423 0.0000000000
46877  -3.099  -50.333  87.653 0.0000000000
45955  -3.507  -50.571  87.002 0.0000000000
46892  -3.842  -50.143  86.496 0.0000000000
45061  -3.677  -51.498  86.609 0.0000000000
43103  -4.270  -53.468  85.559 0.0000000000
128752  -4.598  -52.923  85.305 0.0000000000
140072  -5.228  -53.196  84.839 0.0000000000
43104  -4.768  -53.777  85.223 0.0000000000
37646  -2.502  -59.313  88.845 0.0000000000
36716  -1.641  -60.185  86.874 0.0000000000
37676  -1.941  -59.706  87.331 0.0000000000
133481  -2.466  -58.409  87.878 0.0000000000
134212  -2.163  -58.092  86.943 0.0000000000
39554  -2.344  -58.311  85.990 0.0000000000
39540  -2.352  -57.850  86.364 0.0000000000
40467  -2.628  -57.470  86.074 0.0000000000
40455  -2.687  -56.558  86.362 0.0000000000
39570  -3.411  -57.134  85.556 0.0000000000
40480  -3.869  -56.322  85.537 0.0000000000
40481  -4.230  -57.028  85.223 0.0000000000
40482  -5.190  -56.510  84.721 0.0000000000
40496  -6.084  -56.461  84.028 0.0000000000
40497  -6.685  -56.390  83.380 0.0000000000
141099  -32.496  -41.465  91.918 0.0000000000
54264  -32.916  -40.822  92.068 0.0000000000
53201  -32.356  -41.483  92.457 0.0000000000
52205  -31.146  -42.086  90.771 0.0000000000
51189  -30.561  -42.977  91.629 0.0000000000
141580  -30.496  -44.091  93.389 0.0000000000
51156  -30.497  -43.929  92.771 0.0000000000
67655  -46.660  -27.200  77.342 0.0000000000
67656  -47.441  -27.033  77.937 0.0000000000
64871  -43.704  -29.307  76.252 0.0000000000
66730  -44.507  -28.273  76.481 0.0000000000
67660  -44.704  -27.685  76.433 0.0000000000
60979  -36.108  -33.071  83.920 0.0000000000
60980  -36.813  -33.261  83.962 0.0000000000
60968  -36.449  -33.547  84.317 0.0000000000
142345  -32.940  -32.839  82.827 0.0000000000
45077  -6.757  -51.271  84.522 0.0000000000
45086  -7.215  -51.874  83.934 0.0000000000
42252  -7.702  -54.463  81.350 0.0000000000
42239  -7.586  -54.778  82.169 0.0000000000
41377  -7.376  -55.675  82.232 0.0000000000
40381  -6.430  -55.617  92.150 0.0000000000
39474  -6.037  -56.123  92.316 0.0000000000
39488  -5.972  -56.259  91.511 0.0000000000
39487  -5.647  -56.966  90.815 0.0000000000
58244  -32.342  -37.923  88.563 0.0000000000
58255  -32.127  -37.883  87.666 0.0000000000
58232  -31.557  -37.493  89.237 0.0000000000
58231  -30.744  -37.121  88.873 0.0000000000
59101  -30.224  -36.628  88.346 0.0000000000
59093  -30.539  -36.424  89.129 0.0000000000
144416  -30.890  -35.359  89.944 0.0000000000
49398  -27.345  -46.561  94.983 0.0000000000
44062  -22.086  -50.535  86.432 0.0000000000
73099  -46.978  -21.339  76.361 0.0000000000
51146  -5.689  -44.508  93.629 0.0000000000
128463  -4.333  -45.918  92.482 0.0000000000
60995  -43.376  -34.625  79.960 0.0000000000
60986  -43.434  -34.509  80.591 0.0000000000
62008  -39.681  -33.956  78.351 0.0000000000
61008  -40.253  -34.742  78.374 0.0000000000
60062  -40.213  -35.144  77.870 0.0000000000
60072  -40.792  -35.168  77.867 0.0000000000
60064  -41.348  -34.876  78.542 0.0000000000
60056  -42.113  -34.693  78.923 0.0000000000
43005  -12.249  -52.368  97.244 0.0000000000
43009  -12.613  -52.355  96.487 0.0000000000
42133  -12.025  -52.425  95.678 0.0000000000
43956  -19.796  -50.316  93.393 0.0000000000
57312  -5.188  -38.721  85.582 0.0000000000
57325  -5.376  -38.945  84.659 0.0000000000
128001  -9.901  -39.515  90.405 0.0000000000
132573  -9.727  -39.292  89.951 0.0000000000
56286  -10.225  -39.910  89.033 0.0000000000
55310  -10.221  -40.772  87.659 0.0000000000
47843  -5.105  -48.783  79.535 0.0000000000
48681  -3.985  -47.633  79.189 0.0000000000
41272  -1.940  -55.617  91.534 0.0000000000
123593  -1.980  -54.990  92.023 0.0000000000
124323  -1.663  -55.246  91.250 0.0000000000
42159  -1.538  -54.914  90.447 0.0000000000
130814  -1.818  -54.028  90.091 0.0000000000
123479  -1.746  -55.268  89.320 0.0000000000
53239  -32.797  -41.297  89.716 0.0000000000
52226  -32.511  -41.380  89.391 0.0000000000
55290  -33.374  -40.672  89.327 0.0000000000
132054  -33.554  -40.171  89.199 0.0000000000
137335  -33.593  -39.803  89.154 0.0000000000
57280  -33.531  -39.456  88.727 0.0000000000
57261  -33.632  -39.373  89.664 0.0000000000
131308  -27.315  -43.920  88.987 0.0000000000
143684  -28.123  -47.021  91.419 0.0000000000
48580  -28.332  -47.222  91.922 0.0000000000
47731  -27.445  -47.691  91.042 0.0000000000
46848  -26.078  -48.278  89.969 0.0000000000
45945  -24.722  -48.873  88.695 0.0000000000
45946  -24.759  -48.284  88.849 0.0000000000
143899  -45.940  -24.977  76.474 0.0000000000
70453  -46.282  -23.593  76.191 0.0000000000
62968  -40.554  -32.222  81.584 0.0000000000
139195  -40.257  -32.223  82.736 0.0000000000
62981  -36.812  -31.393  80.519 0.0000000000
63001  -38.527  -32.081  79.597 0.0000000000
46866  -16.428  -47.785  88.240 0.0000000000
58246  -4.166  -37.330  87.705 0.0000000000
57287  -4.515  -38.627  87.622 0.0000000000
50327  -8.441  -45.329  86.720 0.0000000000
139876  -8.934  -44.716  86.816 0.0000000000
50334  -8.410  -45.577  86.005 0.0000000000
48633  -8.121  -47.431  84.254 0.0000000000
46022  -8.634  -50.502  81.744 0.0000000000
46944  -8.668  -49.578  82.082 0.0000000000
46036  -8.444  -50.714  80.954 0.0000000000
46035  -8.024  -50.112  80.423 0.0000000000
148315  -7.425  -49.978  80.016 0.0000000000
46053  -7.369  -50.634  79.952 0.0000000000
46052  -6.268  -50.656  79.666 0.0000000000
128388  -5.396  -52.104  79.615 0.0000000000
44113  -4.796  -52.690  79.669 0.0000000000
129471  -7.314  -52.916  97.118 0.0000000000
42999  -6.937  -52.630  96.886 0.0000000000
42118  -7.056  -52.865  96.862 0.0000000000
41244  -6.017  -54.053  95.737 0.0000000000
40351  -5.404  -54.655  95.350 0.0000000000
38483  -5.122  -57.067  92.668 0.0000000000
38472  -4.504  -56.806  93.396 0.0000000000
141337  -4.697  -57.283  92.900 0.0000000000
37594  -4.076  -57.381  93.034 0.0000000000
37593  -3.609  -57.289  92.844 0.0000000000
39457  -3.300  -56.570  92.546 0.0000000000
37602  -3.394  -57.652  92.159 0.0000000000
37611  -3.099  -58.152  91.444 0.0000000000
125665  -34.042  -34.280  85.971 0.0000000000
148232  -31.649  -37.866  83.981 0.0000000000
60013  -30.129  -34.876  87.208 0.0000000000
60932  -31.216  -34.124  85.589 0.0000000000
60949  -31.827  -33.774  84.796 0.0000000000
136658  -22.446  -50.595  93.798 0.0000000000
123940  -21.645  -50.599  92.738 0.0000000000
46813  -27.937  -48.383  94.488 0.0000000000
45878  -27.426  -48.956  94.136 0.0000000000
134638  -26.961  -49.413  93.520 0.0000000000
44977  -26.082  -49.936  92.829 0.0000000000
43991  -25.019  -50.457  92.041 0.0000000000
137325  -21.973  -50.340  88.492 0.0000000000
44029  -21.390  -50.157  89.027 0.0000000000
44015  -21.166  -50.087  90.015 0.0000000000
44028  -20.618  -49.845  89.593 0.0000000000
73956  -45.760  -20.196  72.175 0.0000000000
54250  -8.594  -41.957  94.093 0.0000000000
54251  -9.061  -41.463  93.487 0.0000000000
53212  -8.766  -42.813  91.435 0.0000000000
52197  -8.635  -43.557  90.657 0.0000000000
51177  -8.140  -44.321  90.220 0.0000000000
51196  -7.500  -44.824  89.817 0.0000000000
50312  -4.989  -46.510  89.611 0.0000000000
49468  -4.945  -47.041  88.881 0.0000000000
49473  -5.337  -47.368  88.036 0.0000000000
48616  -5.392  -48.109  86.938 0.0000000000
47756  -5.090  -48.551  86.418 0.0000000000
46893  -4.331  -49.724  86.108 0.0000000000
63946  -45.153  -30.904  79.044 0.0000000000
62029  -41.931  -33.317  76.844 0.0000000000
63962  -42.486  -31.354  76.289 0.0000000000
42996  -9.283  -53.010  97.765 0.0000000000
41252  -10.770  -53.333  95.364 0.0000000000
41251  -10.085  -53.514  95.551 0.0000000000
41260  -7.759  -54.112  93.895 0.0000000000
45916  -15.771  -48.996  90.036 0.0000000000
134418  -12.623  -50.455  90.263 0.0000000000
43997  -12.712  -50.672  91.244 0.0000000000
43966  -13.010  -50.919  93.080 0.0000000000
43038  -12.331  -51.340  93.902 0.0000000000
43030  -11.797  -51.986  94.498 0.0000000000
43037  -11.687  -51.717  93.524 0.0000000000
42168  -8.149  -53.339  89.485 0.0000000000
125235  -7.642  -53.641  89.987 0.0000000000
57222  -5.680  -38.004  91.114 0.0000000000
56283  -8.160  -38.855  88.151 0.0000000000
56282  -7.164  -39.108  88.145 0.0000000000
137651  -6.780  -39.539  87.513 0.0000000000
56300  -5.862  -39.696  87.512 0.0000000000
56311  -6.304  -39.971  86.938 0.0000000000
51242  -9.544  -44.519  84.751 0.0000000000
52279  -9.825  -43.509  84.663 0.0000000000
52298  -9.404  -43.818  83.292 0.0000000000
52321  -9.111  -43.761  82.524 0.0000000000
51294  -5.770  -44.756  80.511 0.0000000000
52334  -5.975  -43.272  81.463 0.0000000000
52318  -5.958  -42.736  82.207 0.0000000000
145256  -5.439  -42.584  82.686 0.0000000000
52317  -5.074  -42.846  82.051 0.0000000000
52316  -4.256  -42.867  81.867 0.0000000000
53342  -3.717  -42.894  81.648 0.0000000000
53341  -3.306  -42.591  81.787 0.0000000000
52331  -3.368  -43.260  81.109 0.0000000000
137734  -5.688  -52.204  95.933 0.0000000000
44949  -5.862  -51.788  96.320 0.0000000000
129295  -5.468  -51.756  95.659 0.0000000000
44971  -3.434  -51.865  92.321 0.0000000000
44972  -3.937  -51.318  92.686 0.0000000000
45883  -3.584  -50.813  92.208 0.0000000000
45884  -3.935  -50.280  92.645 0.0000000000
46819  -3.767  -49.160  92.810 0.0000000000
142798  -3.545  -48.092  92.778 0.0000000000
48575  -3.448  -47.236  92.071 0.0000000000
126023  -3.305  -48.036  91.343 0.0000000000
47716  -3.099  -48.709  90.453 0.0000000000
47722  -2.766  -49.343  89.556 0.0000000000
131893  -2.139  -52.547  88.333 0.0000000000
44038  -2.204  -52.033  88.175 0.0000000000
142332  -2.689  -52.294  87.462 0.0000000000
44060  -3.514  -52.013  86.832 0.0000000000
125979  -3.725  -52.722  86.380 0.0000000000
134981  -3.808  -53.697  85.918 0.0000000000
37688  -1.646  -59.434  86.293 0.0000000000
37704  -1.706  -59.754  85.670 0.0000000000
38587  -2.001  -58.986  85.769 0.0000000000
37705  -1.966  -59.464  85.539 0.0000000000
39571  -4.216  -57.813  85.004 0.0000000000
52239  -29.268  -42.037  88.649 0.0000000000
52250  -30.185  -41.673  87.970 0.0000000000
52241  -31.374  -41.670  89.115 0.0000000000
148533  -31.978  -41.596  89.577 0.0000000000
145824  -32.282  -41.517  89.901 0.0000000000
142359  -32.299  -41.506  89.755 0.0000000000
123792  -33.127  -41.076  90.154 0.0000000000
55280  -33.543  -40.412  90.586 0.0000000000
129486  -26.703  -46.576  89.597 0.0000000000
48601  -27.196  -46.143  89.968 0.0000000000
50322  -27.524  -45.408  89.965 0.0000000000
51216  -27.826  -44.530  89.745 0.0000000000
50304  -28.819  -44.379  91.059 0.0000000000
51205  -28.562  -43.985  90.231 0.0000000000
52238  -28.718  -42.579  89.251 0.0000000000
50277  -30.069  -44.736  92.870 0.0000000000
50276  -29.713  -45.247  92.647 0.0000000000
49445  -29.243  -46.009  92.407 0.0000000000
48588  -28.046  -46.518  91.155 0.0000000000
48594  -27.613  -46.480  90.598 0.0000000000
69525  -47.432  -25.018  77.541 0.0000000000
69526  -48.161  -25.087  78.171 0.0000000000
66749  -42.279  -28.255  75.234 0.0000000000
66748  -41.537  -27.801  74.769 0.0000000000
67681  -42.208  -27.314  75.123 0.0000000000
69551  -44.821  -25.984  75.994 0.0000000000
69538  -45.564  -25.666  76.411 0.0000000000
61977  -37.885  -32.181  82.401 0.0000000000
61956  -37.990  -32.664  83.191 0.0000000000
146411  -38.119  -33.089  83.852 0.0000000000
60970  -37.940  -33.535  84.247 0.0000000000
62962  -32.664  -31.996  81.812 0.0000000000
145449  -32.818  -31.568  80.324 0.0000000000
123540  -33.337  -31.412  79.909 0.0000000000
62978  -33.868  -31.533  80.444 0.0000000000
61989  -36.080  -31.734  81.457 0.0000000000
61976  -37.169  -32.124  82.464 0.0000000000
59087  -4.114  -36.963  89.900 0.0000000000
47771  -7.221  -48.317  85.223 0.0000000000
46006  -8.204  -50.667  83.274 0.0000000000
46007  -8.406  -51.116  82.445 0.0000000000
45105  -8.488  -51.370  81.512 0.0000000000
44103  -7.686  -52.516  80.247 0.0000000000
43152  -7.616  -53.346  80.459 0.0000000000
42262  -6.709  -54.639  80.392 0.0000000000
41395  -7.315  -54.997  80.942 0.0000000000
41394  -5.957  -56.031  80.335 0.0000000000
39440  -6.943  -55.281  94.128 0.0000000000
135119  -6.489  -55.476  94.845 0.0000000000
39445  -6.678  -55.443  93.778 0.0000000000
39444  -6.166  -55.839  93.567 0.0000000000
38484  -5.509  -56.664  92.828 0.0000000000
130702  -5.618  -56.535  92.427 0.0000000000
38494  -5.150  -57.065  92.250 0.0000000000
60895  -32.538  -34.008  88.472 0.0000000000
56321  -33.207  -39.729  85.711 0.0000000000
56327  -33.027  -39.736  84.950 0.0000000000
57314  -33.112  -38.601  85.370 0.0000000000
58273  -32.725  -38.166  85.679 0.0000000000
58265  -31.801  -37.803  86.862 0.0000000000
58272  -32.101  -37.757  85.275 0.0000000000
58271  -30.970  -37.567  85.385 0.0000000000
58277  -30.345  -37.334  84.674 0.0000000000
58263  -29.667  -36.955  86.168 0.0000000000
59118  -29.410  -36.263  86.679 0.0000000000
60000  -30.117  -35.955  88.524 0.0000000000
60004  -29.961  -35.422  87.883 0.0000000000
138648  -25.528  -48.751  94.571 0.0000000000
45875  -25.505  -49.343  94.488 0.0000000000
45015  -24.332  -49.970  90.095 0.0000000000
44007  -24.745  -49.972  91.108 0.0000000000
44020  -23.884  -50.156  89.283 0.0000000000
44032  -23.133  -50.373  88.814 0.0000000000
147459  -22.339  -50.400  88.130 0.0000000000
44055  -22.106  -50.523  87.037 0.0000000000
44042  -22.064  -50.393  87.715 0.0000000000
132356  -20.677  -49.596  87.089 0.0000000000
73949  -45.831  -20.471  73.289 0.0000000000
74799  -46.214  -19.677  72.760 0.0000000000
74800  -46.819  -18.997  72.220 0.0000000000
75709  -47.369  -18.668  73.670 0.0000000000
75698  -48.033  -18.163  74.199 0.0000000000
128358  -48.066  -18.242  76.543 0.0000000000
52167  -7.136  -43.505  93.808 0.0000000000
53202  -7.618  -43.301  93.096 0.0000000000
50298  -5.544  -45.495  91.304 0.0000000000
51151  -5.986  -44.762  92.893 0.0000000000
129225  -5.204  -46.041  90.360 0.0000000000
48599  -3.910  -47.852  88.593 0.0000000000
63004  -44.438  -33.108  80.094 0.0000000000
63003  -43.684  -33.505  79.468 0.0000000000
60996  -44.215  -34.408  80.778 0.0000000000
61024  -38.460  -34.714  76.426 0.0000000000
60095  -39.924  -35.400  75.467 0.0000000000
60096  -40.415  -35.062  75.911 0.0000000000
61016  -41.238  -34.672  77.038 0.0000000000
60073  -41.089  -35.092  77.517 0.0000000000
62018  -41.677  -34.103  77.207 0.0000000000
62019  -42.168  -33.885  77.697 0.0000000000
62020  -42.610  -33.573  78.143 0.0000000000
129943  -11.746  -51.960  97.684 0.0000000000
43004  -11.507  -52.591  97.431 0.0000000000
42127  -11.031  -53.275  96.980 0.0000000000
42128  -11.511  -53.026  96.371 0.0000000000
41253  -11.288  -53.154  95.768 0.0000000000
41256  -10.721  -53.287  95.012 0.0000000000
41263  -10.569  -53.138  94.711 0.0000000000
42138  -10.243  -53.061  94.487 0.0000000000
45036  -12.786  -50.080  87.938 0.0000000000
45009  -12.976  -50.065  88.897 0.0000000000
44027  -12.385  -50.575  88.190 0.0000000000
44012  -12.511  -50.475  89.173 0.0000000000
44011  -11.936  -50.790  89.561 0.0000000000
43061  -11.290  -51.147  90.054 0.0000000000
43069  -10.526  -51.585  89.495 0.0000000000
58202  -7.389  -37.716  91.515 0.0000000000
144274  -6.671  -37.675  91.930 0.0000000000
57251  -8.243  -38.387  89.491 0.0000000000
57269  -8.574  -38.756  88.857 0.0000000000
56302  -8.631  -39.159  87.604 0.0000000000
56313  -8.457  -39.530  86.975 0.0000000000
55335  -8.737  -40.472  85.711 0.0000000000
49539  -8.349  -46.263  80.860 0.0000000000
50378  -8.555  -45.545  80.936 0.0000000000
49538  -7.600  -46.311  80.403 0.0000000000
139651  -5.368  -46.609  80.017 0.0000000000
138469  -5.531  -46.027  80.236 0.0000000000
50392  -4.952  -45.458  80.418 0.0000000000
51293  -4.032  -45.040  80.397 0.0000000000
50391  -3.641  -45.135  80.023 0.0000000000
49379  -7.491  -46.314  98.625 0.0000000000
49378  -6.839  -46.572  98.500 0.0000000000
48516  -6.247  -46.843  98.005 0.0000000000
43017  -3.648  -54.151  93.746 0.0000000000
43925  -3.827  -53.604  93.770 0.0000000000
43023  -3.100  -53.840  93.063 0.0000000000
43028  -2.980  -53.847  92.907 0.0000000000
43950  -3.231  -52.913  92.618 0.0000000000
43034  -2.240  -54.400  92.284 0.0000000000
43949  -2.854  -53.454  92.384 0.0000000000
43965  -2.997  -52.441  91.938 0.0000000000
44975  -3.061  -51.844  91.225 0.0000000000
44984  -3.263  -50.923  91.020 0.0000000000
45896  -2.972  -50.527  90.253 0.0000000000
44996  -2.532  -51.821  89.895 0.0000000000
44010  -2.394  -52.273  89.224 0.0000000000
43067  -1.991  -53.638  89.283 0.0000000000
43074  -2.112  -53.107  88.670 0.0000000000
43081  -2.071  -53.000  88.220 0.0000000000
123983  -31.739  -41.215  85.686 0.0000000000
54342  -32.537  -40.630  85.490 0.0000000000
142489  -30.694  -41.552  87.971 0.0000000000
52263  -31.155  -41.341  87.371 0.0000000000
53251  -32.074  -41.386  88.862 0.0000000000
53261  -32.156  -41.082  88.060 0.0000000000
52264  -31.777  -41.188  87.248 0.0000000000
54328  -32.767  -40.558  86.133 0.0000000000
55336  -33.139  -40.169  86.325 0.0000000000
56315  -33.397  -39.665  86.664 0.0000000000
57302  -33.536  -39.094  87.126 0.0000000000
58245  -33.000  -38.400  88.815 0.0000000000
58233  -32.487  -37.867  89.549 0.0000000000
47697  -28.449  -47.820  94.710 0.0000000000
45889  -27.146  -49.305  92.873 0.0000000000
45003  -26.316  -49.460  91.851 0.0000000000
47710  -28.874  -47.638  93.675 0.0000000000
47718  -28.049  -47.859  92.163 0.0000000000
125484  -28.238  -48.002  92.733 0.0000000000
46825  -28.177  -48.159  92.882 0.0000000000
45899  -27.336  -48.836  92.295 0.0000000000
45907  -26.697  -48.989  91.608 0.0000000000
126803  -24.986  -49.567  90.588 0.0000000000
44034  -23.955  -50.054  88.436 0.0000000000
143518  -23.993  -49.970  87.836 0.0000000000
45054  -24.121  -49.670  87.406 0.0000000000
44046  -23.728  -49.993  87.343 0.0000000000
70466  -44.082  -24.280  74.930 0.0000000000
70475  -43.735  -23.750  74.293 0.0000000000
73107  -45.832  -21.735  74.519 0.0000000000
135060  -47.320  -21.220  77.165 0.0000000000
61992  -41.745  -34.021  80.172 0.0000000000
61979  -42.118  -33.444  80.964 0.0000000000
61958  -42.176  -32.765  81.927 0.0000000000
62007  -38.860  -33.210  78.068 0.0000000000
61998  -39.209  -32.830  78.825 0.0000000000
62000  -40.576  -33.920  79.255 0.0000000000
45012  -18.119  -49.544  90.764 0.0000000000
44999  -17.756  -49.696  91.246 0.0000000000
143716  -16.783  -49.175  90.535 0.0000000000
138800  -16.081  -48.554  89.513 0.0000000000
45941  -14.064  -49.265  88.529 0.0000000000
45037  -13.308  -49.656  87.823 0.0000000000
56319  -4.898  -39.578  85.314 0.0000000000
131045  -4.734  -40.281  84.962 0.0000000000
53234  -10.130  -41.977  89.220 0.0000000000
53244  -10.267  -42.201  88.258 0.0000000000
129300  -9.970  -42.912  87.806 0.0000000000
52247  -9.747  -43.324  86.904 0.0000000000
51234  -8.947  -44.988  86.148 0.0000000000
51235  -9.376  -44.616  85.615 0.0000000000
50352  -9.121  -45.875  83.000 0.0000000000
47785  -8.143  -47.905  83.697 0.0000000000
140130  -8.339  -48.039  82.841 0.0000000000
48643  -8.485  -47.216  83.321 0.0000000000
48652  -8.584  -47.340  82.270 0.0000000000
135761  -8.552  -46.799  81.572 0.0000000000
133986  -8.057  -47.642  80.610 0.0000000000
128132  -7.409  -47.773  80.128 0.0000000000
47844  -6.203  -48.990  79.813 0.0000000000
46983  -4.674  -49.452  79.401 0.0000000000
142234  -6.742  -51.534  97.078 0.0000000000
43912  -6.435  -52.042  96.657 0.0000000000
42998  -6.392  -52.733  96.432 0.0000000000
43008  -6.275  -52.462  96.415 0.0000000000
43911  -5.913  -52.499  96.126 0.0000000000
43012  -5.320  -53.175  95.469 0.0000000000
42135  -4.676  -53.816  94.938 0.0000000000
42134  -4.115  -54.345  94.286 0.0000000000
39434  -5.868  -55.657  94.679 0.0000000000
39428  -5.683  -55.370  95.190 0.0000000000
144728  -5.003  -55.092  95.031 0.0000000000
38458  -4.565  -56.269  93.872 0.0000000000
39431  -4.279  -55.666  94.225 0.0000000000
40358  -4.483  -55.122  94.593 0.0000000000
40357  -4.058  -54.909  94.258 0.0000000000
128190  -3.585  -54.464  93.707 0.0000000000
129925  -3.374  -54.639  93.444 0.0000000000
41258  -3.055  -54.663  93.025 0.0000000000
40374  -2.856  -55.585  92.326 0.0000000000
39456  -2.970  -56.268  92.032 0.0000000000
40380  -2.410  -55.888  91.656 0.0000000000
40389  -1.977  -56.218  91.196 0.0000000000
138867  -34.507  -34.011  86.708 0.0000000000
143363  -32.782  -39.764  84.439 0.0000000000
56339  -32.514  -39.467  83.925 0.0000000000
57355  -31.729  -38.770  83.173 0.0000000000
61927  -30.251  -32.933  83.278 0.0000000000
61928  -31.367  -33.014  83.635 0.0000000000
61929  -32.612  -33.536  83.855 0.0000000000
146640  -33.445  -33.790  83.547 0.0000000000
43934  -21.994  -50.347  94.446 0.0000000000
43943  -21.051  -50.465  93.840 0.0000000000
43942  -20.292  -50.480  93.769 0.0000000000
44989  -19.057  -49.678  91.291 0.0000000000
125935  -26.744  -47.906  94.716 0.0000000000
142569  -26.884  -48.287  94.637 0.0000000000
147815  -27.039  -47.882  94.774 0.0000000000
46810  -26.141  -48.748  94.598 0.0000000000
44967  -24.530  -50.233  93.924 0.0000000000
44006  -24.221  -50.234  90.836 0.0000000000
123716  -23.909  -50.439  91.103 0.0000000000
43990  -24.148  -50.526  91.798 0.0000000000
44017  -22.441  -50.398  89.715 0.0000000000
43063  -23.075  -50.592  91.114 0.0000000000
43042  -23.459  -50.615  91.876 0.0000000000
43976  -23.965  -50.568  92.380 0.0000000000
133518  -23.465  -50.620  92.746 0.0000000000
43946  -23.820  -50.485  93.392 0.0000000000
43974  -22.001  -50.653  92.247 0.0000000000
43988  -21.401  -50.527  91.984 0.0000000000
44001  -20.676  -50.179  90.843 0.0000000000
136196  -20.349  -50.126  91.424 0.0000000000
45930  -17.940  -48.718  89.756 0.0000000000
75740  -47.783  -18.589  71.748 0.0000000000
75741  -48.906  -18.476  71.510 0.0000000000
75724  -50.044  -18.237  72.181 0.0000000000
75742  -49.865  -18.584  71.572 0.0000000000
74818  -51.992  -19.214  71.360 0.0000000000
57224  -9.128  -38.075  92.109 0.0000000000
55275  -10.092  -40.150  90.497 0.0000000000
54273  -10.042  -40.990  90.466 0.0000000000
135235  -9.439  -40.858  92.796 0.0000000000
52231  -9.438  -43.460  88.402 0.0000000000
51211  -8.972  -44.116  88.037 0.0000000000
52230  -8.850  -43.958  88.857 0.0000000000
51222  -8.465  -44.818  87.533 0.0000000000
49479  -7.333  -46.776  86.173 0.0000000000
51176  -7.369  -44.652  90.664 0.0000000000
50320  -6.935  -45.622  88.780 0.0000000000
129351  -6.328  -45.941  89.205 0.0000000000
50319  -6.378  -46.206  88.740 0.0000000000
129744  -6.949  -46.230  88.047 0.0000000000
47770  -6.481  -48.827  85.359 0.0000000000
46906  -6.587  -49.712  85.128 0.0000000000
46895  -5.717  -49.332  85.586 0.0000000000
43105  -6.048  -53.485  84.363 0.0000000000
60952  -35.883  -33.894  84.892 0.0000000000
60937  -36.416  -33.898  85.114 0.0000000000
62055  -40.415  -33.813  73.883 0.0000000000
62074  -40.459  -33.435  73.525 0.0000000000
62042  -41.158  -33.133  75.308 0.0000000000
62075  -40.718  -32.766  73.877 0.0000000000
63095  -40.827  -32.088  74.086 0.0000000000
64010  -40.813  -31.370  74.287 0.0000000000
64880  -41.723  -30.670  75.282 0.0000000000
147306  -43.166  -29.796  76.113 0.0000000000
64859  -43.570  -30.028  76.568 0.0000000000
64860  -44.103  -29.420  76.661 0.0000000000
65774  -44.665  -29.171  76.978 0.0000000000
135387  -7.878  -52.806  97.780 0.0000000000
42111  -7.887  -53.014  97.697 0.0000000000
41239  -7.657  -53.509  96.740 0.0000000000
140671  -7.767  -54.179  95.646 0.0000000000
126187  -10.777  -52.156  97.542 0.0000000000
42997  -10.105  -52.693  97.563 0.0000000000
42120  -9.368  -53.233  97.373 0.0000000000
41246  -9.630  -53.572  96.231 0.0000000000
41241  -8.949  -53.533  96.719 0.0000000000
40350  -8.271  -53.862  96.123 0.0000000000
40354  -8.099  -54.080  95.407 0.0000000000
39441  -7.369  -54.891  94.444 0.0000000000
39446  -7.077  -55.198  94.169 0.0000000000
44987  -17.502  -49.724  91.542 0.0000000000
43984  -17.623  -49.791  91.981 0.0000000000
43953  -16.105  -50.606  93.631 0.0000000000
43937  -15.383  -50.986  94.383 0.0000000000
43026  -14.712  -51.351  94.853 0.0000000000
43025  -13.867  -51.644  95.010 0.0000000000
43020  -13.649  -51.725  95.227 0.0000000000
147024  -12.168  -52.241  95.476 0.0000000000
145915  -11.892  -52.341  95.303 0.0000000000
42144  -11.342  -52.595  94.578 0.0000000000
42139  -11.307  -52.811  94.867 0.0000000000
125396  -10.707  -53.055  94.666 0.0000000000
140039  -9.987  -53.044  94.155 0.0000000000
125261  -9.431  -52.923  93.995 0.0000000000
42146  -9.343  -52.577  93.082 0.0000000000
42151  -7.701  -53.553  92.192 0.0000000000
41281  -7.096  -54.198  90.453 0.0000000000
57223  -6.545  -37.875  91.252 0.0000000000
57249  -6.586  -38.489  89.383 0.0000000000
57234  -5.338  -38.152  90.281 0.0000000000
57233  -4.763  -38.020  89.765 0.0000000000
57265  -4.632  -38.204  89.084 0.0000000000
56298  -4.822  -39.323  87.221 0.0000000000
55308  -5.330  -40.107  86.888 0.0000000000
143441  -4.903  -39.882  86.908 0.0000000000
55341  -4.596  -40.804  84.468 0.0000000000
54305  -10.356  -41.646  87.603 0.0000000000
55325  -10.248  -41.202  86.849 0.0000000000
141454  -9.986  -42.200  85.450 0.0000000000
54316  -9.660  -40.861  86.094 0.0000000000
54326  -8.210  -41.063  85.158 0.0000000000
51278  -8.524  -44.698  81.087 0.0000000000
52320  -8.415  -43.265  81.900 0.0000000000
52335  -7.356  -43.506  81.282 0.0000000000
53303  -8.476  -42.348  83.293 0.0000000000
54352  -8.163  -41.760  84.010 0.0000000000
132777  -7.848  -41.440  84.624 0.0000000000
54325  -6.984  -41.219  85.090 0.0000000000
54339  -6.131  -41.594  84.728 0.0000000000
54338  -5.268  -41.569  84.624 0.0000000000
53301  -5.432  -42.293  83.390 0.0000000000
54349  -5.093  -41.920  83.953 0.0000000000
136336  -4.709  -41.582  83.951 0.0000000000
134597  -4.454  -41.167  83.846 0.0000000000
55348  -3.859  -41.075  83.307 0.0000000000
55347  -3.437  -41.202  82.805 0.0000000000
54365  -2.571  -41.703  81.265 0.0000000000
136763  -2.575  -42.220  80.848 0.0000000000
51131  -4.541  -44.610  95.202 0.0000000000
46772  -6.768  -49.860  97.308 0.0000000000
46771  -6.270  -49.247  97.371 0.0000000000
46777  -5.974  -49.887  96.967 0.0000000000
47656  -5.808  -48.508  97.163 0.0000000000
47666  -5.254  -47.677  96.650 0.0000000000
44955  -4.466  -52.190  94.188 0.0000000000
45870  -4.756  -50.584  94.321 0.0000000000
45879  -4.366  -50.824  93.074 0.0000000000
148135  -4.409  -50.441  93.563 0.0000000000
46803  -5.009  -49.552  94.822 0.0000000000
146169  -4.901  -48.800  95.315 0.0000000000
48523  -4.560  -46.937  96.140 0.0000000000
48522  -4.383  -46.228  95.480 0.0000000000
49386  -4.486  -45.553  95.813 0.0000000000
48551  -3.707  -47.057  93.919 0.0000000000
49392  -4.298  -45.661  95.073 0.0000000000
50236  -4.206  -45.338  95.058 0.0000000000
51130  -4.169  -45.033  94.798 0.0000000000
51138  -4.554  -44.681  94.699 0.0000000000
50251  -4.177  -45.472  93.682 0.0000000000
135245  -3.857  -46.368  92.183 0.0000000000
49443  -3.439  -46.972  91.961 0.0000000000
49444  -3.566  -46.763  91.686 0.0000000000
49451  -3.576  -46.845  90.888 0.0000000000
145257  -3.700  -47.354  89.798 0.0000000000
49466  -3.780  -47.608  89.246 0.0000000000
48606  -3.667  -48.337  88.208 0.0000000000
45905  -2.568  -50.345  89.369 0.0000000000
131980  -2.513  -49.870  89.041 0.0000000000
46847  -2.498  -49.974  88.812 0.0000000000
45035  -2.423  -51.445  88.121 0.0000000000
46853  -2.495  -50.436  88.562 0.0000000000
47738  -2.679  -49.770  88.624 0.0000000000
128961  -3.029  -49.230  88.309 0.0000000000
47746  -3.413  -48.847  87.894 0.0000000000
47754  -3.662  -49.166  87.296 0.0000000000
46879  -3.939  -49.452  86.698 0.0000000000
45966  -4.173  -50.602  86.065 0.0000000000
136388  -3.901  -52.072  86.149 0.0000000000
45063  -4.672  -51.244  85.726 0.0000000000
44071  -5.142  -52.428  85.111 0.0000000000
38512  -2.448  -57.880  90.054 0.0000000000
39508  -2.351  -57.439  89.809 0.0000000000
36703  -1.912  -60.455  87.571 0.0000000000
37663  -2.249  -59.925  88.118 0.0000000000
143187  -2.493  -58.677  88.677 0.0000000000
134159  -2.284  -56.908  88.531 0.0000000000
40443  -2.392  -56.876  87.641 0.0000000000
124036  -2.349  -57.318  86.942 0.0000000000
40454  -2.518  -56.449  87.046 0.0000000000
41319  -2.818  -55.704  86.856 0.0000000000
41320  -2.995  -55.961  86.333 0.0000000000
38588  -2.319  -59.023  85.587 0.0000000000
39556  -2.910  -57.332  85.816 0.0000000000
141348  -3.309  -55.625  86.068 0.0000000000
41333  -3.650  -55.736  85.748 0.0000000000
41347  -4.222  -55.382  85.398 0.0000000000
41348  -5.011  -55.612  84.911 0.0000000000
42210  -4.896  -54.727  85.094 0.0000000000
42211  -5.761  -55.109  84.501 0.0000000000
43114  -6.245  -54.368  84.113 0.0000000000
41364  -7.040  -55.845  83.166 0.0000000000
39605  -5.860  -57.428  80.635 0.0000000000
38456  -3.682  -56.406  93.337 0.0000000000
38457  -3.921  -56.450  93.581 0.0000000000
38470  -3.457  -56.793  92.896 0.0000000000
38482  -3.275  -57.073  92.398 0.0000000000
39429  -6.254  -55.289  95.301 0.0000000000
39430  -6.909  -55.134  95.289 0.0000000000
39432  -4.763  -56.009  94.254 0.0000000000
39433  -5.219  -55.610  94.740 0.0000000000
39437  -3.889  -55.998  93.799 0.0000000000
40348  -7.184  -53.961  96.106 0.0000000000
40349  -7.860  -54.017  95.978 0.0000000000
40359  -4.776  -55.406  94.674 0.0000000000
40360  -5.296  -55.145  95.144 0.0000000000
40361  -7.490  -54.743  95.149 0.0000000000
40363  -8.639  -53.843  95.115 0.0000000000
40509  -7.270  -56.185  81.852 0.0000000000
41237  -6.646  -53.457  96.279 0.0000000000
41243  -5.454  -54.148  95.491 0.0000000000
41248  -4.229  -54.674  94.416 0.0000000000
41249  -4.525  -54.704  94.707 0.0000000000
41259  -3.405  -55.103  93.432 0.0000000000
41264  -2.675  -54.860  92.634 0.0000000000
42112  -8.371  -53.071  97.798 0.0000000000
42114  -9.852  -53.085  97.536 0.0000000000
42119  -7.543  -53.091  97.204 0.0000000000
42222  -6.626  -55.142  83.710 0.0000000000
43000  -7.712  -53.003  97.578 0.0000000000
43001  -8.337  -52.876  97.949 0.0000000000
43051  -22.540  -50.644  91.860 0.0000000000
43053  -23.495  -50.549  91.384 0.0000000000
43106  -5.848  -52.646  84.622 0.0000000000
43903  -6.656  -52.287  96.768 0.0000000000
43905  -7.573  -52.368  97.460 0.0000000000
43935  -3.439  -53.309  93.233 0.0000000000
43948  -25.378  -50.152  93.429 0.0000000000
43959  -21.857  -50.642  93.302 0.0000000000
43960  -22.844  -50.680  93.135 0.0000000000
43961  -24.103  -50.491  92.989 0.0000000000
43963  -25.363  -50.217  92.748 0.0000000000
43973  -21.441  -50.547  92.441 0.0000000000
43975  -23.213  -50.655  92.250 0.0000000000
44004  -22.870  -50.540  90.470 0.0000000000
44051  -2.956  -51.904  87.375 0.0000000000
44056  -22.492  -50.544  86.936 0.0000000000
44961  -25.076  -49.829  94.261 0.0000000000
44966  -23.789  -50.323  93.892 0.0000000000
44968  -25.309  -50.110  93.996 0.0000000000
44970  -26.503  -49.644  93.726 0.0000000000
44974  -26.603  -49.668  93.230 0.0000000000
44978  -26.681  -49.610  92.863 0.0000000000
44983  -2.885  -51.407  90.469 0.0000000000
44991  -26.583  -49.555  92.478 0.0000000000
45026  -24.211  -49.785  89.020 0.0000000000
45874  -24.589  -49.452  94.433 0.0000000000
45877  -26.813  -49.143  94.354 0.0000000000
45882  -27.451  -49.058  93.598 0.0000000000
45886  -27.498  -48.981  93.201 0.0000000000
45898  -27.014  -49.211  92.371 0.0000000000
45920  -25.777  -49.189  91.005 0.0000000000
45932  -24.962  -49.010  89.461 0.0000000000
45933  -25.200  -48.485  89.440 0.0000000000
45940  -2.506  -50.889  88.313 0.0000000000
45964  -3.491  -51.117  86.959 0.0000000000
45965  -3.774  -50.860  86.485 0.0000000000
45991  -8.314  -49.792  83.103 0.0000000000
46801  -27.244  -47.905  94.802 0.0000000000
46802  -27.565  -48.111  94.782 0.0000000000
46811  -26.636  -48.798  94.527 0.0000000000
46812  -27.231  -48.720  94.448 0.0000000000
46816  -27.901  -48.668  93.541 0.0000000000
46820  -27.795  -48.669  93.222 0.0000000000
46824  -27.701  -48.611  92.744 0.0000000000
46833  -27.629  -48.375  92.083 0.0000000000
46834  -27.934  -48.280  92.582 0.0000000000
46857  -26.324  -47.694  89.776 0.0000000000
46863  -2.934  -49.853  88.135 0.0000000000
47694  -26.657  -48.290  94.629 0.0000000000
47709  -28.606  -48.084  93.837 0.0000000000
47711  -3.480  -47.925  92.140 0.0000000000
47712  -28.548  -47.765  93.057 0.0000000000
47724  -27.913  -47.491  91.523 0.0000000000
47729  -2.614  -49.482  89.064 0.0000000000
47730  -3.202  -48.473  89.544 0.0000000000
47753  -3.272  -49.521  87.716 0.0000000000
48569  -3.496  -46.772  93.629 0.0000000000
48576  -28.558  -47.444  92.607 0.0000000000
48579  -3.277  -47.934  90.764 0.0000000000
48589  -28.431  -46.622  91.689 0.0000000000
48598  -3.586  -48.102  88.860 0.0000000000
48614  -3.828  -48.592  87.540 0.0000000000
48625  -7.179  -47.705  85.556 0.0000000000
48671  -8.101  -46.925  80.814 0.0000000000
49452  -3.751  -46.923  90.234 0.0000000000
50279  -4.849  -45.763  91.954 0.0000000000
50318  -5.703  -46.434  89.119 0.0000000000
50393  -6.169  -45.496  80.294 0.0000000000
51137  -4.112  -45.347  94.258 0.0000000000
51145  -4.903  -45.046  93.663 0.0000000000
51248  -9.434  -44.600  83.801 0.0000000000
52165  -5.452  -43.979  94.868 0.0000000000
52225  -32.140  -41.579  89.854 0.0000000000
52242  -31.140  -41.666  88.969 0.0000000000
52253  -31.668  -41.247  87.982 0.0000000000
53221  -9.285  -42.754  90.514 0.0000000000
53252  -32.775  -41.061  88.734 0.0000000000
53255  -10.144  -42.603  87.046 0.0000000000
53266  -10.162  -42.596  86.237 0.0000000000
53267  -32.249  -40.950  87.247 0.0000000000
53268  -32.590  -40.727  86.819 0.0000000000
53276  -32.466  -40.860  86.017 0.0000000000
53340  -2.818  -42.256  81.600 0.0000000000
54285  -10.190  -41.264  89.724 0.0000000000
54288  -33.173  -41.023  89.619 0.0000000000
54341  -9.485  -41.804  84.905 0.0000000000
54358  -2.821  -41.718  82.069 0.0000000000
55296  -10.178  -40.341  88.425 0.0000000000
55309  -9.898  -40.076  87.746 0.0000000000
55355  -31.859  -39.806  83.536 0.0000000000
56314  -33.269  -39.176  86.044 0.0000000000
56320  -33.205  -39.245  85.050 0.0000000000
57326  -32.752  -38.291  84.089 0.0000000000
57327  -33.020  -39.220  84.270 0.0000000000
57342  -32.553  -38.957  83.712 0.0000000000
58253  -30.352  -37.317  87.337 0.0000000000
58278  -31.423  -37.642  84.616 0.0000000000
59182  -38.929  -35.600  75.907 0.0000000000
61010  -43.117  -34.366  79.141 0.0000000000
61025  -40.855  -34.560  76.199 0.0000000000
62056  -40.656  -33.297  74.106 0.0000000000
63963  -43.112  -30.912  76.755 0.0000000000
73936  -46.449  -20.803  75.043 0.0000000000
74816  -49.581  -18.844  70.883 0.0000000000
75722  -47.443  -18.532  72.733 0.0000000000
76623  -49.226  -17.869  72.782 0.0000000000
123408  -30.767  -41.655  88.430 0.0000000000
123570  -22.737  -50.411  88.239 0.0000000000
123837  -23.778  -50.328  90.236 0.0000000000
124224  -33.080  -41.104  89.297 0.0000000000
124232  -43.663  -27.930  75.802 0.0000000000
124321  -2.351  -51.070  88.527 0.0000000000
124800  -51.330  -19.199  71.171 0.0000000000
125046  -9.677  -53.388  96.926 0.0000000000
125476  -6.489  -50.422  97.109 0.0000000000
126302  -2.402  -53.569  87.716 0.0000000000
126735  -25.591  -50.167  92.385 0.0000000000
127252  -23.330  -50.265  87.380 0.0000000000
130439  -6.051  -43.847  94.601 0.0000000000
132131  -11.285  -52.311  97.556 0.0000000000
132922  -6.119  -51.469  96.621 0.0000000000
134595  -2.651  -51.073  89.772 0.0000000000
138539  -10.591  -53.201  97.318 0.0000000000
138909  -28.556  -47.960  93.457 0.0000000000
140753  -10.185  -53.442  95.141 0.0000000000
141034  -32.202  -40.975  85.570 0.0000000000
141431  -29.392  -42.219  89.362 0.0000000000
142033  -22.872  -50.681  92.561 0.0000000000
143153  -40.832  -33.362  74.708 0.0000000000
143905  -3.772  -46.527  91.448 0.0000000000
144385  -32.958  -40.430  86.798 0.0000000000
145142  -10.227  -53.497  96.183 0.0000000000
145581  -3.317  -48.398  89.075 0.0000000000
145762  -11.718  -52.680  95.595 0.0000000000
146774  -3.706  -48.310  93.181 0.0000000000
147196  -2.528  -53.871  92.223 0.0000000000
147268  -32.735  -38.200  86.279 0.0000000000
147371  -10.770  -52.501  97.554 0.0000000000
148279  -31.874  -41.006  85.210 0.0000000000
148536  -3.040  -57.838  85.678 0.0000000000
