#!ascii label  , from subject sub-01 vox2ras=TkReg
1553
123806  -36.994  -40.638  72.076 0.0000000000
68635  -49.987  -25.470  71.561 0.0000000000
60172  -46.222  -35.183  70.451 0.0000000000
36673  -10.518  -60.704  89.694 0.0000000000
54458  -33.638  -41.208  76.681 0.0000000000
39524  -25.309  -58.293  87.929 0.0000000000
140903  -30.814  -53.256  87.334 0.0000000000
48649  -34.175  -47.308  83.711 0.0000000000
142650  -36.314  -43.136  82.277 0.0000000000
42200  -17.187  -55.064  85.051 0.0000000000
146436  -21.608  -56.744  89.583 0.0000000000
126333  -20.929  -54.495  83.933 0.0000000000
132865  -26.993  -52.584  83.108 0.0000000000
46926  -29.468  -48.882  83.710 0.0000000000
123193  -39.674  -40.875  79.257 0.0000000000
54464  -43.639  -41.634  76.810 0.0000000000
64920  -48.581  -30.689  70.667 0.0000000000
57472  -42.524  -39.413  70.645 0.0000000000
65894  -48.962  -29.699  66.165 0.0000000000
129683  -7.647  -63.596  90.326 0.0000000000
57365  -35.988  -37.979  81.407 0.0000000000
56429  -34.207  -38.978  75.670 0.0000000000
40511  -24.926  -56.701  82.402 0.0000000000
39550  -29.464  -57.639  86.569 0.0000000000
57392  -46.672  -38.573  77.230 0.0000000000
68711  -57.315  -26.220  62.396 0.0000000000
49517  -31.008  -46.706  82.464 0.0000000000
132684  -33.326  -45.855  80.918 0.0000000000
126204  -18.951  -54.670  84.996 0.0000000000
128565  -28.091  -48.630  82.008 0.0000000000
48656  -29.515  -47.336  82.677 0.0000000000
48638  -31.696  -47.851  84.350 0.0000000000
55446  -38.027  -41.330  75.757 0.0000000000
54428  -41.702  -42.012  77.928 0.0000000000
54483  -40.249  -41.585  74.790 0.0000000000
67719  -48.941  -27.435  71.823 0.0000000000
127163  -50.759  -30.388  74.263 0.0000000000
68637  -52.635  -26.646  71.585 0.0000000000
36719  -10.085  -61.004  86.058 0.0000000000
34712  -9.404  -62.121  90.177 0.0000000000
53375  -34.830  -42.412  79.201 0.0000000000
54363  -36.656  -40.920  82.061 0.0000000000
54425  -35.386  -40.423  78.963 0.0000000000
126969  -35.605  -38.942  78.747 0.0000000000
56416  -33.346  -38.464  76.445 0.0000000000
40440  -23.165  -56.847  88.263 0.0000000000
123941  -24.252  -57.347  92.126 0.0000000000
39503  -25.917  -57.806  91.251 0.0000000000
126087  -27.687  -58.581  89.820 0.0000000000
42265  -22.702  -55.037  80.122 0.0000000000
42266  -24.535  -54.969  79.952 0.0000000000
43100  -28.640  -53.240  84.984 0.0000000000
41359  -28.554  -55.254  84.070 0.0000000000
41330  -30.987  -55.820  85.828 0.0000000000
38567  -31.302  -58.365  87.858 0.0000000000
147709  -13.720  -57.051  87.265 0.0000000000
39511  -15.048  -57.489  89.976 0.0000000000
39475  -15.015  -58.370  92.500 0.0000000000
59257  -44.508  -37.459  70.428 0.0000000000
57420  -44.334  -38.245  74.485 0.0000000000
59210  -45.306  -36.114  74.512 0.0000000000
70543  -58.603  -24.655  61.382 0.0000000000
36614  -9.745  -60.890  92.748 0.0000000000
48622  -36.324  -47.047  86.541 0.0000000000
51238  -36.932  -44.396  85.645 0.0000000000
50357  -35.594  -45.315  83.507 0.0000000000
51304  -34.528  -44.291  80.504 0.0000000000
41297  -17.089  -55.967  87.837 0.0000000000
40423  -19.428  -56.434  89.694 0.0000000000
126122  -19.078  -55.487  86.904 0.0000000000
41315  -21.377  -55.738  86.963 0.0000000000
40461  -23.338  -56.521  86.526 0.0000000000
44107  -25.702  -52.208  80.135 0.0000000000
46029  -26.843  -50.616  81.079 0.0000000000
146972  -28.406  -50.888  83.401 0.0000000000
45073  -29.942  -51.576  85.509 0.0000000000
46886  -31.886  -50.019  86.214 0.0000000000
47764  -34.046  -49.044  85.807 0.0000000000
41337  -15.522  -55.586  85.197 0.0000000000
145150  -40.586  -39.760  82.430 0.0000000000
56346  -44.973  -38.811  83.295 0.0000000000
141753  -43.674  -40.572  81.315 0.0000000000
53364  -45.292  -42.105  79.900 0.0000000000
62128  -48.079  -33.036  70.395 0.0000000000
62057  -46.654  -33.769  75.288 0.0000000000
63996  -48.558  -31.565  74.937 0.0000000000
30075  -3.742  -68.283  92.274 0.0000000000
55517  -39.547  -40.564  71.478 0.0000000000
58418  -41.081  -37.184  68.281 0.0000000000
140148  -44.464  -33.126  68.237 0.0000000000
64929  -44.391  -30.313  69.913 0.0000000000
66787  -45.170  -27.490  69.670 0.0000000000
67752  -47.106  -27.189  69.074 0.0000000000
66815  -49.363  -28.733  68.760 0.0000000000
66853  -46.437  -28.861  65.568 0.0000000000
34703  -7.913  -63.067  93.062 0.0000000000
32965  -6.230  -64.498  93.073 0.0000000000
32050  -4.674  -66.011  92.854 0.0000000000
57303  -39.583  -38.999  86.944 0.0000000000
53277  -38.141  -42.127  85.434 0.0000000000
56322  -37.691  -39.596  84.750 0.0000000000
57346  -39.137  -38.168  83.424 0.0000000000
56372  -38.141  -39.079  80.432 0.0000000000
55419  -36.757  -40.852  77.111 0.0000000000
55477  -35.571  -40.546  73.234 0.0000000000
40387  -21.454  -57.196  92.789 0.0000000000
41371  -22.849  -55.584  83.726 0.0000000000
130682  -24.650  -57.483  85.049 0.0000000000
41382  -26.942  -55.492  82.482 0.0000000000
39578  -26.578  -57.641  84.424 0.0000000000
38582  -27.273  -58.585  86.684 0.0000000000
38550  -29.104  -58.591  88.414 0.0000000000
37678  -11.190  -59.951  86.857 0.0000000000
132495  -12.517  -58.014  87.190 0.0000000000
38527  -11.834  -58.802  89.130 0.0000000000
56448  -42.531  -40.614  73.437 0.0000000000
56420  -44.271  -40.032  76.168 0.0000000000
54476  -46.054  -41.166  75.103 0.0000000000
145321  -48.155  -36.785  75.756 0.0000000000
141936  -52.590  -28.611  68.930 0.0000000000
66834  -54.667  -28.916  67.816 0.0000000000
66846  -57.214  -27.160  66.401 0.0000000000
67809  -55.357  -28.106  63.278 0.0000000000
68690  -58.595  -26.419  65.274 0.0000000000
137932  -29.968  -45.837  81.306 0.0000000000
50403  -30.666  -45.753  80.670 0.0000000000
137303  -30.081  -45.513  80.301 0.0000000000
146986  -28.515  -46.604  81.865 0.0000000000
50368  -28.998  -46.528  81.979 0.0000000000
49516  -30.132  -46.924  82.542 0.0000000000
123311  -37.873  -40.794  74.075 0.0000000000
54471  -39.528  -41.596  75.339 0.0000000000
55480  -38.518  -40.739  73.472 0.0000000000
67707  -48.848  -26.323  71.551 0.0000000000
67710  -51.242  -27.697  73.035 0.0000000000
68616  -51.238  -25.684  73.848 0.0000000000
148326  -51.444  -24.774  73.158 0.0000000000
69598  -51.474  -25.408  72.028 0.0000000000
130916  -10.655  -60.849  87.959 0.0000000000
35681  -9.751  -61.835  88.004 0.0000000000
35664  -10.121  -61.295  89.251 0.0000000000
54444  -34.332  -41.573  77.634 0.0000000000
54406  -35.083  -41.367  78.919 0.0000000000
54443  -34.076  -40.680  77.114 0.0000000000
55417  -34.167  -39.378  77.138 0.0000000000
55429  -33.544  -40.133  76.580 0.0000000000
39492  -17.145  -57.336  91.923 0.0000000000
39523  -24.498  -57.769  88.396 0.0000000000
39513  -24.488  -57.709  89.438 0.0000000000
39514  -25.236  -58.146  89.012 0.0000000000
38518  -26.359  -58.090  90.700 0.0000000000
38546  -25.887  -58.444  88.677 0.0000000000
43094  -29.849  -53.105  86.031 0.0000000000
41345  -30.139  -54.571  85.414 0.0000000000
42195  -31.297  -54.278  86.554 0.0000000000
40465  -32.263  -55.620  86.815 0.0000000000
123687  -16.000  -56.638  88.811 0.0000000000
131914  -16.562  -56.793  90.127 0.0000000000
39491  -16.281  -57.560  91.573 0.0000000000
57307  -43.442  -38.238  86.614 0.0000000000
60153  -45.356  -36.318  70.581 0.0000000000
136440  -44.947  -36.578  72.939 0.0000000000
60140  -45.851  -35.304  72.892 0.0000000000
48640  -35.350  -47.176  84.539 0.0000000000
49497  -35.529  -46.472  84.286 0.0000000000
49506  -34.576  -46.582  83.231 0.0000000000
50407  -33.969  -45.181  80.704 0.0000000000
51317  -32.940  -44.589  78.651 0.0000000000
52362  -33.471  -43.823  78.481 0.0000000000
41325  -17.430  -55.451  86.520 0.0000000000
41312  -18.409  -55.749  87.420 0.0000000000
42191  -17.951  -55.137  86.003 0.0000000000
42217  -20.351  -54.556  84.537 0.0000000000
41340  -20.494  -55.059  86.011 0.0000000000
41341  -21.228  -55.011  85.521 0.0000000000
41316  -22.014  -55.773  86.526 0.0000000000
41342  -22.355  -55.611  85.242 0.0000000000
46056  -26.458  -49.877  79.440 0.0000000000
132827  -29.162  -48.499  83.148 0.0000000000
127208  -28.425  -49.654  82.600 0.0000000000
45999  -29.205  -49.721  83.868 0.0000000000
142910  -29.193  -51.702  84.835 0.0000000000
46901  -30.112  -49.987  84.952 0.0000000000
45973  -31.080  -50.247  85.882 0.0000000000
46902  -30.887  -49.641  85.366 0.0000000000
133119  -32.598  -47.754  84.335 0.0000000000
135226  -32.789  -48.704  85.360 0.0000000000
47781  -33.896  -48.451  84.924 0.0000000000
47766  -35.649  -48.437  86.095 0.0000000000
41338  -16.469  -55.345  85.337 0.0000000000
55383  -40.086  -40.400  80.852 0.0000000000
55357  -42.229  -40.284  82.047 0.0000000000
123797  -40.846  -40.777  80.265 0.0000000000
54449  -42.574  -42.136  77.315 0.0000000000
54409  -42.794  -41.879  79.082 0.0000000000
54431  -44.606  -41.946  78.693 0.0000000000
54432  -46.453  -41.477  78.311 0.0000000000
54451  -45.532  -41.120  77.751 0.0000000000
64041  -48.425  -31.648  70.370 0.0000000000
126561  -48.445  -32.447  73.076 0.0000000000
64023  -49.616  -31.638  72.382 0.0000000000
64862  -51.408  -30.471  77.369 0.0000000000
64048  -44.401  -31.663  69.005 0.0000000000
64939  -42.982  -30.395  69.019 0.0000000000
66809  -43.634  -28.363  68.339 0.0000000000
67764  -44.210  -28.216  68.037 0.0000000000
67736  -45.536  -27.163  69.487 0.0000000000
66830  -45.307  -28.563  67.147 0.0000000000
66831  -46.217  -28.691  67.379 0.0000000000
34724  -8.709  -62.724  88.009 0.0000000000
32981  -7.028  -64.198  89.755 0.0000000000
36601  -9.108  -61.076  94.151 0.0000000000
141345  -8.901  -61.975  92.743 0.0000000000
34696  -7.935  -61.975  94.669 0.0000000000
33849  -6.605  -63.484  95.007 0.0000000000
32954  -5.815  -64.960  94.436 0.0000000000
32964  -5.568  -65.043  92.850 0.0000000000
32043  -5.501  -65.935  94.369 0.0000000000
30068  -4.700  -67.029  93.818 0.0000000000
51251  -36.360  -44.062  83.978 0.0000000000
52277  -37.461  -43.579  85.680 0.0000000000
53290  -37.327  -42.837  84.220 0.0000000000
55356  -36.486  -39.831  81.956 0.0000000000
126805  -37.183  -40.700  83.285 0.0000000000
56341  -36.999  -38.705  83.435 0.0000000000
57328  -37.830  -38.208  84.093 0.0000000000
58285  -37.506  -37.888  82.750 0.0000000000
57357  -38.333  -37.966  82.054 0.0000000000
57366  -37.181  -37.765  81.067 0.0000000000
56407  -34.992  -39.292  76.971 0.0000000000
142777  -36.357  -40.160  77.737 0.0000000000
55430  -35.667  -40.196  76.139 0.0000000000
55444  -36.351  -40.825  75.347 0.0000000000
56430  -34.927  -39.957  74.826 0.0000000000
40424  -20.224  -56.447  89.495 0.0000000000
40395  -20.169  -56.854  91.037 0.0000000000
40396  -21.761  -56.941  91.062 0.0000000000
41387  -23.452  -55.833  81.355 0.0000000000
41386  -22.731  -55.423  82.052 0.0000000000
40510  -24.102  -56.548  82.814 0.0000000000
40489  -23.671  -56.550  84.780 0.0000000000
132161  -24.689  -57.166  83.973 0.0000000000
44092  -26.612  -52.772  82.352 0.0000000000
42258  -26.124  -54.140  81.359 0.0000000000
42248  -27.069  -54.376  82.667 0.0000000000
40475  -28.692  -56.760  84.776 0.0000000000
39579  -27.559  -57.129  84.126 0.0000000000
128568  -28.104  -57.836  85.437 0.0000000000
38601  -26.825  -58.355  85.861 0.0000000000
38583  -28.191  -58.339  86.874 0.0000000000
38563  -27.704  -58.604  87.715 0.0000000000
38565  -29.445  -58.225  87.819 0.0000000000
45935  -32.404  -51.175  88.427 0.0000000000
129787  -12.974  -57.631  87.187 0.0000000000
39529  -12.858  -57.853  87.889 0.0000000000
38560  -12.165  -58.444  87.644 0.0000000000
38489  -15.018  -58.603  94.088 0.0000000000
56478  -41.294  -40.196  70.876 0.0000000000
56463  -40.874  -40.612  72.388 0.0000000000
57444  -42.660  -39.819  72.006 0.0000000000
58332  -44.826  -37.768  76.238 0.0000000000
142238  -44.340  -39.196  75.775 0.0000000000
56410  -46.144  -39.140  77.146 0.0000000000
55437  -47.146  -40.432  76.166 0.0000000000
131644  -47.085  -40.032  75.726 0.0000000000
134396  -49.042  -34.822  77.854 0.0000000000
60088  -47.660  -35.653  77.762 0.0000000000
60099  -48.403  -36.142  75.595 0.0000000000
65874  -49.362  -29.722  67.402 0.0000000000
66817  -51.169  -29.120  68.835 0.0000000000
65875  -50.313  -29.802  67.259 0.0000000000
65889  -53.601  -29.525  66.815 0.0000000000
65890  -54.409  -29.465  66.507 0.0000000000
148381  -55.820  -28.680  66.877 0.0000000000
66861  -55.862  -28.676  65.410 0.0000000000
68717  -55.855  -26.464  61.266 0.0000000000
68709  -54.570  -27.043  62.319 0.0000000000
67818  -56.773  -27.054  62.739 0.0000000000
125108  -57.131  -27.009  64.250 0.0000000000
68703  -58.387  -25.677  63.918 0.0000000000
69643  -58.823  -25.331  63.236 0.0000000000
68724  -59.380  -25.693  61.422 0.0000000000
49504  -32.779  -47.049  83.004 0.0000000000
49519  -33.366  -46.581  82.313 0.0000000000
146592  -32.217  -46.385  81.744 0.0000000000
50405  -31.857  -45.764  79.946 0.0000000000
42215  -18.265  -54.670  84.770 0.0000000000
48663  -27.590  -47.337  81.721 0.0000000000
48655  -28.915  -47.452  82.405 0.0000000000
47803  -29.739  -48.119  83.495 0.0000000000
48637  -30.826  -48.218  84.012 0.0000000000
133125  -30.622  -47.744  83.495 0.0000000000
49503  -31.677  -47.014  83.016 0.0000000000
55422  -38.994  -41.389  77.810 0.0000000000
55409  -40.208  -41.399  78.651 0.0000000000
54446  -39.694  -41.769  77.090 0.0000000000
130018  -41.142  -42.114  76.665 0.0000000000
54473  -41.830  -41.873  75.346 0.0000000000
137536  -48.827  -29.111  71.307 0.0000000000
64903  -50.455  -30.570  72.255 0.0000000000
65823  -50.651  -29.635  72.114 0.0000000000
65816  -52.058  -29.115  74.323 0.0000000000
68652  -54.925  -26.119  70.611 0.0000000000
34725  -9.279  -62.249  88.405 0.0000000000
147174  -8.872  -62.601  89.809 0.0000000000
53351  -36.175  -42.590  81.604 0.0000000000
53337  -36.742  -42.447  82.556 0.0000000000
54370  -36.115  -41.773  81.132 0.0000000000
55381  -36.022  -40.638  80.820 0.0000000000
56371  -35.693  -39.357  80.249 0.0000000000
57372  -35.488  -38.182  80.069 0.0000000000
56390  -35.498  -39.557  78.618 0.0000000000
56406  -34.485  -39.012  77.157 0.0000000000
135976  -33.812  -38.532  76.449 0.0000000000
40439  -22.413  -56.658  88.614 0.0000000000
143924  -22.397  -56.977  90.531 0.0000000000
39501  -23.806  -57.236  90.967 0.0000000000
146297  -24.572  -57.408  91.450 0.0000000000
38520  -27.641  -58.658  91.456 0.0000000000
128643  -23.688  -55.236  79.986 0.0000000000
41388  -24.422  -55.902  81.094 0.0000000000
43110  -27.723  -53.035  84.221 0.0000000000
41358  -28.098  -54.577  83.761 0.0000000000
42220  -28.474  -54.097  84.414 0.0000000000
41344  -29.476  -55.091  84.881 0.0000000000
40463  -30.266  -56.619  85.808 0.0000000000
39536  -30.781  -57.785  87.211 0.0000000000
39552  -31.740  -56.884  86.789 0.0000000000
40459  -14.514  -56.343  86.457 0.0000000000
40445  -14.730  -56.480  87.306 0.0000000000
39510  -14.109  -57.632  89.858 0.0000000000
39489  -14.074  -58.184  91.190 0.0000000000
134601  -15.405  -57.933  91.801 0.0000000000
58377  -43.588  -38.586  70.525 0.0000000000
57445  -43.375  -39.178  72.033 0.0000000000
128570  -44.205  -38.087  72.694 0.0000000000
125650  -44.624  -37.502  74.086 0.0000000000
58333  -45.200  -37.235  76.684 0.0000000000
66869  -48.561  -28.769  64.655 0.0000000000
147326  -50.221  -29.585  65.677 0.0000000000
67795  -49.869  -28.292  63.921 0.0000000000
68723  -56.416  -25.767  60.839 0.0000000000
69657  -58.402  -24.899  61.952 0.0000000000
70546  -57.051  -24.325  60.222 0.0000000000
70547  -58.238  -23.978  60.584 0.0000000000
37625  -10.802  -59.839  90.937 0.0000000000
36650  -9.943  -61.097  91.037 0.0000000000
50331  -37.183  -44.992  87.435 0.0000000000
49484  -36.499  -46.230  86.259 0.0000000000
51245  -36.066  -45.001  84.266 0.0000000000
129794  -35.955  -44.569  83.521 0.0000000000
50372  -34.521  -45.642  82.013 0.0000000000
51281  -34.666  -44.936  81.387 0.0000000000
52338  -35.037  -44.102  81.199 0.0000000000
52354  -34.547  -43.209  79.421 0.0000000000
53387  -34.011  -42.540  78.075 0.0000000000
40435  -17.318  -56.208  88.701 0.0000000000
134130  -17.906  -56.470  90.016 0.0000000000
40436  -18.189  -56.167  88.756 0.0000000000
41300  -19.441  -55.942  88.244 0.0000000000
41301  -20.241  -55.941  88.252 0.0000000000
143005  -19.075  -54.918  85.601 0.0000000000
41327  -20.029  -55.487  86.769 0.0000000000
41302  -21.059  -56.099  88.231 0.0000000000
138083  -22.590  -56.391  87.760 0.0000000000
40449  -23.274  -56.650  87.400 0.0000000000
40450  -23.951  -57.084  87.005 0.0000000000
45117  -26.448  -51.024  80.592 0.0000000000
148073  -26.766  -51.578  81.778 0.0000000000
46952  -27.710  -49.527  81.693 0.0000000000
45101  -27.602  -51.038  82.431 0.0000000000
45091  -27.398  -51.871  83.132 0.0000000000
127737  -28.371  -52.264  84.453 0.0000000000
44066  -29.459  -52.420  85.550 0.0000000000
43085  -30.427  -52.533  86.690 0.0000000000
123522  -31.086  -53.037  88.043 0.0000000000
44058  -30.874  -52.108  87.293 0.0000000000
45948  -31.673  -51.301  87.508 0.0000000000
46871  -32.379  -50.377  87.123 0.0000000000
47779  -31.493  -48.853  84.998 0.0000000000
139254  -33.059  -49.296  86.009 0.0000000000
46873  -34.431  -49.832  87.456 0.0000000000
46874  -35.257  -49.281  87.289 0.0000000000
41322  -15.008  -55.943  85.851 0.0000000000
56330  -41.914  -39.061  84.086 0.0000000000
134046  -43.113  -39.608  83.094 0.0000000000
136093  -43.785  -40.055  81.828 0.0000000000
55372  -45.345  -40.403  81.646 0.0000000000
55398  -42.135  -41.430  79.687 0.0000000000
54388  -43.775  -41.635  80.229 0.0000000000
61129  -47.255  -34.055  70.354 0.0000000000
61088  -46.566  -34.494  72.717 0.0000000000
62096  -47.178  -33.700  72.805 0.0000000000
63060  -47.540  -32.555  75.370 0.0000000000
62021  -49.532  -33.937  78.026 0.0000000000
64882  -49.836  -30.709  74.896 0.0000000000
62022  -50.275  -32.997  77.753 0.0000000000
55532  -36.697  -40.771  70.287 0.0000000000
55516  -38.755  -40.618  71.948 0.0000000000
55534  -38.660  -40.646  70.374 0.0000000000
132810  -40.057  -40.242  69.890 0.0000000000
57484  -41.410  -39.523  69.497 0.0000000000
137277  -41.739  -38.815  69.041 0.0000000000
58403  -42.871  -37.654  68.871 0.0000000000
59270  -44.481  -36.853  69.449 0.0000000000
60188  -44.755  -35.933  69.024 0.0000000000
124421  -45.914  -34.664  69.127 0.0000000000
131541  -46.335  -33.227  68.978 0.0000000000
134590  -46.495  -31.685  69.405 0.0000000000
136014  -46.698  -30.396  70.389 0.0000000000
148341  -42.827  -29.144  68.648 0.0000000000
65837  -44.302  -28.771  69.788 0.0000000000
130627  -46.133  -29.079  70.818 0.0000000000
66789  -46.157  -27.646  70.659 0.0000000000
68645  -46.798  -26.592  70.095 0.0000000000
68661  -48.447  -26.125  70.169 0.0000000000
67728  -49.969  -26.431  70.263 0.0000000000
67753  -48.034  -27.360  69.018 0.0000000000
66833  -48.071  -29.046  67.878 0.0000000000
65893  -47.595  -29.327  65.735 0.0000000000
66868  -47.673  -28.641  64.794 0.0000000000
128021  -9.643  -61.700  90.785 0.0000000000
34707  -8.678  -62.628  91.444 0.0000000000
33865  -8.164  -63.086  90.910 0.0000000000
134842  -6.842  -62.897  95.068 0.0000000000
33857  -7.408  -63.757  92.450 0.0000000000
146690  -7.098  -64.046  91.630 0.0000000000
32974  -6.059  -64.858  91.198 0.0000000000
32057  -5.529  -65.356  90.889 0.0000000000
123692  -4.418  -66.333  91.325 0.0000000000
30082  -3.959  -67.422  92.267 0.0000000000
57318  -41.345  -38.562  85.810 0.0000000000
54318  -38.843  -41.186  86.741 0.0000000000
54356  -37.354  -41.442  83.615 0.0000000000
54329  -38.059  -41.249  85.056 0.0000000000
57315  -38.634  -38.717  85.666 0.0000000000
57330  -39.070  -38.327  84.983 0.0000000000
139225  -40.150  -38.434  84.481 0.0000000000
57359  -39.723  -38.761  82.990 0.0000000000
56365  -38.973  -38.858  81.755 0.0000000000
56382  -38.316  -39.806  79.782 0.0000000000
126801  -36.184  -38.223  79.578 0.0000000000
55406  -37.276  -40.047  78.586 0.0000000000
55407  -38.147  -40.794  78.353 0.0000000000
55432  -37.335  -41.215  76.424 0.0000000000
55459  -37.125  -40.970  74.659 0.0000000000
55497  -36.323  -40.664  72.608 0.0000000000
55441  -32.102  -40.158  75.367 0.0000000000
56415  -32.639  -38.468  76.164 0.0000000000
57408  -32.801  -37.979  75.939 0.0000000000
57418  -33.055  -37.983  75.277 0.0000000000
124868  -34.046  -39.679  73.633 0.0000000000
56461  -34.160  -40.178  72.692 0.0000000000
55495  -34.677  -40.623  72.115 0.0000000000
55514  -36.288  -40.744  71.549 0.0000000000
39493  -22.939  -57.219  92.533 0.0000000000
123621  -20.809  -54.206  83.045 0.0000000000
42246  -22.153  -54.954  82.715 0.0000000000
41356  -22.476  -55.428  84.443 0.0000000000
41343  -23.033  -55.931  85.072 0.0000000000
40462  -23.973  -57.058  86.139 0.0000000000
39534  -25.168  -58.155  86.949 0.0000000000
43155  -25.417  -53.715  80.189 0.0000000000
41390  -25.955  -55.150  81.172 0.0000000000
136338  -25.823  -56.662  82.454 0.0000000000
41373  -27.964  -55.723  83.553 0.0000000000
126754  -26.894  -56.732  83.221 0.0000000000
39587  -26.077  -57.430  83.694 0.0000000000
39577  -25.808  -57.670  84.419 0.0000000000
38600  -25.971  -58.279  85.873 0.0000000000
38561  -25.905  -58.524  87.201 0.0000000000
126842  -27.005  -58.677  88.141 0.0000000000
38533  -28.362  -58.868  89.553 0.0000000000
37691  -10.673  -60.355  86.066 0.0000000000
36692  -10.959  -60.184  88.383 0.0000000000
39560  -12.488  -57.569  85.416 0.0000000000
38592  -11.437  -58.569  85.129 0.0000000000
38559  -11.611  -59.081  87.290 0.0000000000
37665  -11.314  -59.659  87.860 0.0000000000
37649  -11.372  -59.441  89.601 0.0000000000
37637  -11.414  -59.370  90.452 0.0000000000
38498  -14.191  -58.544  92.487 0.0000000000
55500  -39.926  -40.685  72.655 0.0000000000
55462  -41.191  -41.141  73.808 0.0000000000
55449  -42.687  -41.373  75.084 0.0000000000
56449  -43.480  -39.519  73.480 0.0000000000
56419  -43.775  -39.939  74.994 0.0000000000
55434  -44.039  -40.997  76.369 0.0000000000
55423  -46.127  -40.616  77.439 0.0000000000
61054  -45.989  -34.833  74.434 0.0000000000
59186  -46.492  -36.435  77.508 0.0000000000
142612  -47.639  -38.101  76.323 0.0000000000
67729  -50.955  -27.309  70.306 0.0000000000
67743  -52.524  -27.671  70.097 0.0000000000
67754  -53.981  -27.657  69.166 0.0000000000
127096  -52.000  -29.613  66.893 0.0000000000
65862  -53.830  -28.859  68.184 0.0000000000
67755  -55.121  -27.551  69.052 0.0000000000
67766  -56.385  -27.521  68.090 0.0000000000
128863  -57.632  -26.937  67.052 0.0000000000
66882  -54.869  -28.448  63.931 0.0000000000
66876  -56.225  -28.251  64.704 0.0000000000
67784  -58.361  -26.524  65.732 0.0000000000
68713  -59.365  -25.624  62.741 0.0000000000
50382  -29.021  -45.851  81.668 0.0000000000
50369  -29.604  -46.525  81.998 0.0000000000
140754  -37.783  -40.689  73.400 0.0000000000
55460  -38.668  -40.969  74.257 0.0000000000
55498  -38.197  -40.638  72.754 0.0000000000
69587  -49.609  -25.639  71.615 0.0000000000
68624  -50.011  -26.128  72.610 0.0000000000
69588  -50.090  -25.402  72.270 0.0000000000
69578  -51.376  -24.896  73.678 0.0000000000
125021  -50.635  -25.153  72.117 0.0000000000
145577  -51.219  -24.912  72.636 0.0000000000
68636  -50.551  -25.614  71.394 0.0000000000
36691  -10.580  -60.762  88.828 0.0000000000
35682  -10.210  -61.351  88.410 0.0000000000
126765  -33.859  -41.625  77.053 0.0000000000
40392  -17.640  -56.933  91.375 0.0000000000
38530  -26.048  -58.345  89.610 0.0000000000
43095  -30.315  -53.312  86.544 0.0000000000
42194  -30.476  -53.923  86.179 0.0000000000
42183  -30.838  -53.568  87.095 0.0000000000
42184  -31.557  -54.037  87.494 0.0000000000
40391  -16.926  -57.084  91.251 0.0000000000
60154  -45.814  -35.732  70.993 0.0000000000
59259  -45.368  -36.267  71.520 0.0000000000
133693  -45.836  -35.607  71.919 0.0000000000
47793  -34.656  -47.785  84.513 0.0000000000
49496  -34.911  -46.926  83.975 0.0000000000
50434  -32.232  -45.118  78.491 0.0000000000
139905  -32.543  -45.169  79.070 0.0000000000
42204  -20.624  -54.787  85.228 0.0000000000
42205  -21.116  -54.749  84.753 0.0000000000
133511  -21.892  -55.493  85.746 0.0000000000
41355  -21.793  -55.151  84.994 0.0000000000
46925  -28.862  -49.477  83.201 0.0000000000
45986  -29.378  -50.511  84.345 0.0000000000
46914  -29.748  -49.386  84.342 0.0000000000
46915  -30.492  -49.107  84.746 0.0000000000
48648  -33.201  -47.406  83.650 0.0000000000
48639  -33.654  -47.858  84.267 0.0000000000
55396  -39.962  -40.562  80.010 0.0000000000
55369  -40.779  -40.507  81.198 0.0000000000
139903  -43.104  -42.008  76.978 0.0000000000
54450  -43.355  -41.968  77.469 0.0000000000
123943  -44.412  -41.640  77.702 0.0000000000
64032  -49.053  -32.008  71.029 0.0000000000
64033  -49.501  -31.417  71.574 0.0000000000
63966  -52.099  -31.171  77.660 0.0000000000
64938  -42.430  -30.626  68.605 0.0000000000
67765  -44.884  -28.037  68.006 0.0000000000
66829  -44.434  -28.513  67.141 0.0000000000
133025  -8.546  -62.882  89.016 0.0000000000
132936  -7.736  -63.580  89.179 0.0000000000
127684  -8.676  -61.732  93.960 0.0000000000
35622  -7.882  -61.846  95.624 0.0000000000
138861  -5.783  -65.318  94.547 0.0000000000
31056  -5.645  -66.274  94.535 0.0000000000
52305  -36.279  -43.830  83.034 0.0000000000
52287  -36.908  -43.567  84.387 0.0000000000
52306  -36.799  -43.295  83.649 0.0000000000
56354  -36.106  -38.650  81.726 0.0000000000
56340  -36.615  -38.961  82.643 0.0000000000
57356  -36.445  -38.148  82.143 0.0000000000
57343  -36.809  -38.225  82.832 0.0000000000
58298  -37.038  -37.699  81.721 0.0000000000
58306  -36.444  -37.783  81.124 0.0000000000
56418  -34.908  -39.555  75.946 0.0000000000
40425  -20.970  -56.671  89.690 0.0000000000
131967  -20.942  -56.863  90.602 0.0000000000
40409  -21.648  -56.872  90.146 0.0000000000
41380  -24.165  -56.340  81.902 0.0000000000
41379  -23.422  -56.015  82.377 0.0000000000
40503  -24.761  -56.981  83.283 0.0000000000
43136  -26.599  -53.744  82.120 0.0000000000
43137  -26.964  -53.380  82.972 0.0000000000
39566  -29.509  -57.283  85.900 0.0000000000
39565  -28.772  -57.349  85.335 0.0000000000
39549  -28.698  -57.866  86.146 0.0000000000
39548  -27.735  -58.248  85.984 0.0000000000
38584  -29.026  -57.953  87.083 0.0000000000
45936  -33.169  -50.775  88.747 0.0000000000
39498  -13.632  -58.008  90.511 0.0000000000
56499  -41.757  -39.751  70.385 0.0000000000
56479  -42.012  -39.908  71.308 0.0000000000
58329  -45.328  -37.830  77.242 0.0000000000
57399  -44.802  -38.610  76.631 0.0000000000
57400  -45.351  -38.603  77.246 0.0000000000
56411  -47.108  -39.716  76.307 0.0000000000
135439  -47.041  -39.137  76.656 0.0000000000
60077  -49.362  -34.991  77.591 0.0000000000
60089  -49.154  -35.755  77.325 0.0000000000
148023  -48.962  -29.791  66.846 0.0000000000
65886  -49.592  -29.810  66.628 0.0000000000
123625  -53.951  -29.096  65.213 0.0000000000
123547  -55.326  -29.127  66.177 0.0000000000
128397  -54.921  -29.123  65.251 0.0000000000
67823  -56.386  -26.946  61.872 0.0000000000
67819  -57.696  -25.990  63.488 0.0000000000
68712  -58.186  -25.292  63.163 0.0000000000
132350  -31.912  -46.570  82.227 0.0000000000
49531  -32.680  -46.471  81.937 0.0000000000
49530  -31.603  -46.280  81.506 0.0000000000
50421  -31.010  -45.701  79.834 0.0000000000
50404  -31.412  -45.894  80.620 0.0000000000
49529  -27.706  -46.467  81.670 0.0000000000
49514  -29.022  -46.988  82.203 0.0000000000
49513  -28.359  -47.072  81.977 0.0000000000
47802  -29.286  -47.827  82.954 0.0000000000
48645  -29.944  -47.624  83.230 0.0000000000
49501  -30.026  -47.310  82.964 0.0000000000
49502  -30.694  -47.244  83.080 0.0000000000
54445  -38.866  -41.606  76.871 0.0000000000
54459  -38.795  -41.562  75.985 0.0000000000
55461  -39.484  -41.302  74.493 0.0000000000
54472  -40.313  -41.787  75.593 0.0000000000
123247  -41.095  -41.975  75.847 0.0000000000
54484  -41.027  -41.755  75.040 0.0000000000
66779  -48.436  -28.156  71.507 0.0000000000
65831  -49.990  -29.437  71.689 0.0000000000
66781  -50.148  -28.875  71.982 0.0000000000
66750  -52.543  -28.211  74.449 0.0000000000
65803  -52.505  -28.716  75.365 0.0000000000
65793  -52.616  -28.930  76.577 0.0000000000
68638  -53.595  -26.211  72.214 0.0000000000
68639  -54.731  -26.035  71.788 0.0000000000
68651  -53.805  -26.576  71.196 0.0000000000
35663  -9.709  -61.794  88.818 0.0000000000
147508  -9.230  -62.299  89.231 0.0000000000
145066  -8.945  -62.541  88.677 0.0000000000
53362  -35.037  -42.890  79.953 0.0000000000
53363  -35.629  -42.565  80.685 0.0000000000
53376  -35.289  -41.981  79.777 0.0000000000
54407  -35.514  -40.985  79.558 0.0000000000
55380  -35.740  -40.491  80.062 0.0000000000
55393  -35.614  -39.900  79.456 0.0000000000
56379  -35.538  -38.812  79.422 0.0000000000
56398  -34.662  -39.437  77.386 0.0000000000
124864  -33.973  -38.641  76.931 0.0000000000
40427  -23.082  -56.984  89.188 0.0000000000
40410  -23.044  -57.138  90.147 0.0000000000
39512  -23.763  -57.319  89.827 0.0000000000
134866  -25.364  -57.951  90.226 0.0000000000
39502  -24.509  -57.553  90.511 0.0000000000
123519  -25.234  -57.607  91.330 0.0000000000
38531  -26.982  -58.357  90.194 0.0000000000
38519  -27.165  -58.314  91.260 0.0000000000
38532  -27.752  -58.628  90.776 0.0000000000
41397  -24.309  -55.446  80.422 0.0000000000
43111  -28.179  -53.397  84.525 0.0000000000
126018  -28.651  -53.584  84.843 0.0000000000
148349  -30.582  -55.227  85.538 0.0000000000
40477  -30.179  -55.688  85.344 0.0000000000
128935  -31.041  -56.717  86.320 0.0000000000
134557  -32.249  -56.357  86.889 0.0000000000
41308  -15.285  -56.069  86.673 0.0000000000
40419  -15.509  -57.065  89.356 0.0000000000
39499  -14.518  -57.798  90.607 0.0000000000
39500  -15.482  -57.599  90.855 0.0000000000
131776  -16.518  -57.679  92.509 0.0000000000
145835  -15.981  -57.778  92.101 0.0000000000
125181  -43.962  -38.020  70.274 0.0000000000
58378  -44.073  -38.066  71.165 0.0000000000
58365  -44.370  -37.697  72.052 0.0000000000
127036  -44.906  -36.716  73.767 0.0000000000
59209  -44.904  -36.902  74.754 0.0000000000
59197  -44.963  -37.081  75.762 0.0000000000
134667  -45.222  -36.539  75.352 0.0000000000
66870  -49.480  -28.868  64.525 0.0000000000
69655  -55.497  -25.703  60.958 0.0000000000
69663  -56.130  -25.109  60.450 0.0000000000
69664  -56.909  -25.127  60.575 0.0000000000
36632  -10.366  -60.465  91.412 0.0000000000
144658  -9.396  -60.597  95.483 0.0000000000
49477  -36.584  -46.363  87.123 0.0000000000
50349  -35.688  -45.774  84.074 0.0000000000
50341  -35.963  -45.866  84.708 0.0000000000
50384  -33.370  -46.182  81.617 0.0000000000
50371  -33.948  -46.081  81.952 0.0000000000
50385  -34.015  -45.691  81.399 0.0000000000
51303  -33.814  -44.709  79.935 0.0000000000
51282  -35.307  -44.367  81.870 0.0000000000
52347  -35.123  -43.497  80.640 0.0000000000
51318  -34.205  -43.926  79.685 0.0000000000
148302  -33.833  -43.190  78.423 0.0000000000
41298  -17.873  -56.025  87.992 0.0000000000
41299  -18.672  -55.988  88.153 0.0000000000
134845  -19.073  -55.785  87.649 0.0000000000
41313  -19.745  -55.733  87.548 0.0000000000
42202  -18.444  -54.939  85.456 0.0000000000
124568  -20.765  -55.531  86.666 0.0000000000
41314  -20.653  -55.788  87.436 0.0000000000
144492  -21.403  -55.956  87.613 0.0000000000
40447  -21.840  -56.287  88.073 0.0000000000
40448  -22.034  -55.982  87.320 0.0000000000
41329  -22.688  -55.968  85.968 0.0000000000
40460  -22.700  -56.120  86.944 0.0000000000
39532  -23.862  -57.212  87.882 0.0000000000
46041  -26.712  -50.216  80.253 0.0000000000
45109  -26.611  -51.373  81.315 0.0000000000
45110  -27.026  -51.127  81.744 0.0000000000
124267  -27.642  -48.084  81.689 0.0000000000
47823  -27.398  -48.802  81.337 0.0000000000
46016  -28.276  -50.411  82.944 0.0000000000
46015  -28.007  -50.113  82.185 0.0000000000
45102  -28.013  -51.264  83.247 0.0000000000
45092  -27.968  -51.997  83.757 0.0000000000
133812  -29.876  -52.790  86.053 0.0000000000
127236  -30.154  -52.176  86.080 0.0000000000
45057  -30.691  -51.790  86.617 0.0000000000
126307  -31.423  -50.497  86.303 0.0000000000
45962  -31.742  -50.684  86.960 0.0000000000
45949  -32.132  -50.952  87.678 0.0000000000
126839  -31.178  -48.095  84.122 0.0000000000
47792  -31.232  -48.512  84.520 0.0000000000
48627  -31.554  -48.338  84.728 0.0000000000
46887  -33.760  -49.654  86.586 0.0000000000
46888  -34.713  -49.372  86.593 0.0000000000
46860  -35.048  -49.466  88.009 0.0000000000
127272  -36.030  -47.647  86.033 0.0000000000
48621  -36.130  -47.862  86.797 0.0000000000
56343  -41.458  -39.404  83.467 0.0000000000
56344  -42.418  -39.409  83.597 0.0000000000
56356  -41.309  -39.936  82.499 0.0000000000
55371  -42.276  -40.633  81.209 0.0000000000
55358  -43.050  -39.983  82.321 0.0000000000
55359  -44.737  -39.716  82.081 0.0000000000
128342  -44.400  -40.467  81.471 0.0000000000
55410  -41.067  -41.567  78.738 0.0000000000
55397  -41.358  -41.235  79.511 0.0000000000
54408  -41.938  -41.724  78.863 0.0000000000
54410  -43.658  -41.972  79.355 0.0000000000
54389  -44.624  -41.707  80.428 0.0000000000
54390  -45.495  -41.725  80.590 0.0000000000
53365  -46.241  -42.016  80.060 0.0000000000
54412  -47.165  -41.655  78.530 0.0000000000
61111  -47.281  -34.144  71.299 0.0000000000
62097  -47.760  -33.589  71.838 0.0000000000
64011  -48.638  -31.913  73.786 0.0000000000
63096  -47.876  -32.487  73.718 0.0000000000
63077  -47.906  -32.056  74.615 0.0000000000
63043  -48.087  -32.755  76.592 0.0000000000
127424  -49.094  -33.101  77.612 0.0000000000
64896  -50.716  -30.627  73.140 0.0000000000
64895  -50.031  -30.959  73.748 0.0000000000
63965  -50.495  -32.057  77.579 0.0000000000
135782  -3.517  -67.959  91.606 0.0000000000
30089  -3.377  -67.691  90.683 0.0000000000
29131  -3.242  -68.507  91.060 0.0000000000
56514  -39.660  -39.959  68.970 0.0000000000
56515  -40.571  -39.757  69.216 0.0000000000
57483  -40.135  -39.305  68.508 0.0000000000
58402  -41.954  -37.918  68.718 0.0000000000
57485  -42.582  -38.517  69.272 0.0000000000
59281  -43.037  -36.745  68.630 0.0000000000
59282  -43.863  -36.301  68.659 0.0000000000
60206  -44.302  -35.408  68.481 0.0000000000
61157  -44.593  -34.562  68.354 0.0000000000
62146  -45.176  -33.405  68.450 0.0000000000
62137  -45.902  -33.774  68.745 0.0000000000
63152  -44.858  -32.518  68.557 0.0000000000
64047  -44.174  -30.908  69.534 0.0000000000
63142  -45.348  -32.007  68.983 0.0000000000
139883  -45.014  -31.172  69.644 0.0000000000
64918  -45.989  -30.993  69.933 0.0000000000
64917  -45.113  -30.284  70.189 0.0000000000
66795  -44.557  -27.930  69.406 0.0000000000
66794  -43.861  -28.391  69.096 0.0000000000
140849  -44.867  -28.199  69.920 0.0000000000
65838  -45.105  -29.146  70.351 0.0000000000
66788  -45.422  -28.014  70.338 0.0000000000
66790  -46.951  -28.386  71.069 0.0000000000
67751  -46.114  -27.128  69.099 0.0000000000
67737  -46.208  -26.842  69.814 0.0000000000
67738  -46.853  -26.693  69.745 0.0000000000
68646  -47.566  -26.376  70.267 0.0000000000
67739  -47.697  -26.561  69.662 0.0000000000
142668  -48.465  -26.769  69.497 0.0000000000
66843  -46.016  -28.964  66.345 0.0000000000
66832  -47.160  -28.841  67.636 0.0000000000
65871  -46.943  -29.224  66.757 0.0000000000
65872  -47.768  -29.450  67.114 0.0000000000
131815  -6.654  -64.582  89.025 0.0000000000
36631  -9.865  -60.989  91.863 0.0000000000
35646  -9.570  -61.636  91.487 0.0000000000
34704  -8.579  -62.608  92.408 0.0000000000
35640  -9.020  -62.045  91.877 0.0000000000
33862  -8.128  -63.189  91.918 0.0000000000
34695  -7.327  -62.391  95.382 0.0000000000
33852  -6.453  -64.138  94.122 0.0000000000
33853  -7.155  -63.556  93.934 0.0000000000
33856  -6.834  -64.134  93.176 0.0000000000
33860  -6.654  -64.223  92.275 0.0000000000
32971  -6.597  -64.404  91.414 0.0000000000
32970  -6.008  -64.585  92.088 0.0000000000
32963  -5.095  -65.580  93.062 0.0000000000
32969  -5.441  -65.120  91.824 0.0000000000
32968  -4.967  -65.560  92.359 0.0000000000
32053  -4.911  -65.693  91.550 0.0000000000
123485  -4.529  -66.096  92.126 0.0000000000
31072  -4.218  -66.695  91.929 0.0000000000
31068  -4.385  -66.635  92.616 0.0000000000
29102  -5.121  -67.727  94.134 0.0000000000
127934  -40.329  -38.867  87.264 0.0000000000
128711  -41.399  -38.636  87.252 0.0000000000
145592  -39.956  -38.744  86.605 0.0000000000
51231  -37.135  -44.687  86.583 0.0000000000
130734  -37.460  -44.432  87.233 0.0000000000
51239  -37.323  -44.032  86.219 0.0000000000
52288  -37.598  -42.940  85.059 0.0000000000
52265  -37.753  -43.506  86.347 0.0000000000
53269  -38.004  -42.900  85.876 0.0000000000
53270  -38.522  -42.139  86.275 0.0000000000
53352  -36.577  -41.893  81.943 0.0000000000
53315  -37.106  -42.411  83.371 0.0000000000
54355  -36.979  -41.492  82.773 0.0000000000
55344  -37.390  -40.363  84.059 0.0000000000
55337  -37.813  -40.537  84.735 0.0000000000
55338  -38.225  -40.037  85.484 0.0000000000
127601  -38.632  -39.209  86.065 0.0000000000
56323  -37.986  -38.947  85.362 0.0000000000
129382  -38.502  -38.081  84.041 0.0000000000
57329  -38.195  -38.403  84.852 0.0000000000
57331  -39.906  -38.470  85.363 0.0000000000
144316  -39.333  -38.148  84.143 0.0000000000
57347  -39.937  -38.546  83.644 0.0000000000
57367  -38.116  -38.322  81.201 0.0000000000
126502  -38.807  -39.400  80.974 0.0000000000
56380  -35.619  -38.227  79.439 0.0000000000
139970  -36.008  -38.634  79.047 0.0000000000
55405  -36.342  -39.594  78.501 0.0000000000
55420  -37.226  -40.614  77.825 0.0000000000
55394  -37.775  -39.915  79.129 0.0000000000
130266  -37.482  -41.218  77.111 0.0000000000
55457  -35.584  -40.519  74.131 0.0000000000
55458  -36.321  -40.768  74.408 0.0000000000
55479  -37.116  -40.755  73.808 0.0000000000
55478  -36.350  -40.692  73.498 0.0000000000
56414  -31.948  -38.855  75.839 0.0000000000
56427  -31.231  -38.327  75.419 0.0000000000
57417  -32.300  -37.459  75.370 0.0000000000
57433  -32.714  -37.829  74.632 0.0000000000
56443  -32.552  -38.488  73.361 0.0000000000
56460  -33.369  -39.635  72.743 0.0000000000
55513  -35.297  -40.841  71.390 0.0000000000
40422  -18.710  -56.523  90.263 0.0000000000
142173  -18.825  -56.704  90.933 0.0000000000
40407  -19.449  -56.676  90.599 0.0000000000
129672  -20.988  -56.991  91.681 0.0000000000
40398  -23.073  -57.042  90.964 0.0000000000
40397  -22.606  -57.088  91.477 0.0000000000
39494  -23.423  -57.245  91.824 0.0000000000
41378  -22.802  -55.511  82.973 0.0000000000
122889  -22.030  -54.889  81.777 0.0000000000
42236  -22.299  -55.091  83.588 0.0000000000
41357  -23.223  -56.045  84.205 0.0000000000
40490  -24.336  -57.115  84.561 0.0000000000
40474  -24.084  -57.075  85.314 0.0000000000
39562  -24.606  -57.562  85.736 0.0000000000
39546  -24.527  -57.667  86.559 0.0000000000
39547  -25.238  -57.977  86.143 0.0000000000
123679  -25.432  -52.913  80.008 0.0000000000
42247  -26.589  -54.849  81.848 0.0000000000
42257  -25.650  -54.432  80.676 0.0000000000
41389  -25.359  -55.896  81.327 0.0000000000
41381  -26.161  -55.898  81.902 0.0000000000
138260  -27.558  -55.017  83.120 0.0000000000
145366  -27.234  -57.515  84.428 0.0000000000
40506  -27.488  -56.636  83.621 0.0000000000
39588  -26.843  -57.245  83.783 0.0000000000
40505  -26.285  -57.006  83.108 0.0000000000
38581  -26.402  -58.523  86.557 0.0000000000
38580  -25.725  -58.352  86.521 0.0000000000
38562  -26.743  -58.683  87.358 0.0000000000
38549  -28.462  -58.606  88.605 0.0000000000
38534  -29.155  -59.162  89.224 0.0000000000
38566  -30.318  -58.293  87.839 0.0000000000
45028  -31.165  -52.491  88.066 0.0000000000
36707  -10.960  -60.294  87.612 0.0000000000
40458  -13.849  -56.772  86.181 0.0000000000
39561  -13.181  -57.218  85.875 0.0000000000
39544  -13.411  -57.218  86.792 0.0000000000
39543  -12.654  -57.749  86.440 0.0000000000
38593  -11.998  -58.141  85.753 0.0000000000
135253  -11.657  -58.773  85.837 0.0000000000
38575  -11.972  -58.450  86.674 0.0000000000
38544  -11.738  -58.945  88.211 0.0000000000
133646  -11.315  -59.476  88.749 0.0000000000
133059  -11.914  -58.928  89.928 0.0000000000
39490  -14.558  -58.289  91.825 0.0000000000
38508  -13.748  -58.451  91.830 0.0000000000
57349  -45.360  -38.498  84.086 0.0000000000
55499  -39.482  -40.577  72.171 0.0000000000
56462  -40.213  -40.492  71.899 0.0000000000
56447  -41.638  -40.739  73.023 0.0000000000
55483  -41.953  -41.031  73.758 0.0000000000
55448  -41.750  -41.445  74.480 0.0000000000
55463  -42.576  -40.941  74.214 0.0000000000
58352  -43.749  -38.806  72.909 0.0000000000
56465  -43.168  -39.610  72.702 0.0000000000
57419  -43.856  -38.825  73.923 0.0000000000
145111  -44.635  -39.279  76.435 0.0000000000
55450  -43.596  -40.818  75.474 0.0000000000
55435  -44.944  -40.345  77.079 0.0000000000
54465  -44.703  -41.069  77.234 0.0000000000
55451  -47.001  -40.675  75.811 0.0000000000
54466  -47.200  -41.103  76.344 0.0000000000
54477  -46.915  -41.244  75.847 0.0000000000
125082  -46.343  -34.205  74.426 0.0000000000
61087  -46.142  -34.665  73.653 0.0000000000
61055  -46.268  -34.680  75.318 0.0000000000
59177  -48.201  -36.291  77.824 0.0000000000
60087  -46.633  -35.629  77.183 0.0000000000
59187  -48.085  -36.857  77.588 0.0000000000
58330  -47.551  -37.280  77.586 0.0000000000
142705  -47.936  -37.510  77.042 0.0000000000
66797  -49.825  -28.103  69.380 0.0000000000
67741  -50.208  -27.422  69.832 0.0000000000
66799  -51.775  -28.677  69.277 0.0000000000
67742  -51.695  -28.026  69.911 0.0000000000
146508  -52.328  -28.240  69.532 0.0000000000
67744  -53.544  -27.337  69.863 0.0000000000
66800  -53.061  -27.981  69.348 0.0000000000
125543  -51.116  -29.719  66.567 0.0000000000
65879  -54.330  -29.404  67.170 0.0000000000
65878  -53.690  -29.280  67.569 0.0000000000
127070  -54.442  -28.337  68.586 0.0000000000
66820  -55.467  -28.160  68.389 0.0000000000
67756  -56.143  -27.241  68.860 0.0000000000
66845  -56.298  -28.291  66.271 0.0000000000
66836  -56.626  -27.660  67.159 0.0000000000
67768  -57.955  -26.927  67.501 0.0000000000
67773  -58.094  -26.707  66.447 0.0000000000
67817  -55.718  -27.582  62.485 0.0000000000
67816  -54.764  -27.708  62.855 0.0000000000
67808  -54.380  -28.007  63.417 0.0000000000
66883  -55.837  -28.345  63.945 0.0000000000
67798  -57.918  -26.386  65.075 0.0000000000
67785  -58.732  -26.756  65.622 0.0000000000
69650  -58.971  -25.098  62.761 0.0000000000
69659  -59.247  -25.207  62.030 0.0000000000
50370  -30.464  -46.426  81.887 0.0000000000
137302  -30.823  -45.989  81.226 0.0000000000
50381  -28.327  -45.991  81.739 0.0000000000
49515  -29.532  -47.003  82.411 0.0000000000
123931  -37.939  -41.118  74.879 0.0000000000
55447  -38.734  -41.362  75.093 0.0000000000
55481  -39.493  -40.900  73.556 0.0000000000
67708  -49.475  -26.779  72.182 0.0000000000
67698  -50.699  -26.440  73.213 0.0000000000
68605  -51.927  -25.147  74.511 0.0000000000
128015  -52.694  -24.628  74.501 0.0000000000
69579  -53.606  -24.833  74.571 0.0000000000
69590  -52.015  -24.727  72.982 0.0000000000
68625  -52.636  -25.831  72.413 0.0000000000
36706  -10.601  -60.791  86.972 0.0000000000
35696  -10.204  -61.368  87.550 0.0000000000
128776  -9.693  -61.780  89.543 0.0000000000
53388  -34.625  -42.028  78.431 0.0000000000
54424  -34.860  -41.169  78.144 0.0000000000
55404  -35.150  -40.361  78.325 0.0000000000
55418  -34.678  -40.263  77.625 0.0000000000
56405  -33.622  -38.949  76.814 0.0000000000
39477  -17.425  -57.469  92.784 0.0000000000
39522  -23.781  -57.296  88.815 0.0000000000
38547  -26.775  -58.470  89.002 0.0000000000
43101  -29.162  -53.459  85.302 0.0000000000
42193  -29.805  -53.587  85.778 0.0000000000
137470  -30.953  -54.764  85.784 0.0000000000
40464  -31.714  -56.142  86.421 0.0000000000
41331  -31.656  -55.182  86.290 0.0000000000
141949  -32.495  -55.247  87.369 0.0000000000
40403  -15.867  -57.104  90.113 0.0000000000
40404  -16.384  -57.120  90.756 0.0000000000
59258  -44.938  -36.884  71.032 0.0000000000
58379  -44.592  -37.440  71.358 0.0000000000
59242  -45.362  -36.102  72.465 0.0000000000
59225  -45.307  -36.008  73.413 0.0000000000
48629  -35.587  -47.695  85.237 0.0000000000
49483  -36.109  -46.914  85.734 0.0000000000
49490  -35.824  -46.716  84.972 0.0000000000
49507  -35.225  -46.154  83.625 0.0000000000
129160  -32.525  -45.532  79.697 0.0000000000
50406  -33.254  -45.455  80.161 0.0000000000
50422  -33.146  -44.986  79.428 0.0000000000
52353  -33.620  -44.275  79.185 0.0000000000
41310  -16.873  -55.735  87.077 0.0000000000
41311  -17.630  -55.715  87.252 0.0000000000
41326  -18.187  -55.413  86.711 0.0000000000
42216  -19.508  -54.456  84.428 0.0000000000
42203  -19.809  -54.774  85.272 0.0000000000
41328  -21.305  -55.432  86.229 0.0000000000
46938  -28.665  -48.824  82.616 0.0000000000
46937  -28.224  -49.366  82.179 0.0000000000
45998  -28.778  -50.417  83.591 0.0000000000
126207  -28.608  -51.315  83.913 0.0000000000
126927  -29.866  -50.905  85.014 0.0000000000
45056  -30.486  -51.456  86.008 0.0000000000
45972  -30.514  -50.649  85.577 0.0000000000
125682  -31.391  -49.843  85.714 0.0000000000
48628  -32.134  -48.057  84.981 0.0000000000
146157  -32.993  -48.127  84.800 0.0000000000
47765  -35.024  -48.980  86.021 0.0000000000
47782  -34.886  -48.511  85.346 0.0000000000
41324  -16.675  -55.563  86.279 0.0000000000
143300  -40.196  -40.102  81.518 0.0000000000
55384  -41.541  -40.746  80.820 0.0000000000
54429  -42.668  -42.063  78.154 0.0000000000
54430  -43.604  -42.050  78.347 0.0000000000
53377  -45.145  -42.051  79.244 0.0000000000
53389  -45.512  -41.796  78.726 0.0000000000
125068  -45.519  -41.449  78.148 0.0000000000
54452  -46.745  -41.135  77.503 0.0000000000
63135  -47.836  -32.497  69.865 0.0000000000
62114  -48.241  -33.094  71.143 0.0000000000
63129  -48.682  -32.586  71.469 0.0000000000
64022  -49.041  -32.090  72.788 0.0000000000
64874  -51.109  -29.970  76.338 0.0000000000
64873  -50.622  -30.667  76.798 0.0000000000
64861  -51.055  -31.283  77.524 0.0000000000
68673  -57.752  -26.649  68.959 0.0000000000
58419  -42.157  -36.959  68.545 0.0000000000
63151  -43.313  -32.258  68.309 0.0000000000
133715  -43.677  -31.746  68.732 0.0000000000
64061  -43.609  -31.054  69.150 0.0000000000
64928  -43.618  -30.128  69.530 0.0000000000
66810  -44.281  -27.933  68.806 0.0000000000
124933  -44.912  -27.485  69.130 0.0000000000
67750  -45.258  -27.424  68.810 0.0000000000
66811  -45.668  -27.841  68.174 0.0000000000
66812  -46.580  -27.870  68.298 0.0000000000
32986  -7.088  -64.163  88.689 0.0000000000
32975  -6.547  -64.558  90.546 0.0000000000
35634  -9.223  -61.450  93.260 0.0000000000
145340  -8.807  -61.889  93.329 0.0000000000
34700  -8.417  -62.366  93.501 0.0000000000
32956  -6.733  -63.660  95.332 0.0000000000
32955  -6.331  -64.252  94.802 0.0000000000
32960  -5.908  -64.681  93.931 0.0000000000
32959  -5.466  -65.319  93.700 0.0000000000
32047  -4.984  -65.903  93.567 0.0000000000
31066  -4.643  -66.517  93.371 0.0000000000
31062  -5.000  -66.296  93.999 0.0000000000
31063  -5.146  -66.696  94.332 0.0000000000
132175  -36.615  -44.313  84.760 0.0000000000
139904  -37.119  -43.670  85.034 0.0000000000
146032  -37.258  -43.254  84.661 0.0000000000
54371  -36.366  -40.473  81.487 0.0000000000
55350  -36.870  -40.301  82.681 0.0000000000
55351  -37.039  -39.691  83.395 0.0000000000
56328  -37.272  -39.226  84.095 0.0000000000
56329  -37.666  -38.755  84.570 0.0000000000
148051  -37.412  -38.562  83.935 0.0000000000
57344  -37.402  -38.035  83.318 0.0000000000
57345  -38.194  -37.943  83.005 0.0000000000
58293  -37.609  -37.804  82.253 0.0000000000
58299  -37.660  -37.817  81.655 0.0000000000
148398  -37.442  -38.257  80.544 0.0000000000
145362  -35.229  -39.483  77.576 0.0000000000
56400  -35.660  -39.615  78.033 0.0000000000
56408  -35.934  -40.133  77.063 0.0000000000
55431  -36.502  -40.819  76.286 0.0000000000
55443  -35.587  -40.418  75.112 0.0000000000
56446  -34.982  -40.180  73.845 0.0000000000
40408  -20.194  -56.697  90.174 0.0000000000
40388  -22.009  -57.186  92.100 0.0000000000
132004  -24.607  -57.623  92.911 0.0000000000
39482  -23.814  -57.343  92.874 0.0000000000
42256  -23.240  -55.468  80.606 0.0000000000
42255  -22.616  -55.361  81.081 0.0000000000
41372  -23.387  -56.106  83.318 0.0000000000
40502  -23.987  -56.712  83.832 0.0000000000
39576  -25.040  -57.475  84.484 0.0000000000
43148  -26.084  -53.001  81.521 0.0000000000
43156  -25.731  -52.881  80.651 0.0000000000
40491  -28.221  -56.478  84.156 0.0000000000
39580  -27.996  -57.381  84.734 0.0000000000
125806  -27.263  -57.918  85.119 0.0000000000
38564  -28.644  -58.356  87.759 0.0000000000
39530  -13.421  -57.336  87.530 0.0000000000
38545  -12.345  -58.352  88.503 0.0000000000
141700  -12.146  -58.616  89.567 0.0000000000
39460  -15.403  -58.349  93.279 0.0000000000
130948  -40.407  -40.435  70.934 0.0000000000
130187  -41.117  -40.378  71.604 0.0000000000
56464  -41.779  -40.262  72.167 0.0000000000
122977  -42.482  -40.202  72.718 0.0000000000
57409  -44.014  -38.980  74.830 0.0000000000
57410  -44.499  -38.403  75.523 0.0000000000
56409  -45.054  -39.387  77.012 0.0000000000
55436  -46.428  -40.071  76.925 0.0000000000
55466  -46.509  -40.326  75.019 0.0000000000
61040  -47.316  -34.108  76.783 0.0000000000
61039  -46.730  -34.324  76.122 0.0000000000
61027  -48.001  -34.822  77.674 0.0000000000
59188  -48.635  -36.284  77.499 0.0000000000
65857  -48.948  -29.220  68.037 0.0000000000
66816  -50.281  -29.005  68.897 0.0000000000
65858  -49.824  -29.446  68.139 0.0000000000
65859  -50.717  -29.526  68.185 0.0000000000
65860  -51.452  -29.446  68.184 0.0000000000
66844  -55.129  -29.209  67.075 0.0000000000
66835  -55.698  -28.486  67.598 0.0000000000
68716  -54.821  -26.251  61.634 0.0000000000
68710  -55.475  -27.002  61.790 0.0000000000
67810  -56.398  -27.728  63.410 0.0000000000
144873  -57.175  -26.796  63.633 0.0000000000
67811  -57.840  -26.106  64.305 0.0000000000
68697  -58.503  -26.105  64.683 0.0000000000
68704  -58.893  -25.977  64.012 0.0000000000
69666  -59.149  -24.828  61.355 0.0000000000
49505  -33.779  -46.932  82.996 0.0000000000
50383  -32.638  -46.238  81.341 0.0000000000
142907  -32.407  -45.927  80.561 0.0000000000
42201  -17.788  -54.997  85.253 0.0000000000
123534  -18.764  -54.434  84.403 0.0000000000
42234  -20.040  -54.154  83.637 0.0000000000
48674  -27.016  -47.958  81.158 0.0000000000
48654  -28.245  -47.736  82.081 0.0000000000
47812  -28.715  -48.075  82.512 0.0000000000
146405  -28.964  -48.257  82.831 0.0000000000
47790  -30.198  -48.511  84.098 0.0000000000
48636  -30.335  -47.972  83.638 0.0000000000
48646  -31.251  -47.616  83.658 0.0000000000
48647  -32.118  -47.408  83.744 0.0000000000
146255  -38.841  -41.039  78.442 0.0000000000
55408  -39.395  -41.208  78.534 0.0000000000
54426  -39.912  -41.640  77.901 0.0000000000
54427  -40.732  -41.840  77.999 0.0000000000
54460  -39.567  -41.779  76.226 0.0000000000
54461  -40.377  -41.929  76.441 0.0000000000
146171  -41.179  -42.065  77.368 0.0000000000
54448  -41.857  -42.195  76.980 0.0000000000
54462  -41.861  -42.158  76.153 0.0000000000
54463  -42.692  -41.982  76.530 0.0000000000
65829  -48.750  -29.867  70.997 0.0000000000
64911  -49.336  -30.560  71.216 0.0000000000
64912  -50.057  -30.136  71.637 0.0000000000
144453  -51.244  -30.139  73.465 0.0000000000
66770  -50.826  -28.538  72.437 0.0000000000
65815  -51.642  -29.501  73.335 0.0000000000
64897  -51.517  -29.804  74.262 0.0000000000
65802  -51.800  -29.358  75.578 0.0000000000
65783  -51.966  -29.643  77.118 0.0000000000
69591  -54.038  -25.146  73.888 0.0000000000
68640  -55.833  -25.761  71.400 0.0000000000
35695  -9.673  -61.783  87.168 0.0000000000
34741  -9.215  -62.227  87.595 0.0000000000
33868  -8.270  -63.038  89.978 0.0000000000
145898  -36.390  -41.189  81.484 0.0000000000
54386  -35.724  -41.460  80.325 0.0000000000
55368  -36.022  -39.530  81.174 0.0000000000
56364  -35.732  -38.397  80.861 0.0000000000
57373  -35.833  -37.852  80.597 0.0000000000
56399  -35.262  -39.457  78.025 0.0000000000
56389  -34.963  -39.674  77.907 0.0000000000
123771  -34.885  -39.366  77.454 0.0000000000
56417  -34.306  -38.870  76.657 0.0000000000
40426  -22.248  -56.878  89.569 0.0000000000
39495  -25.084  -57.490  92.305 0.0000000000
41396  -23.814  -55.625  80.657 0.0000000000
137160  -24.815  -56.316  81.718 0.0000000000
43124  -27.341  -53.120  83.663 0.0000000000
42237  -27.572  -53.860  83.510 0.0000000000
42219  -28.027  -53.774  84.125 0.0000000000
141248  -28.933  -54.849  84.473 0.0000000000
42206  -28.971  -54.124  84.860 0.0000000000
40492  -28.939  -55.872  84.532 0.0000000000
40476  -29.458  -56.473  85.162 0.0000000000
128850  -30.283  -57.308  86.534 0.0000000000
39551  -31.124  -57.276  86.796 0.0000000000
39537  -31.764  -57.617  87.330 0.0000000000
40472  -14.273  -56.311  85.596 0.0000000000
39545  -14.008  -56.737  86.982 0.0000000000
40432  -14.669  -56.788  87.973 0.0000000000
39531  -14.039  -56.959  87.695 0.0000000000
126811  -14.805  -57.958  91.248 0.0000000000
39476  -15.714  -57.935  92.597 0.0000000000
144436  -43.072  -38.986  70.820 0.0000000000
57457  -42.898  -39.396  71.342 0.0000000000
57458  -43.543  -38.823  71.314 0.0000000000
58364  -43.898  -38.416  72.035 0.0000000000
58353  -44.250  -38.140  73.506 0.0000000000
59224  -44.596  -37.365  73.003 0.0000000000
58340  -44.680  -37.642  75.131 0.0000000000
58325  -46.275  -37.620  77.618 0.0000000000
66856  -48.990  -29.344  65.311 0.0000000000
65895  -49.678  -29.648  65.831 0.0000000000
66857  -50.048  -29.373  65.101 0.0000000000
66858  -50.814  -29.106  64.885 0.0000000000
68718  -56.877  -26.165  61.478 0.0000000000
68719  -57.879  -25.251  62.285 0.0000000000
69656  -57.389  -25.348  61.188 0.0000000000
69665  -57.949  -24.473  61.134 0.0000000000
148152  -56.665  -23.854  59.937 0.0000000000
37636  -10.899  -59.993  90.084 0.0000000000
36651  -10.436  -60.590  90.559 0.0000000000
50330  -36.823  -45.557  86.835 0.0000000000
50336  -36.709  -45.366  85.975 0.0000000000
49491  -36.256  -46.048  85.467 0.0000000000
50342  -36.414  -45.164  85.151 0.0000000000
49520  -34.245  -46.263  82.521 0.0000000000
50356  -34.975  -45.671  82.820 0.0000000000
51263  -35.013  -45.063  82.159 0.0000000000
51264  -35.570  -44.675  82.739 0.0000000000
125170  -35.828  -43.897  82.279 0.0000000000
52339  -35.662  -43.472  81.495 0.0000000000
141186  -33.996  -43.534  78.999 0.0000000000
52363  -34.337  -42.840  78.743 0.0000000000
53397  -33.709  -42.347  77.323 0.0000000000
144703  -18.509  -56.343  89.487 0.0000000000
41288  -19.019  -56.204  88.866 0.0000000000
41289  -19.846  -56.178  88.931 0.0000000000
40437  -20.652  -56.286  88.935 0.0000000000
42192  -18.695  -55.134  86.151 0.0000000000
41339  -19.537  -55.093  86.137 0.0000000000
40438  -21.545  -56.516  88.955 0.0000000000
39533  -24.503  -57.771  87.437 0.0000000000
45128  -26.241  -50.731  79.780 0.0000000000
45116  -26.021  -51.473  80.193 0.0000000000
44108  -26.088  -51.989  80.934 0.0000000000
44101  -26.493  -52.087  81.732 0.0000000000
46042  -27.030  -49.692  80.949 0.0000000000
46030  -27.370  -50.384  81.643 0.0000000000
45100  -26.937  -51.856  82.356 0.0000000000
44082  -27.482  -52.575  83.708 0.0000000000
44076  -28.138  -52.936  84.662 0.0000000000
44065  -28.742  -52.705  85.056 0.0000000000
132445  -29.220  -53.047  85.524 0.0000000000
146081  -30.133  -52.887  86.425 0.0000000000
43086  -30.446  -52.971  86.905 0.0000000000
44047  -30.791  -52.654  87.396 0.0000000000
45043  -31.307  -51.863  87.793 0.0000000000
45961  -30.956  -50.975  86.272 0.0000000000
45947  -31.235  -51.325  86.961 0.0000000000
45950  -32.860  -50.661  87.922 0.0000000000
47791  -30.848  -48.616  84.456 0.0000000000
46903  -31.337  -49.331  85.265 0.0000000000
47762  -31.659  -49.358  85.443 0.0000000000
47780  -31.862  -48.709  85.223 0.0000000000
47763  -32.251  -49.325  85.751 0.0000000000
125780  -32.704  -49.810  86.499 0.0000000000
46872  -33.333  -50.144  87.306 0.0000000000
46859  -34.517  -49.841  88.481 0.0000000000
46889  -35.359  -49.009  86.585 0.0000000000
47751  -35.803  -48.661  87.094 0.0000000000
41336  -14.702  -55.870  84.965 0.0000000000
41323  -15.857  -55.753  86.040 0.0000000000
41309  -16.109  -55.885  86.858 0.0000000000
143353  -16.656  -56.450  89.002 0.0000000000
56331  -42.670  -38.959  84.249 0.0000000000
56357  -42.262  -39.834  82.852 0.0000000000
129262  -43.854  -39.594  82.543 0.0000000000
146819  -44.577  -39.241  82.748 0.0000000000
129991  -40.530  -41.034  79.393 0.0000000000
141697  -41.634  -41.013  80.137 0.0000000000
55385  -42.271  -41.035  80.434 0.0000000000
54387  -42.928  -41.547  79.973 0.0000000000
54372  -44.061  -41.074  80.899 0.0000000000
54373  -44.927  -41.130  81.080 0.0000000000
54374  -45.890  -41.189  81.237 0.0000000000
53378  -46.108  -41.910  79.187 0.0000000000
61128  -46.776  -34.648  70.854 0.0000000000
60155  -46.289  -35.148  71.377 0.0000000000
61110  -46.753  -34.637  71.777 0.0000000000
61089  -47.142  -34.149  72.104 0.0000000000
128064  -46.690  -33.562  74.384 0.0000000000
63112  -47.849  -32.948  72.760 0.0000000000
62077  -47.153  -33.116  73.777 0.0000000000
62058  -46.921  -32.995  74.882 0.0000000000
62030  -48.282  -33.792  77.449 0.0000000000
61018  -49.753  -34.428  77.936 0.0000000000
61028  -49.978  -34.441  77.533 0.0000000000
64024  -49.991  -31.164  72.104 0.0000000000
64012  -49.499  -31.563  73.290 0.0000000000
63997  -49.268  -31.282  74.297 0.0000000000
64872  -49.863  -30.832  76.215 0.0000000000
63964  -49.520  -31.605  76.914 0.0000000000
63982  -48.754  -31.631  76.013 0.0000000000
145409  -49.869  -33.367  77.951 0.0000000000
31075  -4.266  -66.561  90.353 0.0000000000
126684  -37.306  -40.755  71.247 0.0000000000
55515  -37.796  -40.647  72.022 0.0000000000
123734  -38.218  -40.721  71.186 0.0000000000
143619  -38.947  -40.639  71.132 0.0000000000
56497  -39.487  -40.539  70.572 0.0000000000
56496  -39.183  -40.459  69.614 0.0000000000
56498  -40.921  -40.000  70.131 0.0000000000
141957  -40.951  -39.129  68.771 0.0000000000
130890  -42.205  -39.213  69.806 0.0000000000
57473  -42.939  -38.866  70.098 0.0000000000
58389  -43.457  -38.175  69.597 0.0000000000
58390  -44.080  -37.617  69.687 0.0000000000
58404  -43.677  -37.272  69.053 0.0000000000
141054  -44.919  -36.790  70.225 0.0000000000
60170  -45.167  -36.236  69.731 0.0000000000
60171  -45.733  -35.748  70.087 0.0000000000
61142  -45.155  -35.123  68.721 0.0000000000
60190  -46.014  -35.156  69.736 0.0000000000
61143  -46.604  -34.534  69.842 0.0000000000
61144  -47.044  -33.795  69.642 0.0000000000
63144  -47.036  -33.053  69.333 0.0000000000
63153  -45.685  -32.879  68.695 0.0000000000
63143  -46.316  -32.409  69.082 0.0000000000
64050  -47.143  -32.118  69.426 0.0000000000
64039  -47.024  -31.265  69.727 0.0000000000
64919  -47.738  -30.775  70.239 0.0000000000
65856  -43.072  -29.500  69.038 0.0000000000
65846  -43.614  -29.128  69.379 0.0000000000
132277  -44.047  -29.566  69.836 0.0000000000
142388  -45.777  -30.070  70.491 0.0000000000
65839  -47.288  -29.687  70.842 0.0000000000
65828  -47.984  -29.043  71.203 0.0000000000
66778  -47.578  -27.706  71.212 0.0000000000
124621  -45.702  -27.069  70.065 0.0000000000
67726  -46.427  -26.870  70.325 0.0000000000
140902  -47.415  -26.824  70.961 0.0000000000
68633  -48.338  -26.076  71.093 0.0000000000
68647  -48.327  -26.015  70.771 0.0000000000
68648  -48.971  -25.734  70.796 0.0000000000
68649  -49.737  -25.662  70.879 0.0000000000
67727  -49.230  -25.989  70.357 0.0000000000
67740  -49.310  -26.766  69.693 0.0000000000
66796  -48.920  -27.644  69.113 0.0000000000
66813  -47.560  -28.124  68.412 0.0000000000
66814  -48.482  -28.412  68.570 0.0000000000
65873  -48.563  -29.588  67.345 0.0000000000
65885  -48.341  -29.664  66.618 0.0000000000
143853  -48.237  -29.525  65.859 0.0000000000
66854  -47.234  -29.030  65.376 0.0000000000
66855  -48.023  -29.171  65.256 0.0000000000
35651  -9.955  -61.321  90.154 0.0000000000
34708  -9.224  -62.149  91.053 0.0000000000
34711  -8.792  -62.612  90.566 0.0000000000
34699  -7.550  -62.696  94.307 0.0000000000
33861  -7.604  -63.632  91.318 0.0000000000
32976  -7.141  -64.135  90.820 0.0000000000
126251  -4.329  -67.267  93.115 0.0000000000
30070  -3.850  -67.912  92.918 0.0000000000
57306  -42.529  -38.363  87.104 0.0000000000
57305  -41.716  -38.526  86.496 0.0000000000
51226  -37.642  -44.503  87.954 0.0000000000
53316  -37.479  -42.072  84.011 0.0000000000
53291  -37.775  -42.135  84.645 0.0000000000
54343  -37.663  -41.338  84.337 0.0000000000
54330  -38.489  -41.151  85.877 0.0000000000
55327  -38.801  -40.089  86.373 0.0000000000
56316  -39.023  -38.960  86.539 0.0000000000
57316  -39.357  -38.671  86.061 0.0000000000
57317  -40.339  -38.580  85.942 0.0000000000
57332  -40.805  -38.616  85.137 0.0000000000
130050  -41.162  -38.854  84.295 0.0000000000
57348  -40.667  -38.892  83.775 0.0000000000
56342  -40.513  -39.285  83.020 0.0000000000
57358  -39.056  -38.432  82.591 0.0000000000
56355  -39.904  -39.425  82.209 0.0000000000
127016  -39.527  -39.802  81.350 0.0000000000
55382  -39.368  -40.102  80.574 0.0000000000
55395  -39.145  -40.327  79.847 0.0000000000
57381  -35.739  -37.880  79.972 0.0000000000
57374  -36.477  -37.876  80.325 0.0000000000
56381  -37.283  -38.826  79.820 0.0000000000
56391  -36.770  -39.220  79.145 0.0000000000
122850  -38.764  -40.619  79.066 0.0000000000
55421  -38.122  -41.288  77.446 0.0000000000
55433  -38.099  -41.444  76.617 0.0000000000
55445  -37.201  -41.140  75.547 0.0000000000
125019  -37.227  -40.674  72.886 0.0000000000
54470  -32.605  -41.592  75.814 0.0000000000
137427  -32.495  -39.353  76.025 0.0000000000
55428  -33.063  -39.133  76.446 0.0000000000
57407  -32.083  -37.918  75.806 0.0000000000
56428  -33.438  -38.336  75.913 0.0000000000
123182  -33.776  -38.819  74.860 0.0000000000
56444  -33.292  -38.724  74.089 0.0000000000
56445  -34.410  -39.654  74.394 0.0000000000
146753  -34.578  -39.968  73.688 0.0000000000
55476  -34.788  -40.289  73.062 0.0000000000
56477  -33.859  -40.450  71.879 0.0000000000
55496  -35.496  -40.651  72.343 0.0000000000
40406  -18.126  -56.666  90.789 0.0000000000
141467  -20.145  -56.927  91.812 0.0000000000
42244  -20.089  -53.795  82.648 0.0000000000
42218  -21.699  -54.874  84.195 0.0000000000
40473  -23.454  -56.494  85.647 0.0000000000
42267  -25.140  -54.546  80.164 0.0000000000
43147  -25.802  -53.617  80.885 0.0000000000
137526  -25.124  -55.277  80.590 0.0000000000
40519  -25.411  -56.369  81.919 0.0000000000
40513  -27.300  -56.075  83.036 0.0000000000
40512  -26.599  -56.394  82.643 0.0000000000
40504  -25.549  -57.063  83.084 0.0000000000
39586  -25.351  -57.336  83.784 0.0000000000
39563  -25.367  -57.843  85.240 0.0000000000
39564  -26.306  -57.981  85.143 0.0000000000
133248  -26.242  -58.639  88.020 0.0000000000
38548  -27.695  -58.561  88.802 0.0000000000
39535  -29.863  -57.817  87.184 0.0000000000
38535  -29.834  -58.796  88.546 0.0000000000
38574  -11.477  -59.244  86.338 0.0000000000
37648  -10.922  -60.083  89.230 0.0000000000
38488  -14.617  -58.603  93.235 0.0000000000
123571  -39.060  -40.643  72.774 0.0000000000
122821  -40.307  -41.205  74.038 0.0000000000
55482  -40.568  -40.914  73.213 0.0000000000
144670  -40.905  -41.457  74.412 0.0000000000
54474  -42.477  -41.864  75.775 0.0000000000
54475  -43.255  -41.535  75.928 0.0000000000
138365  -42.994  -40.033  73.258 0.0000000000
137823  -43.677  -39.513  74.219 0.0000000000
56431  -43.249  -40.241  73.994 0.0000000000
55464  -43.211  -40.697  74.711 0.0000000000
55424  -47.050  -40.867  76.648 0.0000000000
60123  -45.685  -35.364  73.954 0.0000000000
60109  -45.771  -35.382  74.935 0.0000000000
148230  -46.514  -34.958  76.314 0.0000000000
60098  -46.093  -35.446  75.982 0.0000000000
60097  -45.596  -36.023  75.604 0.0000000000
59185  -45.811  -36.959  77.368 0.0000000000
142800  -46.645  -37.982  77.600 0.0000000000
57411  -47.342  -38.580  75.611 0.0000000000
57401  -47.343  -38.676  76.473 0.0000000000
56433  -46.773  -39.606  74.988 0.0000000000
68650  -50.509  -26.174  70.732 0.0000000000
67720  -51.472  -26.587  71.071 0.0000000000
67730  -52.305  -27.194  70.816 0.0000000000
66798  -50.837  -28.361  69.567 0.0000000000
137824  -51.793  -27.445  70.472 0.0000000000
67731  -53.133  -27.162  70.686 0.0000000000
67732  -53.994  -26.754  70.345 0.0000000000
67745  -54.647  -26.784  69.757 0.0000000000
65887  -50.295  -29.747  66.256 0.0000000000
65876  -51.286  -29.678  67.485 0.0000000000
137141  -52.086  -29.454  67.747 0.0000000000
65877  -52.834  -29.451  67.250 0.0000000000
65861  -52.913  -29.054  68.122 0.0000000000
66819  -53.452  -28.435  68.728 0.0000000000
67746  -55.791  -26.712  69.537 0.0000000000
68671  -56.824  -26.526  69.331 0.0000000000
67757  -57.138  -26.728  68.580 0.0000000000
68679  -57.745  -26.712  68.421 0.0000000000
67767  -57.415  -26.889  67.811 0.0000000000
66874  -54.388  -28.785  64.560 0.0000000000
66875  -55.376  -28.721  64.597 0.0000000000
66862  -56.697  -27.789  65.543 0.0000000000
66884  -56.500  -27.865  64.167 0.0000000000
67797  -57.001  -27.351  64.885 0.0000000000
67783  -57.626  -26.767  65.726 0.0000000000
126241  -58.476  -26.823  66.054 0.0000000000
69649  -58.625  -25.042  62.693 0.0000000000
69644  -59.119  -25.263  62.933 0.0000000000
68721  -59.426  -25.670  62.149 0.0000000000
32042  -5.450  -65.627  94.128 0.0000000000
36591  -9.457  -60.560  94.758 0.0000000000
40434  -16.544  -56.265  88.345 0.0000000000
42207  -29.441  -54.089  85.212 0.0000000000
44083  -27.883  -52.613  84.197 0.0000000000
47778  -31.117  -48.991  84.885 0.0000000000
49518  -32.474  -46.741  82.494 0.0000000000
52323  -36.693  -43.041  82.959 0.0000000000
54411  -44.473  -42.041  79.659 0.0000000000
54447  -40.485  -41.942  77.267 0.0000000000
54457  -33.127  -41.331  76.258 0.0000000000
55370  -41.462  -40.428  81.634 0.0000000000
55386  -43.137  -40.939  80.782 0.0000000000
56366  -40.688  -40.098  81.928 0.0000000000
56421  -47.225  -39.300  75.803 0.0000000000
57304  -40.830  -38.654  86.555 0.0000000000
57391  -45.973  -38.292  77.528 0.0000000000
57393  -47.041  -37.476  77.742 0.0000000000
57402  -47.273  -37.962  77.282 0.0000000000
58291  -36.539  -37.843  81.771 0.0000000000
58292  -36.968  -37.801  82.439 0.0000000000
58341  -47.900  -37.418  75.870 0.0000000000
59175  -46.794  -37.024  77.796 0.0000000000
59176  -47.553  -36.928  77.810 0.0000000000
59198  -45.417  -36.636  76.267 0.0000000000
59199  -48.426  -36.872  76.806 0.0000000000
59200  -48.917  -36.282  76.873 0.0000000000
59241  -44.821  -36.865  72.061 0.0000000000
60075  -47.296  -36.398  77.829 0.0000000000
60076  -48.864  -35.685  77.747 0.0000000000
60086  -45.949  -36.148  76.737 0.0000000000
60101  -49.628  -35.069  76.919 0.0000000000
60189  -45.477  -35.505  69.359 0.0000000000
61017  -48.487  -35.555  77.821 0.0000000000
61026  -47.077  -34.864  77.094 0.0000000000
62031  -50.146  -33.800  77.914 0.0000000000
62043  -47.314  -33.345  76.063 0.0000000000
62076  -46.614  -33.909  73.605 0.0000000000
62098  -48.274  -32.997  71.894 0.0000000000
62113  -47.786  -33.601  70.793 0.0000000000
62127  -47.597  -33.342  69.903 0.0000000000
62138  -46.514  -33.865  69.237 0.0000000000
63044  -48.840  -32.236  76.853 0.0000000000
63045  -49.762  -32.599  77.638 0.0000000000
63061  -48.189  -32.055  75.720 0.0000000000
63076  -47.433  -32.601  74.440 0.0000000000
63113  -48.625  -32.577  72.312 0.0000000000
63114  -49.172  -32.111  71.881 0.0000000000
63136  -48.467  -32.512  70.652 0.0000000000
63983  -49.198  -31.150  75.533 0.0000000000
64013  -50.120  -31.148  72.784 0.0000000000
64034  -49.913  -30.798  71.723 0.0000000000
64040  -47.694  -31.661  69.834 0.0000000000
64042  -49.005  -31.292  70.936 0.0000000000
64049  -45.835  -31.636  69.334 0.0000000000
64851  -51.885  -30.914  77.811 0.0000000000
64852  -52.354  -30.519  77.763 0.0000000000
64883  -50.449  -30.322  75.607 0.0000000000
64884  -51.097  -29.926  75.170 0.0000000000
64904  -51.127  -30.052  72.744 0.0000000000
65777  -51.954  -30.240  77.621 0.0000000000
65824  -51.309  -29.381  72.639 0.0000000000
65830  -49.435  -29.650  71.334 0.0000000000
65840  -48.114  -30.049  70.748 0.0000000000
65847  -44.554  -29.603  70.097 0.0000000000
65884  -47.621  -29.477  66.331 0.0000000000
66777  -46.861  -27.237  70.863 0.0000000000
66780  -49.372  -28.693  71.682 0.0000000000
66818  -51.998  -29.119  68.538 0.0000000000
66860  -54.431  -29.347  65.801 0.0000000000
67709  -50.234  -27.232  72.704 0.0000000000
67716  -47.123  -26.635  70.514 0.0000000000
67717  -47.793  -26.359  70.774 0.0000000000
67718  -48.121  -26.858  71.300 0.0000000000
67794  -49.048  -28.155  64.099 0.0000000000
68615  -50.620  -25.463  73.097 0.0000000000
68623  -49.443  -25.898  71.944 0.0000000000
68634  -48.974  -25.787  71.233 0.0000000000
68672  -57.606  -26.588  69.114 0.0000000000
69580  -54.659  -25.327  74.347 0.0000000000
69589  -50.811  -24.928  72.817 0.0000000000
69604  -49.434  -25.631  71.196 0.0000000000
69651  -59.200  -25.213  62.531 0.0000000000
69658  -58.925  -24.994  62.221 0.0000000000
124310  -51.995  -24.553  73.766 0.0000000000
124497  -52.850  -24.653  73.874 0.0000000000
128270  -44.080  -32.355  68.465 0.0000000000
129087  -27.778  -53.378  84.056 0.0000000000
130348  -43.026  -40.412  81.581 0.0000000000
133259  -44.690  -27.746  68.634 0.0000000000
139724  -45.307  -34.301  68.553 0.0000000000
141065  -34.704  -43.568  80.036 0.0000000000
142292  -46.258  -35.037  72.154 0.0000000000
143079  -52.058  -24.700  74.315 0.0000000000
143824  -38.761  -39.795  80.335 0.0000000000
145270  -36.487  -42.536  82.095 0.0000000000
146656  -44.744  -33.842  68.295 0.0000000000
147177  -37.969  -37.996  83.631 0.0000000000
147990  -46.924  -33.829  76.050 0.0000000000
