#!ascii label  , from subject sub-01 vox2ras=TkReg
1553
88209  -39.826  -4.983  60.960 0.0000000000
83083  -54.763  -10.769  51.965 0.0000000000
95026  -45.410  3.870  61.128 0.0000000000
83863  -48.512  -9.428  60.586 0.0000000000
82031  -47.354  -11.241  70.749 0.0000000000
90844  -46.251  -1.621  53.520 0.0000000000
97904  -51.650  8.126  53.031 0.0000000000
99949  -45.182  10.588  57.947 0.0000000000
81042  -37.890  -12.806  74.426 0.0000000000
85671  -44.545  -7.398  60.166 0.0000000000
88229  -48.858  -4.195  59.197 0.0000000000
90798  -44.069  -2.015  59.105 0.0000000000
94964  -51.173  3.785  63.931 0.0000000000
123373  -50.654  3.888  58.139 0.0000000000
142965  -51.446  5.305  59.919 0.0000000000
97200  -46.938  6.408  56.063 0.0000000000
98512  -49.234  9.805  61.643 0.0000000000
147896  -52.767  -5.811  51.134 0.0000000000
89040  -37.854  -2.865  64.126 0.0000000000
93397  -40.399  1.666  59.257 0.0000000000
87321  -53.798  -4.623  65.712 0.0000000000
84687  -47.055  -8.625  65.289 0.0000000000
82975  -42.576  -10.974  63.967 0.0000000000
81101  -40.926  -12.242  69.440 0.0000000000
89108  -53.286  -3.259  54.842 0.0000000000
92591  -51.528  0.691  49.825 0.0000000000
95093  -44.867  3.241  55.591 0.0000000000
95856  -47.685  4.318  51.641 0.0000000000
131478  -48.407  4.296  47.550 0.0000000000
97941  -44.406  7.104  49.836 0.0000000000
97886  -41.691  7.560  53.321 0.0000000000
86508  -41.695  -6.313  60.502 0.0000000000
88215  -44.795  -4.212  60.224 0.0000000000
89883  -42.267  -2.597  60.336 0.0000000000
96428  -52.830  5.149  66.188 0.0000000000
95745  -52.985  3.414  63.341 0.0000000000
96446  -52.161  5.741  63.725 0.0000000000
97154  -49.373  6.451  61.481 0.0000000000
85742  -53.976  -7.896  51.488 0.0000000000
90767  -38.303  -1.560  65.554 0.0000000000
92497  -36.921  0.968  63.769 0.0000000000
82953  -47.777  -10.011  67.972 0.0000000000
82978  -45.048  -10.029  64.796 0.0000000000
82073  -45.404  -11.726  67.666 0.0000000000
131944  -39.725  -11.508  72.104 0.0000000000
82950  -37.491  -10.269  67.089 0.0000000000
140446  -38.910  -8.153  65.823 0.0000000000
84671  -36.881  -8.640  67.232 0.0000000000
83893  -49.621  -9.496  58.715 0.0000000000
89918  -47.330  -2.453  56.387 0.0000000000
145108  -50.423  -3.495  57.032 0.0000000000
89953  -49.584  -2.682  53.551 0.0000000000
90856  -51.800  -1.710  52.023 0.0000000000
91756  -48.901  -0.725  51.001 0.0000000000
95024  -43.191  4.042  60.243 0.0000000000
95067  -42.801  3.253  57.817 0.0000000000
95788  -45.525  4.501  58.542 0.0000000000
96507  -52.389  5.623  55.176 0.0000000000
95818  -50.135  4.501  54.903 0.0000000000
96535  -50.875  6.679  51.828 0.0000000000
95868  -49.703  5.222  49.132 0.0000000000
97957  -50.020  7.332  49.532 0.0000000000
97279  -46.717  6.257  48.873 0.0000000000
123456  -48.513  7.604  51.455 0.0000000000
97839  -45.509  7.877  57.925 0.0000000000
97888  -44.624  7.151  54.562 0.0000000000
97863  -43.699  7.903  55.974 0.0000000000
124248  -40.650  7.590  55.199 0.0000000000
99268  -43.348  9.721  57.417 0.0000000000
85673  -46.159  -8.237  60.214 0.0000000000
85685  -48.337  -7.318  59.274 0.0000000000
87353  -46.250  -5.841  59.719 0.0000000000
89894  -46.438  -2.737  58.976 0.0000000000
90822  -45.265  -1.717  56.447 0.0000000000
126413  -47.959  3.356  62.572 0.0000000000
136671  -48.504  4.173  59.614 0.0000000000
95014  -51.530  2.845  61.621 0.0000000000
95791  -53.274  4.352  58.657 0.0000000000
124875  -51.743  6.536  56.721 0.0000000000
97217  -49.835  6.901  54.904 0.0000000000
123642  -49.751  6.237  58.052 0.0000000000
97834  -47.337  7.305  59.806 0.0000000000
99251  -47.052  10.119  59.923 0.0000000000
88319  -50.272  -4.002  50.095 0.0000000000
137489  -38.458  -3.141  62.187 0.0000000000
90782  -40.100  -1.842  60.830 0.0000000000
91672  -38.385  -0.307  61.358 0.0000000000
132521  -39.532  2.558  61.171 0.0000000000
125877  -42.982  3.098  62.461 0.0000000000
95739  -42.907  3.759  63.497 0.0000000000
95742  -45.644  3.838  63.341 0.0000000000
84706  -51.537  -8.471  63.666 0.0000000000
86480  -50.391  -6.521  65.529 0.0000000000
83819  -47.542  -9.383  63.187 0.0000000000
83832  -45.066  -9.527  62.546 0.0000000000
83844  -43.174  -9.402  61.706 0.0000000000
82883  -45.369  -9.940  73.783 0.0000000000
81964  -40.569  -11.557  75.649 0.0000000000
81988  -42.352  -11.081  73.013 0.0000000000
81088  -43.873  -12.211  70.271 0.0000000000
80197  -41.788  -13.102  66.835 0.0000000000
85657  -38.640  -7.312  62.498 0.0000000000
145450  -54.680  -9.499  55.059 0.0000000000
86540  -49.819  -5.805  57.269 0.0000000000
87394  -52.351  -5.501  55.737 0.0000000000
87405  -55.054  -6.008  53.943 0.0000000000
89136  -54.231  -3.776  51.936 0.0000000000
90004  -53.033  -2.053  49.875 0.0000000000
90901  -50.817  -0.604  48.630 0.0000000000
91697  -41.695  -0.427  58.577 0.0000000000
92542  -43.039  0.609  56.316 0.0000000000
93426  -44.782  1.390  54.037 0.0000000000
95084  -48.117  4.254  56.420 0.0000000000
95105  -47.113  3.832  53.964 0.0000000000
93447  -46.431  1.548  51.436 0.0000000000
94295  -48.623  2.500  49.636 0.0000000000
94306  -50.813  3.216  48.627 0.0000000000
92610  -48.037  0.446  48.176 0.0000000000
97238  -46.223  6.773  53.122 0.0000000000
97927  -42.955  7.309  51.080 0.0000000000
96523  -40.839  5.969  52.694 0.0000000000
96521  -39.245  6.853  53.330 0.0000000000
97225  -37.985  7.255  54.600 0.0000000000
87341  -41.065  -5.758  60.596 0.0000000000
136511  -42.344  -4.937  60.400 0.0000000000
137912  -41.075  -3.964  60.625 0.0000000000
97131  -53.403  6.061  65.533 0.0000000000
97807  -51.918  7.403  63.962 0.0000000000
84809  -54.480  -8.957  51.750 0.0000000000
82066  -47.332  -11.258  69.105 0.0000000000
82074  -46.302  -11.252  67.894 0.0000000000
82052  -46.052  -12.105  69.215 0.0000000000
83776  -36.640  -9.705  68.333 0.0000000000
83790  -37.391  -9.439  66.976 0.0000000000
125103  -50.134  -9.822  61.360 0.0000000000
84746  -49.036  -9.220  59.299 0.0000000000
89937  -46.741  -2.334  54.809 0.0000000000
89927  -48.621  -2.806  55.417 0.0000000000
89951  -47.701  -2.419  53.733 0.0000000000
90853  -48.689  -1.939  52.215 0.0000000000
90864  -47.199  -1.300  52.168 0.0000000000
95025  -44.667  3.945  60.821 0.0000000000
95766  -44.164  4.240  59.869 0.0000000000
95768  -46.060  4.271  60.385 0.0000000000
97906  -52.373  7.254  54.076 0.0000000000
96525  -51.670  6.111  53.204 0.0000000000
97250  -51.657  7.665  52.103 0.0000000000
96546  -50.695  6.921  50.777 0.0000000000
97933  -50.738  8.087  51.031 0.0000000000
97945  -49.432  7.673  49.990 0.0000000000
133360  -50.278  8.042  52.214 0.0000000000
98553  -45.072  8.480  57.565 0.0000000000
98564  -44.766  8.061  56.813 0.0000000000
98552  -44.441  9.061  57.268 0.0000000000
98551  -43.749  9.112  56.934 0.0000000000
144790  -44.027  9.699  57.275 0.0000000000
85672  -45.255  -7.859  60.221 0.0000000000
85682  -45.881  -7.328  59.901 0.0000000000
86512  -44.786  -6.497  59.923 0.0000000000
142062  -44.459  -2.762  60.030 0.0000000000
89059  -45.472  -3.498  60.068 0.0000000000
89893  -45.471  -2.626  59.314 0.0000000000
89909  -46.267  -2.361  58.012 0.0000000000
133038  -44.835  -1.736  57.633 0.0000000000
94976  -49.388  3.581  62.917 0.0000000000
95012  -49.585  3.237  62.096 0.0000000000
94183  -51.624  2.839  62.866 0.0000000000
95757  -52.729  4.197  61.795 0.0000000000
95759  -53.412  3.211  60.996 0.0000000000
133095  -52.541  5.017  59.817 0.0000000000
96484  -52.969  5.537  58.050 0.0000000000
96482  -51.851  5.724  58.281 0.0000000000
97192  -50.769  6.235  57.200 0.0000000000
96466  -50.174  5.637  59.984 0.0000000000
97820  -48.674  7.924  62.059 0.0000000000
97153  -48.593  6.753  60.971 0.0000000000
97819  -47.742  8.344  61.276 0.0000000000
98527  -46.732  8.269  60.057 0.0000000000
99220  -48.294  10.008  61.030 0.0000000000
88312  -51.122  -4.346  50.445 0.0000000000
133877  -37.997  -2.981  62.777 0.0000000000
90777  -38.226  -1.637  62.172 0.0000000000
135442  -37.669  -1.294  62.607 0.0000000000
94181  -38.440  2.451  63.453 0.0000000000
93369  -38.058  1.712  62.098 0.0000000000
145434  -39.478  2.701  62.381 0.0000000000
95004  -41.432  3.300  61.805 0.0000000000
133150  -41.339  2.966  62.723 0.0000000000
96438  -41.899  5.074  63.584 0.0000000000
95740  -43.722  3.885  63.491 0.0000000000
96442  -45.313  5.472  63.501 0.0000000000
131122  -46.954  4.449  63.435 0.0000000000
97138  -46.033  6.067  63.591 0.0000000000
85651  -53.044  -7.164  63.684 0.0000000000
85645  -52.357  -6.543  64.495 0.0000000000
85629  -50.322  -6.935  66.924 0.0000000000
85634  -48.728  -7.453  65.732 0.0000000000
84696  -49.035  -8.333  64.366 0.0000000000
84695  -47.450  -8.529  64.557 0.0000000000
83833  -46.463  -9.554  62.367 0.0000000000
84702  -46.498  -9.083  63.967 0.0000000000
82099  -43.885  -10.790  64.826 0.0000000000
82988  -44.058  -10.262  64.034 0.0000000000
82996  -42.765  -10.093  62.782 0.0000000000
81028  -39.222  -12.229  75.541 0.0000000000
131099  -41.338  -11.330  72.327 0.0000000000
82025  -41.678  -11.336  70.916 0.0000000000
82004  -43.590  -11.193  71.649 0.0000000000
81103  -42.587  -12.498  69.485 0.0000000000
81119  -43.418  -12.857  68.353 0.0000000000
80183  -41.864  -13.264  68.175 0.0000000000
86501  -38.387  -6.743  63.055 0.0000000000
136305  -38.449  -7.974  64.015 0.0000000000
83055  -54.093  -10.820  55.669 0.0000000000
87356  -48.454  -5.712  59.280 0.0000000000
86530  -48.897  -6.605  58.419 0.0000000000
87364  -49.464  -4.949  58.690 0.0000000000
89097  -51.914  -3.496  56.048 0.0000000000
88247  -51.721  -4.071  56.790 0.0000000000
87386  -52.916  -4.628  55.760 0.0000000000
87396  -54.063  -5.481  54.829 0.0000000000
88259  -54.238  -4.510  54.809 0.0000000000
88281  -54.733  -4.363  53.407 0.0000000000
89118  -53.991  -3.130  53.610 0.0000000000
91759  -52.127  -0.491  50.717 0.0000000000
90869  -52.963  -1.078  50.992 0.0000000000
90876  -52.939  -0.593  50.134 0.0000000000
90889  -52.145  -1.156  49.309 0.0000000000
141073  -52.146  0.214  49.343 0.0000000000
92513  -39.776  0.027  59.840 0.0000000000
91681  -40.916  -0.914  59.848 0.0000000000
137921  -41.108  1.005  58.443 0.0000000000
95080  -43.730  3.224  56.721 0.0000000000
94237  -42.741  2.128  56.914 0.0000000000
94246  -43.705  2.141  55.745 0.0000000000
92549  -43.981  0.591  55.106 0.0000000000
94247  -44.375  2.347  55.216 0.0000000000
95060  -49.797  4.103  58.547 0.0000000000
143682  -48.558  4.361  58.106 0.0000000000
123370  -49.530  4.214  57.110 0.0000000000
95828  -48.948  4.659  53.615 0.0000000000
95107  -48.456  4.291  54.780 0.0000000000
95113  -47.237  3.816  53.106 0.0000000000
94266  -46.434  3.152  53.089 0.0000000000
95127  -46.910  2.888  51.294 0.0000000000
93454  -46.964  1.598  50.688 0.0000000000
94280  -47.588  3.352  50.420 0.0000000000
96577  -50.233  5.353  48.420 0.0000000000
95138  -50.829  4.332  48.246 0.0000000000
95152  -50.553  3.995  47.664 0.0000000000
92619  -49.860  1.499  47.957 0.0000000000
94313  -48.582  2.801  47.505 0.0000000000
93468  -47.213  1.364  48.189 0.0000000000
141514  -47.393  3.162  48.030 0.0000000000
97278  -45.587  6.488  49.229 0.0000000000
95867  -45.853  4.391  49.293 0.0000000000
97216  -47.897  6.344  55.666 0.0000000000
97230  -47.866  6.633  54.272 0.0000000000
97229  -46.881  6.468  54.623 0.0000000000
97887  -43.558  7.332  54.255 0.0000000000
97900  -44.370  7.140  53.569 0.0000000000
141132  -42.502  7.543  52.602 0.0000000000
96541  -41.794  6.857  51.547 0.0000000000
97911  -41.072  7.120  52.407 0.0000000000
96522  -40.029  6.423  52.926 0.0000000000
139686  -39.855  7.516  53.115 0.0000000000
97850  -40.117  7.735  56.631 0.0000000000
97872  -38.690  7.644  54.544 0.0000000000
97858  -38.165  7.749  55.259 0.0000000000
98568  -37.605  7.610  55.395 0.0000000000
143921  -43.270  -6.993  60.358 0.0000000000
87344  -44.115  -5.997  60.092 0.0000000000
87343  -43.553  -5.435  60.245 0.0000000000
89057  -43.386  -3.966  60.365 0.0000000000
89891  -43.774  -2.383  59.841 0.0000000000
94978  -52.315  3.164  63.832 0.0000000000
95736  -52.860  4.228  65.203 0.0000000000
137463  -53.020  4.101  63.853 0.0000000000
96449  -50.973  5.598  62.436 0.0000000000
96457  -49.972  5.713  61.089 0.0000000000
97146  -50.436  6.234  62.605 0.0000000000
98500  -50.612  8.320  62.980 0.0000000000
86596  -53.792  -6.535  51.210 0.0000000000
89867  -38.307  -2.807  64.884 0.0000000000
91663  -36.912  -0.864  64.215 0.0000000000
91659  -36.914  -0.513  64.957 0.0000000000
83794  -47.119  -9.212  66.501 0.0000000000
83800  -46.376  -9.161  65.304 0.0000000000
82961  -46.225  -10.148  66.554 0.0000000000
82959  -44.869  -10.893  65.939 0.0000000000
82079  -43.808  -11.675  66.056 0.0000000000
81985  -38.943  -11.892  72.635 0.0000000000
82023  -39.379  -10.711  70.795 0.0000000000
83798  -38.609  -9.966  65.798 0.0000000000
84686  -38.647  -8.803  65.524 0.0000000000
136819  -38.180  -9.240  66.439 0.0000000000
84679  -37.875  -8.675  66.633 0.0000000000
89912  -48.493  -3.000  57.769 0.0000000000
89084  -50.110  -3.776  58.311 0.0000000000
89920  -49.349  -3.183  56.956 0.0000000000
89928  -49.583  -2.970  55.593 0.0000000000
89941  -50.820  -3.131  54.834 0.0000000000
89955  -51.968  -2.709  53.616 0.0000000000
89967  -50.092  -2.408  52.795 0.0000000000
90867  -50.332  -1.318  51.528 0.0000000000
91766  -49.647  -0.085  50.562 0.0000000000
94219  -41.127  2.969  59.323 0.0000000000
94225  -41.416  2.471  58.620 0.0000000000
95055  -42.624  3.600  58.622 0.0000000000
95057  -44.008  3.956  57.928 0.0000000000
95070  -45.233  4.061  57.058 0.0000000000
95809  -52.140  4.697  56.354 0.0000000000
95087  -50.632  4.344  56.236 0.0000000000
95830  -50.897  4.948  54.597 0.0000000000
95838  -49.900  4.941  53.721 0.0000000000
95847  -48.724  5.066  52.442 0.0000000000
95863  -48.739  5.104  50.126 0.0000000000
96545  -49.805  6.108  50.933 0.0000000000
139366  -50.208  6.423  49.147 0.0000000000
97289  -49.164  6.402  48.425 0.0000000000
130686  -47.646  5.610  48.086 0.0000000000
97280  -48.589  6.758  48.815 0.0000000000
137833  -47.064  6.918  49.551 0.0000000000
97943  -45.838  7.092  49.693 0.0000000000
97853  -46.065  7.075  57.792 0.0000000000
97199  -46.036  6.644  55.857 0.0000000000
97865  -45.250  7.170  56.274 0.0000000000
97877  -44.087  7.496  55.282 0.0000000000
97876  -43.157  7.553  55.190 0.0000000000
97874  -41.276  7.563  54.906 0.0000000000
97862  -42.805  7.847  55.938 0.0000000000
98560  -41.685  8.023  56.665 0.0000000000
146602  -41.745  9.069  57.878 0.0000000000
84734  -47.813  -9.121  60.543 0.0000000000
84745  -48.420  -8.966  59.924 0.0000000000
85674  -47.050  -8.125  60.038 0.0000000000
86520  -47.259  -6.637  59.548 0.0000000000
88224  -47.403  -4.206  59.584 0.0000000000
138509  -45.206  -5.007  60.044 0.0000000000
88223  -46.626  -4.201  59.786 0.0000000000
89075  -47.919  -3.370  59.147 0.0000000000
89910  -46.982  -2.402  57.347 0.0000000000
89917  -46.613  -2.196  56.537 0.0000000000
142669  -45.506  -1.605  54.687 0.0000000000
95010  -47.445  3.322  62.263 0.0000000000
95044  -46.979  4.113  60.586 0.0000000000
95028  -48.057  3.450  61.516 0.0000000000
124854  -49.435  3.659  60.687 0.0000000000
95047  -51.297  3.540  59.893 0.0000000000
94204  -52.893  2.508  62.022 0.0000000000
95033  -52.841  2.876  60.496 0.0000000000
95062  -52.449  3.683  58.555 0.0000000000
95811  -53.075  5.183  57.089 0.0000000000
97220  -52.535  6.649  55.721 0.0000000000
97218  -51.711  7.413  55.074 0.0000000000
97232  -50.323  7.450  53.977 0.0000000000
123092  -50.898  6.969  55.402 0.0000000000
97203  -49.835  6.603  56.019 0.0000000000
97189  -47.874  6.487  57.399 0.0000000000
97163  -49.276  6.212  60.575 0.0000000000
97169  -47.895  6.657  59.172 0.0000000000
97178  -46.983  6.729  58.036 0.0000000000
97833  -46.550  7.626  59.240 0.0000000000
98540  -46.091  8.488  59.203 0.0000000000
99942  -46.172  10.791  58.481 0.0000000000
138069  -39.448  -4.153  61.190 0.0000000000
89052  -40.264  -3.402  60.814 0.0000000000
136267  -39.514  -2.099  61.341 0.0000000000
91673  -39.128  -0.761  60.990 0.0000000000
92512  -39.235  0.497  60.296 0.0000000000
92503  -37.433  0.365  62.267 0.0000000000
93377  -38.335  1.251  61.344 0.0000000000
94209  -39.742  2.379  60.418 0.0000000000
95022  -41.542  3.511  60.795 0.0000000000
123562  -43.077  3.603  61.351 0.0000000000
95007  -44.709  3.514  61.860 0.0000000000
94968  -41.524  3.306  63.436 0.0000000000
94970  -43.261  3.195  63.211 0.0000000000
144796  -44.729  3.194  63.035 0.0000000000
94987  -45.906  3.397  62.644 0.0000000000
94974  -46.761  3.534  63.057 0.0000000000
95744  -47.825  4.237  63.352 0.0000000000
96445  -49.292  4.943  63.631 0.0000000000
83838  -51.501  -9.427  62.334 0.0000000000
83836  -49.848  -9.881  62.549 0.0000000000
87312  -52.096  -5.320  66.724 0.0000000000
86481  -51.677  -5.548  65.744 0.0000000000
85643  -50.410  -7.105  64.816 0.0000000000
143539  -49.737  -8.827  63.939 0.0000000000
83835  -48.537  -9.785  62.231 0.0000000000
83848  -46.822  -9.536  61.704 0.0000000000
83860  -45.505  -9.195  61.122 0.0000000000
83859  -44.531  -8.983  61.064 0.0000000000
83817  -45.208  -9.574  63.463 0.0000000000
83831  -44.372  -9.553  62.318 0.0000000000
84730  -43.751  -8.547  60.812 0.0000000000
84728  -42.258  -7.964  60.836 0.0000000000
136659  -42.044  -10.930  76.534 0.0000000000
81986  -40.764  -11.608  73.302 0.0000000000
81976  -42.034  -11.147  74.134 0.0000000000
82871  -43.299  -10.445  75.128 0.0000000000
82890  -43.592  -10.680  73.169 0.0000000000
82005  -44.420  -11.206  71.718 0.0000000000
143290  -45.463  -12.093  70.454 0.0000000000
81120  -44.231  -12.626  68.521 0.0000000000
81127  -43.195  -12.705  66.972 0.0000000000
81145  -42.322  -12.371  65.812 0.0000000000
86504  -39.212  -6.455  61.602 0.0000000000
87337  -38.780  -5.809  61.847 0.0000000000
88205  -38.317  -4.709  62.762 0.0000000000
127808  -38.319  -4.276  64.087 0.0000000000
89042  -38.919  -4.223  64.646 0.0000000000
123689  -55.049  -12.600  56.050 0.0000000000
82168  -55.357  -11.525  54.869 0.0000000000
83931  -55.419  -9.716  54.130 0.0000000000
84755  -48.637  -7.987  58.910 0.0000000000
84760  -49.376  -8.488  57.536 0.0000000000
88236  -50.442  -4.160  58.010 0.0000000000
134884  -50.512  -5.627  56.737 0.0000000000
85719  -51.478  -7.257  55.559 0.0000000000
125013  -53.188  -8.136  55.137 0.0000000000
130205  -55.058  -8.072  54.506 0.0000000000
133746  -55.397  -8.157  53.008 0.0000000000
136941  -55.109  -7.029  52.379 0.0000000000
87433  -54.438  -5.541  51.568 0.0000000000
88315  -53.925  -4.627  50.869 0.0000000000
89970  -52.986  -2.287  52.350 0.0000000000
89149  -53.657  -3.092  50.670 0.0000000000
89148  -52.991  -3.728  50.249 0.0000000000
89158  -51.575  -2.969  49.773 0.0000000000
90001  -50.181  -2.281  49.280 0.0000000000
143797  -49.275  -1.666  48.966 0.0000000000
89882  -41.439  -2.146  60.440 0.0000000000
90796  -42.429  -1.566  59.530 0.0000000000
90803  -42.707  -1.302  58.760 0.0000000000
93411  -41.891  1.561  57.710 0.0000000000
91706  -42.513  -0.163  57.477 0.0000000000
91707  -43.369  -0.702  57.172 0.0000000000
91715  -44.126  -0.603  55.768 0.0000000000
91723  -44.300  -0.275  54.953 0.0000000000
91737  -45.101  0.004  53.545 0.0000000000
95778  -46.722  4.442  59.585 0.0000000000
95799  -46.912  4.368  57.793 0.0000000000
141192  -46.381  3.874  55.999 0.0000000000
124489  -49.201  4.328  55.776 0.0000000000
95095  -47.833  4.136  55.710 0.0000000000
141438  -45.907  3.524  55.311 0.0000000000
94256  -45.536  2.616  54.163 0.0000000000
93438  -45.638  1.766  52.760 0.0000000000
91745  -46.026  -0.059  52.176 0.0000000000
91754  -47.088  -0.167  51.299 0.0000000000
92600  -49.833  1.082  49.990 0.0000000000
137298  -49.288  3.303  49.249 0.0000000000
136237  -50.900  2.826  49.043 0.0000000000
93464  -51.655  2.018  48.933 0.0000000000
92612  -50.870  1.213  48.475 0.0000000000
91783  -49.116  -0.382  48.446 0.0000000000
95875  -46.469  4.277  48.680 0.0000000000
97902  -49.238  7.483  52.807 0.0000000000
97916  -47.237  7.253  51.893 0.0000000000
122883  -45.830  6.982  51.872 0.0000000000
97901  -45.333  6.862  53.865 0.0000000000
140660  -44.685  7.231  51.995 0.0000000000
134412  -43.698  7.226  50.648 0.0000000000
96542  -42.526  6.582  51.159 0.0000000000
95845  -42.566  5.143  52.419 0.0000000000
95111  -41.940  4.196  53.886 0.0000000000
97884  -39.701  7.571  53.648 0.0000000000
97226  -38.366  7.114  54.104 0.0000000000
135522  -46.542  11.790  58.330 0.0000000000
100624  -45.343  11.644  57.853 0.0000000000
99940  -43.874  11.272  57.766 0.0000000000
99259  -41.916  9.648  58.215 0.0000000000
98538  -41.205  9.194  58.367 0.0000000000
88211  -40.858  -4.955  60.671 0.0000000000
83950  -54.927  -9.923  52.138 0.0000000000
82913  -47.906  -10.825  70.922 0.0000000000
82932  -48.694  -10.430  69.924 0.0000000000
82054  -47.245  -11.422  69.929 0.0000000000
83864  -49.346  -9.662  60.756 0.0000000000
83880  -48.959  -9.444  60.008 0.0000000000
89950  -46.819  -2.262  53.921 0.0000000000
89938  -47.373  -2.523  54.448 0.0000000000
90852  -47.137  -1.902  53.009 0.0000000000
95767  -45.151  4.321  60.115 0.0000000000
97905  -52.148  7.782  53.522 0.0000000000
97241  -52.343  7.137  53.269 0.0000000000
97920  -52.021  7.781  52.703 0.0000000000
97934  -51.221  8.036  51.482 0.0000000000
97918  -50.996  8.316  51.722 0.0000000000
133536  -50.370  8.102  51.477 0.0000000000
127927  -51.058  8.281  52.580 0.0000000000
99270  -45.000  9.484  57.874 0.0000000000
99269  -44.522  10.024  57.601 0.0000000000
135858  -45.196  -7.149  59.928 0.0000000000
89892  -44.658  -2.471  59.565 0.0000000000
89900  -44.890  -2.154  58.906 0.0000000000
90806  -45.058  -1.975  58.259 0.0000000000
90805  -44.291  -1.758  58.247 0.0000000000
137943  -50.077  3.750  63.362 0.0000000000
122852  -50.826  3.275  63.123 0.0000000000
96468  -51.757  4.838  61.003 0.0000000000
95769  -53.034  4.381  60.632 0.0000000000
96475  -52.159  5.493  58.996 0.0000000000
96474  -51.090  5.574  58.992 0.0000000000
142448  -49.278  8.927  62.273 0.0000000000
147410  -48.162  8.149  61.625 0.0000000000
98511  -48.335  8.923  61.715 0.0000000000
99219  -47.687  9.129  61.226 0.0000000000
86595  -52.948  -6.304  51.341 0.0000000000
87430  -52.071  -5.641  51.194 0.0000000000
87429  -51.044  -5.149  51.032 0.0000000000
87438  -51.631  -5.051  50.726 0.0000000000
89870  -37.771  -2.731  63.390 0.0000000000
89874  -37.744  -2.097  62.866 0.0000000000
89869  -37.564  -2.156  63.761 0.0000000000
94188  -39.388  2.772  63.101 0.0000000000
144625  -40.361  2.788  62.785 0.0000000000
94982  -41.085  3.004  63.229 0.0000000000
87328  -54.095  -5.068  64.934 0.0000000000
86495  -53.529  -6.343  64.039 0.0000000000
86489  -53.035  -5.762  64.643 0.0000000000
130357  -48.164  -8.170  64.691 0.0000000000
84694  -46.733  -8.820  64.572 0.0000000000
82098  -43.038  -11.255  64.657 0.0000000000
82976  -43.329  -10.637  64.075 0.0000000000
130984  -42.888  -10.503  63.493 0.0000000000
82995  -41.828  -10.171  62.680 0.0000000000
82986  -42.190  -10.604  63.317 0.0000000000
81027  -38.574  -12.528  75.030 0.0000000000
82024  -40.799  -11.177  70.778 0.0000000000
82050  -41.311  -11.658  70.101 0.0000000000
82051  -42.157  -11.864  70.193 0.0000000000
81102  -41.765  -12.377  69.475 0.0000000000
81118  -42.206  -12.897  68.833 0.0000000000
81117  -41.384  -12.862  68.805 0.0000000000
83813  -38.739  -9.305  63.702 0.0000000000
84701  -38.575  -8.487  63.446 0.0000000000
84693  -38.598  -8.847  64.467 0.0000000000
83921  -51.691  -9.180  55.771 0.0000000000
87357  -48.952  -4.938  59.150 0.0000000000
88230  -49.414  -4.361  58.951 0.0000000000
89931  -52.410  -3.338  55.310 0.0000000000
123848  -52.378  -3.601  55.922 0.0000000000
89098  -52.967  -3.549  55.497 0.0000000000
88257  -53.312  -3.963  55.529 0.0000000000
89099  -53.672  -3.515  55.105 0.0000000000
89109  -53.947  -3.243  54.484 0.0000000000
91768  -51.855  0.083  50.233 0.0000000000
143225  -52.694  -0.592  50.543 0.0000000000
91769  -52.510  -0.033  50.071 0.0000000000
92593  -52.233  0.164  49.650 0.0000000000
92592  -52.030  0.476  49.552 0.0000000000
92519  -39.907  0.863  59.583 0.0000000000
91689  -40.477  -0.069  59.351 0.0000000000
92525  -40.597  0.852  58.904 0.0000000000
95081  -44.559  3.537  56.409 0.0000000000
94239  -43.979  2.907  55.920 0.0000000000
95072  -49.963  4.108  57.734 0.0000000000
95114  -47.988  4.412  53.098 0.0000000000
95120  -47.427  4.017  52.334 0.0000000000
95119  -46.806  3.286  52.260 0.0000000000
95128  -47.322  3.689  51.477 0.0000000000
95886  -49.286  4.821  47.632 0.0000000000
95887  -50.467  4.629  47.734 0.0000000000
95151  -49.268  3.880  47.476 0.0000000000
95150  -48.108  3.472  47.582 0.0000000000
94312  -47.888  2.675  47.830 0.0000000000
95144  -47.738  4.188  47.768 0.0000000000
97953  -45.148  6.998  49.510 0.0000000000
96563  -44.875  6.336  49.456 0.0000000000
142775  -44.259  6.651  49.765 0.0000000000
97268  -43.996  6.954  49.983 0.0000000000
97215  -47.445  6.399  55.142 0.0000000000
123365  -42.644  7.475  53.461 0.0000000000
148332  -42.139  7.562  52.963 0.0000000000
124395  -41.513  7.286  52.190 0.0000000000
140778  -41.106  7.405  52.736 0.0000000000
97910  -40.395  7.332  52.794 0.0000000000
97897  -40.551  7.589  53.315 0.0000000000
97859  -39.127  7.731  55.538 0.0000000000
86510  -43.344  -6.277  60.268 0.0000000000
136411  -42.614  -5.700  60.352 0.0000000000
135899  -42.569  -4.197  60.399 0.0000000000
89056  -42.885  -3.298  60.397 0.0000000000
89884  -43.155  -2.632  60.219 0.0000000000
95735  -52.578  4.013  65.015 0.0000000000
95729  -52.919  4.558  65.706 0.0000000000
97143  -53.081  5.539  64.609 0.0000000000
96447  -53.042  4.432  64.682 0.0000000000
148604  -52.920  4.909  63.987 0.0000000000
96450  -52.093  5.048  63.185 0.0000000000
97147  -51.172  5.903  63.149 0.0000000000
98495  -51.998  8.295  63.620 0.0000000000
97806  -51.135  7.613  63.491 0.0000000000
145751  -54.185  -8.647  51.666 0.0000000000
84804  -53.621  -8.842  51.892 0.0000000000
141291  -54.056  -7.163  51.267 0.0000000000
89859  -38.781  -2.448  65.385 0.0000000000
90766  -37.646  -1.668  65.031 0.0000000000
83785  -48.265  -9.285  67.700 0.0000000000
83784  -47.538  -9.407  67.186 0.0000000000
83783  -46.864  -9.772  66.898 0.0000000000
143261  -47.199  -10.108  67.510 0.0000000000
82951  -45.888  -10.915  67.080 0.0000000000
82081  -45.123  -11.281  66.714 0.0000000000
82080  -44.403  -11.512  66.363 0.0000000000
82070  -37.721  -11.120  67.294 0.0000000000
82957  -37.974  -10.698  66.651 0.0000000000
82958  -38.517  -10.603  66.137 0.0000000000
83791  -38.110  -9.955  66.437 0.0000000000
132876  -38.531  -9.360  66.013 0.0000000000
130997  -47.917  -2.614  57.127 0.0000000000
89919  -48.686  -2.933  56.965 0.0000000000
130722  -48.187  -2.727  56.241 0.0000000000
89940  -49.239  -2.832  54.556 0.0000000000
126992  -50.036  -3.122  54.961 0.0000000000
128569  -50.157  -2.891  54.207 0.0000000000
89954  -50.385  -2.671  53.449 0.0000000000
90854  -49.684  -1.955  52.147 0.0000000000
90866  -49.257  -1.440  51.520 0.0000000000
91757  -49.975  -0.747  50.995 0.0000000000
95041  -41.677  3.544  59.844 0.0000000000
95054  -41.861  3.306  58.972 0.0000000000
95042  -42.484  3.831  59.549 0.0000000000
138958  -44.908  4.411  59.081 0.0000000000
95787  -44.087  4.237  58.701 0.0000000000
95797  -44.813  4.345  58.008 0.0000000000
95798  -45.847  4.442  57.770 0.0000000000
95820  -51.894  4.914  55.571 0.0000000000
95808  -51.355  4.543  56.071 0.0000000000
95831  -51.758  5.209  54.866 0.0000000000
95839  -50.757  5.392  53.875 0.0000000000
96524  -50.568  5.853  52.837 0.0000000000
134740  -49.531  5.233  52.956 0.0000000000
96534  -49.845  5.941  51.919 0.0000000000
140071  -49.139  5.489  51.480 0.0000000000
97269  -50.447  7.231  50.000 0.0000000000
96556  -50.222  6.548  49.917 0.0000000000
97282  -50.274  6.894  49.268 0.0000000000
97290  -50.071  6.274  48.827 0.0000000000
97281  -49.715  6.948  48.912 0.0000000000
97956  -49.087  7.287  49.297 0.0000000000
130017  -48.730  7.663  50.604 0.0000000000
97944  -48.139  7.431  49.913 0.0000000000
97931  -47.671  7.423  50.894 0.0000000000
141720  -46.791  7.187  50.270 0.0000000000
97866  -46.027  6.811  56.750 0.0000000000
97852  -45.415  7.531  57.180 0.0000000000
98563  -44.121  8.424  56.563 0.0000000000
97864  -44.452  7.661  56.097 0.0000000000
97875  -42.166  7.576  55.097 0.0000000000
98550  -42.937  8.931  57.051 0.0000000000
98561  -42.471  8.211  56.622 0.0000000000
98549  -41.975  8.578  57.300 0.0000000000
99267  -42.463  9.338  57.631 0.0000000000
84733  -46.926  -8.864  60.539 0.0000000000
86519  -46.432  -6.626  59.674 0.0000000000
137992  -46.927  -5.996  59.584 0.0000000000
87355  -47.683  -5.787  59.508 0.0000000000
87354  -47.027  -5.107  59.658 0.0000000000
136939  -44.380  -5.166  60.165 0.0000000000
144040  -44.772  -5.697  59.982 0.0000000000
89068  -45.989  -3.125  59.622 0.0000000000
89060  -46.220  -3.631  59.842 0.0000000000
89069  -47.053  -3.436  59.451 0.0000000000
89902  -47.434  -2.957  58.895 0.0000000000
126830  -46.964  -2.655  58.276 0.0000000000
90823  -46.026  -1.982  57.075 0.0000000000
90830  -45.951  -2.002  56.075 0.0000000000
90838  -46.023  -1.980  55.180 0.0000000000
90829  -45.192  -1.588  55.456 0.0000000000
95011  -48.417  3.271  62.134 0.0000000000
95013  -50.704  3.043  61.832 0.0000000000
95030  -49.997  3.392  61.299 0.0000000000
95031  -51.119  3.195  60.982 0.0000000000
125506  -50.259  3.594  60.287 0.0000000000
94979  -52.699  3.120  63.534 0.0000000000
94184  -52.358  2.802  63.215 0.0000000000
94993  -53.136  2.871  62.717 0.0000000000
95770  -53.477  3.920  60.366 0.0000000000
95034  -53.168  2.884  60.692 0.0000000000
95049  -53.245  3.620  59.270 0.0000000000
145724  -53.024  3.427  59.114 0.0000000000
95063  -53.086  3.830  58.489 0.0000000000
95075  -52.561  4.052  57.761 0.0000000000
95801  -53.099  4.629  57.758 0.0000000000
97193  -52.344  6.442  56.813 0.0000000000
97207  -52.963  6.142  56.911 0.0000000000
97205  -52.208  6.748  56.168 0.0000000000
97219  -52.125  7.195  55.444 0.0000000000
138253  -51.701  6.986  55.847 0.0000000000
97191  -49.776  6.421  57.016 0.0000000000
97202  -48.820  6.385  56.748 0.0000000000
97190  -48.787  6.355  57.696 0.0000000000
97828  -47.999  7.156  60.460 0.0000000000
97835  -48.059  6.818  59.814 0.0000000000
97179  -47.879  6.574  58.307 0.0000000000
97841  -47.133  6.945  58.897 0.0000000000
139133  -46.492  7.184  58.546 0.0000000000
98518  -46.830  9.156  60.357 0.0000000000
99250  -46.406  9.300  59.697 0.0000000000
99263  -45.960  9.599  58.920 0.0000000000
99933  -46.675  10.492  59.127 0.0000000000
88300  -50.102  -4.640  50.859 0.0000000000
137281  -49.653  -3.683  49.806 0.0000000000
89050  -38.756  -3.713  61.693 0.0000000000
89051  -39.459  -3.320  61.261 0.0000000000
89878  -39.032  -2.734  61.617 0.0000000000
90780  -38.686  -1.178  61.578 0.0000000000
91678  -38.883  -0.098  60.717 0.0000000000
92511  -38.561  0.489  60.942 0.0000000000
91665  -36.932  -0.501  63.541 0.0000000000
92500  -36.971  0.242  63.170 0.0000000000
136562  -39.173  2.433  61.720 0.0000000000
94201  -38.630  1.983  61.683 0.0000000000
93378  -39.013  1.930  60.958 0.0000000000
94210  -40.127  2.903  61.108 0.0000000000
127740  -40.391  2.900  60.457 0.0000000000
95021  -40.801  3.261  61.007 0.0000000000
127828  -42.192  3.045  62.645 0.0000000000
95005  -42.255  3.425  61.631 0.0000000000
95006  -43.789  3.325  62.167 0.0000000000
95738  -42.204  4.165  63.558 0.0000000000
139061  -41.705  3.739  63.637 0.0000000000
94969  -42.381  3.293  63.314 0.0000000000
95741  -44.727  3.647  63.334 0.0000000000
94971  -44.084  3.232  63.130 0.0000000000
126634  -45.103  3.310  62.660 0.0000000000
94972  -45.359  3.359  63.067 0.0000000000
94973  -46.137  3.522  63.057 0.0000000000
95743  -46.457  3.854  63.315 0.0000000000
96443  -47.522  5.227  63.459 0.0000000000
96444  -48.423  5.029  63.523 0.0000000000
85660  -54.451  -7.372  62.491 0.0000000000
84707  -52.550  -8.074  63.349 0.0000000000
123011  -52.051  -8.808  62.856 0.0000000000
83822  -51.041  -9.174  63.138 0.0000000000
83837  -50.569  -9.676  62.553 0.0000000000
86472  -50.408  -6.406  66.174 0.0000000000
86463  -50.910  -6.385  66.775 0.0000000000
86473  -51.329  -5.769  66.283 0.0000000000
87319  -52.013  -5.203  66.130 0.0000000000
124021  -50.934  -5.991  65.808 0.0000000000
86488  -51.300  -6.281  65.182 0.0000000000
84704  -48.089  -8.860  63.940 0.0000000000
144741  -49.088  -9.275  63.675 0.0000000000
139253  -49.209  -9.796  62.837 0.0000000000
137713  -47.885  -9.583  62.504 0.0000000000
135015  -47.753  -9.621  61.731 0.0000000000
83834  -47.180  -9.576  62.422 0.0000000000
127867  -45.843  -9.488  62.844 0.0000000000
83847  -45.851  -9.494  61.843 0.0000000000
83846  -44.892  -9.390  61.725 0.0000000000
83799  -45.653  -9.608  65.062 0.0000000000
83807  -45.427  -9.556  64.294 0.0000000000
83806  -44.749  -9.881  64.083 0.0000000000
83815  -43.587  -9.720  62.469 0.0000000000
83816  -44.350  -9.789  63.199 0.0000000000
83845  -44.038  -9.362  61.726 0.0000000000
144539  -43.719  -9.029  61.280 0.0000000000
84722  -43.112  -8.829  61.142 0.0000000000
84729  -43.012  -8.208  60.735 0.0000000000
82893  -46.008  -10.175  72.930 0.0000000000
143388  -40.502  -12.007  76.369 0.0000000000
81952  -41.512  -11.728  76.649 0.0000000000
81953  -42.089  -11.292  76.860 0.0000000000
129951  -41.364  -11.346  76.301 0.0000000000
81973  -39.730  -11.916  73.334 0.0000000000
130130  -40.509  -11.410  72.294 0.0000000000
135770  -42.159  -11.267  72.216 0.0000000000
81987  -41.649  -11.314  73.159 0.0000000000
82879  -42.683  -10.749  74.631 0.0000000000
81977  -42.847  -10.843  73.474 0.0000000000
82880  -43.312  -10.635  74.009 0.0000000000
81989  -43.032  -10.985  72.437 0.0000000000
82027  -43.325  -11.607  70.921 0.0000000000
82028  -44.154  -11.700  71.007 0.0000000000
82029  -44.988  -11.728  71.076 0.0000000000
81089  -44.745  -12.181  70.364 0.0000000000
81106  -45.396  -12.338  69.726 0.0000000000
81105  -44.500  -12.509  69.492 0.0000000000
80190  -42.394  -13.124  67.412 0.0000000000
80191  -43.143  -12.927  67.701 0.0000000000
81137  -43.141  -12.189  66.084 0.0000000000
81136  -42.425  -12.744  66.525 0.0000000000
84712  -39.344  -8.538  62.221 0.0000000000
85658  -39.137  -7.741  62.005 0.0000000000
85665  -39.721  -7.178  61.447 0.0000000000
85664  -38.985  -7.057  61.912 0.0000000000
86503  -38.670  -6.548  62.230 0.0000000000
87335  -38.495  -5.920  62.590 0.0000000000
85633  -38.672  -8.187  65.003 0.0000000000
87326  -39.269  -5.995  64.963 0.0000000000
88198  -38.764  -5.074  64.375 0.0000000000
88199  -39.535  -5.066  64.858 0.0000000000
80266  -54.543  -13.184  56.524 0.0000000000
81212  -54.778  -12.925  56.476 0.0000000000
137257  -54.913  -10.262  55.245 0.0000000000
83056  -55.103  -11.168  55.409 0.0000000000
83064  -55.384  -10.616  54.699 0.0000000000
83924  -55.186  -9.605  54.766 0.0000000000
129680  -48.259  -8.141  59.581 0.0000000000
131270  -48.721  -8.648  59.253 0.0000000000
86539  -49.265  -6.692  57.572 0.0000000000
85696  -48.869  -7.666  58.033 0.0000000000
133950  -49.940  -3.405  57.545 0.0000000000
88237  -50.692  -3.751  57.491 0.0000000000
87385  -52.054  -4.674  56.273 0.0000000000
87384  -51.167  -4.753  56.778 0.0000000000
86549  -51.315  -5.704  56.120 0.0000000000
86558  -51.056  -6.661  55.777 0.0000000000
86559  -51.790  -6.388  55.584 0.0000000000
85720  -52.190  -7.732  55.320 0.0000000000
127557  -52.983  -7.097  55.154 0.0000000000
138586  -54.586  -5.955  54.432 0.0000000000
86561  -54.306  -6.461  54.662 0.0000000000
86572  -54.899  -6.654  54.351 0.0000000000
135121  -55.450  -8.147  54.018 0.0000000000
144859  -55.409  -7.577  53.718 0.0000000000
85736  -55.335  -7.319  53.035 0.0000000000
86583  -55.231  -6.542  53.106 0.0000000000
88291  -54.532  -4.527  52.302 0.0000000000
87422  -54.860  -5.264  52.708 0.0000000000
87441  -54.098  -5.242  51.070 0.0000000000
88301  -54.242  -4.619  51.355 0.0000000000
89969  -52.277  -2.236  52.645 0.0000000000
89956  -52.831  -2.718  53.313 0.0000000000
90877  -53.220  -1.461  50.708 0.0000000000
89980  -53.488  -2.283  51.152 0.0000000000
89989  -53.380  -2.146  50.397 0.0000000000
138893  -53.640  -3.987  50.683 0.0000000000
89160  -53.183  -2.805  50.131 0.0000000000
89147  -51.913  -3.755  50.090 0.0000000000
89159  -52.609  -2.919  49.834 0.0000000000
90888  -51.064  -1.359  49.030 0.0000000000
90002  -51.270  -2.156  49.427 0.0000000000
138868  -49.370  -2.304  49.214 0.0000000000
90887  -50.016  -1.581  48.860 0.0000000000
89881  -40.636  -2.452  60.690 0.0000000000
125659  -40.825  -1.830  60.523 0.0000000000
91690  -41.276  -0.617  59.139 0.0000000000
90795  -41.672  -1.251  59.682 0.0000000000
91691  -41.985  -1.007  58.976 0.0000000000
91698  -42.300  -0.649  58.306 0.0000000000
94226  -42.078  2.939  58.190 0.0000000000
94229  -41.790  2.241  58.001 0.0000000000
94230  -42.359  2.400  57.517 0.0000000000
93416  -42.824  1.444  56.565 0.0000000000
92541  -42.536  0.652  56.904 0.0000000000
91713  -42.922  0.020  56.767 0.0000000000
91708  -44.006  -0.988  56.545 0.0000000000
91714  -43.476  -0.181  56.215 0.0000000000
93421  -44.322  1.421  54.744 0.0000000000
92557  -44.412  0.579  54.414 0.0000000000
91729  -44.743  -0.166  54.143 0.0000000000
92563  -44.848  0.624  53.718 0.0000000000
141660  -47.781  3.884  60.715 0.0000000000
95045  -47.679  4.266  59.753 0.0000000000
123371  -48.557  4.338  57.260 0.0000000000
144243  -47.858  4.362  57.934 0.0000000000
122833  -47.531  4.296  57.051 0.0000000000
134255  -46.394  4.209  56.834 0.0000000000
95097  -49.999  4.365  55.617 0.0000000000
95086  -49.811  4.268  56.376 0.0000000000
95096  -49.257  4.320  55.010 0.0000000000
95106  -47.619  4.113  54.892 0.0000000000
95094  -46.930  3.890  55.462 0.0000000000
95104  -46.611  3.648  54.684 0.0000000000
126772  -45.909  3.175  54.583 0.0000000000
94257  -46.222  3.155  53.958 0.0000000000
94271  -46.027  2.402  52.601 0.0000000000
93439  -45.944  1.649  52.126 0.0000000000
92571  -45.571  0.837  52.550 0.0000000000
92572  -46.141  0.782  51.775 0.0000000000
126487  -46.487  0.103  51.596 0.0000000000
92579  -46.822  0.712  51.072 0.0000000000
93461  -47.644  1.896  50.017 0.0000000000
92587  -47.573  1.062  50.363 0.0000000000
93455  -48.733  1.431  49.867 0.0000000000
145361  -49.375  2.135  49.558 0.0000000000
95132  -48.489  4.300  49.769 0.0000000000
126261  -49.649  4.240  49.006 0.0000000000
95145  -51.034  4.172  48.032 0.0000000000
94297  -50.991  3.411  48.501 0.0000000000
94298  -51.217  2.595  48.884 0.0000000000
93463  -51.502  2.064  49.126 0.0000000000
94299  -51.320  2.509  48.839 0.0000000000
136974  -51.691  1.787  48.829 0.0000000000
93469  -50.832  2.001  48.414 0.0000000000
92618  -48.666  1.077  47.871 0.0000000000
92611  -49.674  0.496  48.257 0.0000000000
126112  -48.684  0.241  48.196 0.0000000000
92609  -47.334  0.640  48.260 0.0000000000
97287  -47.074  5.888  48.495 0.0000000000
95876  -47.122  4.172  48.198 0.0000000000
96574  -46.893  5.211  48.424 0.0000000000
95861  -45.313  4.416  50.049 0.0000000000
97903  -50.216  7.700  53.143 0.0000000000
97231  -49.180  6.961  53.875 0.0000000000
97239  -47.096  6.604  53.714 0.0000000000
97249  -47.273  6.864  52.815 0.0000000000
145458  -46.643  6.898  52.439 0.0000000000
147359  -45.508  6.836  55.515 0.0000000000
97214  -46.094  6.585  55.067 0.0000000000
97889  -45.422  6.830  54.797 0.0000000000
97913  -43.056  7.527  51.998 0.0000000000
123542  -44.076  7.277  52.544 0.0000000000
97914  -43.777  7.358  51.492 0.0000000000
140108  -43.041  6.808  50.655 0.0000000000
97257  -42.589  7.077  51.067 0.0000000000
96532  -41.321  6.449  52.171 0.0000000000
95844  -41.692  5.600  52.551 0.0000000000
95837  -42.254  4.677  53.192 0.0000000000
95836  -41.466  5.134  53.343 0.0000000000
96514  -39.834  5.901  53.700 0.0000000000
96513  -39.137  6.231  54.049 0.0000000000
123366  -40.456  7.618  54.209 0.0000000000
97873  -39.570  7.675  54.518 0.0000000000
97883  -38.620  7.414  54.146 0.0000000000
97213  -37.919  6.838  54.602 0.0000000000
100623  -44.720  11.916  57.813 0.0000000000
100615  -44.124  12.208  58.034 0.0000000000
131830  -42.920  11.005  58.146 0.0000000000
87342  -41.726  -5.378  60.488 0.0000000000
88212  -41.766  -4.515  60.500 0.0000000000
89055  -41.980  -3.589  60.453 0.0000000000
96430  -53.232  5.336  66.105 0.0000000000
132774  -52.366  6.565  64.217 0.0000000000
97808  -52.594  7.671  64.405 0.0000000000
98496  -52.253  8.763  63.578 0.0000000000
138571  -54.426  -8.217  51.607 0.0000000000
90768  -39.312  -1.856  65.749 0.0000000000
82947  -48.504  -10.410  69.260 0.0000000000
82946  -47.948  -10.621  68.742 0.0000000000
82945  -47.117  -10.764  68.182 0.0000000000
82065  -46.609  -11.540  68.715 0.0000000000
82064  -45.938  -11.815  68.441 0.0000000000
132503  -36.986  -9.827  67.551 0.0000000000
143266  -50.886  -9.781  61.127 0.0000000000
83865  -50.319  -9.758  60.532 0.0000000000
83881  -49.709  -9.651  59.695 0.0000000000
89926  -47.564  -2.606  55.351 0.0000000000
89939  -48.171  -2.681  54.518 0.0000000000
89952  -48.648  -2.580  53.671 0.0000000000
89966  -49.122  -2.400  52.836 0.0000000000
89965  -48.172  -2.240  52.944 0.0000000000
132182  -47.869  -1.752  52.420 0.0000000000
90865  -48.150  -1.278  51.685 0.0000000000
95777  -45.784  4.498  59.383 0.0000000000
96517  -52.523  6.449  54.906 0.0000000000
96516  -52.286  5.956  54.422 0.0000000000
96526  -52.187  6.359  53.604 0.0000000000
96537  -52.160  6.698  52.905 0.0000000000
96536  -51.637  6.842  52.349 0.0000000000
96547  -51.224  7.436  51.488 0.0000000000
97259  -50.738  7.643  50.827 0.0000000000
97946  -50.298  7.635  50.325 0.0000000000
97932  -49.732  7.855  50.908 0.0000000000
97917  -49.409  7.759  51.876 0.0000000000
98539  -45.511  8.778  58.382 0.0000000000
98562  -43.349  8.413  56.532 0.0000000000
86518  -45.647  -6.543  59.796 0.0000000000
87345  -45.442  -5.768  59.855 0.0000000000
89058  -44.677  -3.287  60.211 0.0000000000
89067  -45.164  -2.887  59.909 0.0000000000
89901  -45.617  -2.329  58.562 0.0000000000
90814  -45.529  -2.023  57.792 0.0000000000
123324  -44.667  -1.504  56.867 0.0000000000
94990  -48.803  3.437  62.521 0.0000000000
94991  -49.822  3.326  62.581 0.0000000000
94992  -50.671  3.086  62.450 0.0000000000
94190  -51.493  2.767  62.206 0.0000000000
95748  -53.252  3.393  62.386 0.0000000000
95015  -53.436  2.967  61.900 0.0000000000
95758  -53.366  3.635  61.352 0.0000000000
95779  -53.180  4.619  59.645 0.0000000000
96485  -53.275  4.927  58.815 0.0000000000
96476  -52.902  5.287  58.886 0.0000000000
96483  -52.500  5.699  58.107 0.0000000000
97182  -52.061  6.151  57.486 0.0000000000
147530  -51.464  6.195  57.326 0.0000000000
97181  -51.001  5.861  57.976 0.0000000000
97172  -50.068  5.949  58.906 0.0000000000
97821  -49.367  7.168  62.136 0.0000000000
147772  -48.776  7.117  61.584 0.0000000000
128260  -48.141  7.565  61.259 0.0000000000
97827  -47.423  7.836  60.677 0.0000000000
98519  -47.232  8.659  60.769 0.0000000000
99237  -47.451  9.600  60.633 0.0000000000
88311  -50.315  -4.403  50.490 0.0000000000
89048  -38.224  -3.849  62.595 0.0000000000
89877  -38.374  -2.418  62.223 0.0000000000
91669  -37.996  -0.855  62.040 0.0000000000
93364  -37.569  1.817  63.515 0.0000000000
93368  -37.385  1.207  62.728 0.0000000000
93365  -37.946  2.045  62.801 0.0000000000
94187  -38.676  2.406  62.428 0.0000000000
94202  -39.859  2.801  61.843 0.0000000000
95003  -40.627  3.089  61.887 0.0000000000
96440  -43.751  4.985  63.435 0.0000000000
131421  -44.356  4.480  63.483 0.0000000000
131420  -45.089  4.581  63.480 0.0000000000
140005  -46.037  4.748  63.485 0.0000000000
146434  -46.735  5.358  63.481 0.0000000000
85652  -54.108  -6.764  63.169 0.0000000000
85650  -52.008  -7.659  64.112 0.0000000000
85628  -49.709  -7.007  66.401 0.0000000000
85635  -49.304  -7.239  65.386 0.0000000000
85642  -49.517  -7.494  64.833 0.0000000000
85641  -48.773  -7.655  64.978 0.0000000000
84703  -47.145  -8.954  63.886 0.0000000000
83818  -46.648  -9.392  63.198 0.0000000000
127007  -44.651  -10.594  65.206 0.0000000000
82977  -44.486  -10.312  64.596 0.0000000000
82987  -43.510  -10.176  63.346 0.0000000000
145691  -42.967  -9.726  62.232 0.0000000000
83843  -42.470  -9.067  61.466 0.0000000000
83830  -42.355  -9.627  62.088 0.0000000000
82000  -40.092  -10.965  71.342 0.0000000000
82001  -41.045  -11.208  71.550 0.0000000000
144572  -41.691  -11.313  71.686 0.0000000000
82026  -42.525  -11.502  70.860 0.0000000000
81087  -42.989  -12.095  70.230 0.0000000000
81104  -43.501  -12.618  69.327 0.0000000000
80184  -42.671  -13.081  68.225 0.0000000000
80189  -41.450  -13.294  67.460 0.0000000000
83814  -39.266  -9.679  63.212 0.0000000000
83827  -38.843  -8.988  62.855 0.0000000000
84711  -38.723  -8.135  62.675 0.0000000000
85649  -38.467  -7.642  63.212 0.0000000000
148523  -38.400  -7.265  63.712 0.0000000000
82166  -54.709  -11.732  56.107 0.0000000000
83923  -53.840  -9.936  55.342 0.0000000000
86529  -48.606  -6.521  59.065 0.0000000000
87363  -48.982  -5.731  58.853 0.0000000000
131358  -49.330  -5.754  58.104 0.0000000000
89090  -51.053  -3.523  56.530 0.0000000000
145413  -51.343  -3.869  57.033 0.0000000000
89091  -51.881  -3.781  56.485 0.0000000000
87395  -53.259  -5.457  55.356 0.0000000000
87404  -54.663  -5.210  54.397 0.0000000000
87413  -54.975  -5.128  53.727 0.0000000000
88272  -54.657  -4.354  54.272 0.0000000000
89119  -54.415  -3.624  54.015 0.0000000000
89127  -54.362  -3.665  53.022 0.0000000000
90868  -51.425  -1.155  51.437 0.0000000000
90857  -52.653  -1.665  51.759 0.0000000000
130132  -52.376  -1.051  51.237 0.0000000000
90891  -53.250  -1.403  50.111 0.0000000000
90003  -52.375  -2.047  49.545 0.0000000000
91774  -52.535  -0.338  49.525 0.0000000000
90902  -51.908  -0.391  49.089 0.0000000000
91785  -51.804  0.315  48.892 0.0000000000
91680  -40.140  -0.641  60.041 0.0000000000
90785  -40.527  -1.310  60.361 0.0000000000
92526  -41.167  0.207  58.574 0.0000000000
95068  -43.517  3.521  57.494 0.0000000000
94231  -43.082  2.827  57.144 0.0000000000
94238  -43.312  2.339  56.411 0.0000000000
93417  -43.374  1.409  56.038 0.0000000000
92548  -43.516  0.599  55.727 0.0000000000
93420  -43.806  1.426  55.379 0.0000000000
94255  -44.853  2.153  54.416 0.0000000000
124605  -49.424  3.951  59.669 0.0000000000
95059  -48.956  4.261  58.759 0.0000000000
95071  -49.246  4.290  57.894 0.0000000000
95829  -49.530  4.538  54.368 0.0000000000
140129  -48.764  4.407  54.352 0.0000000000
139767  -47.707  4.180  53.691 0.0000000000
142082  -46.399  2.818  52.478 0.0000000000
94272  -46.408  2.410  51.910 0.0000000000
94279  -46.684  2.162  51.141 0.0000000000
94287  -47.189  2.391  50.547 0.0000000000
94288  -47.742  2.654  49.917 0.0000000000
95869  -50.423  5.075  48.344 0.0000000000
95878  -50.866  4.800  47.970 0.0000000000
95879  -50.988  4.432  47.845 0.0000000000
94315  -50.664  3.314  47.874 0.0000000000
93477  -50.203  2.423  47.771 0.0000000000
94314  -49.723  3.064  47.506 0.0000000000
93476  -49.098  2.071  47.550 0.0000000000
93475  -48.097  1.922  47.845 0.0000000000
92617  -47.823  1.181  48.063 0.0000000000
93474  -47.366  2.116  48.064 0.0000000000
96565  -46.296  5.924  48.802 0.0000000000
96564  -46.047  5.247  48.923 0.0000000000
140269  -45.576  5.988  49.129 0.0000000000
95866  -45.269  5.456  49.520 0.0000000000
126686  -48.511  6.529  54.920 0.0000000000
97899  -43.394  7.397  53.116 0.0000000000
97912  -42.172  7.389  51.719 0.0000000000
97926  -41.688  7.115  51.747 0.0000000000
97248  -41.274  6.935  52.088 0.0000000000
96531  -40.594  6.816  52.506 0.0000000000
97237  -39.795  7.180  52.886 0.0000000000
125636  -40.918  7.682  56.227 0.0000000000
97860  -40.073  7.603  55.637 0.0000000000
97870  -37.561  7.350  55.086 0.0000000000
98559  -37.678  7.973  56.104 0.0000000000
85670  -43.677  -7.700  60.429 0.0000000000
86511  -43.940  -6.823  60.162 0.0000000000
88214  -43.875  -4.578  60.303 0.0000000000
88213  -43.046  -4.816  60.298 0.0000000000
140981  -44.118  -3.809  60.335 0.0000000000
89885  -43.815  -3.086  60.310 0.0000000000
94977  -51.741  3.212  63.772 0.0000000000
95734  -51.892  3.938  64.791 0.0000000000
94966  -52.579  3.605  64.426 0.0000000000
124151  -52.729  3.733  64.270 0.0000000000
96436  -53.208  4.927  65.470 0.0000000000
95747  -52.940  4.162  62.867 0.0000000000
96459  -51.817  4.915  62.174 0.0000000000
96458  -50.807  5.400  61.579 0.0000000000
96467  -50.756  5.352  60.733 0.0000000000
97155  -50.130  5.905  61.915 0.0000000000
97145  -49.823  6.512  62.200 0.0000000000
97142  -51.506  6.622  63.665 0.0000000000
97810  -50.205  7.221  62.751 0.0000000000
98499  -49.682  8.081  62.508 0.0000000000
146382  -50.157  8.908  62.587 0.0000000000
99207  -50.191  9.661  62.161 0.0000000000
89866  -37.793  -2.236  64.575 0.0000000000
90772  -37.333  -1.601  64.321 0.0000000000
91662  -36.651  0.024  64.217 0.0000000000
91660  -37.512  -0.961  65.380 0.0000000000
91658  -36.752  0.176  65.099 0.0000000000
84672  -48.040  -8.797  67.065 0.0000000000
84681  -47.076  -8.827  65.981 0.0000000000
145871  -46.759  -8.975  65.675 0.0000000000
83793  -46.576  -9.364  66.112 0.0000000000
83792  -45.921  -9.816  65.800 0.0000000000
82968  -45.293  -10.262  65.498 0.0000000000
82952  -46.604  -10.491  67.361 0.0000000000
82960  -45.535  -10.539  66.260 0.0000000000
82090  -44.200  -11.171  65.626 0.0000000000
82089  -43.476  -11.512  65.405 0.0000000000
81057  -38.691  -12.372  73.942 0.0000000000
81056  -38.001  -12.512  73.320 0.0000000000
143262  -39.012  -11.064  71.413 0.0000000000
82022  -38.502  -10.645  70.704 0.0000000000
138713  -40.093  -10.934  70.649 0.0000000000
148583  -38.775  -9.960  65.183 0.0000000000
124759  -38.678  -9.437  65.284 0.0000000000
84680  -38.641  -8.550  66.180 0.0000000000
89076  -48.676  -3.640  58.968 0.0000000000
89077  -49.511  -3.887  58.863 0.0000000000
89083  -49.224  -3.472  58.301 0.0000000000
89913  -49.138  -3.206  57.510 0.0000000000
124828  -49.057  -2.980  56.274 0.0000000000
89089  -50.020  -3.174  56.553 0.0000000000
89929  -50.513  -3.162  55.719 0.0000000000
89930  -51.455  -3.310  55.561 0.0000000000
89942  -51.747  -3.099  54.605 0.0000000000
89943  -52.642  -3.078  54.276 0.0000000000
132345  -51.031  -2.818  53.928 0.0000000000
89968  -51.177  -2.363  52.925 0.0000000000
90855  -50.743  -1.820  52.151 0.0000000000
91758  -51.128  -0.559  50.953 0.0000000000
91767  -50.788  0.063  50.522 0.0000000000
94224  -40.772  2.316  59.039 0.0000000000
95043  -43.302  4.097  59.192 0.0000000000
95056  -43.370  3.823  58.259 0.0000000000
95069  -44.292  3.809  57.245 0.0000000000
95088  -51.328  4.272  56.771 0.0000000000
95073  -50.507  4.103  57.134 0.0000000000
95819  -50.966  4.593  55.395 0.0000000000
96515  -51.655  5.651  54.097 0.0000000000
140653  -50.210  4.757  54.333 0.0000000000
95862  -47.889  4.306  50.757 0.0000000000
95857  -48.354  4.939  51.337 0.0000000000
96555  -49.349  5.576  50.583 0.0000000000
96566  -49.877  5.848  49.579 0.0000000000
96567  -50.097  5.834  48.796 0.0000000000
96576  -49.702  5.806  48.227 0.0000000000
96582  -49.211  5.459  47.803 0.0000000000
95885  -48.234  5.093  47.714 0.0000000000
96575  -48.599  5.875  47.966 0.0000000000
97288  -47.854  6.226  48.428 0.0000000000
132249  -47.415  6.565  48.996 0.0000000000
97955  -48.079  7.022  49.240 0.0000000000
97954  -46.222  6.678  49.285 0.0000000000
97942  -44.937  7.292  49.782 0.0000000000
97188  -46.929  6.641  57.106 0.0000000000
97878  -44.872  7.167  55.458 0.0000000000
124604  -42.461  7.480  54.291 0.0000000000
97885  -41.417  7.569  54.180 0.0000000000
97861  -41.741  7.665  55.865 0.0000000000
97851  -41.107  8.036  57.095 0.0000000000
98548  -40.519  8.199  57.483 0.0000000000
84744  -47.706  -8.470  60.075 0.0000000000
85684  -47.653  -7.517  59.649 0.0000000000
85683  -46.730  -7.423  59.777 0.0000000000
86521  -48.055  -6.561  59.407 0.0000000000
141360  -48.110  -4.795  59.456 0.0000000000
89070  -48.057  -3.856  59.392 0.0000000000
87346  -46.064  -5.003  59.858 0.0000000000
88216  -45.765  -4.218  60.053 0.0000000000
89903  -48.254  -3.204  58.600 0.0000000000
89911  -47.675  -2.795  58.017 0.0000000000
89925  -46.699  -2.281  55.729 0.0000000000
126785  -46.135  -1.893  54.340 0.0000000000
95009  -46.537  3.387  62.137 0.0000000000
95027  -46.307  3.763  61.330 0.0000000000
125735  -47.191  3.590  61.474 0.0000000000
95046  -48.609  3.822  60.578 0.0000000000
95029  -48.988  3.448  61.476 0.0000000000
123561  -50.467  3.774  59.193 0.0000000000
95061  -51.503  3.648  58.789 0.0000000000
147464  -51.849  2.954  63.401 0.0000000000
94191  -52.307  2.621  62.527 0.0000000000
94203  -52.254  2.612  61.802 0.0000000000
94212  -53.201  2.716  61.516 0.0000000000
94211  -52.874  2.605  61.252 0.0000000000
95032  -52.163  2.869  61.136 0.0000000000
95048  -52.465  3.414  59.589 0.0000000000
123372  -51.584  3.907  57.732 0.0000000000
95074  -52.039  4.253  57.106 0.0000000000
95800  -52.709  4.667  57.037 0.0000000000
95810  -52.772  5.474  56.478 0.0000000000
96491  -53.071  5.783  57.404 0.0000000000
96498  -52.790  6.122  56.413 0.0000000000
96508  -52.685  6.001  55.726 0.0000000000
146045  -52.473  6.918  54.482 0.0000000000
97892  -52.065  7.619  54.296 0.0000000000
97891  -51.701  7.900  53.876 0.0000000000
97890  -51.118  8.017  53.499 0.0000000000
97233  -51.149  7.542  54.443 0.0000000000
97204  -50.818  6.560  56.328 0.0000000000
125050  -48.802  6.429  55.779 0.0000000000
97201  -47.860  6.369  56.465 0.0000000000
134405  -49.257  6.251  58.924 0.0000000000
97170  -48.604  6.460  59.402 0.0000000000
97180  -48.688  6.378  58.599 0.0000000000
97840  -45.940  7.779  58.568 0.0000000000
99262  -45.529  9.957  58.319 0.0000000000
138371  -40.268  -4.302  60.796 0.0000000000
89879  -39.830  -2.635  61.051 0.0000000000
136850  -38.924  -1.918  61.734 0.0000000000
90781  -39.409  -1.486  61.226 0.0000000000
90784  -39.819  -1.074  60.652 0.0000000000
91679  -39.481  -0.353  60.394 0.0000000000
93396  -39.894  1.818  59.763 0.0000000000
90774  -37.303  -1.300  63.412 0.0000000000
91668  -37.359  -0.523  62.670 0.0000000000
91671  -37.715  -0.189  61.895 0.0000000000
93376  -37.662  1.044  61.881 0.0000000000
92504  -37.961  0.446  61.571 0.0000000000
93388  -38.805  1.139  60.648 0.0000000000
93389  -39.397  1.440  60.225 0.0000000000
94218  -40.414  2.531  59.722 0.0000000000
95040  -40.944  3.219  60.146 0.0000000000
95023  -42.351  3.773  60.545 0.0000000000
122859  -43.954  3.718  61.061 0.0000000000
94983  -41.975  2.998  63.096 0.0000000000
94984  -42.783  2.916  63.044 0.0000000000
94985  -43.552  3.037  62.911 0.0000000000
94986  -44.338  3.213  62.745 0.0000000000
95008  -45.661  3.453  62.026 0.0000000000
94988  -46.690  3.415  62.699 0.0000000000
94989  -47.328  3.433  62.830 0.0000000000
139345  -47.192  3.717  63.187 0.0000000000
94975  -48.110  3.582  62.994 0.0000000000
143347  -48.976  4.107  63.265 0.0000000000
136733  -50.127  4.423  63.742 0.0000000000
97129  -49.029  5.784  63.736 0.0000000000
85659  -53.566  -7.610  62.896 0.0000000000
83839  -52.526  -8.961  61.936 0.0000000000
83852  -51.804  -9.525  61.360 0.0000000000
83851  -50.867  -9.804  61.832 0.0000000000
133165  -50.152  -9.954  62.053 0.0000000000
83850  -49.392  -9.929  61.893 0.0000000000
85644  -51.389  -7.136  64.594 0.0000000000
84698  -51.002  -7.952  64.319 0.0000000000
84697  -50.036  -8.109  64.407 0.0000000000
84705  -50.553  -8.719  63.831 0.0000000000
83821  -50.011  -9.473  63.299 0.0000000000
83849  -48.588  -9.660  61.371 0.0000000000
144323  -47.991  -9.465  61.043 0.0000000000
83862  -47.279  -9.380  61.073 0.0000000000
83861  -46.400  -9.307  61.098 0.0000000000
84732  -46.051  -8.947  60.672 0.0000000000
84731  -45.327  -8.637  60.630 0.0000000000
132640  -44.503  -8.241  60.517 0.0000000000
83808  -46.084  -9.212  64.507 0.0000000000
123489  -45.926  -9.309  63.716 0.0000000000
85669  -42.799  -7.466  60.544 0.0000000000
85668  -41.981  -7.218  60.594 0.0000000000
85667  -41.150  -7.027  60.772 0.0000000000
87339  -40.285  -5.712  60.778 0.0000000000
82007  -46.626  -11.245  71.336 0.0000000000
81007  -42.758  -11.726  77.093 0.0000000000
81946  -42.764  -11.233  77.212 0.0000000000
82861  -43.256  -10.382  76.645 0.0000000000
81043  -39.088  -12.077  74.709 0.0000000000
81974  -39.954  -11.766  74.759 0.0000000000
81975  -41.056  -11.417  74.331 0.0000000000
127061  -41.351  -11.205  75.221 0.0000000000
81965  -41.955  -10.918  75.531 0.0000000000
82870  -42.574  -10.625  76.010 0.0000000000
82872  -44.000  -10.154  75.667 0.0000000000
82881  -44.007  -10.361  74.111 0.0000000000
82891  -44.365  -10.548  73.080 0.0000000000
81990  -43.937  -10.799  72.354 0.0000000000
82892  -45.127  -10.397  73.011 0.0000000000
82900  -45.556  -10.714  72.344 0.0000000000
139230  -45.927  -11.097  71.731 0.0000000000
82030  -46.684  -11.641  70.460 0.0000000000
81090  -46.123  -12.142  70.088 0.0000000000
81121  -45.191  -12.304  68.673 0.0000000000
81129  -44.677  -12.303  67.894 0.0000000000
81128  -43.910  -12.585  67.581 0.0000000000
82072  -44.560  -11.939  67.147 0.0000000000
81138  -43.877  -12.172  66.672 0.0000000000
82088  -42.665  -11.877  65.257 0.0000000000
80182  -40.976  -13.239  68.137 0.0000000000
80188  -40.595  -13.277  67.418 0.0000000000
80196  -41.031  -13.156  66.760 0.0000000000
81134  -40.526  -12.784  66.101 0.0000000000
81135  -41.547  -12.724  66.092 0.0000000000
81144  -41.702  -12.170  65.190 0.0000000000
82097  -42.184  -11.566  64.521 0.0000000000
82105  -41.735  -11.135  63.855 0.0000000000
86505  -39.956  -6.399  61.063 0.0000000000
87338  -39.463  -5.726  61.258 0.0000000000
88208  -38.954  -4.966  61.505 0.0000000000
88207  -38.524  -4.472  62.010 0.0000000000
137656  -38.533  -5.204  62.245 0.0000000000
89044  -37.980  -3.527  63.561 0.0000000000
85640  -38.577  -7.405  64.492 0.0000000000
89041  -38.323  -3.538  64.477 0.0000000000
89033  -39.065  -3.412  65.169 0.0000000000
89034  -39.782  -4.306  65.084 0.0000000000
89035  -40.215  -3.653  65.389 0.0000000000
89860  -39.734  -2.721  65.534 0.0000000000
81224  -54.986  -12.823  55.130 0.0000000000
82167  -55.242  -12.026  55.423 0.0000000000
82177  -55.262  -12.284  54.477 0.0000000000
82178  -55.460  -11.506  54.066 0.0000000000
83072  -55.415  -10.642  53.621 0.0000000000
83084  -55.137  -10.722  52.542 0.0000000000
128042  -49.044  -8.776  58.464 0.0000000000
85695  -48.669  -7.239  58.786 0.0000000000
88235  -49.927  -4.223  58.615 0.0000000000
87373  -49.924  -4.916  58.043 0.0000000000
88246  -51.009  -4.125  57.330 0.0000000000
86548  -50.433  -6.556  56.323 0.0000000000
84778  -50.680  -7.459  55.907 0.0000000000
84780  -52.158  -8.582  55.408 0.0000000000
84782  -53.944  -8.970  55.013 0.0000000000
86560  -53.567  -6.320  55.010 0.0000000000
84781  -54.306  -8.052  54.790 0.0000000000
84788  -54.851  -8.815  54.761 0.0000000000
84789  -55.305  -8.857  54.353 0.0000000000
84798  -55.443  -8.934  53.552 0.0000000000
84805  -55.171  -8.996  52.405 0.0000000000
84810  -54.847  -8.491  51.838 0.0000000000
141555  -54.673  -7.852  51.675 0.0000000000
87423  -55.106  -5.821  53.157 0.0000000000
86591  -54.905  -6.296  52.187 0.0000000000
86597  -54.360  -6.639  51.392 0.0000000000
87432  -54.022  -5.904  51.085 0.0000000000
87440  -53.621  -5.308  50.927 0.0000000000
89944  -53.431  -3.050  53.967 0.0000000000
89957  -53.453  -2.813  53.002 0.0000000000
89126  -53.945  -3.068  52.568 0.0000000000
89979  -53.190  -1.789  51.526 0.0000000000
89971  -53.517  -2.476  52.055 0.0000000000
89135  -53.851  -3.063  51.558 0.0000000000
89150  -54.075  -3.835  51.068 0.0000000000
88314  -53.204  -4.623  50.666 0.0000000000
87439  -52.694  -5.321  50.854 0.0000000000
88313  -52.244  -4.545  50.467 0.0000000000
88320  -50.998  -3.651  50.140 0.0000000000
89157  -50.429  -3.148  49.724 0.0000000000
135926  -49.477  -3.053  49.483 0.0000000000
89054  -41.296  -2.999  60.574 0.0000000000
90786  -41.283  -1.521  60.206 0.0000000000
127407  -42.034  -1.826  60.076 0.0000000000
90787  -42.869  -2.081  59.977 0.0000000000
90797  -43.236  -1.815  59.340 0.0000000000
90804  -43.475  -1.554  58.548 0.0000000000
93404  -40.889  1.652  58.667 0.0000000000
92534  -41.583  0.842  58.061 0.0000000000
93412  -42.365  1.494  57.160 0.0000000000
92535  -42.071  0.711  57.529 0.0000000000
92527  -41.906  0.079  58.089 0.0000000000
91699  -42.966  -0.985  57.985 0.0000000000
90812  -43.626  -1.317  57.854 0.0000000000
90813  -44.105  -1.385  57.373 0.0000000000
90821  -44.610  -1.265  56.063 0.0000000000
91722  -43.817  -0.003  55.518 0.0000000000
90828  -44.568  -0.992  55.337 0.0000000000
90837  -44.918  -1.027  54.573 0.0000000000
90843  -45.561  -1.369  53.990 0.0000000000
127658  -45.704  -1.059  53.332 0.0000000000
95789  -46.364  4.519  58.611 0.0000000000
95058  -48.163  4.404  58.808 0.0000000000
95790  -47.316  4.454  58.732 0.0000000000
95082  -45.542  3.771  56.182 0.0000000000
95085  -48.979  4.323  56.458 0.0000000000
123939  -48.508  4.267  55.341 0.0000000000
148339  -48.545  4.276  55.924 0.0000000000
95083  -47.208  4.062  56.233 0.0000000000
94248  -45.217  2.900  54.835 0.0000000000
93427  -45.206  2.017  53.836 0.0000000000
94265  -45.690  2.410  53.356 0.0000000000
93432  -45.252  1.392  53.321 0.0000000000
92564  -45.229  0.519  53.199 0.0000000000
91738  -45.522  -0.248  52.985 0.0000000000
90851  -46.275  -1.058  52.650 0.0000000000
91746  -46.672  -0.589  51.871 0.0000000000
146375  -47.369  -0.800  51.615 0.0000000000
91755  -47.937  -0.497  51.081 0.0000000000
92590  -50.427  0.637  50.205 0.0000000000
92601  -51.077  1.334  49.613 0.0000000000
95137  -48.429  3.366  49.639 0.0000000000
133131  -50.188  3.652  48.750 0.0000000000
94296  -49.958  2.801  49.141 0.0000000000
93462  -50.311  1.945  49.474 0.0000000000
92602  -51.860  1.298  49.204 0.0000000000
144321  -51.940  1.453  49.022 0.0000000000
92613  -51.791  1.072  48.834 0.0000000000
91784  -50.915  0.351  48.513 0.0000000000
144335  -49.987  -0.267  48.493 0.0000000000
90900  -49.622  -0.999  48.625 0.0000000000
95877  -47.504  4.904  48.004 0.0000000000
95136  -46.118  3.382  48.944 0.0000000000
140063  -48.272  7.374  52.399 0.0000000000
97240  -48.137  6.943  53.317 0.0000000000
97930  -46.600  7.120  51.094 0.0000000000
97929  -45.503  7.271  50.419 0.0000000000
97928  -44.398  7.281  50.193 0.0000000000
145774  -46.658  6.454  55.354 0.0000000000
97228  -46.178  6.616  54.198 0.0000000000
97915  -45.106  6.970  52.856 0.0000000000
123364  -44.625  7.288  51.074 0.0000000000
97940  -43.815  7.069  50.263 0.0000000000
97267  -43.410  7.006  50.467 0.0000000000
96543  -43.230  6.119  50.797 0.0000000000
95853  -42.868  5.628  51.577 0.0000000000
127305  -42.980  4.135  52.940 0.0000000000
95835  -40.609  5.513  53.438 0.0000000000
95826  -40.493  4.988  54.305 0.0000000000
97896  -39.314  7.368  53.545 0.0000000000
125254  -39.105  7.597  53.977 0.0000000000
97227  -38.701  6.897  53.768 0.0000000000
97211  -37.027  7.162  55.399 0.0000000000
99221  -50.326  10.418  61.275 0.0000000000
99923  -47.972  10.632  60.038 0.0000000000
99934  -47.670  11.351  59.108 0.0000000000
99943  -46.929  11.413  58.690 0.0000000000
99941  -45.854  11.371  58.063 0.0000000000
100617  -46.024  12.152  57.947 0.0000000000
130469  -44.593  10.973  57.729 0.0000000000
99948  -43.964  10.380  57.488 0.0000000000
99261  -43.378  10.489  57.716 0.0000000000
100614  -43.434  11.769  58.146 0.0000000000
99260  -42.691  10.098  57.920 0.0000000000
127965  -41.171  8.617  57.771 0.0000000000
80282  -54.710  -13.139  55.881 0.0000000000
81991  -44.763  -10.812  72.397 0.0000000000
82002  -42.175  -11.344  71.452 0.0000000000
82003  -42.796  -11.283  71.573 0.0000000000
82006  -45.248  -11.244  71.768 0.0000000000
82053  -46.691  -11.717  69.566 0.0000000000
82189  -55.253  -11.495  52.999 0.0000000000
82206  -55.005  -11.427  52.189 0.0000000000
82849  -42.613  -10.763  77.049 0.0000000000
82931  -47.985  -10.916  69.868 0.0000000000
83820  -48.398  -9.520  63.084 0.0000000000
83939  -55.267  -9.820  53.049 0.0000000000
83956  -54.773  -9.239  51.882 0.0000000000
84682  -47.583  -8.744  66.491 0.0000000000
84688  -47.655  -8.225  65.113 0.0000000000
84713  -53.051  -8.303  62.456 0.0000000000
85627  -49.055  -7.451  66.476 0.0000000000
85636  -49.833  -6.964  65.233 0.0000000000
85721  -53.875  -7.204  54.872 0.0000000000
85728  -54.654  -7.277  54.590 0.0000000000
85729  -55.197  -7.425  54.248 0.0000000000
85743  -55.121  -7.782  52.146 0.0000000000
85746  -53.562  -7.100  51.470 0.0000000000
85747  -54.367  -7.505  51.463 0.0000000000
85748  -54.752  -7.209  51.749 0.0000000000
86471  -49.759  -6.801  65.785 0.0000000000
86573  -55.296  -6.900  53.852 0.0000000000
86594  -52.148  -6.155  51.776 0.0000000000
87431  -53.344  -5.892  51.078 0.0000000000
87437  -50.807  -4.727  50.742 0.0000000000
88258  -53.652  -4.622  55.269 0.0000000000
88271  -54.212  -3.759  54.721 0.0000000000
89092  -52.518  -3.955  56.118 0.0000000000
89858  -38.176  -2.157  65.109 0.0000000000
90890  -52.900  -1.169  49.706 0.0000000000
91730  -45.270  -0.658  53.769 0.0000000000
92603  -51.931  0.793  49.261 0.0000000000
93405  -41.448  1.614  58.241 0.0000000000
93470  -51.583  2.241  48.727 0.0000000000
93478  -50.785  2.744  48.396 0.0000000000
94192  -52.848  2.666  62.735 0.0000000000
94193  -53.131  2.648  62.189 0.0000000000
94965  -52.164  3.483  64.392 0.0000000000
95115  -47.993  4.285  54.282 0.0000000000
95146  -51.026  4.002  47.932 0.0000000000
95730  -53.063  4.730  65.814 0.0000000000
95771  -53.345  3.422  60.115 0.0000000000
95780  -53.413  4.150  59.496 0.0000000000
95802  -53.152  5.350  57.402 0.0000000000
95821  -52.459  5.351  55.822 0.0000000000
95846  -47.938  4.564  52.204 0.0000000000
96429  -53.071  5.026  66.112 0.0000000000
96499  -53.079  5.744  56.934 0.0000000000
96583  -50.218  5.244  47.932 0.0000000000
97141  -50.794  6.678  63.200 0.0000000000
97162  -48.587  6.582  60.170 0.0000000000
97171  -49.280  6.163  59.655 0.0000000000
97194  -52.724  6.083  57.290 0.0000000000
97206  -52.591  6.359  56.533 0.0000000000
97236  -38.801  7.170  53.743 0.0000000000
97242  -52.405  6.690  54.105 0.0000000000
97251  -52.082  7.249  52.592 0.0000000000
97258  -43.282  7.092  50.639 0.0000000000
97277  -44.627  6.840  49.589 0.0000000000
97871  -38.090  7.513  54.794 0.0000000000
97879  -51.773  7.649  54.491 0.0000000000
97880  -52.027  7.504  54.853 0.0000000000
97893  -52.401  7.181  54.850 0.0000000000
97898  -41.777  7.491  52.516 0.0000000000
97919  -51.527  8.185  52.177 0.0000000000
123722  -53.919  -7.904  62.180 0.0000000000
123791  -42.888  -12.848  68.837 0.0000000000
125304  -52.211  -6.955  55.365 0.0000000000
126435  -53.850  -5.599  64.418 0.0000000000
129653  -54.475  -9.910  51.813 0.0000000000
130188  -47.602  -8.345  65.779 0.0000000000
130683  -53.228  5.166  58.003 0.0000000000
131129  -45.885  -11.659  71.009 0.0000000000
132489  -53.123  3.163  59.871 0.0000000000
134122  -49.248  -7.090  65.974 0.0000000000
138474  -52.696  -6.280  55.350 0.0000000000
138492  -52.017  3.275  60.465 0.0000000000
142893  -53.891  -3.975  55.149 0.0000000000
142957  -45.272  -1.790  57.167 0.0000000000
143151  -38.386  -5.359  62.895 0.0000000000
146462  -44.723  -10.243  73.667 0.0000000000
147134  -48.277  4.393  53.852 0.0000000000
147297  -48.145  4.029  60.166 0.0000000000
147350  -38.853  -4.337  61.570 0.0000000000
147416  -55.164  -8.360  52.256 0.0000000000
147613  -47.631  1.650  48.069 0.0000000000
147907  -37.226  -1.135  64.804 0.0000000000
148465  -45.650  10.684  58.207 0.0000000000
