#!ascii label  , from subject sub-01 vox2ras=TkReg
929
145152  -15.019  -60.071  90.955 0.0000000000
139237  -36.923  -45.795  88.686 0.0000000000
57333  -41.909  -38.726  84.916 0.0000000000
52377  -46.009  -43.743  77.054 0.0000000000
46850  -33.943  -50.314  89.108 0.0000000000
55374  -48.062  -40.571  81.817 0.0000000000
61041  -49.283  -34.655  75.371 0.0000000000
63967  -52.963  -31.093  77.230 0.0000000000
50310  -40.519  -45.530  89.562 0.0000000000
54303  -43.359  -40.928  88.647 0.0000000000
55303  -39.531  -40.622  88.083 0.0000000000
37585  -16.705  -59.024  95.634 0.0000000000
146188  -21.280  -58.475  94.266 0.0000000000
37619  -25.651  -58.870  93.073 0.0000000000
36664  -28.591  -59.721  90.290 0.0000000000
38537  -33.038  -59.288  89.342 0.0000000000
42157  -33.945  -54.925  91.327 0.0000000000
45904  -36.856  -49.807  91.460 0.0000000000
128188  -46.915  -42.709  84.415 0.0000000000
64875  -54.303  -30.182  76.130 0.0000000000
50308  -38.415  -45.269  90.541 0.0000000000
53229  -40.007  -42.378  90.469 0.0000000000
52245  -38.570  -43.260  88.630 0.0000000000
39462  -16.896  -57.738  93.407 0.0000000000
125901  -18.971  -58.924  95.354 0.0000000000
126110  -32.996  -56.344  88.431 0.0000000000
40412  -33.924  -56.526  90.365 0.0000000000
42164  -32.293  -54.151  90.763 0.0000000000
48602  -35.811  -47.865  88.975 0.0000000000
46836  -34.247  -49.381  92.325 0.0000000000
49446  -36.414  -47.146  91.039 0.0000000000
48591  -38.870  -48.214  90.172 0.0000000000
140089  -43.330  -38.303  88.469 0.0000000000
54322  -45.458  -40.745  86.572 0.0000000000
57323  -46.643  -38.600  85.644 0.0000000000
53391  -48.512  -42.471  78.931 0.0000000000
52349  -49.487  -43.379  80.828 0.0000000000
50438  -46.505  -45.629  78.721 0.0000000000
49597  -45.723  -46.083  76.181 0.0000000000
58369  -49.876  -36.610  72.729 0.0000000000
57461  -47.735  -37.838  71.540 0.0000000000
45029  -31.425  -52.198  88.671 0.0000000000
54452  -46.745  -41.135  77.503 0.0000000000
62045  -50.873  -32.669  75.977 0.0000000000
60112  -52.939  -35.881  75.291 0.0000000000
62080  -54.548  -33.378  73.923 0.0000000000
129538  -41.627  -46.328  87.809 0.0000000000
52229  -41.714  -43.048  89.438 0.0000000000
56267  -41.059  -40.198  89.985 0.0000000000
132446  -16.080  -60.115  94.115 0.0000000000
36639  -22.315  -59.758  91.647 0.0000000000
38490  -23.572  -58.088  93.533 0.0000000000
36640  -23.980  -59.746  90.892 0.0000000000
148609  -26.014  -60.422  90.888 0.0000000000
35670  -27.538  -61.206  89.418 0.0000000000
34718  -29.554  -61.398  89.033 0.0000000000
137419  -30.884  -60.083  89.630 0.0000000000
37674  -34.241  -59.379  88.626 0.0000000000
43994  -32.257  -52.189  91.834 0.0000000000
44994  -34.643  -51.923  91.814 0.0000000000
45019  -35.952  -51.211  89.291 0.0000000000
146645  -38.995  -49.921  88.758 0.0000000000
148422  -41.091  -48.351  87.902 0.0000000000
148307  -49.285  -40.485  83.144 0.0000000000
132473  -45.426  -39.835  71.977 0.0000000000
51418  -45.154  -43.839  74.027 0.0000000000
36616  -14.719  -60.587  92.860 0.0000000000
51190  -37.847  -44.931  90.189 0.0000000000
51206  -38.497  -44.102  90.066 0.0000000000
51217  -37.854  -44.510  89.071 0.0000000000
42185  -32.323  -54.599  87.805 0.0000000000
42179  -32.464  -54.640  88.990 0.0000000000
42170  -31.762  -53.761  89.413 0.0000000000
48595  -36.160  -46.949  89.516 0.0000000000
142412  -35.764  -47.376  90.142 0.0000000000
49464  -36.628  -46.343  90.043 0.0000000000
49455  -37.459  -46.221  90.729 0.0000000000
57298  -45.338  -38.298  87.418 0.0000000000
57321  -45.011  -38.126  85.619 0.0000000000
52365  -48.033  -42.665  78.141 0.0000000000
51340  -47.773  -44.146  79.044 0.0000000000
51358  -46.550  -44.119  77.776 0.0000000000
50453  -45.799  -45.714  77.491 0.0000000000
51373  -45.434  -44.500  76.385 0.0000000000
57436  -51.549  -38.271  74.320 0.0000000000
134703  -50.118  -38.504  73.290 0.0000000000
55486  -51.228  -39.889  74.037 0.0000000000
144764  -50.305  -31.312  77.166 0.0000000000
136179  -51.956  -31.836  76.568 0.0000000000
61073  -51.279  -34.296  73.641 0.0000000000
62062  -53.193  -33.192  75.086 0.0000000000
60113  -53.646  -35.390  75.409 0.0000000000
132860  -54.079  -33.292  75.582 0.0000000000
63998  -54.930  -32.163  75.082 0.0000000000
137408  -41.558  -45.733  88.390 0.0000000000
127477  -41.848  -45.101  88.429 0.0000000000
51207  -41.329  -44.080  89.531 0.0000000000
54289  -39.411  -41.823  89.569 0.0000000000
54280  -40.727  -41.399  90.366 0.0000000000
55304  -40.044  -40.154  88.673 0.0000000000
57281  -40.519  -39.273  88.418 0.0000000000
56307  -39.717  -39.357  87.196 0.0000000000
36607  -16.990  -60.015  93.839 0.0000000000
36596  -17.447  -60.021  94.914 0.0000000000
37591  -20.501  -58.856  94.924 0.0000000000
39483  -25.503  -57.875  92.898 0.0000000000
37610  -24.782  -58.692  93.042 0.0000000000
36624  -24.042  -59.287  92.145 0.0000000000
36625  -24.973  -59.446  92.334 0.0000000000
36660  -24.824  -60.076  90.667 0.0000000000
36642  -26.102  -60.183  91.704 0.0000000000
147667  -28.111  -60.771  90.156 0.0000000000
34717  -28.540  -61.404  89.058 0.0000000000
35659  -29.681  -60.800  89.689 0.0000000000
38553  -32.621  -58.785  89.044 0.0000000000
37673  -31.281  -59.709  89.278 0.0000000000
38536  -32.174  -59.598  89.338 0.0000000000
127807  -31.764  -60.791  89.128 0.0000000000
37660  -33.179  -60.013  89.143 0.0000000000
36700  -33.313  -60.128  88.501 0.0000000000
37661  -33.882  -59.422  89.120 0.0000000000
40399  -33.946  -55.960  90.780 0.0000000000
39506  -34.618  -57.298  89.683 0.0000000000
40401  -34.811  -55.991  90.485 0.0000000000
143176  -34.859  -54.460  90.629 0.0000000000
133021  -31.942  -51.997  90.077 0.0000000000
45923  -33.202  -50.819  89.736 0.0000000000
146492  -35.681  -49.307  92.578 0.0000000000
45893  -34.591  -50.556  92.716 0.0000000000
45902  -35.482  -50.413  92.311 0.0000000000
45018  -35.400  -51.575  90.104 0.0000000000
45008  -36.714  -50.484  90.009 0.0000000000
45913  -38.026  -49.743  90.032 0.0000000000
49457  -40.038  -46.464  89.495 0.0000000000
47728  -39.637  -48.544  89.335 0.0000000000
48597  -41.004  -47.200  88.367 0.0000000000
48613  -41.231  -47.646  87.812 0.0000000000
142866  -15.822  -58.347  94.138 0.0000000000
38455  -16.167  -59.084  95.663 0.0000000000
36582  -15.747  -59.762  95.473 0.0000000000
125347  -42.418  -42.102  88.583 0.0000000000
54319  -43.003  -41.250  87.180 0.0000000000
53280  -45.908  -41.901  85.200 0.0000000000
146385  -46.575  -39.702  82.317 0.0000000000
56349  -47.982  -39.189  83.591 0.0000000000
55362  -48.632  -39.785  82.538 0.0000000000
50412  -48.133  -46.111  80.833 0.0000000000
51289  -48.492  -44.640  81.691 0.0000000000
142201  -47.113  -40.295  71.555 0.0000000000
57459  -46.334  -38.720  71.680 0.0000000000
54515  -45.815  -40.910  71.622 0.0000000000
53447  -44.855  -42.155  72.795 0.0000000000
52440  -45.704  -43.117  72.805 0.0000000000
51419  -45.712  -44.247  73.771 0.0000000000
65784  -52.726  -29.325  77.253 0.0000000000
63968  -53.586  -30.956  76.701 0.0000000000
66734  -53.707  -28.709  76.428 0.0000000000
135566  -54.457  -27.772  75.580 0.0000000000
50295  -39.123  -45.351  90.436 0.0000000000
51193  -40.142  -44.353  90.293 0.0000000000
52208  -39.041  -44.006  90.449 0.0000000000
52227  -38.764  -43.298  89.641 0.0000000000
140779  -38.766  -42.621  88.171 0.0000000000
39448  -17.065  -58.046  94.800 0.0000000000
38468  -18.179  -58.842  95.480 0.0000000000
39466  -20.605  -57.609  94.143 0.0000000000
137785  -32.841  -57.879  88.545 0.0000000000
126000  -33.974  -58.147  89.564 0.0000000000
40428  -33.239  -56.311  89.537 0.0000000000
41283  -33.001  -55.284  90.833 0.0000000000
42155  -32.859  -54.356  91.283 0.0000000000
47742  -35.040  -49.248  88.791 0.0000000000
46842  -33.859  -50.031  90.200 0.0000000000
125907  -34.935  -48.358  90.807 0.0000000000
136553  -35.267  -48.051  91.625 0.0000000000
48578  -36.522  -48.218  91.862 0.0000000000
46839  -37.608  -48.892  91.221 0.0000000000
128674  -37.693  -47.361  91.071 0.0000000000
49448  -38.088  -46.416  90.806 0.0000000000
39461  -16.122  -57.916  93.348 0.0000000000
55295  -43.956  -39.689  89.009 0.0000000000
54314  -44.556  -40.576  87.447 0.0000000000
56297  -45.252  -39.273  88.002 0.0000000000
55329  -46.457  -39.693  86.591 0.0000000000
54336  -47.025  -41.053  85.501 0.0000000000
54392  -48.732  -41.516  80.347 0.0000000000
54394  -49.804  -41.619  81.105 0.0000000000
53380  -49.542  -42.611  80.152 0.0000000000
50428  -48.324  -44.907  80.387 0.0000000000
60142  -49.434  -35.229  72.624 0.0000000000
60124  -47.882  -35.540  73.024 0.0000000000
58368  -49.107  -36.948  72.204 0.0000000000
56467  -48.573  -39.203  72.100 0.0000000000
138156  -36.623  -46.448  88.052 0.0000000000
48611  -36.068  -47.977  87.791 0.0000000000
56332  -43.685  -38.789  84.284 0.0000000000
128274  -46.336  -41.674  80.712 0.0000000000
54413  -47.260  -41.848  79.314 0.0000000000
54434  -47.951  -41.835  78.400 0.0000000000
53398  -47.560  -42.167  76.945 0.0000000000
61057  -49.622  -33.844  74.599 0.0000000000
145988  -50.575  -34.653  73.164 0.0000000000
58356  -51.514  -36.950  74.246 0.0000000000
57422  -52.607  -38.279  74.751 0.0000000000
63066  -54.739  -32.766  75.239 0.0000000000
61075  -54.473  -35.124  74.088 0.0000000000
51227  -41.930  -44.690  87.925 0.0000000000
52257  -41.973  -42.930  88.476 0.0000000000
54302  -42.596  -41.704  89.041 0.0000000000
52211  -41.022  -42.874  90.284 0.0000000000
54282  -41.779  -41.461  89.900 0.0000000000
54283  -42.435  -40.801  89.583 0.0000000000
57264  -42.706  -38.802  89.246 0.0000000000
57295  -42.103  -38.445  88.044 0.0000000000
129563  -37.528  -44.003  86.801 0.0000000000
52266  -38.226  -42.925  86.707 0.0000000000
55327  -38.801  -40.089  86.373 0.0000000000
36617  -15.467  -60.247  92.570 0.0000000000
36618  -16.231  -60.016  92.263 0.0000000000
125507  -22.094  -60.044  89.913 0.0000000000
40386  -20.563  -57.082  92.553 0.0000000000
132894  -22.027  -57.950  94.146 0.0000000000
37601  -22.153  -58.533  93.621 0.0000000000
140125  -23.138  -59.678  91.201 0.0000000000
144695  -25.921  -61.020  88.520 0.0000000000
143224  -26.983  -61.509  88.050 0.0000000000
37656  -29.329  -59.691  89.742 0.0000000000
37657  -30.235  -59.610  89.377 0.0000000000
37645  -30.224  -60.023  89.713 0.0000000000
35660  -30.530  -60.716  89.491 0.0000000000
34720  -31.181  -61.194  88.981 0.0000000000
145133  -34.305  -57.931  89.504 0.0000000000
44021  -31.584  -53.325  89.762 0.0000000000
44008  -31.824  -53.149  90.998 0.0000000000
43044  -32.652  -53.226  91.947 0.0000000000
45901  -33.333  -50.356  92.009 0.0000000000
44980  -33.433  -51.699  92.407 0.0000000000
43056  -34.134  -53.499  91.599 0.0000000000
43066  -34.821  -53.569  90.559 0.0000000000
43079  -35.539  -52.874  88.685 0.0000000000
45951  -39.679  -50.234  87.766 0.0000000000
47727  -38.849  -48.942  89.861 0.0000000000
46852  -40.105  -49.533  88.396 0.0000000000
46875  -40.463  -49.518  87.550 0.0000000000
47752  -40.973  -48.349  87.554 0.0000000000
36594  -15.252  -60.198  94.437 0.0000000000
57350  -46.313  -38.438  84.420 0.0000000000
56335  -47.840  -39.249  84.262 0.0000000000
53298  -48.207  -42.183  83.841 0.0000000000
52329  -49.575  -42.887  82.038 0.0000000000
52315  -48.002  -43.743  82.950 0.0000000000
51257  -47.355  -44.446  82.890 0.0000000000
54466  -47.200  -41.103  76.344 0.0000000000
53407  -46.143  -42.502  76.014 0.0000000000
59243  -47.132  -36.671  72.613 0.0000000000
58354  -46.691  -37.520  73.779 0.0000000000
55465  -45.511  -40.712  74.169 0.0000000000
53423  -44.776  -42.353  74.055 0.0000000000
52392  -45.157  -43.298  75.382 0.0000000000
50490  -45.455  -45.149  74.973 0.0000000000
142675  -14.467  -60.476  91.387 0.0000000000
50316  -37.308  -45.282  89.425 0.0000000000
50324  -37.256  -45.100  88.382 0.0000000000
41317  -32.146  -54.695  86.905 0.0000000000
42178  -31.789  -54.039  88.417 0.0000000000
42177  -31.310  -53.491  88.191 0.0000000000
49470  -36.581  -46.411  89.032 0.0000000000
50315  -36.926  -45.881  89.537 0.0000000000
50306  -37.288  -45.793  90.316 0.0000000000
57319  -42.478  -38.483  85.936 0.0000000000
124601  -44.286  -38.111  86.197 0.0000000000
57320  -43.434  -38.356  85.776 0.0000000000
52364  -47.329  -42.940  77.428 0.0000000000
131338  -47.543  -43.542  78.266 0.0000000000
51357  -45.721  -44.885  77.213 0.0000000000
56454  -51.879  -39.083  74.397 0.0000000000
56453  -50.803  -38.954  73.810 0.0000000000
63955  -52.384  -30.769  77.756 0.0000000000
63984  -52.633  -31.465  76.864 0.0000000000
63078  -52.546  -32.456  75.106 0.0000000000
63063  -52.658  -31.956  75.782 0.0000000000
63064  -53.695  -32.007  76.052 0.0000000000
50317  -41.300  -45.622  88.897 0.0000000000
51219  -41.627  -44.791  88.912 0.0000000000
50311  -41.104  -44.826  89.478 0.0000000000
54301  -39.663  -40.969  89.126 0.0000000000
55316  -39.770  -39.731  87.629 0.0000000000
141610  -16.781  -59.658  95.449 0.0000000000
130381  -17.144  -59.757  95.330 0.0000000000
143229  -21.055  -58.820  94.445 0.0000000000
37599  -20.373  -59.443  94.629 0.0000000000
38499  -25.227  -58.256  93.073 0.0000000000
128547  -25.130  -59.229  92.779 0.0000000000
143068  -25.467  -59.841  91.914 0.0000000000
36626  -25.786  -59.576  92.532 0.0000000000
142373  -28.388  -60.381  90.330 0.0000000000
35658  -28.821  -60.844  89.942 0.0000000000
137449  -29.158  -60.357  89.921 0.0000000000
37659  -32.495  -59.996  89.364 0.0000000000
137783  -33.331  -59.580  89.248 0.0000000000
41276  -33.762  -55.435  91.052 0.0000000000
40400  -34.150  -55.883  90.793 0.0000000000
41277  -34.255  -55.474  90.927 0.0000000000
41278  -34.825  -55.449  90.588 0.0000000000
42158  -34.511  -54.881  90.969 0.0000000000
124534  -32.634  -51.189  89.110 0.0000000000
46837  -36.394  -49.593  92.024 0.0000000000
45895  -35.774  -49.699  92.459 0.0000000000
45903  -36.186  -50.071  91.895 0.0000000000
45911  -36.554  -50.360  91.129 0.0000000000
45912  -37.269  -49.961  90.585 0.0000000000
46844  -37.518  -49.487  90.921 0.0000000000
48596  -40.488  -47.109  88.950 0.0000000000
49465  -40.875  -46.370  88.871 0.0000000000
49471  -41.309  -46.444  88.290 0.0000000000
38466  -16.536  -58.827  95.510 0.0000000000
38465  -15.724  -58.891  95.501 0.0000000000
37584  -16.220  -59.573  95.551 0.0000000000
54312  -42.892  -41.440  88.210 0.0000000000
54313  -43.669  -40.911  87.838 0.0000000000
53296  -46.408  -42.334  84.770 0.0000000000
53295  -45.962  -42.605  84.561 0.0000000000
52294  -46.446  -42.913  84.286 0.0000000000
52312  -46.383  -43.892  83.471 0.0000000000
55373  -46.554  -40.398  81.864 0.0000000000
55361  -47.452  -39.733  82.414 0.0000000000
60100  -49.101  -35.606  76.268 0.0000000000
54508  -47.363  -41.638  72.108 0.0000000000
54516  -46.749  -40.947  71.667 0.0000000000
53448  -45.997  -42.487  72.308 0.0000000000
142995  -38.809  -45.079  90.494 0.0000000000
51192  -39.372  -44.671  90.405 0.0000000000
51174  -38.923  -44.613  90.458 0.0000000000
51218  -38.356  -43.821  89.143 0.0000000000
53253  -38.951  -42.566  89.107 0.0000000000
147090  -17.187  -57.874  94.112 0.0000000000
39465  -19.840  -57.464  93.921 0.0000000000
40452  -32.696  -56.136  87.494 0.0000000000
137169  -32.874  -56.998  88.014 0.0000000000
40441  -33.333  -57.283  89.091 0.0000000000
41290  -32.220  -54.345  90.192 0.0000000000
41291  -32.758  -55.337  90.116 0.0000000000
41282  -32.553  -54.769  90.719 0.0000000000
42165  -32.678  -54.654  90.985 0.0000000000
126863  -35.362  -48.606  89.071 0.0000000000
47733  -34.909  -48.853  89.755 0.0000000000
47734  -35.353  -48.113  89.915 0.0000000000
48590  -35.927  -47.285  90.856 0.0000000000
47725  -35.482  -47.721  90.873 0.0000000000
48582  -35.915  -47.770  91.495 0.0000000000
47720  -36.173  -48.143  91.970 0.0000000000
48583  -36.615  -47.647  91.475 0.0000000000
48584  -37.108  -47.920  91.546 0.0000000000
143442  -37.200  -47.350  91.208 0.0000000000
50293  -37.963  -45.931  90.759 0.0000000000
50294  -38.469  -45.659  90.606 0.0000000000
49449  -38.768  -46.098  90.545 0.0000000000
39447  -16.568  -58.047  94.146 0.0000000000
56295  -43.837  -39.137  89.072 0.0000000000
56296  -44.633  -39.300  88.500 0.0000000000
57285  -44.381  -38.657  88.485 0.0000000000
57309  -45.891  -38.337  86.958 0.0000000000
56309  -46.181  -38.998  87.059 0.0000000000
56317  -46.482  -38.834  86.405 0.0000000000
55339  -46.664  -40.525  86.089 0.0000000000
55330  -47.165  -39.885  85.786 0.0000000000
54415  -49.012  -41.741  79.913 0.0000000000
53379  -49.083  -42.176  79.649 0.0000000000
50439  -47.236  -45.114  79.286 0.0000000000
51325  -47.958  -44.725  79.685 0.0000000000
50427  -47.738  -45.613  80.044 0.0000000000
49568  -46.372  -46.717  78.755 0.0000000000
59247  -49.902  -35.799  72.636 0.0000000000
59246  -49.152  -35.985  72.264 0.0000000000
55503  -48.648  -40.153  72.381 0.0000000000
48612  -36.357  -47.146  87.433 0.0000000000
53365  -46.241  -42.016  80.060 0.0000000000
54432  -46.453  -41.477  78.311 0.0000000000
54433  -47.450  -41.560  77.667 0.0000000000
54454  -47.631  -41.844  77.379 0.0000000000
63031  -50.818  -32.363  77.501 0.0000000000
62032  -50.556  -33.018  77.432 0.0000000000
62044  -50.392  -33.616  76.996 0.0000000000
62059  -50.395  -33.307  75.268 0.0000000000
62078  -50.305  -33.476  74.036 0.0000000000
127449  -52.140  -34.975  74.339 0.0000000000
60127  -51.872  -36.029  74.310 0.0000000000
58342  -52.100  -37.563  74.676 0.0000000000
59213  -52.519  -36.773  74.953 0.0000000000
58343  -52.931  -37.331  75.040 0.0000000000
59214  -53.245  -36.534  75.243 0.0000000000
60114  -53.988  -35.592  75.231 0.0000000000
63969  -54.389  -31.127  76.031 0.0000000000
63986  -54.192  -31.710  76.108 0.0000000000
63987  -54.657  -32.073  75.577 0.0000000000
63098  -54.733  -32.828  74.495 0.0000000000
62081  -54.784  -33.463  74.818 0.0000000000
49485  -41.471  -46.219  87.012 0.0000000000
50337  -40.878  -45.288  86.333 0.0000000000
50332  -41.826  -45.561  87.790 0.0000000000
51208  -41.624  -43.796  89.191 0.0000000000
51228  -41.806  -44.105  88.546 0.0000000000
52246  -41.837  -43.314  89.093 0.0000000000
53254  -42.222  -42.503  89.078 0.0000000000
53242  -42.006  -42.433  89.418 0.0000000000
132100  -40.217  -42.949  90.440 0.0000000000
52210  -40.482  -43.618  90.322 0.0000000000
55283  -40.847  -40.759  90.229 0.0000000000
145348  -40.947  -41.662  90.388 0.0000000000
55284  -41.273  -40.614  90.105 0.0000000000
55285  -41.738  -40.711  89.915 0.0000000000
56268  -41.680  -40.137  89.858 0.0000000000
56279  -42.218  -39.490  89.639 0.0000000000
56278  -41.408  -39.695  89.650 0.0000000000
57293  -40.072  -39.170  87.738 0.0000000000
57294  -40.980  -38.865  88.136 0.0000000000
36606  -16.190  -60.105  93.130 0.0000000000
124388  -17.737  -59.973  93.230 0.0000000000
36589  -19.036  -59.586  94.911 0.0000000000
36638  -21.377  -60.075  91.165 0.0000000000
36658  -21.616  -60.074  90.321 0.0000000000
123753  -22.375  -59.939  90.622 0.0000000000
40387  -21.454  -57.196  92.789 0.0000000000
40379  -21.019  -57.352  93.487 0.0000000000
37609  -23.102  -58.420  93.400 0.0000000000
125384  -22.587  -58.836  93.165 0.0000000000
141072  -23.410  -58.731  92.926 0.0000000000
147614  -23.801  -59.523  91.592 0.0000000000
145712  -23.287  -59.878  90.459 0.0000000000
36659  -24.012  -60.096  90.098 0.0000000000
122843  -25.604  -60.452  90.415 0.0000000000
36681  -24.937  -60.301  89.789 0.0000000000
36682  -25.739  -60.713  89.534 0.0000000000
35668  -26.328  -60.969  89.305 0.0000000000
35657  -27.514  -60.843  90.138 0.0000000000
35656  -26.865  -60.848  90.137 0.0000000000
35669  -26.798  -61.099  89.422 0.0000000000
35686  -27.180  -61.403  88.677 0.0000000000
34729  -27.795  -61.451  88.488 0.0000000000
34730  -28.438  -61.482  88.237 0.0000000000
129973  -29.060  -61.493  88.441 0.0000000000
34744  -29.571  -61.552  87.431 0.0000000000
34731  -29.809  -61.556  88.234 0.0000000000
38551  -30.791  -59.019  88.534 0.0000000000
36666  -30.912  -60.293  89.519 0.0000000000
35687  -31.709  -60.952  88.941 0.0000000000
144532  -31.396  -61.017  89.141 0.0000000000
34733  -31.456  -61.101  88.484 0.0000000000
126480  -30.796  -61.346  87.885 0.0000000000
36701  -33.745  -59.808  88.327 0.0000000000
35690  -33.340  -60.141  88.124 0.0000000000
36715  -33.760  -59.815  87.909 0.0000000000
39516  -33.858  -57.489  89.754 0.0000000000
39505  -34.167  -57.284  89.802 0.0000000000
44035  -31.383  -52.916  89.112 0.0000000000
45005  -32.122  -52.089  91.055 0.0000000000
45004  -31.678  -52.675  90.559 0.0000000000
44992  -31.896  -52.679  91.354 0.0000000000
143145  -32.214  -53.121  91.821 0.0000000000
44979  -32.579  -52.339  92.147 0.0000000000
146933  -34.197  -49.138  91.664 0.0000000000
46835  -33.821  -49.743  91.471 0.0000000000
146757  -33.780  -49.830  92.196 0.0000000000
44982  -34.771  -51.018  92.491 0.0000000000
44981  -34.218  -51.361  92.576 0.0000000000
44993  -34.255  -51.795  92.352 0.0000000000
43995  -34.029  -52.635  91.992 0.0000000000
133061  -34.437  -53.006  91.338 0.0000000000
44009  -34.926  -52.380  90.506 0.0000000000
44023  -35.354  -52.155  89.386 0.0000000000
44024  -35.761  -51.960  88.590 0.0000000000
45925  -38.396  -49.878  89.087 0.0000000000
45938  -39.440  -50.141  88.255 0.0000000000
47726  -38.228  -48.597  90.695 0.0000000000
46845  -38.273  -49.269  90.278 0.0000000000
47736  -40.543  -48.029  88.698 0.0000000000
132997  -40.344  -48.944  88.642 0.0000000000
145772  -40.645  -49.185  88.141 0.0000000000
46861  -40.290  -49.679  87.988 0.0000000000
46862  -40.855  -48.965  87.851 0.0000000000
46876  -40.795  -48.928  87.572 0.0000000000
131913  -41.028  -48.336  87.815 0.0000000000
123289  -41.444  -47.012  87.594 0.0000000000
49493  -41.278  -47.101  86.938 0.0000000000
134424  -15.850  -60.068  95.033 0.0000000000
36586  -15.033  -60.152  95.057 0.0000000000
36605  -15.382  -60.281  93.460 0.0000000000
148592  -45.041  -40.591  86.993 0.0000000000
54320  -43.892  -40.880  86.795 0.0000000000
54321  -44.800  -40.877  86.560 0.0000000000
141554  -44.492  -38.707  83.902 0.0000000000
56333  -44.682  -38.413  84.655 0.0000000000
136906  -49.029  -39.862  83.239 0.0000000000
57338  -47.838  -39.120  83.978 0.0000000000
55352  -48.795  -40.473  83.772 0.0000000000
138640  -48.231  -40.624  84.414 0.0000000000
54357  -48.919  -41.237  83.501 0.0000000000
53367  -49.840  -42.352  80.872 0.0000000000
53353  -49.965  -42.079  81.538 0.0000000000
52341  -49.677  -43.014  81.424 0.0000000000
51272  -48.380  -44.394  82.132 0.0000000000
51258  -47.891  -44.481  82.533 0.0000000000
50362  -47.434  -45.106  82.581 0.0000000000
53417  -47.076  -41.660  76.166 0.0000000000
53416  -46.148  -41.831  75.578 0.0000000000
58382  -47.814  -37.148  71.705 0.0000000000
59244  -47.754  -36.096  72.491 0.0000000000
58381  -47.211  -37.446  71.673 0.0000000000
56480  -45.832  -39.443  71.742 0.0000000000
57446  -46.179  -38.233  72.309 0.0000000000
145166  -45.936  -38.729  72.842 0.0000000000
57421  -46.881  -38.199  74.550 0.0000000000
56450  -45.558  -39.540  72.850 0.0000000000
56432  -45.955  -39.895  74.077 0.0000000000
55484  -45.239  -40.375  73.215 0.0000000000
52439  -45.051  -42.860  73.107 0.0000000000
54485  -44.718  -41.867  73.330 0.0000000000
140786  -44.871  -43.123  73.905 0.0000000000
53415  -44.871  -42.880  74.699 0.0000000000
51384  -45.008  -43.658  74.628 0.0000000000
51385  -45.203  -44.298  75.385 0.0000000000
51402  -45.328  -44.395  74.502 0.0000000000
50307  -37.930  -45.495  90.603 0.0000000000
51191  -38.509  -44.791  90.415 0.0000000000
52244  -38.106  -43.891  88.282 0.0000000000
41303  -32.786  -55.393  88.121 0.0000000000
135103  -32.949  -55.625  88.978 0.0000000000
49463  -36.247  -46.889  90.444 0.0000000000
49454  -36.861  -46.558  90.654 0.0000000000
49447  -37.012  -46.920  91.009 0.0000000000
129835  -43.499  -38.131  87.487 0.0000000000
140564  -44.742  -38.343  87.937 0.0000000000
130236  -44.426  -38.087  87.282 0.0000000000
57308  -45.280  -38.103  86.670 0.0000000000
57322  -45.975  -38.321  85.994 0.0000000000
52366  -48.373  -43.209  78.846 0.0000000000
51339  -46.884  -44.585  78.544 0.0000000000
49567  -45.998  -46.151  78.051 0.0000000000
50454  -46.213  -45.175  77.960 0.0000000000
144358  -45.481  -45.329  76.472 0.0000000000
58355  -50.633  -37.232  73.564 0.0000000000
57449  -49.845  -37.709  72.891 0.0000000000
57435  -50.665  -38.068  73.749 0.0000000000
63954  -51.310  -31.575  77.509 0.0000000000
63046  -51.217  -32.346  76.994 0.0000000000
62060  -51.059  -32.919  74.632 0.0000000000
62061  -51.967  -32.873  74.534 0.0000000000
61058  -52.301  -33.859  74.450 0.0000000000
147349  -53.035  -35.010  75.207 0.0000000000
61059  -53.579  -34.503  75.291 0.0000000000
124997  -54.172  -33.948  75.379 0.0000000000
123830  -54.559  -30.575  75.607 0.0000000000
64885  -54.705  -31.574  75.440 0.0000000000
127123  -54.694  -30.837  75.093 0.0000000000
64015  -54.837  -32.261  74.814 0.0000000000
62100  -53.998  -33.867  73.215 0.0000000000
50325  -41.644  -45.911  88.172 0.0000000000
53241  -39.727  -41.914  90.217 0.0000000000
54279  -40.241  -41.626  90.378 0.0000000000
54290  -39.787  -41.199  90.018 0.0000000000
55291  -40.096  -40.491  89.682 0.0000000000
55292  -40.546  -40.333  89.889 0.0000000000
146479  -41.115  -39.465  89.278 0.0000000000
56276  -40.506  -40.031  89.156 0.0000000000
56293  -40.209  -39.553  88.226 0.0000000000
36595  -16.662  -60.067  94.689 0.0000000000
140040  -17.852  -59.969  94.129 0.0000000000
36622  -21.545  -59.725  92.252 0.0000000000
37618  -24.242  -59.017  92.653 0.0000000000
36641  -24.708  -59.683  91.556 0.0000000000
124246  -25.510  -60.154  91.223 0.0000000000
35671  -28.275  -61.077  89.751 0.0000000000
35672  -29.202  -61.143  89.584 0.0000000000
35673  -30.103  -61.053  89.434 0.0000000000
38568  -32.161  -58.243  88.134 0.0000000000
38567  -31.302  -58.365  87.858 0.0000000000
38552  -31.744  -58.971  88.672 0.0000000000
37658  -31.589  -60.085  89.514 0.0000000000
36683  -31.690  -60.402  89.336 0.0000000000
35675  -32.268  -60.666  88.914 0.0000000000
36686  -33.560  -59.857  88.744 0.0000000000
40413  -34.351  -56.484  90.315 0.0000000000
39507  -35.055  -56.655  89.923 0.0000000000
41286  -35.588  -55.585  89.650 0.0000000000
42172  -35.685  -54.955  89.448 0.0000000000
45934  -31.803  -51.571  88.176 0.0000000000
45017  -31.544  -52.499  89.615 0.0000000000
45030  -31.974  -51.731  89.083 0.0000000000
45909  -32.598  -51.397  90.521 0.0000000000
47714  -35.018  -49.036  92.616 0.0000000000
46827  -34.655  -49.742  92.677 0.0000000000
46828  -35.278  -49.536  92.712 0.0000000000
45894  -35.130  -50.187  92.727 0.0000000000
141579  -35.194  -51.096  92.009 0.0000000000
45006  -35.300  -51.454  91.096 0.0000000000
44995  -35.821  -50.723  91.574 0.0000000000
45007  -35.934  -50.957  90.527 0.0000000000
45924  -37.675  -50.112  89.585 0.0000000000
48586  -38.836  -47.457  90.354 0.0000000000
140312  -39.645  -47.508  89.581 0.0000000000
47737  -41.134  -47.960  88.095 0.0000000000
47745  -41.171  -48.037  87.950 0.0000000000
48604  -41.304  -47.328  87.992 0.0000000000
146225  -41.470  -46.644  88.024 0.0000000000
38477  -15.403  -58.623  94.989 0.0000000000
38454  -15.171  -59.035  95.648 0.0000000000
54334  -45.896  -41.305  85.861 0.0000000000
54333  -45.339  -41.340  85.801 0.0000000000
56358  -45.477  -39.145  82.684 0.0000000000
56347  -46.152  -38.704  83.483 0.0000000000
56359  -46.662  -39.202  82.766 0.0000000000
56361  -48.665  -39.522  83.102 0.0000000000
55353  -49.406  -40.461  82.625 0.0000000000
123520  -48.498  -45.126  81.017 0.0000000000
51290  -49.140  -43.793  81.407 0.0000000000
125942  -47.585  -38.798  71.504 0.0000000000
57460  -46.979  -38.184  71.422 0.0000000000
56482  -46.990  -39.570  71.374 0.0000000000
55519  -46.417  -40.228  71.494 0.0000000000
55518  -45.746  -40.099  71.630 0.0000000000
54514  -45.249  -40.725  72.003 0.0000000000
54506  -45.404  -41.689  72.188 0.0000000000
139382  -45.357  -42.469  72.598 0.0000000000
52424  -45.387  -43.535  73.445 0.0000000000
64863  -52.891  -30.404  77.539 0.0000000000
63985  -53.388  -31.330  76.542 0.0000000000
65785  -53.198  -29.478  77.187 0.0000000000
64864  -53.740  -30.236  76.712 0.0000000000
65786  -53.981  -29.415  76.494 0.0000000000
67663  -54.159  -27.829  75.925 0.0000000000
65794  -54.446  -29.380  75.870 0.0000000000
123769  -54.557  -28.524  75.451 0.0000000000
50309  -39.875  -45.030  90.125 0.0000000000
132796  -40.518  -44.745  89.901 0.0000000000
52209  -39.625  -43.890  90.435 0.0000000000
53228  -39.579  -43.222  90.377 0.0000000000
147421  -39.047  -43.451  90.292 0.0000000000
53240  -39.321  -42.647  90.101 0.0000000000
54300  -39.146  -41.724  88.406 0.0000000000
54311  -39.106  -41.198  87.529 0.0000000000
140722  -17.126  -58.361  95.258 0.0000000000
38467  -17.321  -58.787  95.569 0.0000000000
142845  -17.453  -58.034  95.138 0.0000000000
131874  -17.864  -58.177  95.340 0.0000000000
145965  -19.209  -57.848  95.091 0.0000000000
39451  -20.009  -57.919  94.677 0.0000000000
38479  -20.459  -58.492  94.860 0.0000000000
39452  -20.832  -58.067  94.571 0.0000000000
37644  -28.566  -59.367  90.215 0.0000000000
39538  -32.444  -57.495  87.806 0.0000000000
39515  -33.457  -58.330  89.366 0.0000000000
40429  -33.646  -56.793  89.935 0.0000000000
40411  -33.383  -56.019  90.411 0.0000000000
41284  -33.631  -55.664  90.851 0.0000000000
41275  -33.245  -55.082  91.094 0.0000000000
42156  -33.442  -54.747  91.332 0.0000000000
46859  -34.517  -49.841  88.481 0.0000000000
46851  -34.494  -49.621  89.468 0.0000000000
46843  -34.396  -49.177  90.726 0.0000000000
135687  -34.688  -48.632  91.918 0.0000000000
47719  -35.566  -48.390  92.218 0.0000000000
47715  -36.152  -48.559  92.235 0.0000000000
46838  -36.931  -49.275  91.718 0.0000000000
46830  -36.858  -48.570  91.821 0.0000000000
47721  -37.618  -48.200  91.308 0.0000000000
48585  -38.231  -47.826  90.817 0.0000000000
138955  -37.555  -46.702  90.906 0.0000000000
136172  -38.393  -46.961  90.691 0.0000000000
141331  -39.200  -46.694  90.181 0.0000000000
49456  -39.570  -45.804  90.070 0.0000000000
55305  -43.787  -40.328  88.942 0.0000000000
54304  -44.164  -40.481  88.306 0.0000000000
55306  -44.475  -39.956  88.580 0.0000000000
55317  -44.852  -40.156  88.004 0.0000000000
54315  -45.206  -40.326  87.338 0.0000000000
57286  -45.215  -38.720  87.941 0.0000000000
55319  -45.921  -39.469  87.228 0.0000000000
55328  -45.801  -40.148  87.023 0.0000000000
54335  -46.359  -41.136  85.847 0.0000000000
53281  -46.377  -41.693  85.365 0.0000000000
53282  -46.956  -41.987  84.963 0.0000000000
134695  -48.076  -41.281  81.016 0.0000000000
54376  -49.055  -41.000  81.194 0.0000000000
54393  -49.403  -41.456  80.712 0.0000000000
53366  -49.572  -41.878  80.345 0.0000000000
52348  -49.253  -43.366  80.093 0.0000000000
52355  -49.043  -42.909  79.467 0.0000000000
51326  -48.603  -43.894  79.698 0.0000000000
51311  -48.862  -44.137  80.605 0.0000000000
61056  -48.947  -34.452  74.011 0.0000000000
60125  -48.382  -35.084  73.476 0.0000000000
60141  -48.507  -35.533  72.598 0.0000000000
59245  -48.281  -36.449  71.976 0.0000000000
58367  -48.426  -37.390  71.833 0.0000000000
140530  -49.058  -37.788  72.246 0.0000000000
57447  -48.495  -38.263  71.857 0.0000000000
56483  -47.763  -39.820  71.765 0.0000000000
55502  -47.808  -40.787  72.031 0.0000000000
50323  -36.899  -45.715  87.736 0.0000000000
46858  -33.794  -50.309  88.177 0.0000000000
46860  -35.048  -49.466  88.009 0.0000000000
47743  -35.602  -48.815  88.123 0.0000000000
48603  -36.261  -47.130  88.439 0.0000000000
56330  -41.914  -39.061  84.086 0.0000000000
57334  -43.020  -38.618  85.028 0.0000000000
56345  -43.155  -39.227  83.718 0.0000000000
135027  -43.945  -39.146  83.357 0.0000000000
55360  -45.843  -39.693  82.196 0.0000000000
54375  -47.000  -41.295  81.253 0.0000000000
54391  -47.401  -41.762  80.340 0.0000000000
54414  -48.289  -41.844  79.485 0.0000000000
53390  -48.062  -42.152  78.206 0.0000000000
53399  -47.825  -42.284  77.515 0.0000000000
52385  -46.659  -42.783  76.678 0.0000000000
61042  -49.965  -34.162  76.244 0.0000000000
61071  -49.632  -34.097  73.569 0.0000000000
61091  -49.842  -34.532  72.914 0.0000000000
60143  -50.304  -35.232  72.846 0.0000000000
60126  -51.153  -35.215  73.509 0.0000000000
59228  -50.760  -36.159  73.330 0.0000000000
139606  -51.272  -37.646  74.169 0.0000000000
56434  -52.833  -39.313  74.719 0.0000000000
135710  -53.566  -35.949  75.391 0.0000000000
62063  -54.435  -33.287  75.351 0.0000000000
132714  -54.503  -34.002  75.086 0.0000000000
62064  -54.763  -33.279  75.050 0.0000000000
52256  -41.724  -43.737  87.778 0.0000000000
51194  -40.809  -44.201  89.992 0.0000000000
134864  -41.062  -43.612  90.035 0.0000000000
52212  -41.630  -42.636  89.827 0.0000000000
53230  -40.643  -42.059  90.427 0.0000000000
53231  -41.291  -41.996  90.223 0.0000000000
53232  -41.833  -42.099  89.773 0.0000000000
54291  -42.280  -41.622  89.482 0.0000000000
54292  -42.989  -40.892  89.204 0.0000000000
55294  -43.303  -40.071  89.418 0.0000000000
129290  -43.166  -39.401  89.457 0.0000000000
57283  -42.802  -38.369  88.664 0.0000000000
57262  -41.082  -39.080  88.893 0.0000000000
57282  -41.884  -38.649  88.821 0.0000000000
57296  -43.062  -38.167  88.077 0.0000000000
57318  -41.345  -38.562  85.810 0.0000000000
52254  -37.818  -43.924  87.454 0.0000000000
135125  -37.913  -43.514  86.973 0.0000000000
52255  -38.339  -43.215  87.609 0.0000000000
53263  -38.762  -42.192  87.304 0.0000000000
55315  -39.288  -40.274  87.174 0.0000000000
56306  -39.224  -39.408  86.801 0.0000000000
144006  -14.842  -60.433  92.137 0.0000000000
36633  -15.444  -60.077  91.674 0.0000000000
36634  -16.366  -59.676  91.532 0.0000000000
36588  -18.019  -59.698  95.180 0.0000000000
36597  -18.428  -59.850  94.727 0.0000000000
40378  -20.175  -57.254  93.276 0.0000000000
39467  -21.423  -57.804  94.211 0.0000000000
39453  -21.556  -58.110  94.229 0.0000000000
38480  -21.845  -58.179  94.007 0.0000000000
36623  -22.358  -59.415  92.450 0.0000000000
36613  -23.139  -59.094  92.564 0.0000000000
36661  -26.463  -60.465  90.877 0.0000000000
35655  -26.269  -60.775  90.124 0.0000000000
128688  -27.996  -61.520  87.610 0.0000000000
38522  -28.602  -59.281  90.158 0.0000000000
137659  -29.336  -59.874  89.791 0.0000000000
38535  -29.834  -58.796  88.546 0.0000000000
36665  -30.059  -60.377  89.700 0.0000000000
35674  -31.219  -60.760  89.307 0.0000000000
127060  -30.881  -61.018  89.296 0.0000000000
34719  -30.433  -61.346  89.000 0.0000000000
34732  -30.699  -61.398  88.420 0.0000000000
38538  -33.701  -58.961  89.391 0.0000000000
38539  -34.242  -58.678  89.346 0.0000000000
142103  -34.473  -58.971  88.994 0.0000000000
38523  -34.779  -58.183  89.190 0.0000000000
37675  -34.619  -58.992  88.379 0.0000000000
43078  -31.535  -53.354  89.132 0.0000000000
43071  -31.702  -53.537  89.877 0.0000000000
42163  -31.946  -53.735  90.325 0.0000000000
43065  -32.083  -53.588  90.872 0.0000000000
42154  -32.422  -53.906  91.137 0.0000000000
42148  -33.052  -53.906  91.611 0.0000000000
42149  -33.658  -54.135  91.583 0.0000000000
45910  -33.349  -50.669  90.935 0.0000000000
45900  -32.757  -51.323  91.704 0.0000000000
46826  -33.923  -50.138  92.548 0.0000000000
123877  -33.339  -50.966  92.370 0.0000000000
45891  -32.817  -51.679  92.200 0.0000000000
43978  -33.098  -52.644  92.249 0.0000000000
43046  -33.838  -53.418  91.780 0.0000000000
127803  -34.115  -54.205  91.468 0.0000000000
43057  -34.461  -54.021  91.197 0.0000000000
42171  -35.274  -54.276  89.949 0.0000000000
43072  -35.133  -53.197  89.612 0.0000000000
45914  -38.631  -49.620  89.364 0.0000000000
47735  -39.533  -49.261  89.067 0.0000000000
45926  -39.360  -49.737  88.724 0.0000000000
140547  -40.600  -48.618  86.004 0.0000000000
48623  -41.167  -47.768  87.382 0.0000000000
36604  -14.568  -60.483  93.789 0.0000000000
124075  -44.010  -38.395  85.232 0.0000000000
57335  -45.684  -38.218  84.988 0.0000000000
125391  -46.444  -38.378  85.171 0.0000000000
147420  -46.922  -38.582  84.053 0.0000000000
57336  -46.969  -38.570  84.695 0.0000000000
57324  -47.105  -38.749  85.038 0.0000000000
55345  -47.710  -40.320  84.947 0.0000000000
54345  -47.633  -41.301  84.804 0.0000000000
52295  -47.456  -42.953  83.970 0.0000000000
54377  -49.569  -41.124  81.519 0.0000000000
55376  -49.537  -40.733  82.151 0.0000000000
53320  -49.487  -41.050  82.758 0.0000000000
53338  -48.917  -42.902  82.742 0.0000000000
53319  -48.968  -42.034  83.120 0.0000000000
52296  -48.157  -43.003  83.453 0.0000000000
52314  -47.392  -43.701  83.437 0.0000000000
51256  -46.859  -44.355  83.140 0.0000000000
54453  -47.340  -41.397  76.870 0.0000000000
54467  -47.376  -41.625  76.683 0.0000000000
53408  -47.206  -42.068  76.453 0.0000000000
60110  -47.929  -35.663  74.051 0.0000000000
59227  -47.471  -36.142  73.334 0.0000000000
59212  -47.616  -36.544  74.656 0.0000000000
58380  -46.633  -37.769  71.816 0.0000000000
58366  -46.594  -37.391  72.717 0.0000000000
59211  -47.229  -37.393  74.627 0.0000000000
55466  -46.509  -40.326  75.019 0.0000000000
54496  -44.861  -41.131  73.305 0.0000000000
54486  -45.021  -41.552  74.134 0.0000000000
53424  -45.190  -42.046  74.873 0.0000000000
146704  -45.360  -42.527  75.342 0.0000000000
52384  -45.571  -43.528  76.203 0.0000000000
50477  -45.454  -45.208  75.771 0.0000000000
50478  -45.797  -45.852  75.410 0.0000000000
37588  -17.514  -59.442  95.424 0.0000000000
37592  -20.938  -58.564  94.539 0.0000000000
37662  -34.779  -58.686  88.672 0.0000000000
38469  -19.675  -58.563  95.181 0.0000000000
38478  -16.322  -58.368  95.051 0.0000000000
41285  -35.237  -55.648  90.206 0.0000000000
43043  -32.386  -52.864  92.072 0.0000000000
43045  -33.340  -53.333  91.916 0.0000000000
43054  -32.160  -53.334  91.420 0.0000000000
43055  -32.500  -53.573  91.529 0.0000000000
43064  -31.805  -53.455  90.367 0.0000000000
43979  -33.833  -52.165  92.368 0.0000000000
43993  -32.028  -52.856  91.817 0.0000000000
44022  -31.530  -53.087  90.104 0.0000000000
45887  -34.430  -50.243  92.734 0.0000000000
45892  -33.996  -50.785  92.686 0.0000000000
45922  -32.442  -51.412  89.665 0.0000000000
46822  -34.844  -50.047  92.804 0.0000000000
46829  -36.192  -49.134  92.318 0.0000000000
46846  -38.878  -49.385  89.447 0.0000000000
46891  -40.800  -48.791  87.106 0.0000000000
47744  -40.904  -48.620  88.150 0.0000000000
47767  -40.893  -48.483  86.981 0.0000000000
51220  -41.714  -44.278  88.838 0.0000000000
51312  -48.822  -44.354  81.196 0.0000000000
52228  -41.452  -43.323  89.713 0.0000000000
52293  -46.132  -43.303  83.969 0.0000000000
52313  -46.807  -43.446  83.834 0.0000000000
52328  -48.652  -43.720  82.382 0.0000000000
53297  -47.540  -42.180  84.444 0.0000000000
53339  -49.738  -41.816  82.265 0.0000000000
53437  -44.830  -42.483  73.408 0.0000000000
54281  -41.191  -41.246  90.265 0.0000000000
54323  -46.130  -40.665  86.396 0.0000000000
54346  -48.276  -41.367  84.207 0.0000000000
54364  -49.710  -40.976  82.239 0.0000000000
54378  -49.821  -41.317  81.756 0.0000000000
54435  -48.475  -42.019  79.171 0.0000000000
54495  -44.917  -41.412  72.639 0.0000000000
55282  -40.334  -40.917  90.207 0.0000000000
55293  -42.467  -40.071  89.698 0.0000000000
55307  -44.957  -39.691  88.190 0.0000000000
55318  -45.412  -39.716  87.674 0.0000000000
55340  -47.606  -39.496  84.912 0.0000000000
55346  -48.359  -39.787  84.160 0.0000000000
55363  -49.178  -40.078  82.620 0.0000000000
55375  -49.220  -40.442  81.999 0.0000000000
55501  -45.209  -40.250  72.458 0.0000000000
56277  -40.853  -39.904  89.505 0.0000000000
56294  -40.696  -39.578  88.908 0.0000000000
56308  -45.747  -38.970  87.528 0.0000000000
56324  -47.074  -39.033  85.585 0.0000000000
56334  -47.391  -39.039  84.816 0.0000000000
56348  -47.229  -38.904  83.520 0.0000000000
56350  -48.353  -39.411  83.673 0.0000000000
56360  -47.920  -39.246  82.984 0.0000000000
56452  -49.987  -39.087  73.200 0.0000000000
56466  -45.756  -39.048  72.098 0.0000000000
56481  -46.315  -39.502  71.478 0.0000000000
57263  -41.702  -39.086  89.342 0.0000000000
57284  -43.508  -38.589  88.832 0.0000000000
57297  -43.911  -38.219  88.192 0.0000000000
57310  -46.042  -38.592  87.010 0.0000000000
57337  -47.395  -38.910  84.420 0.0000000000
57351  -47.433  -38.839  84.067 0.0000000000
57434  -46.326  -38.115  73.363 0.0000000000
59226  -46.992  -36.854  73.600 0.0000000000
59260  -46.936  -37.159  72.047 0.0000000000
59261  -47.458  -36.800  72.028 0.0000000000
60111  -48.566  -35.180  74.725 0.0000000000
61060  -54.136  -34.798  75.356 0.0000000000
61072  -50.421  -33.977  73.353 0.0000000000
61090  -49.068  -34.736  73.071 0.0000000000
62079  -51.156  -33.497  73.936 0.0000000000
63047  -51.580  -31.723  77.330 0.0000000000
63062  -51.768  -32.321  75.427 0.0000000000
63065  -54.424  -32.507  75.642 0.0000000000
63079  -53.508  -32.536  75.536 0.0000000000
63080  -53.983  -32.944  75.718 0.0000000000
63081  -54.940  -32.889  75.014 0.0000000000
64853  -52.527  -29.900  77.644 0.0000000000
66735  -54.196  -28.727  76.189 0.0000000000
66744  -54.383  -28.453  75.844 0.0000000000
122920  -46.210  -38.548  86.494 0.0000000000
124194  -54.791  -31.641  75.013 0.0000000000
126319  -21.378  -58.829  93.856 0.0000000000
130113  -35.235  -55.112  90.264 0.0000000000
131460  -33.640  -52.793  92.098 0.0000000000
132791  -35.678  -48.989  92.579 0.0000000000
134800  -46.824  -38.925  71.400 0.0000000000
140551  -45.690  -38.524  87.335 0.0000000000
140633  -44.987  -40.803  72.627 0.0000000000
142185  -43.603  -39.540  89.282 0.0000000000
143613  -30.202  -61.518  87.823 0.0000000000
147786  -46.841  -39.288  86.149 0.0000000000
148466  -43.379  -38.939  89.256 0.0000000000
