#!ascii label  , from subject sub-01 vox2ras=TkReg
1846
50343  -39.748  -45.880  85.159 0.0000000000
34757  -29.397  -61.454  86.614 0.0000000000
50541  -43.787  -45.710  69.478 0.0000000000
52436  -37.393  -43.183  72.411 0.0000000000
47871  -44.424  -48.493  77.630 0.0000000000
42196  -35.921  -54.483  86.266 0.0000000000
39657  -24.659  -57.027  75.414 0.0000000000
47048  -30.000  -48.732  75.197 0.0000000000
36697  -22.505  -59.924  88.687 0.0000000000
55467  -52.657  -40.114  74.684 0.0000000000
35838  -22.648  -61.747  73.059 0.0000000000
51319  -37.765  -44.480  79.004 0.0000000000
141900  -42.269  -45.264  75.149 0.0000000000
51268  -42.446  -43.657  81.847 0.0000000000
45060  -39.630  -50.415  86.610 0.0000000000
45112  -32.863  -51.264  81.980 0.0000000000
47849  -36.670  -48.425  79.609 0.0000000000
50484  -33.656  -45.500  74.309 0.0000000000
142474  -53.568  -39.036  72.561 0.0000000000
35711  -25.865  -61.265  86.534 0.0000000000
38673  -22.331  -58.560  80.340 0.0000000000
35777  -25.662  -62.432  79.465 0.0000000000
45231  -44.904  -51.504  72.271 0.0000000000
37721  -34.364  -58.361  86.398 0.0000000000
38662  -27.421  -59.103  81.298 0.0000000000
40522  -30.492  -55.350  81.713 0.0000000000
43217  -26.537  -52.828  75.361 0.0000000000
37641  -18.563  -59.319  90.743 0.0000000000
47852  -47.418  -49.040  80.254 0.0000000000
48733  -48.402  -48.357  75.661 0.0000000000
54508  -47.363  -41.638  72.108 0.0000000000
51433  -49.822  -45.137  72.601 0.0000000000
130088  -52.886  -43.419  69.458 0.0000000000
38657  -18.335  -58.028  81.674 0.0000000000
35850  -25.723  -60.978  72.724 0.0000000000
50373  -38.309  -45.278  82.109 0.0000000000
51308  -40.602  -44.065  80.514 0.0000000000
52308  -40.445  -43.395  83.678 0.0000000000
140547  -40.600  -48.618  86.004 0.0000000000
46942  -38.395  -49.498  82.532 0.0000000000
141477  -38.664  -47.945  81.837 0.0000000000
49554  -37.328  -46.450  79.140 0.0000000000
51492  -41.381  -44.287  66.630 0.0000000000
52509  -44.440  -43.295  67.865 0.0000000000
34756  -27.750  -61.606  86.262 0.0000000000
35741  -25.958  -61.769  83.033 0.0000000000
34785  -27.211  -61.795  83.700 0.0000000000
51456  -39.713  -44.192  70.466 0.0000000000
127885  -43.703  -47.011  76.226 0.0000000000
48756  -43.125  -47.991  72.785 0.0000000000
129902  -43.886  -49.453  74.137 0.0000000000
145099  -43.066  -52.550  71.865 0.0000000000
45182  -44.684  -52.030  75.881 0.0000000000
136749  -35.662  -56.129  86.712 0.0000000000
40507  -32.866  -56.768  83.763 0.0000000000
41375  -34.346  -54.995  84.385 0.0000000000
46068  -31.678  -49.750  79.101 0.0000000000
44130  -30.269  -52.368  78.740 0.0000000000
45190  -27.536  -50.581  75.243 0.0000000000
51413  -35.332  -44.034  73.557 0.0000000000
47879  -46.881  -49.030  77.223 0.0000000000
52406  -50.070  -44.096  74.442 0.0000000000
51409  -53.107  -44.899  74.677 0.0000000000
52453  -51.216  -43.660  71.421 0.0000000000
51438  -54.482  -43.956  72.989 0.0000000000
54537  -54.524  -41.951  69.814 0.0000000000
36677  -20.545  -59.816  89.520 0.0000000000
38579  -18.934  -58.260  86.046 0.0000000000
37715  -20.584  -58.657  85.957 0.0000000000
132602  -22.718  -58.962  76.142 0.0000000000
39649  -20.816  -57.876  77.056 0.0000000000
35828  -21.023  -61.657  74.383 0.0000000000
123528  -26.064  -58.431  78.411 0.0000000000
127082  -26.731  -60.801  77.699 0.0000000000
38749  -25.495  -59.317  73.918 0.0000000000
146312  -37.953  -43.596  75.644 0.0000000000
51400  -40.723  -44.117  74.168 0.0000000000
51356  -40.166  -43.930  77.364 0.0000000000
50436  -41.754  -45.145  78.078 0.0000000000
50425  -43.599  -45.888  79.638 0.0000000000
44059  -37.035  -51.802  86.565 0.0000000000
44086  -34.992  -53.189  84.490 0.0000000000
140061  -36.483  -50.389  84.466 0.0000000000
46972  -34.781  -49.036  80.575 0.0000000000
47026  -32.758  -48.382  77.504 0.0000000000
48737  -31.415  -47.580  74.581 0.0000000000
48715  -34.463  -47.204  76.957 0.0000000000
50465  -36.222  -45.504  76.776 0.0000000000
56455  -54.420  -39.660  74.262 0.0000000000
61060  -54.136  -34.798  75.356 0.0000000000
36713  -24.408  -60.525  87.478 0.0000000000
37733  -22.492  -59.222  84.487 0.0000000000
36749  -24.054  -59.995  83.801 0.0000000000
36779  -24.126  -60.279  80.034 0.0000000000
148591  -23.966  -60.588  76.433 0.0000000000
50518  -41.699  -45.644  71.610 0.0000000000
46177  -43.067  -50.278  69.840 0.0000000000
47947  -44.557  -48.607  70.782 0.0000000000
35724  -31.765  -60.394  86.428 0.0000000000
36759  -28.849  -60.532  84.395 0.0000000000
38637  -30.447  -58.454  83.790 0.0000000000
39601  -29.125  -57.098  81.908 0.0000000000
40538  -27.829  -55.861  79.177 0.0000000000
43150  -32.027  -53.653  81.731 0.0000000000
42283  -29.200  -54.271  78.837 0.0000000000
42315  -25.528  -54.782  75.431 0.0000000000
52268  -41.386  -43.084  86.742 0.0000000000
35688  -32.039  -60.769  88.607 0.0000000000
39525  -35.642  -57.254  88.699 0.0000000000
42172  -35.685  -54.955  89.448 0.0000000000
53293  -42.526  -41.988  84.519 0.0000000000
51253  -44.758  -43.854  82.884 0.0000000000
49533  -45.310  -46.561  81.492 0.0000000000
50377  -47.346  -45.881  82.515 0.0000000000
46997  -45.849  -50.522  80.315 0.0000000000
45167  -46.539  -52.054  77.229 0.0000000000
139369  -47.159  -50.491  74.466 0.0000000000
48757  -47.212  -47.901  72.445 0.0000000000
51404  -47.269  -45.048  74.198 0.0000000000
48741  -50.354  -47.720  74.704 0.0000000000
50529  -46.497  -45.328  70.858 0.0000000000
51473  -47.281  -43.500  69.635 0.0000000000
127490  -56.025  -43.071  70.952 0.0000000000
37680  -16.575  -58.762  87.507 0.0000000000
36798  -17.679  -60.255  78.979 0.0000000000
38659  -20.651  -58.273  81.830 0.0000000000
37785  -18.624  -59.306  77.809 0.0000000000
35769  -26.829  -61.731  80.217 0.0000000000
35813  -26.037  -62.396  76.000 0.0000000000
125803  -24.430  -61.686  72.794 0.0000000000
34930  -19.912  -61.962  69.534 0.0000000000
144204  -39.001  -45.164  84.099 0.0000000000
51252  -39.188  -44.351  83.322 0.0000000000
51247  -39.701  -44.330  84.786 0.0000000000
49498  -40.288  -46.990  85.358 0.0000000000
126695  -39.334  -48.543  83.118 0.0000000000
49509  -39.082  -46.609  84.038 0.0000000000
49521  -38.199  -46.261  82.253 0.0000000000
49673  -42.567  -46.433  68.772 0.0000000000
141425  -43.083  -45.126  68.624 0.0000000000
52507  -42.911  -44.041  67.886 0.0000000000
146686  -43.914  -44.342  68.703 0.0000000000
33891  -28.358  -61.588  86.381 0.0000000000
34774  -27.324  -61.776  84.654 0.0000000000
34775  -28.227  -61.622  85.405 0.0000000000
147905  -37.619  -43.436  70.459 0.0000000000
52449  -38.699  -43.321  71.503 0.0000000000
48706  -44.188  -47.854  77.059 0.0000000000
48731  -44.236  -47.814  75.257 0.0000000000
140046  -44.493  -49.235  75.450 0.0000000000
47050  -43.876  -50.602  74.240 0.0000000000
47033  -44.698  -50.292  76.827 0.0000000000
133592  -35.939  -55.175  86.744 0.0000000000
40494  -35.098  -55.731  85.521 0.0000000000
41362  -35.636  -54.669  85.805 0.0000000000
47030  -30.459  -49.260  76.639 0.0000000000
46080  -30.280  -50.227  77.734 0.0000000000
46098  -29.134  -49.618  76.071 0.0000000000
46121  -26.818  -49.835  73.745 0.0000000000
52420  -36.729  -43.384  73.201 0.0000000000
52433  -34.834  -43.569  71.927 0.0000000000
52447  -36.259  -43.312  71.470 0.0000000000
53442  -51.459  -41.990  74.314 0.0000000000
53427  -53.281  -42.561  74.930 0.0000000000
51425  -53.840  -44.256  73.858 0.0000000000
53428  -54.013  -42.498  74.807 0.0000000000
36696  -21.695  -59.835  88.739 0.0000000000
37684  -20.763  -59.281  87.477 0.0000000000
37685  -21.573  -59.552  87.301 0.0000000000
37818  -22.624  -59.356  75.331 0.0000000000
37817  -21.546  -59.236  75.201 0.0000000000
35837  -21.694  -61.645  73.625 0.0000000000
33977  -22.482  -64.527  72.903 0.0000000000
137486  -22.569  -63.604  72.667 0.0000000000
39639  -25.545  -57.675  77.179 0.0000000000
38719  -25.392  -58.602  76.558 0.0000000000
38738  -24.824  -58.609  74.203 0.0000000000
51354  -38.080  -43.826  77.606 0.0000000000
51371  -39.069  -43.648  76.890 0.0000000000
51355  -39.024  -43.668  77.674 0.0000000000
51285  -40.930  -43.898  81.298 0.0000000000
51323  -41.417  -44.336  79.674 0.0000000000
51324  -42.369  -44.648  79.830 0.0000000000
50424  -42.864  -45.323  79.255 0.0000000000
142859  -43.231  -45.021  80.048 0.0000000000
45075  -38.731  -50.804  86.385 0.0000000000
45074  -37.060  -51.179  85.611 0.0000000000
45988  -38.142  -50.192  85.124 0.0000000000
46975  -37.732  -49.020  81.006 0.0000000000
46956  -36.855  -49.316  81.419 0.0000000000
125135  -36.397  -48.940  80.518 0.0000000000
140257  -33.963  -48.718  79.517 0.0000000000
47858  -35.149  -48.198  78.825 0.0000000000
47877  -33.958  -47.760  77.426 0.0000000000
48704  -35.999  -47.692  78.291 0.0000000000
50435  -37.284  -45.283  78.933 0.0000000000
49571  -36.565  -46.364  77.769 0.0000000000
51353  -37.194  -44.493  77.453 0.0000000000
51369  -37.188  -44.185  76.664 0.0000000000
35699  -25.171  -60.810  87.009 0.0000000000
136547  -24.251  -60.479  85.856 0.0000000000
35710  -25.066  -60.966  86.023 0.0000000000
35760  -25.807  -62.022  81.241 0.0000000000
35759  -25.287  -61.319  81.787 0.0000000000
36785  -24.537  -61.149  79.722 0.0000000000
36800  -24.023  -60.566  77.798 0.0000000000
35804  -24.596  -61.652  77.862 0.0000000000
51401  -41.370  -44.535  74.268 0.0000000000
51432  -41.116  -44.349  72.605 0.0000000000
50502  -42.395  -45.524  73.413 0.0000000000
47083  -42.299  -49.551  71.991 0.0000000000
47931  -41.672  -49.004  71.284 0.0000000000
46162  -41.158  -50.718  71.050 0.0000000000
44214  -43.544  -52.431  71.979 0.0000000000
45241  -43.248  -52.028  70.562 0.0000000000
131694  -44.307  -51.083  71.101 0.0000000000
47097  -43.595  -49.581  70.292 0.0000000000
47084  -44.798  -50.143  71.323 0.0000000000
36741  -33.162  -59.564  86.286 0.0000000000
37736  -31.093  -59.391  85.084 0.0000000000
37737  -32.427  -58.806  85.165 0.0000000000
41383  -31.924  -55.720  82.772 0.0000000000
39594  -30.627  -57.233  82.789 0.0000000000
40521  -30.206  -56.074  81.949 0.0000000000
40526  -28.410  -56.378  80.518 0.0000000000
41398  -29.404  -55.305  80.603 0.0000000000
44084  -33.804  -52.193  83.272 0.0000000000
44095  -33.831  -53.136  83.351 0.0000000000
45103  -32.708  -52.066  82.092 0.0000000000
43199  -28.787  -52.823  77.207 0.0000000000
43180  -30.103  -53.179  78.914 0.0000000000
43185  -28.513  -53.593  77.501 0.0000000000
42293  -27.471  -54.710  77.428 0.0000000000
49607  -32.533  -46.544  74.463 0.0000000000
40430  -35.802  -56.171  89.119 0.0000000000
45020  -37.053  -50.694  88.892 0.0000000000
137898  -41.562  -42.118  86.075 0.0000000000
53279  -45.340  -41.936  84.940 0.0000000000
132934  -45.649  -43.768  83.394 0.0000000000
50374  -45.408  -45.273  82.329 0.0000000000
51271  -46.100  -45.254  82.692 0.0000000000
140758  -47.386  -47.740  81.469 0.0000000000
47826  -46.886  -48.963  81.493 0.0000000000
46047  -46.772  -50.845  80.310 0.0000000000
45142  -45.951  -51.928  78.513 0.0000000000
46061  -47.084  -51.269  79.638 0.0000000000
47891  -48.042  -49.072  76.069 0.0000000000
46089  -47.497  -50.568  76.392 0.0000000000
47053  -48.586  -49.252  74.775 0.0000000000
47074  -47.500  -49.215  73.320 0.0000000000
47062  -48.799  -48.937  74.408 0.0000000000
52426  -47.162  -43.757  73.290 0.0000000000
49615  -51.690  -46.538  75.004 0.0000000000
49602  -51.283  -46.907  75.072 0.0000000000
49634  -50.068  -46.517  73.408 0.0000000000
49643  -48.191  -46.197  72.232 0.0000000000
50521  -48.675  -45.552  72.151 0.0000000000
51459  -47.170  -44.232  70.431 0.0000000000
51460  -48.642  -43.956  70.933 0.0000000000
52469  -51.730  -43.462  70.443 0.0000000000
52482  -50.058  -43.039  69.098 0.0000000000
146447  -50.553  -42.799  68.648 0.0000000000
129711  -54.359  -38.795  73.454 0.0000000000
54511  -54.971  -41.508  72.838 0.0000000000
55522  -54.059  -41.142  72.366 0.0000000000
38616  -18.680  -58.174  84.592 0.0000000000
126089  -17.766  -58.206  84.629 0.0000000000
38645  -17.931  -58.059  82.494 0.0000000000
38668  -16.732  -58.610  81.013 0.0000000000
39614  -17.800  -57.969  80.042 0.0000000000
37754  -22.796  -58.996  82.530 0.0000000000
38648  -21.333  -58.501  82.399 0.0000000000
38672  -21.596  -58.269  80.672 0.0000000000
38704  -19.617  -58.095  77.627 0.0000000000
33082  -20.996  -64.420  76.204 0.0000000000
37746  -28.148  -59.964  82.935 0.0000000000
35761  -27.304  -61.229  81.660 0.0000000000
144161  -27.081  -61.076  80.705 0.0000000000
36833  -26.685  -61.053  75.011 0.0000000000
123486  -26.874  -61.977  76.529 0.0000000000
35831  -26.203  -61.775  74.726 0.0000000000
124426  -25.576  -61.924  74.873 0.0000000000
130653  -24.989  -61.539  72.488 0.0000000000
34904  -20.092  -62.906  70.618 0.0000000000
51306  -38.039  -45.071  80.703 0.0000000000
51321  -39.292  -44.025  79.585 0.0000000000
130856  -38.714  -44.523  81.023 0.0000000000
51267  -40.300  -43.819  82.167 0.0000000000
52325  -40.830  -43.459  82.786 0.0000000000
139129  -40.264  -49.809  86.301 0.0000000000
46005  -39.068  -49.735  84.244 0.0000000000
46928  -39.600  -49.253  84.159 0.0000000000
47814  -38.799  -48.958  82.202 0.0000000000
48675  -38.077  -48.115  80.580 0.0000000000
48684  -37.389  -47.790  79.508 0.0000000000
49544  -37.950  -47.151  80.644 0.0000000000
50409  -37.684  -45.874  80.331 0.0000000000
53485  -45.136  -42.668  67.403 0.0000000000
34755  -27.056  -61.559  86.516 0.0000000000
139064  -25.976  -61.343  84.932 0.0000000000
130100  -27.014  -61.841  85.016 0.0000000000
34783  -26.393  -62.084  82.533 0.0000000000
34796  -26.218  -62.228  80.712 0.0000000000
49595  -43.009  -46.029  75.612 0.0000000000
49610  -42.908  -46.013  74.031 0.0000000000
48740  -43.880  -47.503  74.435 0.0000000000
47922  -43.287  -48.731  73.094 0.0000000000
47071  -42.559  -50.316  72.434 0.0000000000
140944  -41.964  -52.590  71.368 0.0000000000
45206  -43.092  -51.643  72.967 0.0000000000
44188  -43.669  -52.284  73.144 0.0000000000
44189  -44.720  -52.412  74.005 0.0000000000
38604  -34.727  -57.550  86.139 0.0000000000
140138  -33.615  -57.533  84.926 0.0000000000
39582  -34.211  -56.938  85.081 0.0000000000
40508  -33.405  -56.172  83.885 0.0000000000
134365  -32.681  -55.223  83.053 0.0000000000
46031  -32.509  -50.555  80.841 0.0000000000
45118  -31.510  -51.778  80.407 0.0000000000
45140  -30.812  -50.957  79.108 0.0000000000
45152  -29.469  -51.504  77.517 0.0000000000
44159  -27.864  -51.972  76.058 0.0000000000
44183  -25.765  -52.097  73.948 0.0000000000
45200  -25.946  -51.240  73.638 0.0000000000
50500  -34.076  -44.861  73.826 0.0000000000
51428  -33.551  -44.306  72.160 0.0000000000
49558  -46.883  -47.274  79.572 0.0000000000
47862  -46.936  -48.917  78.890 0.0000000000
48698  -46.482  -47.801  78.701 0.0000000000
48707  -46.059  -47.301  77.111 0.0000000000
48732  -47.115  -47.661  75.880 0.0000000000
129572  -48.747  -40.907  72.547 0.0000000000
53439  -48.675  -42.893  73.134 0.0000000000
52429  -50.341  -43.191  74.093 0.0000000000
51408  -51.720  -44.690  75.304 0.0000000000
51423  -52.264  -45.257  73.908 0.0000000000
51447  -50.871  -44.158  72.241 0.0000000000
51436  -52.660  -44.400  73.077 0.0000000000
51449  -53.121  -43.996  72.157 0.0000000000
146379  -54.198  -43.760  70.698 0.0000000000
57463  -52.158  -38.519  71.807 0.0000000000
55521  -52.986  -40.886  71.829 0.0000000000
55536  -51.810  -41.085  70.722 0.0000000000
37654  -19.783  -59.490  89.384 0.0000000000
37669  -18.737  -58.950  88.366 0.0000000000
146400  -19.614  -58.882  87.278 0.0000000000
37714  -19.709  -58.358  86.109 0.0000000000
126155  -19.817  -58.356  83.905 0.0000000000
38691  -22.566  -58.638  78.368 0.0000000000
39618  -21.389  -57.967  78.774 0.0000000000
38706  -21.689  -58.080  77.253 0.0000000000
37816  -20.670  -59.547  75.465 0.0000000000
35827  -20.474  -61.747  75.065 0.0000000000
33095  -21.952  -65.305  74.540 0.0000000000
33102  -22.123  -64.803  73.713 0.0000000000
38681  -26.868  -58.168  79.844 0.0000000000
37775  -26.493  -59.910  79.017 0.0000000000
145742  -25.995  -59.408  77.695 0.0000000000
37821  -26.556  -60.639  75.408 0.0000000000
37860  -26.068  -60.271  73.339 0.0000000000
52404  -37.870  -43.376  74.078 0.0000000000
52423  -39.402  -43.406  73.276 0.0000000000
51399  -39.276  -43.595  74.656 0.0000000000
51383  -40.336  -44.112  75.755 0.0000000000
50475  -41.046  -44.584  76.075 0.0000000000
124863  -40.000  -43.875  78.867 0.0000000000
50451  -41.086  -44.568  77.690 0.0000000000
49572  -42.268  -45.657  76.833 0.0000000000
49573  -42.827  -46.140  77.210 0.0000000000
49566  -43.570  -46.785  78.429 0.0000000000
48696  -44.093  -47.526  78.926 0.0000000000
43088  -36.487  -52.697  86.589 0.0000000000
43113  -35.754  -53.963  85.684 0.0000000000
44067  -36.430  -52.438  85.831 0.0000000000
147558  -35.873  -51.821  84.940 0.0000000000
46000  -35.055  -50.413  83.607 0.0000000000
46021  -37.880  -49.734  82.790 0.0000000000
46940  -36.353  -49.433  82.126 0.0000000000
46033  -34.088  -49.844  81.972 0.0000000000
46992  -32.957  -49.268  79.777 0.0000000000
123050  -32.608  -48.736  78.193 0.0000000000
47041  -31.779  -48.507  76.435 0.0000000000
127668  -30.401  -48.393  74.951 0.0000000000
47888  -32.150  -48.166  76.063 0.0000000000
48728  -33.240  -47.181  75.962 0.0000000000
49593  -33.627  -46.497  75.510 0.0000000000
49570  -36.238  -47.106  77.864 0.0000000000
49584  -35.622  -46.033  76.596 0.0000000000
141941  -34.687  -45.481  75.292 0.0000000000
51379  -35.714  -44.647  75.173 0.0000000000
51397  -36.877  -43.848  75.066 0.0000000000
56435  -53.591  -39.268  74.721 0.0000000000
58344  -53.416  -37.038  74.937 0.0000000000
58345  -53.801  -36.932  74.700 0.0000000000
58372  -54.239  -37.163  73.697 0.0000000000
59248  -53.657  -36.800  72.606 0.0000000000
60144  -53.170  -35.636  72.401 0.0000000000
36698  -23.392  -60.084  88.576 0.0000000000
147379  -22.565  -59.769  86.670 0.0000000000
37701  -22.858  -59.864  86.069 0.0000000000
37734  -23.290  -59.591  84.197 0.0000000000
37755  -23.545  -59.497  82.083 0.0000000000
35740  -25.369  -61.092  83.618 0.0000000000
36765  -24.164  -60.073  82.019 0.0000000000
37769  -23.560  -59.589  80.412 0.0000000000
139348  -23.679  -59.954  78.563 0.0000000000
37809  -23.393  -59.763  76.118 0.0000000000
138301  -23.383  -60.556  74.129 0.0000000000
52451  -40.156  -43.780  71.941 0.0000000000
50527  -40.683  -45.283  70.563 0.0000000000
49630  -42.554  -46.754  72.393 0.0000000000
48790  -43.542  -47.753  69.909 0.0000000000
48791  -44.134  -47.125  70.228 0.0000000000
34768  -30.510  -61.038  86.807 0.0000000000
35734  -29.426  -60.997  85.647 0.0000000000
143045  -30.249  -60.603  85.759 0.0000000000
37747  -28.974  -59.734  83.826 0.0000000000
38650  -28.418  -58.862  82.586 0.0000000000
38639  -32.068  -57.964  84.146 0.0000000000
140888  -30.090  -58.019  83.173 0.0000000000
38674  -27.669  -58.089  81.045 0.0000000000
39619  -27.386  -57.229  80.068 0.0000000000
40537  -27.132  -56.432  78.849 0.0000000000
40550  -26.402  -56.257  77.728 0.0000000000
43126  -34.946  -53.935  84.557 0.0000000000
42250  -33.391  -54.211  83.219 0.0000000000
42259  -31.591  -54.340  81.753 0.0000000000
44109  -31.330  -52.660  80.539 0.0000000000
43157  -30.555  -53.740  80.366 0.0000000000
41406  -29.712  -54.684  80.260 0.0000000000
41409  -28.886  -54.869  79.113 0.0000000000
41420  -27.041  -55.472  77.716 0.0000000000
47920  -29.673  -47.535  73.106 0.0000000000
50344  -40.589  -46.067  85.973 0.0000000000
51232  -40.676  -44.525  86.043 0.0000000000
36657  -20.353  -60.047  91.000 0.0000000000
36679  -23.005  -59.957  89.627 0.0000000000
36680  -24.118  -60.197  89.197 0.0000000000
36699  -25.048  -60.559  88.860 0.0000000000
34728  -27.393  -61.508  87.802 0.0000000000
123487  -28.875  -61.562  87.622 0.0000000000
34744  -29.571  -61.552  87.431 0.0000000000
135386  -30.680  -61.199  87.370 0.0000000000
34747  -32.099  -60.663  87.839 0.0000000000
36714  -33.311  -60.079  87.654 0.0000000000
36729  -34.211  -59.392  87.649 0.0000000000
38554  -35.135  -58.360  88.283 0.0000000000
38569  -35.033  -58.216  87.623 0.0000000000
39539  -35.686  -57.023  87.737 0.0000000000
41318  -36.006  -55.876  87.374 0.0000000000
124494  -36.069  -54.340  87.657 0.0000000000
44036  -36.098  -52.478  87.826 0.0000000000
44037  -36.894  -51.711  87.444 0.0000000000
45033  -38.645  -50.684  87.848 0.0000000000
49493  -41.278  -47.101  86.938 0.0000000000
142316  -40.594  -43.449  85.400 0.0000000000
52290  -40.970  -42.900  84.257 0.0000000000
52310  -42.428  -42.846  83.010 0.0000000000
54332  -44.349  -41.307  85.689 0.0000000000
146477  -43.910  -42.739  83.601 0.0000000000
51269  -43.392  -43.974  81.922 0.0000000000
50388  -44.296  -45.231  81.201 0.0000000000
50411  -44.647  -46.119  80.976 0.0000000000
126189  -44.812  -48.173  80.075 0.0000000000
49524  -46.855  -46.855  82.334 0.0000000000
47839  -45.353  -48.565  80.691 0.0000000000
47012  -45.064  -50.050  79.152 0.0000000000
46082  -44.936  -51.418  77.544 0.0000000000
44152  -45.121  -52.235  76.445 0.0000000000
45195  -45.865  -51.949  74.666 0.0000000000
130775  -47.308  -51.295  77.516 0.0000000000
124472  -46.586  -51.523  75.395 0.0000000000
45220  -45.932  -51.176  73.230 0.0000000000
47072  -45.980  -50.112  72.336 0.0000000000
47934  -45.668  -48.610  71.580 0.0000000000
49651  -45.483  -46.618  70.895 0.0000000000
146020  -46.010  -45.680  74.786 0.0000000000
49599  -48.119  -47.349  75.448 0.0000000000
51422  -48.927  -44.339  74.195 0.0000000000
146383  -50.002  -46.796  75.456 0.0000000000
47905  -50.071  -47.962  74.920 0.0000000000
48759  -48.932  -47.857  73.304 0.0000000000
131970  -47.044  -46.660  71.830 0.0000000000
50528  -45.207  -45.786  70.505 0.0000000000
51471  -45.464  -44.410  69.741 0.0000000000
52492  -45.688  -43.504  68.763 0.0000000000
53486  -46.122  -42.519  67.690 0.0000000000
52467  -48.900  -43.483  70.142 0.0000000000
52495  -48.572  -42.886  68.940 0.0000000000
53508  -47.299  -41.836  67.002 0.0000000000
54500  -54.952  -41.728  74.001 0.0000000000
52457  -55.546  -43.407  71.616 0.0000000000
52471  -55.133  -43.695  70.424 0.0000000000
53459  -56.008  -42.680  70.790 0.0000000000
52487  -55.718  -43.497  69.942 0.0000000000
52499  -53.056  -43.256  68.850 0.0000000000
37697  -17.996  -58.497  86.954 0.0000000000
37732  -21.657  -58.983  84.778 0.0000000000
38633  -20.434  -58.480  83.603 0.0000000000
38658  -19.804  -58.232  82.148 0.0000000000
39617  -20.717  -57.819  79.441 0.0000000000
39616  -19.804  -57.708  79.555 0.0000000000
39607  -18.453  -57.838  80.168 0.0000000000
134340  -18.079  -59.522  78.425 0.0000000000
35743  -27.734  -61.362  83.454 0.0000000000
136899  -27.042  -61.864  81.871 0.0000000000
34817  -26.320  -62.269  79.490 0.0000000000
36803  -26.811  -61.363  78.925 0.0000000000
34844  -26.330  -62.322  77.701 0.0000000000
34831  -25.400  -62.437  78.058 0.0000000000
35812  -25.447  -62.113  76.454 0.0000000000
36842  -23.992  -60.646  74.647 0.0000000000
35839  -23.620  -61.557  73.070 0.0000000000
37878  -24.319  -59.637  70.593 0.0000000000
35882  -23.527  -60.968  70.745 0.0000000000
34909  -23.560  -61.781  70.970 0.0000000000
34908  -23.071  -62.521  71.195 0.0000000000
34018  -22.892  -63.182  71.572 0.0000000000
34874  -23.162  -63.228  72.140 0.0000000000
51240  -39.395  -45.099  84.724 0.0000000000
51246  -39.231  -44.594  84.067 0.0000000000
142312  -39.532  -46.495  84.718 0.0000000000
50351  -39.159  -45.796  84.456 0.0000000000
50359  -38.740  -45.733  83.717 0.0000000000
49661  -43.308  -46.382  69.374 0.0000000000
50550  -42.558  -45.567  68.458 0.0000000000
49674  -43.161  -45.710  68.948 0.0000000000
50551  -43.708  -44.989  68.987 0.0000000000
33888  -28.951  -61.549  86.506 0.0000000000
33892  -28.472  -61.580  86.044 0.0000000000
34766  -29.124  -61.382  85.967 0.0000000000
52448  -37.747  -43.258  71.367 0.0000000000
52464  -38.383  -43.496  70.621 0.0000000000
143590  -38.188  -43.194  72.105 0.0000000000
47878  -44.437  -48.472  76.656 0.0000000000
134100  -44.580  -49.282  76.251 0.0000000000
131758  -44.638  -49.345  77.225 0.0000000000
41346  -35.749  -55.061  86.192 0.0000000000
42208  -35.805  -54.438  85.981 0.0000000000
47039  -30.093  -49.078  75.924 0.0000000000
46099  -29.794  -49.586  76.488 0.0000000000
52435  -36.464  -43.320  72.330 0.0000000000
127455  -36.952  -43.227  71.696 0.0000000000
52463  -36.954  -43.307  70.871 0.0000000000
55487  -51.948  -40.455  74.462 0.0000000000
54499  -51.777  -41.275  74.432 0.0000000000
54487  -52.813  -40.930  74.789 0.0000000000
54488  -53.322  -41.651  74.941 0.0000000000
126894  -53.827  -41.841  74.964 0.0000000000
37672  -21.236  -59.675  88.093 0.0000000000
36710  -21.987  -59.910  87.960 0.0000000000
36841  -22.571  -60.411  74.094 0.0000000000
37828  -22.065  -59.815  74.613 0.0000000000
36850  -22.241  -61.034  73.649 0.0000000000
34866  -22.056  -62.582  73.141 0.0000000000
39650  -25.308  -57.502  76.638 0.0000000000
39658  -25.036  -57.856  75.958 0.0000000000
39665  -24.429  -57.600  74.464 0.0000000000
51335  -38.419  -43.922  78.445 0.0000000000
51286  -42.030  -43.901  81.226 0.0000000000
51309  -41.711  -44.174  80.525 0.0000000000
51310  -42.686  -44.383  80.609 0.0000000000
51287  -43.029  -44.086  81.290 0.0000000000
143774  -39.285  -50.615  86.462 0.0000000000
45974  -38.803  -50.569  85.748 0.0000000000
45975  -39.402  -50.515  85.974 0.0000000000
46995  -37.110  -48.741  80.359 0.0000000000
46974  -37.074  -49.146  80.906 0.0000000000
139811  -36.345  -48.703  79.993 0.0000000000
47848  -35.841  -48.520  79.433 0.0000000000
47870  -35.336  -47.863  78.307 0.0000000000
47859  -36.120  -48.131  78.871 0.0000000000
129954  -36.975  -45.114  78.158 0.0000000000
51334  -37.486  -44.409  78.292 0.0000000000
35700  -25.883  -61.137  87.453 0.0000000000
35768  -25.574  -62.157  80.210 0.0000000000
132375  -24.923  -61.644  80.143 0.0000000000
138989  -24.967  -62.075  79.448 0.0000000000
139105  -24.480  -61.462  79.014 0.0000000000
35794  -24.817  -62.054  78.637 0.0000000000
50488  -41.825  -44.872  74.749 0.0000000000
50501  -41.874  -44.931  73.846 0.0000000000
50489  -42.393  -45.371  74.348 0.0000000000
46149  -42.120  -50.787  71.992 0.0000000000
47082  -41.690  -50.173  71.471 0.0000000000
45218  -44.364  -52.164  72.532 0.0000000000
45230  -44.191  -51.938  71.665 0.0000000000
46150  -44.758  -51.120  71.643 0.0000000000
37720  -33.812  -58.990  86.294 0.0000000000
37719  -32.752  -59.183  85.628 0.0000000000
38602  -33.425  -58.806  85.751 0.0000000000
40515  -30.969  -55.838  82.338 0.0000000000
40528  -29.750  -55.644  81.332 0.0000000000
45093  -33.792  -51.228  83.071 0.0000000000
45104  -33.226  -51.806  82.652 0.0000000000
43208  -27.706  -52.803  76.255 0.0000000000
43198  -28.120  -53.197  76.857 0.0000000000
43197  -27.414  -53.570  76.533 0.0000000000
43207  -27.000  -53.204  75.955 0.0000000000
49608  -33.271  -46.184  74.773 0.0000000000
49620  -32.906  -45.821  74.039 0.0000000000
51255  -46.252  -44.522  83.030 0.0000000000
49546  -47.684  -47.222  80.826 0.0000000000
49547  -47.840  -46.824  81.153 0.0000000000
141457  -47.547  -48.294  80.868 0.0000000000
134338  -47.386  -49.272  81.041 0.0000000000
46998  -47.301  -50.061  80.404 0.0000000000
46048  -47.074  -50.826  80.237 0.0000000000
130936  -47.277  -50.663  79.880 0.0000000000
47892  -48.720  -48.906  75.400 0.0000000000
47043  -48.522  -49.224  75.248 0.0000000000
47904  -49.247  -48.622  74.833 0.0000000000
54507  -46.315  -41.710  71.895 0.0000000000
53449  -46.993  -42.423  72.352 0.0000000000
52441  -46.588  -43.151  72.756 0.0000000000
53438  -47.646  -43.060  72.892 0.0000000000
50503  -50.861  -46.036  73.637 0.0000000000
49624  -50.951  -46.849  74.333 0.0000000000
141387  -50.143  -45.684  73.044 0.0000000000
50512  -49.467  -45.701  72.649 0.0000000000
50522  -49.224  -44.938  72.139 0.0000000000
51445  -48.539  -44.735  71.572 0.0000000000
52484  -51.808  -43.288  69.547 0.0000000000
52497  -51.064  -43.017  69.062 0.0000000000
52498  -52.001  -43.078  68.951 0.0000000000
56470  -54.160  -39.319  73.017 0.0000000000
55506  -54.513  -40.399  73.123 0.0000000000
55505  -53.462  -40.096  72.463 0.0000000000
123566  -18.179  -59.015  88.918 0.0000000000
123763  -18.711  -58.145  83.081 0.0000000000
38631  -18.054  -58.136  83.657 0.0000000000
123656  -17.591  -58.058  81.672 0.0000000000
39598  -17.838  -58.042  80.861 0.0000000000
37760  -22.888  -58.971  81.662 0.0000000000
38649  -22.124  -58.643  82.054 0.0000000000
38661  -22.226  -58.582  81.189 0.0000000000
34850  -19.970  -62.764  76.117 0.0000000000
37763  -27.726  -59.484  82.121 0.0000000000
37762  -27.279  -60.210  81.498 0.0000000000
37770  -27.002  -59.830  80.699 0.0000000000
36852  -26.275  -60.691  73.631 0.0000000000
35832  -26.508  -61.300  74.673 0.0000000000
35841  -26.329  -61.274  74.008 0.0000000000
140028  -25.924  -61.435  73.566 0.0000000000
139091  -25.686  -61.321  73.100 0.0000000000
50386  -38.275  -45.030  81.427 0.0000000000
51283  -38.736  -44.593  81.879 0.0000000000
52324  -39.899  -43.825  83.074 0.0000000000
51266  -39.326  -44.225  82.456 0.0000000000
130207  -40.276  -49.456  85.670 0.0000000000
46917  -39.847  -49.501  84.935 0.0000000000
47794  -40.120  -49.032  84.934 0.0000000000
142753  -38.973  -48.047  82.554 0.0000000000
47813  -38.743  -48.593  81.970 0.0000000000
47838  -38.225  -48.516  81.084 0.0000000000
48664  -38.429  -48.171  81.234 0.0000000000
132881  -38.223  -47.140  81.573 0.0000000000
49532  -37.937  -45.934  81.331 0.0000000000
50567  -41.292  -45.128  67.193 0.0000000000
52508  -43.545  -43.513  67.704 0.0000000000
127194  -27.493  -61.556  86.877 0.0000000000
127122  -27.043  -61.645  85.823 0.0000000000
124161  -27.336  -61.587  86.208 0.0000000000
34773  -26.908  -61.827  84.018 0.0000000000
34784  -26.821  -62.077  83.034 0.0000000000
34790  -26.333  -62.165  81.671 0.0000000000
34791  -26.719  -62.136  82.162 0.0000000000
51455  -38.865  -44.012  70.019 0.0000000000
49596  -43.386  -46.525  75.870 0.0000000000
49611  -43.412  -46.468  74.838 0.0000000000
48730  -43.888  -47.099  75.437 0.0000000000
47903  -44.260  -48.633  74.769 0.0000000000
47902  -43.759  -48.513  73.871 0.0000000000
47912  -43.530  -49.245  73.561 0.0000000000
141244  -43.232  -49.590  73.176 0.0000000000
47060  -43.485  -50.062  73.601 0.0000000000
46137  -43.026  -50.497  72.985 0.0000000000
46100  -44.302  -51.282  75.185 0.0000000000
46112  -43.827  -51.750  74.222 0.0000000000
45194  -44.313  -52.117  74.835 0.0000000000
44176  -44.188  -52.362  73.609 0.0000000000
44177  -44.495  -52.306  74.408 0.0000000000
39567  -34.977  -56.818  85.985 0.0000000000
38624  -34.558  -57.259  85.663 0.0000000000
39583  -34.812  -56.511  85.565 0.0000000000
41360  -34.793  -55.325  85.040 0.0000000000
139948  -34.327  -55.631  84.627 0.0000000000
41374  -33.830  -55.528  84.093 0.0000000000
136283  -33.291  -55.425  83.525 0.0000000000
46058  -32.023  -49.821  79.721 0.0000000000
46057  -31.401  -50.448  79.492 0.0000000000
46067  -31.142  -50.127  78.782 0.0000000000
45180  -28.609  -50.539  76.389 0.0000000000
46079  -29.650  -50.628  77.371 0.0000000000
45165  -29.013  -51.024  76.988 0.0000000000
45164  -28.445  -51.498  76.507 0.0000000000
45179  -27.901  -50.990  75.980 0.0000000000
45178  -27.329  -51.495  75.502 0.0000000000
45189  -26.922  -51.094  74.792 0.0000000000
51394  -34.830  -44.593  74.075 0.0000000000
51411  -33.839  -44.633  72.985 0.0000000000
51412  -34.577  -44.322  73.283 0.0000000000
50426  -46.996  -46.167  79.480 0.0000000000
50469  -45.594  -45.867  76.888 0.0000000000
49575  -45.816  -46.473  77.340 0.0000000000
49589  -45.825  -46.559  76.755 0.0000000000
49590  -46.213  -47.068  76.387 0.0000000000
49598  -46.347  -46.676  75.687 0.0000000000
55485  -50.265  -39.748  73.379 0.0000000000
57448  -49.361  -38.607  72.630 0.0000000000
56468  -49.418  -39.563  72.783 0.0000000000
54510  -49.313  -41.440  72.882 0.0000000000
132715  -49.755  -41.990  73.222 0.0000000000
133924  -52.563  -43.057  74.896 0.0000000000
53425  -51.535  -42.921  74.538 0.0000000000
51388  -52.963  -44.944  75.127 0.0000000000
50495  -52.575  -45.451  75.061 0.0000000000
50504  -52.492  -45.488  74.676 0.0000000000
51435  -51.614  -44.630  73.024 0.0000000000
51424  -53.161  -44.820  73.952 0.0000000000
51437  -53.850  -44.174  72.933 0.0000000000
141235  -54.236  -43.978  71.952 0.0000000000
52455  -53.712  -43.819  71.310 0.0000000000
56485  -51.717  -39.566  71.554 0.0000000000
37670  -19.660  -59.204  88.505 0.0000000000
37655  -20.290  -59.569  88.909 0.0000000000
37698  -20.120  -58.878  86.864 0.0000000000
38599  -20.086  -58.339  85.246 0.0000000000
38617  -19.556  -58.257  84.556 0.0000000000
38618  -20.314  -58.489  84.411 0.0000000000
38707  -22.496  -58.561  77.593 0.0000000000
38718  -22.283  -58.487  76.658 0.0000000000
36830  -21.137  -60.077  74.904 0.0000000000
36839  -20.774  -60.973  74.888 0.0000000000
36829  -20.416  -60.441  75.367 0.0000000000
34860  -20.777  -62.453  74.652 0.0000000000
130143  -21.164  -63.176  74.299 0.0000000000
33112  -22.198  -65.333  72.276 0.0000000000
32234  -22.228  -65.615  72.779 0.0000000000
38693  -26.490  -57.986  79.139 0.0000000000
38692  -26.414  -58.951  79.108 0.0000000000
38739  -25.270  -59.199  74.712 0.0000000000
37810  -25.876  -59.776  75.990 0.0000000000
37820  -25.862  -59.902  75.079 0.0000000000
37831  -26.395  -60.500  74.581 0.0000000000
37843  -25.828  -59.744  73.378 0.0000000000
135192  -37.705  -43.605  74.928 0.0000000000
52405  -38.527  -43.449  74.385 0.0000000000
51381  -38.646  -43.624  75.852 0.0000000000
51372  -40.290  -44.045  76.471 0.0000000000
51382  -39.480  -43.786  76.063 0.0000000000
50467  -41.056  -44.630  76.866 0.0000000000
51307  -39.468  -44.161  80.425 0.0000000000
51322  -40.348  -44.057  79.646 0.0000000000
50423  -42.048  -44.852  78.954 0.0000000000
51338  -41.063  -44.378  78.693 0.0000000000
50452  -41.695  -45.216  77.246 0.0000000000
49564  -42.314  -45.688  77.623 0.0000000000
49555  -43.258  -46.058  78.807 0.0000000000
49556  -43.853  -46.737  79.272 0.0000000000
44049  -37.106  -51.804  86.882 0.0000000000
44068  -36.385  -52.835  86.205 0.0000000000
131410  -37.063  -51.685  86.213 0.0000000000
45987  -37.198  -50.261  84.740 0.0000000000
45084  -36.416  -51.066  85.068 0.0000000000
126741  -35.154  -50.911  84.223 0.0000000000
46001  -35.988  -50.150  83.858 0.0000000000
46004  -38.685  -49.566  83.225 0.0000000000
127481  -38.617  -49.773  84.033 0.0000000000
46955  -35.947  -49.249  81.399 0.0000000000
46939  -35.187  -49.526  82.157 0.0000000000
46954  -34.922  -49.294  81.313 0.0000000000
46953  -33.894  -49.470  81.099 0.0000000000
129122  -33.858  -49.109  80.276 0.0000000000
47027  -33.431  -48.372  78.116 0.0000000000
47009  -33.243  -48.702  78.860 0.0000000000
47025  -31.991  -48.748  77.620 0.0000000000
47032  -32.103  -48.487  77.027 0.0000000000
47875  -32.416  -48.249  76.809 0.0000000000
48702  -34.863  -47.585  77.642 0.0000000000
48714  -33.604  -47.494  76.716 0.0000000000
48729  -33.996  -46.792  76.269 0.0000000000
141668  -37.490  -47.239  79.450 0.0000000000
48695  -37.069  -47.596  78.889 0.0000000000
48705  -36.835  -47.059  78.359 0.0000000000
139923  -36.489  -45.803  77.250 0.0000000000
49585  -36.137  -46.305  77.237 0.0000000000
50473  -35.052  -45.683  75.995 0.0000000000
50474  -35.781  -45.098  76.046 0.0000000000
147377  -35.245  -45.154  75.485 0.0000000000
147098  -37.137  -43.837  75.850 0.0000000000
52403  -37.005  -43.532  74.190 0.0000000000
59215  -53.664  -36.304  75.116 0.0000000000
59216  -54.087  -36.282  74.794 0.0000000000
137645  -54.135  -36.893  74.337 0.0000000000
60115  -54.353  -35.674  74.547 0.0000000000
61075  -54.473  -35.124  74.088 0.0000000000
61094  -54.153  -35.371  73.352 0.0000000000
60145  -53.842  -35.963  72.831 0.0000000000
124768  -53.638  -35.206  72.772 0.0000000000
36712  -23.624  -60.239  87.729 0.0000000000
36723  -23.094  -59.993  87.001 0.0000000000
127379  -23.833  -60.284  87.055 0.0000000000
143894  -24.109  -60.354  85.358 0.0000000000
128126  -23.634  -60.130  85.589 0.0000000000
36737  -23.935  -60.118  84.786 0.0000000000
37745  -23.508  -59.551  83.450 0.0000000000
35731  -25.963  -61.486  83.969 0.0000000000
35730  -25.318  -61.043  84.541 0.0000000000
36780  -24.566  -60.862  80.501 0.0000000000
36766  -24.709  -60.567  82.332 0.0000000000
36772  -24.051  -60.103  80.850 0.0000000000
144791  -23.962  -59.940  81.513 0.0000000000
37774  -23.608  -59.723  79.542 0.0000000000
36814  -23.750  -60.098  77.028 0.0000000000
37819  -23.447  -59.978  75.264 0.0000000000
36831  -24.016  -60.617  75.645 0.0000000000
146569  -39.955  -43.550  73.246 0.0000000000
52438  -39.887  -43.533  72.615 0.0000000000
51416  -40.529  -43.838  73.202 0.0000000000
125461  -41.536  -44.940  72.056 0.0000000000
50517  -41.147  -45.004  71.257 0.0000000000
49649  -41.256  -45.799  70.903 0.0000000000
49631  -43.053  -47.164  72.954 0.0000000000
49621  -42.792  -46.287  73.143 0.0000000000
48755  -42.635  -47.750  72.363 0.0000000000
44198  -42.625  -52.503  71.726 0.0000000000
44227  -42.690  -52.558  70.820 0.0000000000
45254  -42.964  -51.379  69.952 0.0000000000
47960  -42.544  -48.910  69.323 0.0000000000
47098  -44.340  -49.347  70.816 0.0000000000
47961  -43.205  -48.667  69.837 0.0000000000
47946  -43.907  -48.618  70.373 0.0000000000
140881  -44.364  -47.913  70.486 0.0000000000
35713  -31.290  -60.701  86.839 0.0000000000
35723  -30.846  -60.664  86.326 0.0000000000
36739  -31.272  -60.098  85.735 0.0000000000
37749  -30.825  -58.873  84.440 0.0000000000
37735  -30.374  -59.452  84.736 0.0000000000
37748  -29.927  -59.145  84.228 0.0000000000
37756  -28.841  -59.127  83.184 0.0000000000
38636  -29.576  -58.787  83.538 0.0000000000
38640  -32.889  -57.530  84.331 0.0000000000
146364  -33.131  -57.963  84.957 0.0000000000
39591  -32.207  -57.328  83.665 0.0000000000
123488  -29.972  -56.820  82.205 0.0000000000
38652  -29.641  -57.546  82.563 0.0000000000
38664  -28.711  -57.881  82.301 0.0000000000
39600  -28.334  -57.515  81.499 0.0000000000
39610  -27.407  -57.852  80.429 0.0000000000
39611  -27.971  -57.191  80.698 0.0000000000
40533  -28.133  -56.065  79.865 0.0000000000
40532  -27.535  -56.545  79.597 0.0000000000
40536  -26.580  -56.618  78.296 0.0000000000
40551  -26.936  -56.052  78.220 0.0000000000
43112  -35.474  -53.582  85.074 0.0000000000
43139  -33.283  -53.459  82.904 0.0000000000
43140  -33.784  -53.730  83.396 0.0000000000
135045  -32.873  -54.008  82.715 0.0000000000
42249  -32.766  -54.560  82.847 0.0000000000
42260  -32.350  -54.184  82.278 0.0000000000
44121  -31.017  -52.256  79.888 0.0000000000
44110  -31.801  -52.226  81.107 0.0000000000
42284  -29.800  -53.875  79.198 0.0000000000
43172  -30.313  -53.457  79.622 0.0000000000
42280  -30.001  -54.093  79.936 0.0000000000
42268  -30.325  -54.369  80.677 0.0000000000
42279  -29.464  -54.473  79.506 0.0000000000
42282  -28.586  -54.663  78.455 0.0000000000
42305  -26.446  -54.648  76.436 0.0000000000
41430  -26.732  -54.984  77.022 0.0000000000
41429  -26.186  -55.201  76.606 0.0000000000
40561  -25.659  -55.858  76.378 0.0000000000
41437  -25.323  -55.507  75.671 0.0000000000
47900  -31.025  -48.125  75.117 0.0000000000
47911  -30.521  -47.852  74.345 0.0000000000
36637  -19.788  -60.023  91.592 0.0000000000
36659  -24.012  -60.096  90.098 0.0000000000
34746  -31.433  -61.038  87.920 0.0000000000
34759  -31.345  -60.857  87.369 0.0000000000
140636  -32.301  -60.633  88.272 0.0000000000
36728  -33.693  -59.720  87.408 0.0000000000
36702  -34.253  -59.466  88.169 0.0000000000
38540  -35.338  -57.307  89.283 0.0000000000
38555  -35.294  -57.944  88.749 0.0000000000
136083  -35.527  -57.558  88.337 0.0000000000
38586  -35.325  -57.439  87.282 0.0000000000
142515  -35.757  -57.008  88.274 0.0000000000
41292  -35.898  -55.452  88.929 0.0000000000
41304  -36.079  -55.918  88.262 0.0000000000
142428  -36.013  -55.180  88.251 0.0000000000
130155  -36.058  -55.213  87.516 0.0000000000
129293  -35.907  -54.701  88.621 0.0000000000
43079  -35.539  -52.874  88.685 0.0000000000
44048  -36.496  -52.597  87.077 0.0000000000
45031  -36.500  -51.482  88.269 0.0000000000
45021  -38.114  -50.402  88.606 0.0000000000
45937  -38.918  -50.265  88.413 0.0000000000
45034  -39.251  -50.504  87.554 0.0000000000
49492  -40.991  -47.061  86.351 0.0000000000
52267  -40.812  -43.721  86.078 0.0000000000
53278  -42.317  -41.675  85.522 0.0000000000
53292  -41.487  -42.330  84.993 0.0000000000
53317  -41.860  -42.487  83.919 0.0000000000
52292  -45.341  -42.819  84.137 0.0000000000
52291  -44.463  -42.618  83.992 0.0000000000
125624  -44.697  -43.192  83.470 0.0000000000
52311  -43.707  -43.176  82.971 0.0000000000
51270  -43.947  -43.898  82.421 0.0000000000
147323  -44.085  -44.355  82.052 0.0000000000
132214  -44.734  -44.498  82.417 0.0000000000
50389  -45.011  -45.704  81.674 0.0000000000
49545  -45.010  -47.033  80.902 0.0000000000
125313  -44.868  -47.624  80.423 0.0000000000
50363  -47.844  -45.289  82.193 0.0000000000
50376  -46.971  -46.086  82.663 0.0000000000
46978  -46.229  -50.063  80.718 0.0000000000
47840  -45.970  -49.256  81.099 0.0000000000
46977  -45.616  -49.599  80.545 0.0000000000
46996  -45.286  -49.867  79.861 0.0000000000
46069  -45.146  -50.852  78.580 0.0000000000
46059  -45.508  -50.763  79.573 0.0000000000
45155  -46.413  -52.106  78.045 0.0000000000
44139  -45.723  -52.165  77.621 0.0000000000
44154  -46.038  -52.303  77.324 0.0000000000
44165  -45.377  -52.284  76.037 0.0000000000
44179  -45.903  -52.161  75.660 0.0000000000
47872  -46.856  -49.222  78.025 0.0000000000
47013  -47.213  -49.795  78.693 0.0000000000
47028  -47.369  -50.065  77.850 0.0000000000
46101  -47.708  -50.243  75.535 0.0000000000
45184  -47.208  -51.093  76.001 0.0000000000
45196  -47.219  -50.723  75.141 0.0000000000
46113  -46.577  -51.192  74.525 0.0000000000
46127  -46.614  -50.696  73.798 0.0000000000
46139  -46.322  -50.459  73.017 0.0000000000
47923  -47.001  -48.742  72.658 0.0000000000
47935  -46.400  -48.195  72.027 0.0000000000
48766  -45.775  -47.547  71.372 0.0000000000
48767  -46.647  -47.349  71.889 0.0000000000
51403  -46.064  -45.034  74.278 0.0000000000
50491  -46.918  -45.748  74.601 0.0000000000
49613  -47.684  -46.449  75.083 0.0000000000
52428  -49.328  -43.468  73.734 0.0000000000
51406  -49.904  -44.922  74.822 0.0000000000
48742  -50.897  -47.288  74.785 0.0000000000
49601  -50.754  -47.026  75.318 0.0000000000
142892  -50.683  -47.467  75.011 0.0000000000
139272  -50.086  -47.579  75.277 0.0000000000
47915  -49.838  -48.151  74.615 0.0000000000
48749  -49.803  -47.911  74.101 0.0000000000
131516  -47.516  -46.177  71.847 0.0000000000
49642  -47.739  -46.772  72.270 0.0000000000
50519  -46.889  -45.876  71.362 0.0000000000
49652  -46.020  -45.877  70.949 0.0000000000
51458  -45.830  -45.007  70.446 0.0000000000
146528  -46.578  -44.733  70.556 0.0000000000
52480  -46.414  -43.493  69.155 0.0000000000
52493  -46.305  -43.059  68.441 0.0000000000
52494  -47.132  -43.031  68.805 0.0000000000
52452  -50.179  -43.819  71.491 0.0000000000
51461  -49.531  -43.664  70.773 0.0000000000
52468  -50.508  -43.496  70.623 0.0000000000
52496  -49.299  -42.833  68.844 0.0000000000
53474  -48.882  -42.585  68.394 0.0000000000
53487  -47.619  -42.287  67.684 0.0000000000
56436  -54.064  -39.220  74.564 0.0000000000
55488  -54.544  -40.723  74.345 0.0000000000
54519  -55.329  -42.426  72.319 0.0000000000
53452  -55.423  -42.928  72.500 0.0000000000
53455  -55.711  -42.960  71.703 0.0000000000
127187  -55.672  -43.436  70.878 0.0000000000
54526  -52.921  -41.595  70.809 0.0000000000
54517  -53.850  -41.609  71.588 0.0000000000
54527  -54.699  -42.173  70.828 0.0000000000
52473  -56.584  -43.032  69.958 0.0000000000
143879  -55.063  -43.524  69.300 0.0000000000
37682  -18.436  -58.657  87.637 0.0000000000
38578  -18.269  -58.314  86.275 0.0000000000
38615  -17.094  -58.205  83.915 0.0000000000
38596  -17.404  -58.321  85.424 0.0000000000
38643  -16.474  -58.340  82.571 0.0000000000
37767  -17.134  -59.136  79.795 0.0000000000
37766  -16.717  -59.152  80.488 0.0000000000
145516  -17.264  -59.904  79.494 0.0000000000
35776  -18.066  -61.234  79.241 0.0000000000
37717  -22.267  -59.337  85.439 0.0000000000
37700  -22.022  -59.469  86.436 0.0000000000
38634  -21.208  -58.619  83.287 0.0000000000
38647  -20.530  -58.370  82.733 0.0000000000
38670  -19.867  -58.043  81.180 0.0000000000
39638  -21.127  -57.811  77.865 0.0000000000
39624  -20.586  -57.739  78.494 0.0000000000
38703  -19.033  -58.559  77.644 0.0000000000
39623  -19.350  -57.740  78.843 0.0000000000
38690  -19.036  -57.952  78.155 0.0000000000
137751  -18.950  -57.741  79.513 0.0000000000
39622  -18.645  -57.929  78.844 0.0000000000
38677  -18.163  -58.310  78.994 0.0000000000
38689  -18.440  -58.559  78.341 0.0000000000
32200  -22.302  -66.097  74.534 0.0000000000
35733  -28.816  -61.068  84.933 0.0000000000
35744  -28.263  -61.185  84.166 0.0000000000
132981  -26.968  -61.669  81.015 0.0000000000
34802  -26.677  -61.924  80.709 0.0000000000
34801  -26.416  -62.142  80.271 0.0000000000
34818  -26.582  -62.011  79.869 0.0000000000
36802  -26.737  -60.697  78.478 0.0000000000
35814  -26.494  -62.171  76.075 0.0000000000
35805  -26.769  -61.999  77.233 0.0000000000
34852  -26.480  -62.293  76.867 0.0000000000
34843  -26.009  -62.546  77.439 0.0000000000
34851  -26.086  -62.483  76.632 0.0000000000
34842  -25.386  -62.237  77.238 0.0000000000
35830  -24.876  -61.557  74.248 0.0000000000
35829  -24.101  -61.190  73.675 0.0000000000
36919  -23.500  -59.971  70.453 0.0000000000
36920  -24.577  -60.158  71.093 0.0000000000
36918  -22.941  -60.718  70.466 0.0000000000
35879  -20.745  -61.731  70.228 0.0000000000
35881  -22.835  -61.703  70.673 0.0000000000
35880  -21.763  -61.753  70.553 0.0000000000
34890  -23.882  -62.050  71.405 0.0000000000
34907  -22.257  -62.558  70.931 0.0000000000
138780  -20.601  -63.359  71.127 0.0000000000
34016  -21.845  -63.162  71.147 0.0000000000
141145  -22.030  -63.747  71.340 0.0000000000
33986  -23.097  -63.380  71.905 0.0000000000
33998  -21.399  -63.806  71.335 0.0000000000
50350  -38.767  -44.926  83.500 0.0000000000
51265  -38.683  -44.733  82.734 0.0000000000
52307  -39.681  -43.921  83.953 0.0000000000
48630  -40.643  -47.768  85.936 0.0000000000
48642  -40.207  -48.145  85.134 0.0000000000
48641  -39.683  -47.441  84.482 0.0000000000
48650  -39.265  -47.703  83.533 0.0000000000
49508  -38.594  -46.700  83.076 0.0000000000
145263  -38.469  -47.219  82.253 0.0000000000
50358  -38.436  -45.534  82.929 0.0000000000
49672  -41.794  -46.790  68.252 0.0000000000
50549  -42.027  -46.022  68.234 0.0000000000
50559  -41.973  -45.250  67.853 0.0000000000
51486  -42.302  -44.532  67.688 0.0000000000
51493  -42.188  -43.959  67.115 0.0000000000
51477  -42.647  -44.820  68.224 0.0000000000
51478  -43.331  -44.531  68.465 0.0000000000
52491  -44.420  -43.888  68.616 0.0000000000
130988  -28.008  -61.550  87.063 0.0000000000
34764  -27.442  -61.694  85.563 0.0000000000
34765  -27.967  -61.671  85.791 0.0000000000
129048  -27.728  -61.754  85.174 0.0000000000
34786  -27.682  -61.641  84.446 0.0000000000
52465  -39.270  -43.618  70.847 0.0000000000
48717  -43.761  -47.236  76.947 0.0000000000
48718  -44.164  -47.662  76.160 0.0000000000
47890  -44.419  -48.460  75.721 0.0000000000
47051  -44.376  -49.868  74.878 0.0000000000
47042  -44.569  -50.187  75.815 0.0000000000
46088  -44.664  -51.340  76.394 0.0000000000
41332  -35.792  -55.713  86.725 0.0000000000
40478  -35.257  -56.081  85.896 0.0000000000
40495  -35.488  -55.347  85.862 0.0000000000
41361  -35.276  -54.991  85.446 0.0000000000
41376  -34.875  -54.595  84.824 0.0000000000
47024  -31.316  -49.218  77.693 0.0000000000
46081  -30.899  -49.784  78.100 0.0000000000
46087  -29.984  -49.857  77.081 0.0000000000
46086  -29.330  -50.195  76.757 0.0000000000
46097  -28.189  -50.041  75.736 0.0000000000
46108  -27.184  -50.212  74.510 0.0000000000
46109  -27.889  -49.717  74.944 0.0000000000
46122  -27.534  -49.346  74.190 0.0000000000
51414  -36.114  -43.759  73.852 0.0000000000
51430  -35.074  -43.769  72.754 0.0000000000
52419  -35.878  -43.585  72.985 0.0000000000
52434  -35.644  -43.432  72.137 0.0000000000
142055  -50.481  -40.449  73.554 0.0000000000
54497  -50.249  -41.285  73.453 0.0000000000
54498  -51.104  -40.807  73.965 0.0000000000
53426  -52.420  -42.041  74.759 0.0000000000
52409  -53.014  -43.648  75.036 0.0000000000
142784  -53.450  -44.331  74.623 0.0000000000
52410  -53.551  -43.324  74.806 0.0000000000
52411  -54.095  -43.189  74.460 0.0000000000
133842  -54.605  -43.163  73.841 0.0000000000
36695  -20.928  -59.766  88.842 0.0000000000
37671  -20.496  -59.414  88.264 0.0000000000
37699  -21.087  -59.136  86.629 0.0000000000
38728  -21.903  -58.658  75.797 0.0000000000
36840  -21.579  -60.745  74.248 0.0000000000
34861  -21.349  -62.478  73.887 0.0000000000
32252  -21.842  -65.189  71.922 0.0000000000
128585  -25.983  -57.283  77.902 0.0000000000
38708  -25.674  -58.510  77.496 0.0000000000
38730  -25.258  -58.950  75.617 0.0000000000
51370  -37.929  -43.794  76.901 0.0000000000
142424  -38.585  -43.638  76.410 0.0000000000
50437  -42.524  -45.568  78.424 0.0000000000
45058  -38.046  -51.071  86.880 0.0000000000
140206  -37.766  -51.192  86.495 0.0000000000
45085  -37.976  -50.884  86.035 0.0000000000
46957  -38.084  -49.222  81.551 0.0000000000
122929  -37.867  -49.444  81.900 0.0000000000
126441  -37.611  -49.298  81.461 0.0000000000
127725  -36.433  -49.158  80.962 0.0000000000
46973  -35.708  -49.044  80.786 0.0000000000
46993  -34.654  -48.865  79.953 0.0000000000
47011  -34.931  -48.563  79.413 0.0000000000
47010  -34.188  -48.357  78.768 0.0000000000
47857  -34.317  -48.030  78.135 0.0000000000
47869  -33.478  -48.127  77.712 0.0000000000
48703  -35.595  -47.466  77.834 0.0000000000
49563  -36.949  -46.160  78.386 0.0000000000
50450  -36.715  -45.533  77.617 0.0000000000
50466  -36.690  -45.032  77.011 0.0000000000
51368  -36.526  -44.601  76.356 0.0000000000
36725  -24.400  -60.533  86.629 0.0000000000
36738  -24.657  -60.693  85.161 0.0000000000
35751  -25.898  -61.973  82.178 0.0000000000
35750  -25.389  -61.198  82.700 0.0000000000
35767  -25.145  -61.462  80.876 0.0000000000
36784  -24.131  -60.565  79.226 0.0000000000
36801  -24.246  -60.940  78.504 0.0000000000
36815  -24.259  -61.017  77.077 0.0000000000
51417  -41.272  -44.418  73.487 0.0000000000
50509  -41.780  -44.962  72.941 0.0000000000
50510  -42.225  -45.716  72.440 0.0000000000
47921  -42.743  -48.667  72.440 0.0000000000
47932  -42.231  -48.425  71.852 0.0000000000
47096  -41.297  -49.763  70.937 0.0000000000
45229  -43.400  -52.360  71.245 0.0000000000
45242  -43.827  -51.796  70.977 0.0000000000
46163  -43.651  -50.918  70.463 0.0000000000
47110  -42.997  -49.402  69.718 0.0000000000
46164  -44.152  -50.194  70.806 0.0000000000
36726  -32.634  -60.193  86.687 0.0000000000
36740  -32.306  -59.844  86.017 0.0000000000
36752  -31.972  -59.356  85.401 0.0000000000
38620  -31.763  -58.691  84.714 0.0000000000
40516  -32.135  -56.596  83.230 0.0000000000
39590  -31.511  -57.228  83.206 0.0000000000
39595  -31.352  -56.539  82.755 0.0000000000
40514  -30.637  -56.502  82.396 0.0000000000
40520  -29.468  -56.391  81.599 0.0000000000
39612  -28.721  -56.749  81.194 0.0000000000
40527  -29.041  -55.982  80.950 0.0000000000
40534  -28.743  -55.665  80.225 0.0000000000
41404  -28.502  -55.439  79.478 0.0000000000
44085  -34.337  -52.671  83.920 0.0000000000
44094  -33.428  -52.704  82.907 0.0000000000
44102  -32.318  -52.753  81.736 0.0000000000
44136  -29.356  -52.393  77.636 0.0000000000
44120  -30.583  -52.743  79.373 0.0000000000
43187  -29.747  -52.804  78.281 0.0000000000
43179  -29.505  -53.577  78.537 0.0000000000
42295  -28.876  -53.969  78.164 0.0000000000
42294  -28.207  -54.344  77.802 0.0000000000
42307  -27.781  -53.946  77.181 0.0000000000
42306  -27.084  -54.323  76.803 0.0000000000
48738  -32.186  -47.266  74.869 0.0000000000
35689  -32.743  -60.451  88.494 0.0000000000
36685  -32.955  -60.313  88.874 0.0000000000
134163  -35.520  -56.610  89.438 0.0000000000
41285  -35.237  -55.648  90.206 0.0000000000
53264  -41.801  -42.777  87.535 0.0000000000
53271  -41.810  -42.250  86.889 0.0000000000
53265  -42.256  -41.948  87.676 0.0000000000
53272  -42.284  -41.619  86.545 0.0000000000
54331  -43.135  -41.236  86.092 0.0000000000
51254  -45.547  -44.538  82.790 0.0000000000
145169  -45.967  -45.716  82.492 0.0000000000
50413  -48.124  -46.038  81.285 0.0000000000
49534  -47.652  -46.895  81.531 0.0000000000
48660  -47.231  -47.290  81.931 0.0000000000
48659  -46.886  -47.401  82.019 0.0000000000
48667  -47.208  -48.066  81.549 0.0000000000
46960  -47.029  -49.541  81.151 0.0000000000
46046  -46.411  -50.791  80.348 0.0000000000
46060  -45.980  -51.089  80.033 0.0000000000
45120  -46.606  -51.278  79.927 0.0000000000
45143  -46.591  -51.786  78.967 0.0000000000
45156  -47.066  -51.708  78.458 0.0000000000
47880  -47.529  -49.632  76.714 0.0000000000
126214  -47.428  -50.482  77.067 0.0000000000
47034  -47.980  -49.664  75.969 0.0000000000
46115  -48.185  -49.686  75.043 0.0000000000
46114  -47.864  -49.941  74.797 0.0000000000
47061  -47.032  -49.914  73.502 0.0000000000
47052  -48.228  -49.437  74.313 0.0000000000
47913  -48.341  -49.046  73.857 0.0000000000
47924  -48.074  -48.452  73.158 0.0000000000
52425  -46.152  -43.772  73.223 0.0000000000
51420  -46.628  -44.419  73.706 0.0000000000
51421  -47.744  -44.388  73.800 0.0000000000
51386  -51.696  -45.581  75.397 0.0000000000
50493  -50.680  -45.616  75.381 0.0000000000
49614  -51.340  -46.853  74.853 0.0000000000
49623  -50.344  -47.356  74.183 0.0000000000
49633  -49.502  -47.228  73.389 0.0000000000
50511  -49.060  -46.371  72.734 0.0000000000
50520  -47.807  -45.438  71.584 0.0000000000
141038  -47.125  -45.021  70.981 0.0000000000
126461  -47.854  -44.487  70.991 0.0000000000
52466  -48.000  -43.755  70.302 0.0000000000
52483  -50.796  -43.276  69.742 0.0000000000
53475  -49.806  -42.608  68.396 0.0000000000
57437  -54.571  -39.222  73.907 0.0000000000
56471  -54.741  -40.072  73.847 0.0000000000
54518  -54.892  -41.819  72.182 0.0000000000
53465  -56.042  -42.401  70.058 0.0000000000
127615  -17.120  -58.773  88.171 0.0000000000
38597  -18.315  -58.207  85.464 0.0000000000
38630  -17.137  -58.127  83.005 0.0000000000
38656  -16.476  -58.534  81.753 0.0000000000
139051  -17.102  -58.222  81.292 0.0000000000
38669  -17.219  -58.418  80.402 0.0000000000
37772  -17.550  -59.326  79.113 0.0000000000
37744  -22.754  -59.145  83.489 0.0000000000
37743  -21.872  -58.868  83.862 0.0000000000
38635  -22.001  -58.800  82.939 0.0000000000
38660  -21.466  -58.365  81.526 0.0000000000
38671  -20.841  -58.095  80.966 0.0000000000
38716  -20.398  -58.511  76.537 0.0000000000
38705  -20.138  -58.127  77.156 0.0000000000
37797  -19.140  -59.273  77.170 0.0000000000
36812  -18.795  -60.175  77.532 0.0000000000
34841  -19.708  -63.026  76.875 0.0000000000
33957  -20.324  -63.615  76.580 0.0000000000
146191  -22.381  -65.938  75.952 0.0000000000
36758  -28.235  -60.752  83.580 0.0000000000
36774  -27.569  -60.456  82.223 0.0000000000
36787  -26.937  -61.320  79.779 0.0000000000
36824  -26.857  -61.424  75.894 0.0000000000
36816  -26.862  -61.322  76.893 0.0000000000
35822  -26.558  -61.719  75.292 0.0000000000
35821  -26.127  -62.196  75.411 0.0000000000
132920  -25.743  -61.640  74.120 0.0000000000
35840  -25.224  -61.581  73.381 0.0000000000
133525  -19.323  -62.594  68.876 0.0000000000
34905  -20.451  -62.420  70.447 0.0000000000
51305  -37.715  -44.932  79.789 0.0000000000
51320  -38.420  -44.213  79.343 0.0000000000
124738  -38.538  -44.417  80.179 0.0000000000
51284  -39.653  -44.134  81.412 0.0000000000
52340  -41.373  -43.606  81.951 0.0000000000
52326  -41.869  -43.261  82.498 0.0000000000
139335  -39.875  -50.242  85.980 0.0000000000
145041  -39.550  -50.254  85.573 0.0000000000
45976  -39.905  -49.852  85.422 0.0000000000
46916  -39.451  -49.603  84.582 0.0000000000
46927  -39.105  -49.385  83.494 0.0000000000
48651  -39.666  -48.553  84.059 0.0000000000
142682  -39.199  -49.022  82.926 0.0000000000
46958  -38.434  -49.196  81.968 0.0000000000
46976  -38.193  -48.902  81.307 0.0000000000
47837  -37.838  -48.538  80.631 0.0000000000
47850  -37.338  -48.301  79.922 0.0000000000
47860  -36.919  -48.055  79.216 0.0000000000
141465  -37.716  -48.124  80.159 0.0000000000
48685  -37.738  -47.645  80.018 0.0000000000
49543  -37.594  -46.734  79.827 0.0000000000
50408  -37.448  -45.786  79.613 0.0000000000
52516  -42.388  -43.371  66.618 0.0000000000
35712  -26.549  -61.394  86.925 0.0000000000
35720  -25.882  -61.406  85.757 0.0000000000
35721  -26.542  -61.542  86.159 0.0000000000
129098  -26.571  -61.619  85.390 0.0000000000
34763  -26.564  -61.687  84.454 0.0000000000
34772  -26.473  -61.847  83.419 0.0000000000
140145  -42.800  -45.735  74.977 0.0000000000
49622  -43.321  -46.806  73.765 0.0000000000
48748  -43.459  -47.729  73.451 0.0000000000
133510  -42.854  -49.543  72.675 0.0000000000
45228  -42.064  -52.071  71.965 0.0000000000
46136  -42.584  -51.287  72.490 0.0000000000
45217  -42.775  -52.182  72.429 0.0000000000
140988  -43.264  -52.203  72.850 0.0000000000
46126  -43.450  -51.123  73.563 0.0000000000
45207  -43.505  -52.013  73.455 0.0000000000
44199  -43.257  -52.384  72.351 0.0000000000
44200  -43.899  -52.389  72.819 0.0000000000
44201  -44.572  -52.281  73.334 0.0000000000
140146  -34.381  -57.839  85.838 0.0000000000
38603  -34.000  -58.304  85.811 0.0000000000
38623  -34.102  -57.688  85.465 0.0000000000
39581  -33.521  -56.894  84.367 0.0000000000
40493  -34.587  -56.085  85.086 0.0000000000
39592  -33.981  -56.236  84.516 0.0000000000
40517  -32.743  -55.989  83.356 0.0000000000
41391  -31.302  -55.083  82.122 0.0000000000
142204  -32.550  -51.040  81.378 0.0000000000
46043  -31.824  -50.742  80.249 0.0000000000
45130  -31.186  -51.352  79.756 0.0000000000
45139  -30.366  -51.482  78.607 0.0000000000
46066  -30.557  -50.604  78.400 0.0000000000
45153  -29.997  -51.051  77.986 0.0000000000
44137  -29.880  -51.944  78.115 0.0000000000
44150  -28.956  -51.979  77.030 0.0000000000
44149  -28.335  -52.400  76.633 0.0000000000
44158  -27.196  -52.388  75.724 0.0000000000
44169  -26.097  -52.439  74.695 0.0000000000
44170  -26.672  -51.953  75.126 0.0000000000
45188  -26.310  -51.593  74.374 0.0000000000
45211  -25.028  -51.449  72.309 0.0000000000
45201  -26.534  -50.725  74.075 0.0000000000
50498  -32.651  -45.593  73.198 0.0000000000
50499  -33.370  -45.231  73.509 0.0000000000
51427  -33.064  -44.929  72.682 0.0000000000
144041  -32.699  -44.632  71.700 0.0000000000
51429  -34.314  -44.023  72.481 0.0000000000
51441  -33.465  -44.126  71.232 0.0000000000
49559  -47.540  -46.719  80.339 0.0000000000
48688  -47.422  -47.861  80.426 0.0000000000
47863  -47.359  -49.944  79.600 0.0000000000
48687  -46.987  -48.220  79.559 0.0000000000
141335  -46.441  -48.240  77.730 0.0000000000
49576  -46.060  -47.164  77.920 0.0000000000
48719  -46.540  -48.086  76.743 0.0000000000
48720  -47.446  -48.713  76.379 0.0000000000
54509  -48.382  -41.564  72.485 0.0000000000
53450  -48.048  -42.325  72.598 0.0000000000
53451  -48.999  -42.180  72.887 0.0000000000
53440  -49.615  -42.666  73.414 0.0000000000
53441  -50.555  -42.233  73.802 0.0000000000
52407  -51.122  -43.928  74.786 0.0000000000
50494  -52.130  -46.039  75.027 0.0000000000
49625  -51.683  -46.181  74.532 0.0000000000
50513  -51.438  -45.488  73.621 0.0000000000
127823  -49.935  -44.464  72.201 0.0000000000
51448  -51.929  -43.947  72.255 0.0000000000
52454  -52.413  -43.695  71.373 0.0000000000
52470  -53.079  -43.606  70.607 0.0000000000
124561  -52.623  -43.484  69.979 0.0000000000
57450  -53.142  -38.342  72.284 0.0000000000
56486  -52.516  -40.141  71.931 0.0000000000
55520  -52.031  -40.600  71.377 0.0000000000
37653  -18.941  -59.166  89.168 0.0000000000
37683  -19.263  -58.901  87.715 0.0000000000
131732  -19.048  -58.625  86.864 0.0000000000
124369  -19.996  -59.078  87.686 0.0000000000
38598  -19.235  -58.175  85.349 0.0000000000
38632  -19.086  -58.197  83.829 0.0000000000
127709  -18.912  -58.139  82.361 0.0000000000
38680  -22.464  -58.592  79.612 0.0000000000
139095  -22.200  -58.381  78.948 0.0000000000
134384  -21.921  -58.207  78.142 0.0000000000
38727  -21.004  -58.744  75.791 0.0000000000
37807  -20.297  -59.161  76.009 0.0000000000
33969  -20.743  -63.298  74.952 0.0000000000
33970  -21.428  -64.170  74.528 0.0000000000
33103  -22.384  -65.316  73.159 0.0000000000
141836  -22.028  -66.089  73.034 0.0000000000
127385  -27.152  -58.721  80.522 0.0000000000
37776  -26.678  -59.503  79.848 0.0000000000
37787  -26.341  -59.839  78.241 0.0000000000
37801  -26.428  -60.346  77.256 0.0000000000
37800  -25.917  -59.619  76.887 0.0000000000
37811  -26.596  -60.604  76.317 0.0000000000
36843  -26.484  -60.813  74.286 0.0000000000
36875  -25.992  -60.538  73.039 0.0000000000
52421  -37.601  -43.253  73.365 0.0000000000
126225  -38.131  -43.166  72.770 0.0000000000
52422  -38.523  -43.282  73.473 0.0000000000
147413  -39.133  -43.448  73.944 0.0000000000
51415  -39.885  -43.683  73.928 0.0000000000
146352  -39.858  -43.857  75.611 0.0000000000
132403  -40.100  -43.899  74.993 0.0000000000
50487  -41.029  -44.447  75.121 0.0000000000
50476  -41.730  -44.950  75.633 0.0000000000
128933  -39.114  -43.870  78.907 0.0000000000
51336  -39.526  -43.789  78.220 0.0000000000
51337  -40.406  -44.078  78.145 0.0000000000
50468  -41.709  -45.125  76.461 0.0000000000
49586  -42.371  -45.546  75.912 0.0000000000
49587  -42.848  -46.066  76.400 0.0000000000
49588  -43.311  -46.607  76.717 0.0000000000
49565  -42.948  -46.181  78.003 0.0000000000
49574  -43.403  -46.721  77.554 0.0000000000
138885  -43.999  -47.534  77.908 0.0000000000
48697  -44.410  -48.401  78.612 0.0000000000
43096  -36.150  -53.706  86.385 0.0000000000
43102  -35.970  -53.886  86.035 0.0000000000
132720  -36.066  -53.354  85.841 0.0000000000
44078  -35.922  -53.107  85.486 0.0000000000
44077  -35.667  -52.723  84.979 0.0000000000
132693  -36.241  -52.093  85.373 0.0000000000
45095  -35.139  -51.985  84.495 0.0000000000
45094  -34.399  -51.374  83.748 0.0000000000
46017  -33.499  -50.715  82.430 0.0000000000
45989  -39.099  -50.132  85.139 0.0000000000
144384  -37.992  -49.872  83.855 0.0000000000
46002  -37.113  -49.864  83.783 0.0000000000
46941  -37.398  -49.495  82.058 0.0000000000
46020  -36.850  -49.673  82.884 0.0000000000
46019  -35.629  -49.770  82.971 0.0000000000
46018  -34.413  -50.278  82.947 0.0000000000
46032  -33.174  -50.359  81.488 0.0000000000
46044  -32.431  -50.005  80.296 0.0000000000
47008  -32.345  -49.192  79.006 0.0000000000
47007  -31.689  -49.308  78.377 0.0000000000
47031  -31.339  -48.895  76.964 0.0000000000
47040  -30.987  -48.794  76.173 0.0000000000
47049  -30.668  -48.614  75.519 0.0000000000
47887  -31.427  -48.408  75.786 0.0000000000
47901  -31.801  -47.878  75.339 0.0000000000
47876  -33.125  -47.995  77.159 0.0000000000
47889  -32.813  -47.820  76.428 0.0000000000
48727  -32.531  -47.569  75.627 0.0000000000
48739  -32.884  -46.864  75.223 0.0000000000
49609  -34.007  -45.839  75.045 0.0000000000
48694  -36.573  -47.648  78.589 0.0000000000
48716  -35.419  -46.898  77.213 0.0000000000
49583  -34.840  -46.468  76.459 0.0000000000
49594  -34.370  -46.126  75.764 0.0000000000
50485  -34.386  -45.184  74.573 0.0000000000
50486  -35.058  -44.881  74.838 0.0000000000
51395  -35.554  -44.306  74.371 0.0000000000
51380  -36.367  -44.332  75.540 0.0000000000
51396  -36.263  -44.034  74.700 0.0000000000
55468  -53.352  -40.093  74.774 0.0000000000
136650  -53.257  -38.612  74.779 0.0000000000
57424  -53.798  -38.442  74.629 0.0000000000
136377  -53.659  -37.590  74.667 0.0000000000
57425  -54.292  -38.806  74.256 0.0000000000
143692  -54.441  -38.519  73.878 0.0000000000
57452  -54.298  -37.987  73.481 0.0000000000
57451  -53.990  -38.307  72.855 0.0000000000
61061  -54.403  -34.906  74.928 0.0000000000
60128  -54.261  -35.832  73.694 0.0000000000
59249  -54.124  -36.595  73.284 0.0000000000
58370  -53.466  -37.560  72.445 0.0000000000
58384  -52.842  -36.970  72.071 0.0000000000
58383  -51.963  -37.143  71.561 0.0000000000
60157  -52.449  -35.625  71.938 0.0000000000
59262  -52.138  -36.336  71.682 0.0000000000
36711  -22.794  -60.057  87.857 0.0000000000
37686  -22.334  -59.793  87.200 0.0000000000
36724  -23.662  -60.214  86.364 0.0000000000
37718  -23.084  -59.693  85.110 0.0000000000
35719  -25.367  -61.111  85.316 0.0000000000
36750  -24.663  -60.587  84.206 0.0000000000
36757  -24.712  -60.538  83.260 0.0000000000
36756  -24.072  -59.843  82.833 0.0000000000
37761  -23.512  -59.499  81.226 0.0000000000
37768  -22.969  -58.979  80.812 0.0000000000
37773  -23.023  -59.042  79.968 0.0000000000
37786  -23.024  -59.004  79.020 0.0000000000
37798  -23.127  -59.131  78.055 0.0000000000
37799  -23.558  -59.755  77.697 0.0000000000
37808  -23.179  -59.096  77.026 0.0000000000
37829  -23.058  -59.986  74.633 0.0000000000
36851  -23.066  -60.975  73.557 0.0000000000
52437  -38.925  -43.275  72.491 0.0000000000
52450  -39.519  -43.519  71.760 0.0000000000
51443  -40.042  -43.896  71.205 0.0000000000
51431  -40.507  -43.905  72.414 0.0000000000
51444  -40.742  -44.307  71.732 0.0000000000
51457  -40.454  -44.513  70.855 0.0000000000
50540  -40.168  -45.684  70.017 0.0000000000
49640  -42.049  -46.480  71.759 0.0000000000
48765  -42.164  -47.463  71.796 0.0000000000
48764  -41.573  -47.254  71.217 0.0000000000
45240  -42.567  -52.246  70.137 0.0000000000
132164  -42.740  -48.007  69.340 0.0000000000
48804  -42.250  -47.400  68.788 0.0000000000
48789  -42.964  -47.139  69.342 0.0000000000
143800  -43.574  -46.952  69.742 0.0000000000
49662  -43.945  -46.386  69.903 0.0000000000
34767  -29.678  -61.310  86.482 0.0000000000
34777  -29.318  -61.239  85.841 0.0000000000
35722  -29.993  -61.007  86.245 0.0000000000
36751  -29.515  -60.503  85.139 0.0000000000
140677  -30.347  -59.973  85.229 0.0000000000
36760  -29.640  -59.892  84.620 0.0000000000
38621  -32.558  -58.232  84.767 0.0000000000
38638  -31.293  -58.257  83.991 0.0000000000
39589  -30.950  -57.822  83.403 0.0000000000
38651  -29.210  -58.352  82.930 0.0000000000
38663  -27.977  -58.436  81.849 0.0000000000
39620  -27.854  -56.649  80.173 0.0000000000
39626  -26.948  -57.226  79.416 0.0000000000
39625  -26.492  -57.284  78.707 0.0000000000
39651  -25.693  -56.682  77.073 0.0000000000
124297  -25.161  -56.837  76.255 0.0000000000
42221  -35.370  -54.284  85.269 0.0000000000
42238  -34.411  -54.292  84.105 0.0000000000
43125  -34.339  -53.654  83.881 0.0000000000
42251  -33.978  -54.115  83.631 0.0000000000
41384  -33.784  -54.748  83.716 0.0000000000
144377  -33.193  -54.840  83.264 0.0000000000
41392  -32.117  -54.843  82.480 0.0000000000
45111  -32.346  -51.780  81.562 0.0000000000
43159  -31.683  -53.103  81.178 0.0000000000
43173  -30.806  -53.051  80.080 0.0000000000
43158  -31.115  -53.407  80.756 0.0000000000
43149  -31.464  -53.742  81.300 0.0000000000
42269  -30.911  -54.027  81.101 0.0000000000
41400  -30.750  -54.657  81.429 0.0000000000
41399  -30.015  -54.944  81.048 0.0000000000
41405  -29.094  -55.021  79.865 0.0000000000
41408  -28.238  -55.251  78.768 0.0000000000
41421  -27.882  -55.040  78.089 0.0000000000
41407  -27.531  -55.667  78.464 0.0000000000
41419  -26.245  -55.690  77.114 0.0000000000
40566  -25.080  -56.222  75.817 0.0000000000
49629  -31.913  -45.910  72.882 0.0000000000
51241  -40.087  -45.024  85.540 0.0000000000
50337  -40.878  -45.288  86.333 0.0000000000
51233  -41.465  -44.634  86.977 0.0000000000
52256  -41.724  -43.737  87.778 0.0000000000
36656  -19.489  -59.644  90.847 0.0000000000
36676  -20.040  -59.762  90.174 0.0000000000
127915  -20.878  -60.053  90.285 0.0000000000
36678  -21.401  -59.966  89.565 0.0000000000
127914  -22.147  -59.904  89.317 0.0000000000
123323  -24.282  -60.419  88.294 0.0000000000
36681  -24.937  -60.301  89.789 0.0000000000
35684  -25.100  -60.795  87.944 0.0000000000
144695  -25.921  -61.020  88.520 0.0000000000
35685  -26.645  -61.275  88.661 0.0000000000
35701  -26.535  -61.394  87.813 0.0000000000
129411  -27.044  -61.531  87.281 0.0000000000
33883  -28.936  -61.613  86.915 0.0000000000
33884  -29.506  -61.526  87.160 0.0000000000
34745  -30.093  -61.459  87.363 0.0000000000
34758  -29.945  -61.388  86.912 0.0000000000
35714  -32.029  -60.585  87.094 0.0000000000
35702  -32.814  -60.410  87.962 0.0000000000
35715  -32.761  -60.359  87.380 0.0000000000
36727  -33.240  -59.970  87.070 0.0000000000
36742  -33.629  -59.542  86.821 0.0000000000
37702  -34.082  -59.174  86.986 0.0000000000
37687  -34.691  -58.925  87.943 0.0000000000
37703  -34.524  -58.679  87.263 0.0000000000
38585  -34.804  -57.869  86.863 0.0000000000
38605  -35.176  -57.123  86.542 0.0000000000
40466  -35.819  -56.310  87.240 0.0000000000
40453  -35.932  -56.495  87.908 0.0000000000
42186  -36.090  -54.466  86.827 0.0000000000
43073  -35.633  -54.020  89.068 0.0000000000
43080  -35.885  -53.682  88.166 0.0000000000
144663  -36.126  -53.341  87.438 0.0000000000
43087  -36.240  -53.556  86.896 0.0000000000
45032  -37.570  -51.059  88.020 0.0000000000
45044  -37.844  -51.148  87.325 0.0000000000
45045  -38.662  -50.771  87.344 0.0000000000
45059  -39.111  -50.641  86.965 0.0000000000
45046  -39.688  -50.292  87.303 0.0000000000
45939  -39.933  -49.963  88.052 0.0000000000
45952  -40.084  -49.951  87.604 0.0000000000
45963  -40.121  -50.011  86.972 0.0000000000
46890  -40.530  -49.451  87.097 0.0000000000
46904  -40.599  -49.197  86.574 0.0000000000
48631  -40.975  -47.847  86.693 0.0000000000
125393  -40.257  -44.080  85.465 0.0000000000
52289  -40.270  -43.529  84.662 0.0000000000
52278  -40.986  -42.852  85.742 0.0000000000
127413  -40.815  -42.975  85.006 0.0000000000
52309  -41.326  -43.018  83.352 0.0000000000
54320  -43.892  -40.880  86.795 0.0000000000
54344  -43.347  -41.567  85.061 0.0000000000
125220  -44.453  -42.024  84.646 0.0000000000
53294  -43.595  -42.190  84.199 0.0000000000
53318  -42.976  -42.489  83.626 0.0000000000
52327  -42.990  -43.430  82.374 0.0000000000
50387  -43.550  -44.746  80.827 0.0000000000
50410  -43.980  -45.572  80.435 0.0000000000
51288  -44.565  -44.934  81.890 0.0000000000
49557  -44.350  -46.630  80.166 0.0000000000
48686  -44.414  -47.488  79.710 0.0000000000
51256  -46.859  -44.355  83.140 0.0000000000
50375  -46.436  -46.067  82.527 0.0000000000
141615  -45.844  -46.973  81.809 0.0000000000
48658  -46.738  -47.619  81.902 0.0000000000
139011  -46.166  -47.644  81.743 0.0000000000
48665  -45.586  -47.430  81.407 0.0000000000
47861  -44.774  -49.166  79.264 0.0000000000
140463  -44.697  -49.505  78.325 0.0000000000
124760  -44.788  -50.283  77.717 0.0000000000
45166  -44.961  -52.097  76.910 0.0000000000
45141  -45.461  -51.734  78.311 0.0000000000
44164  -44.841  -52.242  75.413 0.0000000000
44178  -45.151  -52.358  74.858 0.0000000000
45208  -45.249  -52.250  73.915 0.0000000000
47014  -47.337  -50.703  79.040 0.0000000000
46071  -47.213  -51.380  78.976 0.0000000000
129356  -46.957  -51.816  77.698 0.0000000000
45168  -47.089  -51.502  76.937 0.0000000000
45183  -46.563  -51.804  76.351 0.0000000000
45209  -45.901  -51.599  73.822 0.0000000000
45219  -45.226  -51.805  73.079 0.0000000000
46138  -45.640  -51.016  72.617 0.0000000000
46151  -45.325  -50.632  71.943 0.0000000000
47085  -45.530  -49.620  71.731 0.0000000000
47073  -46.661  -49.603  72.824 0.0000000000
47086  -46.208  -49.147  72.167 0.0000000000
47948  -45.057  -48.163  71.030 0.0000000000
48776  -44.913  -47.309  70.740 0.0000000000
49650  -44.655  -46.486  70.409 0.0000000000
132242  -47.164  -46.904  75.369 0.0000000000
52427  -48.261  -43.647  73.490 0.0000000000
139391  -48.222  -44.905  74.328 0.0000000000
50492  -49.874  -45.591  75.157 0.0000000000
50479  -49.411  -46.031  75.208 0.0000000000
142229  -48.206  -45.707  74.764 0.0000000000
49600  -48.980  -46.792  75.369 0.0000000000
48734  -49.162  -47.785  75.434 0.0000000000
47893  -49.468  -48.294  75.211 0.0000000000
47914  -49.179  -48.550  74.040 0.0000000000
48758  -47.980  -47.546  72.653 0.0000000000
49632  -48.563  -47.002  72.737 0.0000000000
48768  -47.298  -47.228  72.221 0.0000000000
49641  -46.292  -46.648  71.402 0.0000000000
127058  -44.434  -45.721  70.041 0.0000000000
51470  -44.348  -45.091  69.516 0.0000000000
142419  -44.839  -44.573  69.508 0.0000000000
51480  -45.048  -43.933  69.146 0.0000000000
51472  -46.331  -44.110  69.948 0.0000000000
52479  -45.777  -43.850  69.359 0.0000000000
123643  -45.030  -43.544  68.494 0.0000000000
52510  -45.458  -43.087  68.130 0.0000000000
51446  -49.296  -44.211  71.530 0.0000000000
52481  -48.292  -43.281  69.551 0.0000000000
140475  -49.812  -43.349  69.925 0.0000000000
133601  -49.155  -43.122  69.398 0.0000000000
131715  -47.840  -43.029  69.061 0.0000000000
53472  -47.006  -42.619  68.128 0.0000000000
142882  -46.914  -42.245  67.534 0.0000000000
54489  -53.886  -40.972  74.932 0.0000000000
53429  -54.593  -42.457  74.270 0.0000000000
147406  -55.017  -43.214  73.153 0.0000000000
54512  -55.202  -42.050  73.124 0.0000000000
52442  -55.064  -43.562  72.605 0.0000000000
52456  -54.941  -43.824  71.254 0.0000000000
52485  -53.747  -43.673  70.088 0.0000000000
53454  -55.482  -42.419  71.583 0.0000000000
53460  -56.398  -42.924  70.306 0.0000000000
52472  -56.143  -43.269  70.442 0.0000000000
52486  -54.301  -43.601  69.567 0.0000000000
37668  -17.888  -58.749  88.294 0.0000000000
37681  -17.543  -58.599  87.602 0.0000000000
37696  -17.214  -58.556  86.985 0.0000000000
145663  -17.863  -58.282  85.874 0.0000000000
36778  -16.589  -60.077  80.785 0.0000000000
37716  -21.427  -59.018  85.716 0.0000000000
37731  -20.860  -58.707  85.032 0.0000000000
38619  -21.054  -58.713  84.160 0.0000000000
38646  -19.634  -58.237  83.103 0.0000000000
147523  -19.142  -58.106  81.675 0.0000000000
38679  -21.677  -58.196  79.724 0.0000000000
38678  -21.031  -58.041  80.225 0.0000000000
39609  -20.293  -57.876  80.288 0.0000000000
39636  -19.799  -57.766  78.258 0.0000000000
134324  -20.059  -57.683  78.918 0.0000000000
39608  -19.368  -57.786  80.282 0.0000000000
39599  -18.832  -57.991  80.988 0.0000000000
38676  -17.674  -58.498  79.511 0.0000000000
36799  -18.344  -60.581  78.359 0.0000000000
33090  -21.519  -64.891  75.366 0.0000000000
34776  -28.794  -61.369  85.507 0.0000000000
142707  -27.831  -61.484  84.040 0.0000000000
35742  -27.438  -61.626  83.506 0.0000000000
35753  -27.597  -61.173  82.681 0.0000000000
35752  -27.352  -61.675  82.847 0.0000000000
34792  -27.124  -61.954  82.799 0.0000000000
34797  -26.569  -62.072  81.213 0.0000000000
34800  -26.097  -62.458  79.844 0.0000000000
136572  -26.874  -60.494  80.092 0.0000000000
35778  -26.717  -61.820  79.464 0.0000000000
35806  -26.793  -61.473  77.926 0.0000000000
35795  -26.554  -62.022  77.993 0.0000000000
34834  -26.510  -62.087  79.254 0.0000000000
34833  -26.309  -62.307  78.650 0.0000000000
34816  -26.038  -62.567  79.086 0.0000000000
34815  -25.477  -62.476  78.827 0.0000000000
138510  -24.829  -61.689  76.988 0.0000000000
36823  -24.617  -61.411  76.215 0.0000000000
35820  -25.468  -62.042  75.666 0.0000000000
36832  -24.735  -61.498  75.184 0.0000000000
38748  -25.167  -58.962  73.300 0.0000000000
38764  -25.332  -59.216  72.415 0.0000000000
37880  -25.167  -59.379  71.336 0.0000000000
37872  -25.428  -59.652  71.953 0.0000000000
37859  -25.814  -59.967  72.722 0.0000000000
36874  -25.635  -60.352  72.348 0.0000000000
35866  -25.230  -60.897  72.060 0.0000000000
35902  -22.169  -60.886  70.333 0.0000000000
35883  -24.158  -61.111  71.169 0.0000000000
35865  -24.589  -61.496  71.752 0.0000000000
34876  -24.212  -62.152  71.907 0.0000000000
34889  -23.466  -62.673  71.672 0.0000000000
34875  -23.695  -62.641  71.974 0.0000000000
35849  -23.621  -62.245  72.430 0.0000000000
34867  -22.817  -62.692  72.603 0.0000000000
33985  -22.696  -64.197  72.197 0.0000000000
33133  -22.390  -64.821  71.938 0.0000000000
32233  -21.911  -65.751  72.524 0.0000000000
33113  -22.448  -65.041  72.473 0.0000000000
33963  -20.969  -64.040  75.378 0.0000000000
33976  -21.809  -63.616  73.524 0.0000000000
34000  -22.551  -63.962  71.659 0.0000000000
34014  -19.677  -63.369  70.776 0.0000000000
34015  -21.121  -63.085  71.060 0.0000000000
34017  -22.425  -63.230  71.335 0.0000000000
34734  -31.860  -60.823  88.275 0.0000000000
34832  -25.978  -62.592  78.282 0.0000000000
34906  -21.391  -62.499  70.795 0.0000000000
34929  -19.660  -62.496  69.893 0.0000000000
35732  -28.254  -61.494  84.723 0.0000000000
35796  -26.633  -61.896  78.693 0.0000000000
35851  -26.118  -61.062  73.313 0.0000000000
36773  -24.545  -60.609  81.408 0.0000000000
36786  -26.753  -60.590  79.348 0.0000000000
36899  -24.769  -60.753  71.524 0.0000000000
36900  -25.187  -60.077  71.545 0.0000000000
37738  -33.002  -58.528  85.272 0.0000000000
37830  -25.983  -59.862  74.191 0.0000000000
37844  -26.252  -60.323  73.881 0.0000000000
37879  -24.916  -59.369  70.848 0.0000000000
38570  -35.428  -57.747  87.899 0.0000000000
38622  -33.593  -58.130  85.369 0.0000000000
38644  -17.051  -58.087  82.094 0.0000000000
38688  -17.914  -58.790  78.827 0.0000000000
38715  -19.629  -58.582  77.072 0.0000000000
38717  -21.341  -58.293  76.446 0.0000000000
38729  -24.733  -58.225  75.141 0.0000000000
39553  -35.582  -56.709  86.968 0.0000000000
39568  -35.387  -56.399  86.360 0.0000000000
39615  -18.245  -57.962  79.500 0.0000000000
39637  -20.337  -57.830  77.706 0.0000000000
40414  -35.405  -56.106  89.849 0.0000000000
40442  -35.851  -56.645  88.546 0.0000000000
40479  -35.564  -55.743  86.269 0.0000000000
41438  -25.853  -55.029  76.096 0.0000000000
43138  -32.644  -53.496  82.269 0.0000000000
43186  -29.155  -53.213  77.864 0.0000000000
44093  -32.941  -52.752  82.413 0.0000000000
44138  -45.333  -52.188  77.156 0.0000000000
44153  -45.557  -52.298  76.919 0.0000000000
44166  -45.993  -52.312  76.625 0.0000000000
44213  -42.899  -52.553  71.455 0.0000000000
45083  -35.781  -50.998  84.627 0.0000000000
45119  -32.051  -51.346  80.942 0.0000000000
45129  -30.720  -51.891  79.238 0.0000000000
45131  -46.400  -51.557  79.384 0.0000000000
45132  -46.752  -51.489  79.555 0.0000000000
45144  -47.033  -51.608  79.015 0.0000000000
45154  -45.368  -52.022  77.695 0.0000000000
45193  -43.944  -52.271  73.962 0.0000000000
46003  -38.387  -49.676  83.122 0.0000000000
46045  -33.088  -49.787  80.645 0.0000000000
46070  -45.761  -51.528  79.142 0.0000000000
46083  -47.439  -51.079  78.210 0.0000000000
46110  -28.695  -49.320  75.302 0.0000000000
46128  -47.500  -50.017  74.111 0.0000000000
46943  -38.730  -49.305  82.617 0.0000000000
46959  -46.567  -49.543  81.139 0.0000000000
46979  -46.683  -50.200  80.698 0.0000000000
46980  -47.023  -50.161  80.680 0.0000000000
46994  -35.560  -48.832  80.077 0.0000000000
47023  -30.684  -49.505  77.381 0.0000000000
47109  -42.523  -49.855  69.334 0.0000000000
47804  -39.383  -49.017  83.263 0.0000000000
47815  -46.869  -48.244  81.667 0.0000000000
47824  -38.487  -48.762  81.644 0.0000000000
47825  -46.410  -48.938  81.408 0.0000000000
47827  -47.184  -48.805  81.396 0.0000000000
47851  -45.031  -48.940  80.022 0.0000000000
47933  -44.979  -49.057  71.249 0.0000000000
48657  -39.087  -48.819  82.571 0.0000000000
48666  -46.574  -48.341  81.624 0.0000000000
48676  -45.343  -47.820  80.973 0.0000000000
48677  -45.873  -48.342  81.367 0.0000000000
48678  -47.377  -48.400  81.308 0.0000000000
48679  -47.633  -47.659  81.008 0.0000000000
49522  -45.762  -46.193  82.137 0.0000000000
49523  -46.354  -46.917  82.126 0.0000000000
49525  -47.185  -46.727  82.296 0.0000000000
49526  -47.577  -46.405  82.079 0.0000000000
49603  -51.798  -46.256  75.194 0.0000000000
49612  -46.587  -46.269  75.076 0.0000000000
50360  -46.668  -45.259  82.756 0.0000000000
50361  -47.080  -45.230  82.743 0.0000000000
50390  -48.016  -45.800  81.700 0.0000000000
50480  -51.233  -46.407  75.386 0.0000000000
50481  -52.313  -45.612  75.225 0.0000000000
50526  -40.076  -44.843  70.155 0.0000000000
51387  -52.436  -44.969  75.349 0.0000000000
51398  -38.587  -43.582  75.166 0.0000000000
51405  -49.075  -45.223  74.706 0.0000000000
51407  -50.852  -44.788  75.145 0.0000000000
51434  -50.615  -45.027  72.953 0.0000000000
51450  -54.789  -43.841  72.183 0.0000000000
51469  -39.452  -44.581  69.881 0.0000000000
51479  -44.377  -44.451  69.086 0.0000000000
51485  -41.803  -44.618  67.312 0.0000000000
52312  -46.383  -43.892  83.471 0.0000000000
52393  -52.859  -44.432  75.193 0.0000000000
52394  -53.283  -44.160  74.970 0.0000000000
52408  -52.253  -43.989  75.182 0.0000000000
52430  -54.530  -43.679  73.413 0.0000000000
52446  -35.457  -43.391  71.234 0.0000000000
52490  -43.727  -43.884  68.274 0.0000000000
53443  -55.033  -42.588  73.484 0.0000000000
53473  -47.932  -42.681  68.403 0.0000000000
54490  -54.374  -41.676  74.665 0.0000000000
55469  -54.029  -39.981  74.666 0.0000000000
55507  -54.941  -41.058  73.596 0.0000000000
55537  -52.574  -41.239  71.261 0.0000000000
56469  -52.730  -39.257  72.162 0.0000000000
57423  -53.306  -37.859  74.843 0.0000000000
58357  -54.141  -37.793  74.252 0.0000000000
58371  -54.070  -37.394  73.006 0.0000000000
59229  -54.279  -36.389  74.057 0.0000000000
59263  -53.022  -36.244  72.262 0.0000000000
61093  -54.154  -34.711  73.368 0.0000000000
122918  -39.340  -43.707  75.416 0.0000000000
124124  -48.356  -45.188  81.376 0.0000000000
126266  -52.604  -37.697  71.937 0.0000000000
126915  -18.082  -59.057  89.812 0.0000000000
127286  -44.549  -48.270  79.462 0.0000000000
128024  -37.273  -47.138  78.882 0.0000000000
129941  -16.894  -59.964  80.060 0.0000000000
130252  -52.127  -39.773  74.504 0.0000000000
130748  -35.738  -56.841  89.020 0.0000000000
131574  -24.282  -62.044  72.195 0.0000000000
133496  -24.012  -60.338  70.835 0.0000000000
133624  -52.832  -34.989  72.222 0.0000000000
134696  -37.856  -43.681  76.269 0.0000000000
139201  -50.381  -46.288  75.436 0.0000000000
139360  -23.353  -59.345  82.880 0.0000000000
141257  -51.004  -41.509  73.978 0.0000000000
142156  -39.523  -49.991  85.161 0.0000000000
142252  -17.026  -58.294  84.671 0.0000000000
142578  -46.849  -51.263  79.956 0.0000000000
142611  -39.298  -50.406  87.939 0.0000000000
144070  -31.621  -57.730  83.640 0.0000000000
144088  -43.835  -44.517  81.536 0.0000000000
144678  -47.981  -49.787  75.621 0.0000000000
144810  -54.056  -43.789  74.192 0.0000000000
145308  -44.977  -45.066  70.023 0.0000000000
145499  -54.480  -39.550  73.531 0.0000000000
146756  -53.662  -43.820  74.634 0.0000000000
147930  -24.508  -61.558  78.518 0.0000000000
148078  -21.670  -63.477  71.249 0.0000000000
148211  -47.777  -49.525  73.831 0.0000000000
