#!ascii label  , from subject sub-01 vox2ras=TkReg
948
50402  -29.228  -45.357  80.795 0.0000000000
44098  -17.054  -51.748  81.558 0.0000000000
45138  -24.636  -51.610  77.922 0.0000000000
70496  -39.947  -23.794  68.027 0.0000000000
71430  -48.792  -23.448  65.444 0.0000000000
43098  -10.679  -53.317  84.998 0.0000000000
66785  -36.652  -28.607  69.800 0.0000000000
51332  -31.924  -44.951  77.863 0.0000000000
129527  -26.496  -47.464  80.478 0.0000000000
45097  -13.522  -51.722  83.083 0.0000000000
40488  -13.948  -56.277  84.677 0.0000000000
52346  -24.245  -43.052  79.611 0.0000000000
128421  -25.988  -43.551  76.066 0.0000000000
44117  -20.021  -52.725  79.170 0.0000000000
49540  -22.761  -46.177  80.371 0.0000000000
57511  -36.166  -38.386  67.625 0.0000000000
129458  -40.016  -34.872  67.155 0.0000000000
65870  -41.274  -29.697  68.093 0.0000000000
36732  -8.403  -60.471  85.235 0.0000000000
123697  -5.591  -61.238  86.821 0.0000000000
54503  -27.095  -41.082  72.668 0.0000000000
58361  -29.462  -36.689  73.085 0.0000000000
57482  -31.785  -38.598  69.183 0.0000000000
38612  -11.007  -58.178  84.441 0.0000000000
43121  -16.800  -53.821  83.027 0.0000000000
132477  -18.755  -53.232  82.589 0.0000000000
49529  -27.706  -46.467  81.670 0.0000000000
46931  -15.167  -49.173  82.693 0.0000000000
133317  -14.896  -52.090  82.031 0.0000000000
42242  -15.122  -54.027  82.589 0.0000000000
54360  -24.932  -41.559  82.172 0.0000000000
51280  -22.696  -44.027  80.903 0.0000000000
61162  -35.856  -35.216  67.489 0.0000000000
59306  -38.708  -36.772  67.264 0.0000000000
145122  -37.581  -34.131  67.239 0.0000000000
134715  -38.420  -29.003  67.844 0.0000000000
68677  -39.616  -26.655  66.975 0.0000000000
66827  -42.268  -28.541  67.657 0.0000000000
68687  -41.443  -26.145  65.894 0.0000000000
69627  -44.048  -26.023  64.657 0.0000000000
55427  -26.683  -40.833  76.274 0.0000000000
52414  -26.375  -42.650  74.077 0.0000000000
148047  -25.723  -39.006  75.347 0.0000000000
60118  -26.701  -34.828  72.859 0.0000000000
61101  -28.520  -34.183  71.718 0.0000000000
141703  -30.015  -37.153  71.848 0.0000000000
60162  -30.465  -35.616  70.161 0.0000000000
131437  -32.518  -35.711  69.102 0.0000000000
44126  -22.642  -52.899  77.694 0.0000000000
141233  -8.881  -56.369  85.013 0.0000000000
40498  -10.675  -56.339  83.825 0.0000000000
32992  -5.420  -64.551  87.235 0.0000000000
32990  -3.172  -64.832  86.999 0.0000000000
64046  -36.503  -31.561  69.474 0.0000000000
52383  -32.380  -43.217  76.559 0.0000000000
47006  -26.183  -49.417  78.664 0.0000000000
123911  -11.630  -52.439  84.014 0.0000000000
42225  -11.698  -54.566  83.190 0.0000000000
42240  -13.327  -53.943  82.571 0.0000000000
70528  -50.509  -23.843  64.297 0.0000000000
139996  -26.828  -44.558  80.316 0.0000000000
51330  -27.297  -44.586  78.287 0.0000000000
52359  -25.238  -43.118  78.022 0.0000000000
46963  -16.767  -49.036  80.970 0.0000000000
44105  -18.455  -51.888  80.640 0.0000000000
46054  -18.396  -49.824  79.127 0.0000000000
46073  -20.503  -50.598  77.415 0.0000000000
129560  -22.843  -50.642  76.721 0.0000000000
47847  -22.938  -48.274  78.660 0.0000000000
47867  -24.341  -48.365  77.187 0.0000000000
48692  -24.835  -47.026  78.517 0.0000000000
130939  -25.536  -45.097  80.629 0.0000000000
55546  -36.482  -40.529  69.176 0.0000000000
64069  -37.793  -31.241  67.651 0.0000000000
123739  -40.797  -31.996  67.601 0.0000000000
137663  -46.605  -26.034  64.344 0.0000000000
36718  -7.061  -60.505  86.134 0.0000000000
33881  -7.390  -63.505  87.431 0.0000000000
51364  -28.726  -44.783  76.377 0.0000000000
52400  -29.413  -43.735  73.977 0.0000000000
54482  -30.899  -41.441  73.990 0.0000000000
59203  -25.479  -36.777  74.324 0.0000000000
57441  -28.058  -38.502  72.912 0.0000000000
56427  -31.231  -38.327  75.419 0.0000000000
57432  -32.129  -37.397  74.518 0.0000000000
125080  -32.556  -39.437  72.109 0.0000000000
55530  -34.260  -40.869  70.111 0.0000000000
57497  -34.082  -38.817  67.832 0.0000000000
60200  -34.023  -36.036  68.153 0.0000000000
43145  -20.643  -53.844  81.176 0.0000000000
39542  -7.838  -57.004  85.948 0.0000000000
37727  -9.814  -58.914  84.529 0.0000000000
128901  -12.309  -57.201  84.451 0.0000000000
32988  -1.780  -64.684  86.523 0.0000000000
44091  -16.696  -52.435  81.924 0.0000000000
129373  -18.083  -53.296  82.800 0.0000000000
43133  -18.170  -52.807  82.253 0.0000000000
50381  -28.327  -45.991  81.739 0.0000000000
46023  -15.948  -50.691  81.768 0.0000000000
46009  -15.185  -50.598  82.190 0.0000000000
125622  -15.436  -51.442  81.936 0.0000000000
43131  -16.192  -53.212  82.304 0.0000000000
61153  -35.627  -34.580  67.950 0.0000000000
61164  -37.276  -34.537  67.219 0.0000000000
62142  -36.840  -32.998  68.064 0.0000000000
69609  -38.751  -24.768  69.158 0.0000000000
69613  -38.468  -25.803  67.886 0.0000000000
69614  -39.266  -25.600  67.240 0.0000000000
68682  -40.924  -26.388  66.330 0.0000000000
70504  -40.750  -24.591  66.415 0.0000000000
70505  -41.556  -24.670  65.871 0.0000000000
133835  -26.291  -40.276  75.615 0.0000000000
62090  -28.541  -33.071  72.704 0.0000000000
61119  -29.476  -34.831  70.924 0.0000000000
62121  -30.433  -33.701  70.588 0.0000000000
62122  -31.404  -33.457  70.492 0.0000000000
44127  -23.511  -52.760  77.872 0.0000000000
43169  -23.590  -54.165  78.773 0.0000000000
44118  -24.779  -52.983  78.816 0.0000000000
41335  -9.663  -54.891  84.942 0.0000000000
131430  -10.361  -54.864  84.237 0.0000000000
144486  -48.541  -25.279  63.893 0.0000000000
32991  -4.698  -64.342  87.051 0.0000000000
139905  -32.543  -45.169  79.070 0.0000000000
52374  -31.978  -43.915  76.946 0.0000000000
46991  -26.514  -49.120  79.265 0.0000000000
46971  -26.754  -49.402  79.984 0.0000000000
45992  -13.447  -50.905  83.861 0.0000000000
45079  -12.870  -51.084  84.588 0.0000000000
45064  -12.412  -51.258  85.271 0.0000000000
135320  -12.689  -52.068  83.566 0.0000000000
43118  -12.634  -53.520  82.809 0.0000000000
43119  -13.193  -53.063  82.693 0.0000000000
42230  -16.380  -54.469  83.491 0.0000000000
41370  -15.188  -55.001  83.538 0.0000000000
51315  -25.767  -44.053  79.808 0.0000000000
52360  -25.579  -43.746  78.427 0.0000000000
52351  -24.765  -42.578  79.005 0.0000000000
47817  -16.959  -48.527  81.256 0.0000000000
46965  -17.832  -49.372  79.871 0.0000000000
47832  -18.126  -48.688  80.109 0.0000000000
47001  -19.715  -49.460  78.515 0.0000000000
47017  -20.901  -49.951  77.395 0.0000000000
46074  -21.217  -50.512  76.973 0.0000000000
47019  -22.183  -49.626  77.005 0.0000000000
49528  -22.713  -46.529  81.067 0.0000000000
48683  -23.223  -47.416  79.142 0.0000000000
47854  -23.158  -48.144  77.683 0.0000000000
49561  -23.616  -46.895  78.745 0.0000000000
48701  -24.889  -47.613  77.712 0.0000000000
49550  -23.804  -46.336  79.354 0.0000000000
126450  -23.639  -42.976  80.178 0.0000000000
144655  -23.941  -44.403  80.121 0.0000000000
51300  -24.996  -43.921  80.035 0.0000000000
51301  -25.906  -44.698  80.538 0.0000000000
57500  -36.696  -39.137  67.976 0.0000000000
56512  -37.830  -40.229  68.762 0.0000000000
57501  -37.538  -39.054  68.023 0.0000000000
60214  -39.508  -35.467  67.115 0.0000000000
144008  -40.089  -36.927  67.881 0.0000000000
65845  -36.456  -29.641  69.553 0.0000000000
64059  -37.148  -31.375  68.037 0.0000000000
65854  -37.193  -29.710  68.297 0.0000000000
65869  -40.605  -29.660  67.866 0.0000000000
64946  -39.375  -30.493  67.559 0.0000000000
64073  -41.252  -31.205  67.944 0.0000000000
129424  -42.884  -32.961  67.896 0.0000000000
69628  -44.864  -25.791  64.492 0.0000000000
70514  -45.300  -23.942  64.950 0.0000000000
70524  -46.626  -24.387  64.710 0.0000000000
38572  -7.327  -58.336  86.256 0.0000000000
38571  -6.783  -58.883  86.662 0.0000000000
36731  -7.661  -60.387  85.640 0.0000000000
132854  -8.058  -63.035  87.100 0.0000000000
32986  -7.088  -64.163  88.689 0.0000000000
51347  -26.568  -44.348  76.750 0.0000000000
123454  -28.003  -44.780  76.858 0.0000000000
51375  -27.428  -44.534  75.515 0.0000000000
54493  -26.622  -41.524  73.059 0.0000000000
52399  -28.436  -43.957  73.866 0.0000000000
53434  -28.460  -42.622  72.979 0.0000000000
53421  -30.647  -42.411  74.015 0.0000000000
148163  -29.196  -41.056  73.031 0.0000000000
60104  -25.727  -35.274  74.299 0.0000000000
59234  -28.215  -36.237  72.369 0.0000000000
59232  -26.782  -36.710  72.739 0.0000000000
148575  -28.875  -37.163  73.359 0.0000000000
56441  -29.684  -38.517  74.182 0.0000000000
138632  -30.225  -37.162  74.251 0.0000000000
57416  -31.610  -37.383  75.406 0.0000000000
58349  -30.819  -36.989  74.201 0.0000000000
57471  -31.144  -38.614  70.469 0.0000000000
56475  -31.811  -38.738  72.016 0.0000000000
56474  -31.549  -39.165  70.782 0.0000000000
55511  -33.572  -40.671  70.807 0.0000000000
125072  -32.659  -39.955  69.616 0.0000000000
125670  -33.837  -40.133  68.734 0.0000000000
56524  -32.827  -39.108  68.523 0.0000000000
61139  -32.915  -34.973  69.389 0.0000000000
59292  -33.314  -36.691  68.240 0.0000000000
60165  -33.830  -34.625  69.506 0.0000000000
141887  -19.577  -52.450  79.762 0.0000000000
44106  -19.441  -52.577  80.543 0.0000000000
43154  -20.593  -53.576  80.307 0.0000000000
132928  -9.756  -57.416  84.363 0.0000000000
38610  -9.234  -58.135  84.615 0.0000000000
37728  -10.486  -58.758  84.597 0.0000000000
40501  -12.904  -56.176  83.497 0.0000000000
40500  -12.094  -56.149  83.499 0.0000000000
40487  -13.128  -56.666  84.335 0.0000000000
42231  -17.222  -54.352  83.763 0.0000000000
42232  -18.145  -54.251  83.970 0.0000000000
42233  -19.061  -54.103  83.792 0.0000000000
42234  -20.040  -54.154  83.637 0.0000000000
48673  -26.902  -46.897  81.372 0.0000000000
48674  -27.016  -47.958  81.158 0.0000000000
46930  -14.636  -49.743  83.114 0.0000000000
46008  -14.526  -50.483  82.706 0.0000000000
45098  -14.150  -51.894  82.453 0.0000000000
43128  -13.930  -53.271  82.440 0.0000000000
44089  -15.246  -52.898  82.111 0.0000000000
43120  -15.946  -53.949  82.827 0.0000000000
142917  -23.858  -41.951  80.408 0.0000000000
147008  -24.593  -41.868  79.525 0.0000000000
50367  -22.658  -45.416  82.351 0.0000000000
51297  -22.557  -44.905  81.018 0.0000000000
53343  -23.032  -42.470  81.606 0.0000000000
59303  -36.012  -36.768  67.233 0.0000000000
58430  -37.443  -37.527  67.342 0.0000000000
133447  -37.289  -35.968  66.966 0.0000000000
60212  -37.709  -35.242  66.958 0.0000000000
134172  -38.731  -33.850  66.961 0.0000000000
147312  -37.259  -28.267  68.542 0.0000000000
67749  -37.757  -27.128  68.258 0.0000000000
67760  -39.105  -27.252  67.393 0.0000000000
66825  -40.730  -28.285  67.479 0.0000000000
142552  -41.948  -28.796  67.925 0.0000000000
67762  -41.066  -27.805  67.179 0.0000000000
67772  -42.080  -27.706  66.520 0.0000000000
67779  -42.388  -27.262  65.740 0.0000000000
69623  -42.554  -25.702  65.226 0.0000000000
70511  -42.983  -24.123  65.401 0.0000000000
36733  -9.265  -61.091  85.456 0.0000000000
35717  -8.356  -61.230  85.511 0.0000000000
35707  -9.522  -61.585  86.304 0.0000000000
123321  -26.082  -41.946  75.745 0.0000000000
142200  -26.106  -42.952  74.771 0.0000000000
54469  -25.988  -42.002  74.819 0.0000000000
132314  -26.084  -41.128  74.255 0.0000000000
56425  -25.744  -39.704  74.013 0.0000000000
61048  -26.641  -33.821  74.288 0.0000000000
62071  -27.324  -33.306  73.797 0.0000000000
60132  -27.519  -35.028  72.244 0.0000000000
60133  -28.302  -35.657  72.012 0.0000000000
128867  -29.899  -36.662  72.956 0.0000000000
59268  -29.346  -36.135  71.272 0.0000000000
59269  -30.031  -36.457  70.532 0.0000000000
59278  -30.878  -36.403  69.805 0.0000000000
58400  -31.796  -37.851  68.923 0.0000000000
60182  -31.296  -35.508  69.735 0.0000000000
43184  -21.423  -53.359  78.207 0.0000000000
43167  -21.640  -54.195  79.541 0.0000000000
42275  -22.372  -54.551  79.345 0.0000000000
41350  -9.995  -55.818  84.202 0.0000000000
40484  -10.237  -56.813  84.081 0.0000000000
34740  -5.719  -62.961  86.657 0.0000000000
35694  -4.890  -61.670  87.191 0.0000000000
33878  -4.379  -63.491  87.066 0.0000000000
146235  -3.602  -63.312  87.186 0.0000000000
33877  -2.964  -63.658  87.043 0.0000000000
53405  -32.698  -42.334  76.224 0.0000000000
147076  -25.482  -50.464  78.027 0.0000000000
44119  -25.295  -52.508  79.441 0.0000000000
140473  -11.824  -51.807  85.059 0.0000000000
43099  -11.224  -52.508  85.010 0.0000000000
147690  -11.211  -54.010  83.599 0.0000000000
43117  -11.825  -53.531  83.282 0.0000000000
42226  -12.462  -54.279  82.807 0.0000000000
41368  -13.575  -55.522  83.268 0.0000000000
42241  -14.260  -53.979  82.507 0.0000000000
41369  -14.504  -55.228  83.444 0.0000000000
41336  -14.702  -55.870  84.965 0.0000000000
70519  -50.085  -23.505  65.012 0.0000000000
145185  -27.626  -44.638  80.260 0.0000000000
50418  -28.454  -44.912  80.068 0.0000000000
51316  -27.518  -44.588  79.465 0.0000000000
51329  -26.232  -44.252  77.614 0.0000000000
52372  -25.703  -43.333  76.923 0.0000000000
54418  -25.563  -41.827  78.563 0.0000000000
53386  -25.981  -41.960  77.494 0.0000000000
54439  -26.626  -41.685  76.806 0.0000000000
54440  -27.394  -41.024  77.354 0.0000000000
135138  -16.717  -50.936  81.428 0.0000000000
45108  -17.766  -51.788  81.214 0.0000000000
45115  -17.783  -51.070  80.478 0.0000000000
44115  -18.382  -51.327  79.779 0.0000000000
142929  -19.057  -51.350  78.783 0.0000000000
47000  -18.980  -49.438  78.754 0.0000000000
142556  -19.418  -49.950  78.306 0.0000000000
45137  -20.238  -51.531  77.715 0.0000000000
44133  -21.599  -51.965  77.127 0.0000000000
45148  -22.360  -51.429  76.855 0.0000000000
46076  -23.621  -50.467  76.747 0.0000000000
46989  -22.517  -49.054  78.741 0.0000000000
47865  -22.912  -48.921  77.152 0.0000000000
47020  -23.688  -49.027  76.852 0.0000000000
46077  -24.453  -50.255  76.978 0.0000000000
47022  -25.357  -49.301  77.545 0.0000000000
48693  -25.560  -47.546  78.481 0.0000000000
124458  -26.090  -47.565  79.412 0.0000000000
50416  -24.066  -45.317  79.951 0.0000000000
50417  -24.897  -45.341  80.182 0.0000000000
49553  -26.020  -46.806  80.089 0.0000000000
50399  -26.222  -45.450  80.905 0.0000000000
50400  -26.835  -45.138  81.014 0.0000000000
46945  -15.618  -49.658  81.984 0.0000000000
58415  -38.769  -38.356  67.925 0.0000000000
63148  -36.734  -32.075  68.530 0.0000000000
63162  -37.928  -32.411  67.450 0.0000000000
62154  -39.290  -33.101  67.116 0.0000000000
65866  -37.990  -29.814  67.800 0.0000000000
64071  -39.191  -31.314  67.420 0.0000000000
62155  -40.348  -33.436  67.230 0.0000000000
62144  -42.380  -33.715  67.695 0.0000000000
137711  -47.425  -26.028  64.155 0.0000000000
139424  -47.222  -24.243  64.743 0.0000000000
70516  -47.598  -23.796  65.073 0.0000000000
141358  -6.167  -59.075  87.091 0.0000000000
36717  -6.320  -60.697  86.585 0.0000000000
35705  -7.873  -61.818  85.733 0.0000000000
34750  -7.242  -62.358  86.107 0.0000000000
34749  -6.413  -62.658  86.440 0.0000000000
33880  -6.476  -63.535  86.866 0.0000000000
50446  -28.932  -45.084  78.087 0.0000000000
50447  -29.535  -45.164  77.509 0.0000000000
50464  -30.041  -44.969  76.934 0.0000000000
51392  -27.886  -44.375  74.642 0.0000000000
51377  -29.327  -44.445  75.406 0.0000000000
51367  -31.312  -44.310  76.602 0.0000000000
52391  -31.412  -43.291  75.416 0.0000000000
53413  -31.767  -42.484  75.145 0.0000000000
134447  -32.100  -41.439  75.215 0.0000000000
58335  -25.434  -37.583  74.744 0.0000000000
56439  -26.030  -39.179  73.429 0.0000000000
59220  -26.157  -36.298  73.250 0.0000000000
58358  -26.654  -37.556  72.843 0.0000000000
56459  -27.422  -39.513  72.759 0.0000000000
129036  -29.256  -39.567  73.385 0.0000000000
55455  -30.718  -39.593  74.516 0.0000000000
57443  -31.148  -37.750  72.540 0.0000000000
56443  -32.552  -38.488  73.361 0.0000000000
138432  -35.765  -40.814  69.797 0.0000000000
56527  -35.255  -39.832  68.226 0.0000000000
57509  -34.595  -38.390  67.675 0.0000000000
58413  -32.620  -37.481  68.415 0.0000000000
58414  -34.016  -37.967  67.707 0.0000000000
59302  -35.098  -36.914  67.483 0.0000000000
60211  -34.692  -36.297  67.735 0.0000000000
60186  -35.004  -34.640  68.738 0.0000000000
43143  -18.874  -52.812  81.853 0.0000000000
43134  -19.443  -53.311  82.212 0.0000000000
127129  -21.929  -54.830  80.813 0.0000000000
38573  -7.892  -57.954  85.772 0.0000000000
40470  -8.412  -56.665  85.468 0.0000000000
39557  -8.454  -57.581  85.233 0.0000000000
37707  -8.606  -59.490  85.011 0.0000000000
36734  -10.018  -60.318  85.310 0.0000000000
42212  -11.027  -54.761  83.670 0.0000000000
40499  -11.337  -56.273  83.669 0.0000000000
39574  -11.471  -57.462  84.222 0.0000000000
32063  -3.470  -66.278  87.758 0.0000000000
32989  -2.348  -65.273  86.872 0.0000000000
33876  -2.159  -64.007  86.775 0.0000000000
127340  -17.569  -52.364  81.872 0.0000000000
50401  -28.349  -45.336  81.205 0.0000000000
45106  -16.266  -51.618  81.706 0.0000000000
61154  -36.327  -33.929  67.975 0.0000000000
62135  -36.427  -33.519  68.666 0.0000000000
70495  -39.362  -24.244  68.592 0.0000000000
69611  -38.752  -24.924  68.104 0.0000000000
70498  -39.497  -24.564  67.576 0.0000000000
134721  -39.987  -25.050  66.788 0.0000000000
70499  -40.169  -24.122  67.113 0.0000000000
71412  -40.809  -23.752  66.842 0.0000000000
62109  -29.820  -33.115  71.249 0.0000000000
44135  -23.865  -51.936  77.510 0.0000000000
43178  -24.001  -53.354  78.431 0.0000000000
44128  -24.343  -52.476  78.190 0.0000000000
124088  -10.724  -52.572  85.814 0.0000000000
42199  -10.114  -54.068  84.925 0.0000000000
70526  -48.635  -24.445  64.348 0.0000000000
69633  -49.238  -24.970  63.795 0.0000000000
70518  -49.172  -23.704  64.946 0.0000000000
51333  -32.475  -44.613  78.084 0.0000000000
51352  -32.278  -44.302  77.561 0.0000000000
47835  -26.528  -48.464  79.809 0.0000000000
44074  -12.983  -51.629  83.724 0.0000000000
44081  -13.118  -52.307  83.150 0.0000000000
52352  -24.931  -43.334  79.170 0.0000000000
47831  -17.403  -48.863  80.598 0.0000000000
46987  -21.126  -49.484  78.412 0.0000000000
47002  -20.570  -49.610  78.061 0.0000000000
47003  -21.484  -49.557  77.583 0.0000000000
48672  -22.997  -47.174  80.231 0.0000000000
138431  -23.154  -46.581  79.565 0.0000000000
51299  -24.120  -43.797  80.025 0.0000000000
57512  -37.052  -38.363  67.617 0.0000000000
60215  -40.288  -35.615  67.479 0.0000000000
60216  -40.824  -35.109  67.535 0.0000000000
126930  -36.618  -29.923  68.819 0.0000000000
65853  -36.727  -29.156  68.894 0.0000000000
64948  -40.907  -30.399  67.978 0.0000000000
130147  -42.049  -31.298  68.240 0.0000000000
37706  -7.796  -59.642  85.538 0.0000000000
141682  -7.414  -59.077  86.069 0.0000000000
51363  -27.269  -44.580  76.400 0.0000000000
51362  -26.512  -44.182  75.871 0.0000000000
53445  -27.299  -41.922  72.701 0.0000000000
53433  -27.593  -42.678  72.971 0.0000000000
53446  -28.040  -42.107  72.664 0.0000000000
54505  -28.797  -41.651  72.849 0.0000000000
54504  -27.963  -41.333  72.601 0.0000000000
58360  -28.636  -36.802  72.906 0.0000000000
124577  -29.470  -37.078  73.644 0.0000000000
57430  -29.588  -37.674  74.094 0.0000000000
127225  -30.117  -36.887  73.624 0.0000000000
57481  -31.158  -38.153  69.748 0.0000000000
56493  -31.558  -39.024  69.833 0.0000000000
56494  -32.050  -39.694  70.125 0.0000000000
56507  -32.240  -39.313  69.148 0.0000000000
56508  -33.043  -39.780  68.914 0.0000000000
43153  -20.033  -52.964  80.043 0.0000000000
43166  -20.560  -53.344  79.467 0.0000000000
39573  -10.535  -57.554  84.177 0.0000000000
38611  -10.133  -58.200  84.346 0.0000000000
38591  -10.924  -58.905  84.840 0.0000000000
41351  -13.589  -56.158  83.864 0.0000000000
36704  -5.047  -60.689  87.578 0.0000000000
140522  -31.813  -45.566  79.161 0.0000000000
43122  -17.669  -53.765  83.235 0.0000000000
43123  -18.516  -53.694  83.267 0.0000000000
42243  -19.350  -53.675  83.038 0.0000000000
46920  -14.930  -48.906  83.523 0.0000000000
124015  -14.655  -51.267  82.330 0.0000000000
140893  -13.922  -51.059  82.881 0.0000000000
44088  -14.438  -52.687  82.291 0.0000000000
54366  -24.390  -41.603  81.532 0.0000000000
54381  -24.394  -41.620  80.775 0.0000000000
138767  -22.779  -43.900  82.780 0.0000000000
53329  -23.958  -41.802  82.329 0.0000000000
53344  -23.719  -41.821  81.185 0.0000000000
53355  -23.338  -42.288  80.784 0.0000000000
133314  -36.367  -35.950  67.135 0.0000000000
59304  -36.914  -36.727  67.138 0.0000000000
138493  -38.124  -34.489  66.995 0.0000000000
62153  -37.882  -33.735  67.234 0.0000000000
68669  -37.442  -26.823  68.941 0.0000000000
68670  -37.887  -26.261  68.447 0.0000000000
68676  -38.933  -26.374  67.397 0.0000000000
66824  -39.762  -28.132  67.482 0.0000000000
67761  -40.146  -27.548  67.168 0.0000000000
68678  -40.510  -27.024  66.761 0.0000000000
67771  -41.323  -27.374  66.684 0.0000000000
68683  -41.636  -26.919  66.087 0.0000000000
68688  -42.053  -26.389  65.581 0.0000000000
68689  -42.834  -26.608  65.185 0.0000000000
69622  -41.801  -25.524  65.648 0.0000000000
71413  -41.433  -23.842  66.319 0.0000000000
70506  -42.193  -23.955  65.777 0.0000000000
123807  -26.275  -41.421  75.710 0.0000000000
57406  -26.070  -39.443  75.908 0.0000000000
135654  -25.993  -40.400  74.648 0.0000000000
56413  -25.873  -39.653  75.029 0.0000000000
55454  -25.987  -40.476  73.886 0.0000000000
56424  -25.617  -38.984  74.585 0.0000000000
61082  -27.875  -34.254  72.055 0.0000000000
137212  -28.335  -34.801  71.742 0.0000000000
59254  -28.869  -36.059  71.847 0.0000000000
60149  -28.999  -35.340  71.409 0.0000000000
61120  -30.188  -34.708  70.426 0.0000000000
60161  -29.710  -35.539  70.722 0.0000000000
58398  -30.589  -37.284  70.134 0.0000000000
135158  -30.905  -34.929  70.011 0.0000000000
61122  -32.090  -33.790  70.219 0.0000000000
43176  -22.254  -53.547  78.152 0.0000000000
124683  -21.937  -54.010  78.763 0.0000000000
42277  -24.054  -54.619  79.366 0.0000000000
33879  -5.370  -63.717  86.856 0.0000000000
139222  -4.153  -64.891  87.042 0.0000000000
129591  -3.837  -64.112  87.088 0.0000000000
52376  -33.386  -43.206  77.779 0.0000000000
53397  -33.709  -42.347  77.323 0.0000000000
53396  -33.056  -42.816  76.952 0.0000000000
46065  -25.728  -49.769  78.038 0.0000000000
46055  -25.949  -50.444  78.790 0.0000000000
44073  -12.277  -51.697  84.128 0.0000000000
43108  -11.149  -53.275  84.139 0.0000000000
127640  -13.117  -54.753  82.826 0.0000000000
43129  -14.728  -53.389  82.361 0.0000000000
42228  -14.767  -54.614  82.948 0.0000000000
41353  -15.156  -55.406  84.258 0.0000000000
41352  -14.291  -55.796  84.055 0.0000000000
130320  -25.674  -43.727  77.469 0.0000000000
54400  -25.120  -41.707  79.499 0.0000000000
53371  -24.819  -42.019  79.071 0.0000000000
54419  -26.859  -41.487  78.180 0.0000000000
123087  -27.085  -41.371  77.401 0.0000000000
138772  -25.925  -42.517  76.745 0.0000000000
46024  -16.485  -49.826  81.287 0.0000000000
46025  -17.177  -50.444  80.877 0.0000000000
46038  -17.997  -50.420  79.651 0.0000000000
45126  -18.522  -50.803  78.971 0.0000000000
141363  -18.827  -51.519  79.261 0.0000000000
46064  -20.140  -49.893  77.866 0.0000000000
45146  -19.814  -50.665  77.962 0.0000000000
44132  -20.870  -52.458  77.654 0.0000000000
45147  -20.935  -51.396  77.135 0.0000000000
46075  -22.049  -50.385  76.737 0.0000000000
146300  -21.582  -51.122  76.827 0.0000000000
45149  -23.332  -51.316  76.956 0.0000000000
47834  -23.241  -48.314  79.753 0.0000000000
47821  -23.449  -48.321  80.726 0.0000000000
46990  -23.030  -49.118  79.684 0.0000000000
47846  -22.626  -48.596  77.869 0.0000000000
48700  -23.915  -47.724  77.558 0.0000000000
47866  -23.580  -48.394  77.218 0.0000000000
136615  -23.848  -49.717  76.741 0.0000000000
47021  -24.620  -49.296  77.033 0.0000000000
46078  -25.172  -50.007  77.452 0.0000000000
47868  -25.179  -48.522  77.468 0.0000000000
47855  -25.620  -48.084  77.929 0.0000000000
49552  -25.447  -46.861  79.361 0.0000000000
134248  -22.847  -44.614  80.655 0.0000000000
50397  -23.358  -44.867  80.325 0.0000000000
50398  -24.873  -44.558  80.258 0.0000000000
49541  -25.594  -45.903  80.351 0.0000000000
49542  -26.372  -46.357  80.857 0.0000000000
51302  -27.608  -44.920  80.831 0.0000000000
46946  -16.244  -48.896  81.521 0.0000000000
55532  -36.697  -40.771  70.287 0.0000000000
56513  -38.709  -40.136  68.820 0.0000000000
59305  -37.820  -36.759  67.104 0.0000000000
58431  -38.333  -37.537  67.465 0.0000000000
63141  -36.623  -32.448  69.527 0.0000000000
147787  -37.674  -31.801  67.650 0.0000000000
63163  -38.631  -32.519  67.273 0.0000000000
66823  -37.720  -29.120  68.122 0.0000000000
65867  -38.885  -29.774  67.633 0.0000000000
145130  -39.823  -31.021  67.555 0.0000000000
64072  -39.930  -31.710  67.449 0.0000000000
63165  -40.093  -32.553  67.310 0.0000000000
127293  -40.977  -32.842  67.418 0.0000000000
62156  -41.398  -33.737  67.469 0.0000000000
63166  -41.879  -32.845  67.625 0.0000000000
68693  -44.408  -26.691  64.636 0.0000000000
69629  -45.769  -25.987  64.394 0.0000000000
68695  -45.983  -26.999  64.421 0.0000000000
133307  -46.927  -23.751  65.126 0.0000000000
69631  -47.131  -25.045  64.424 0.0000000000
70525  -47.796  -24.414  64.602 0.0000000000
37689  -6.586  -59.777  86.675 0.0000000000
35706  -8.735  -61.772  85.916 0.0000000000
34751  -8.217  -62.407  86.388 0.0000000000
145315  -7.721  -62.752  86.547 0.0000000000
33886  -7.232  -63.034  86.681 0.0000000000
32985  -6.466  -64.534  88.215 0.0000000000
51331  -28.264  -44.862  78.758 0.0000000000
50430  -29.203  -45.165  79.054 0.0000000000
51349  -28.088  -44.809  77.738 0.0000000000
131900  -27.972  -44.714  76.129 0.0000000000
50462  -28.758  -44.945  77.234 0.0000000000
50463  -29.310  -44.931  76.846 0.0000000000
51365  -29.571  -44.674  76.191 0.0000000000
52397  -26.597  -43.481  74.364 0.0000000000
51391  -26.857  -44.207  74.802 0.0000000000
51393  -28.914  -44.290  74.626 0.0000000000
52389  -29.804  -43.999  74.768 0.0000000000
51378  -30.137  -44.244  75.584 0.0000000000
52381  -30.956  -43.944  75.869 0.0000000000
52390  -30.639  -43.660  75.041 0.0000000000
53436  -30.158  -41.864  73.536 0.0000000000
52402  -31.055  -42.885  74.662 0.0000000000
53422  -31.403  -41.964  74.481 0.0000000000
53414  -32.257  -42.182  75.632 0.0000000000
55456  -31.557  -40.935  74.586 0.0000000000
60091  -25.521  -36.051  74.790 0.0000000000
59191  -25.505  -36.886  75.284 0.0000000000
57413  -25.510  -38.286  74.214 0.0000000000
58347  -25.595  -37.519  73.792 0.0000000000
61047  -26.209  -34.558  73.755 0.0000000000
60117  -26.109  -35.432  73.405 0.0000000000
57440  -27.306  -37.994  72.778 0.0000000000
142469  -27.100  -38.785  72.769 0.0000000000
55473  -28.398  -39.537  72.946 0.0000000000
56426  -30.414  -38.437  74.747 0.0000000000
56442  -29.961  -39.608  73.968 0.0000000000
128128  -31.441  -39.755  74.973 0.0000000000
58338  -31.797  -37.114  75.048 0.0000000000
57442  -30.520  -36.939  73.102 0.0000000000
57455  -30.633  -37.663  71.857 0.0000000000
55495  -34.677  -40.623  72.115 0.0000000000
55512  -34.461  -40.854  71.137 0.0000000000
55531  -35.085  -40.937  70.436 0.0000000000
130051  -35.826  -40.852  70.695 0.0000000000
56525  -33.539  -39.358  68.305 0.0000000000
56509  -34.681  -40.356  68.681 0.0000000000
56526  -34.371  -39.632  68.188 0.0000000000
57498  -34.874  -39.063  67.826 0.0000000000
134683  -31.986  -37.049  68.871 0.0000000000
59280  -32.555  -36.474  68.718 0.0000000000
59293  -34.156  -37.012  67.750 0.0000000000
58427  -34.774  -37.708  67.554 0.0000000000
145727  -34.501  -34.887  68.723 0.0000000000
44099  -18.326  -52.321  81.512 0.0000000000
44100  -18.949  -52.420  81.101 0.0000000000
124451  -20.037  -53.210  80.891 0.0000000000
43144  -19.486  -52.925  81.408 0.0000000000
43135  -20.060  -53.501  81.752 0.0000000000
42244  -20.089  -53.795  82.648 0.0000000000
42253  -20.731  -53.995  82.123 0.0000000000
42264  -21.968  -54.614  80.034 0.0000000000
43146  -21.291  -54.205  80.455 0.0000000000
40457  -8.543  -55.822  85.671 0.0000000000
37726  -9.143  -58.956  84.745 0.0000000000
38590  -8.511  -58.502  85.090 0.0000000000
37708  -9.553  -59.622  84.824 0.0000000000
41366  -11.572  -55.471  83.429 0.0000000000
128195  -12.443  -56.642  83.840 0.0000000000
40486  -11.769  -56.831  83.819 0.0000000000
32068  -2.156  -65.692  86.713 0.0000000000
32069  -2.704  -66.356  87.324 0.0000000000
43132  -17.309  -53.122  82.490 0.0000000000
50380  -27.602  -45.613  81.363 0.0000000000
143245  -15.011  -49.952  82.531 0.0000000000
44090  -15.761  -52.312  81.867 0.0000000000
140445  -25.571  -41.725  82.694 0.0000000000
133323  -36.798  -35.196  67.166 0.0000000000
61163  -36.451  -34.496  67.531 0.0000000000
62152  -37.084  -33.809  67.559 0.0000000000
69610  -38.211  -25.473  68.744 0.0000000000
68681  -40.039  -26.040  66.555 0.0000000000
69617  -40.544  -25.477  66.377 0.0000000000
69618  -41.111  -25.447  66.031 0.0000000000
56403  -26.749  -40.031  76.474 0.0000000000
57397  -26.403  -38.976  76.708 0.0000000000
140419  -25.768  -38.583  75.947 0.0000000000
62108  -29.063  -33.750  71.524 0.0000000000
61102  -29.009  -34.486  71.368 0.0000000000
61103  -29.589  -34.043  70.889 0.0000000000
43177  -23.114  -53.573  78.227 0.0000000000
43170  -24.441  -53.863  78.997 0.0000000000
134267  -48.200  -26.055  63.864 0.0000000000
69637  -48.995  -25.951  63.654 0.0000000000
32984  -5.785  -64.933  87.837 0.0000000000
32071  -4.903  -65.255  87.440 0.0000000000
32070  -3.929  -65.605  87.354 0.0000000000
52361  -32.865  -44.009  77.983 0.0000000000
52375  -32.668  -43.589  77.293 0.0000000000
46056  -26.458  -49.877  79.440 0.0000000000
46042  -27.030  -49.692  80.949 0.0000000000
45981  -13.804  -50.104  84.375 0.0000000000
45980  -13.321  -50.466  84.940 0.0000000000
43109  -12.478  -52.666  83.346 0.0000000000
42229  -15.563  -54.535  83.193 0.0000000000
42213  -15.864  -55.004  83.876 0.0000000000
41354  -15.947  -55.260  84.613 0.0000000000
127106  -26.504  -44.270  79.014 0.0000000000
46964  -17.228  -49.496  80.638 0.0000000000
122822  -20.145  -49.203  78.925 0.0000000000
47018  -21.525  -49.959  76.986 0.0000000000
142455  -23.058  -46.770  81.767 0.0000000000
48690  -23.419  -47.501  78.209 0.0000000000
48691  -24.169  -47.123  78.082 0.0000000000
49562  -24.221  -46.752  78.732 0.0000000000
51298  -23.263  -43.891  80.423 0.0000000000
56528  -36.321  -39.957  68.365 0.0000000000
56511  -37.084  -40.263  68.729 0.0000000000
56529  -37.280  -39.777  68.339 0.0000000000
56530  -38.121  -39.646  68.382 0.0000000000
141878  -38.266  -38.946  68.116 0.0000000000
134769  -39.079  -36.095  67.099 0.0000000000
142827  -39.423  -36.693  67.492 0.0000000000
59307  -39.840  -36.183  67.474 0.0000000000
64927  -36.392  -30.591  69.314 0.0000000000
64058  -36.607  -31.227  68.697 0.0000000000
64936  -36.831  -30.562  68.428 0.0000000000
64944  -37.511  -30.570  67.889 0.0000000000
131217  -39.346  -28.925  67.649 0.0000000000
65868  -39.781  -29.694  67.666 0.0000000000
64947  -40.475  -31.135  67.707 0.0000000000
145240  -41.302  -32.434  67.613 0.0000000000
140501  -41.604  -32.000  67.849 0.0000000000
63150  -42.439  -32.131  68.080 0.0000000000
69625  -44.084  -25.128  64.730 0.0000000000
70522  -45.036  -24.820  64.648 0.0000000000
144252  -45.579  -25.269  64.525 0.0000000000
69630  -46.284  -25.202  64.509 0.0000000000
70523  -45.855  -24.552  64.689 0.0000000000
70515  -46.175  -23.742  65.031 0.0000000000
37690  -7.185  -59.710  86.130 0.0000000000
32993  -6.896  -64.032  87.763 0.0000000000
51348  -27.221  -44.597  77.262 0.0000000000
53432  -26.800  -42.363  73.262 0.0000000000
52415  -27.089  -43.170  73.560 0.0000000000
52417  -28.931  -43.242  73.393 0.0000000000
52401  -30.268  -43.313  74.281 0.0000000000
52418  -29.840  -42.871  73.644 0.0000000000
54494  -29.586  -41.361  73.218 0.0000000000
60131  -26.881  -35.769  72.688 0.0000000000
59233  -27.595  -36.353  72.491 0.0000000000
58359  -27.515  -37.137  72.678 0.0000000000
57429  -28.229  -37.502  72.951 0.0000000000
56440  -28.983  -38.534  73.509 0.0000000000
140131  -28.885  -37.655  73.480 0.0000000000
57414  -30.226  -37.625  74.670 0.0000000000
57415  -30.887  -37.509  75.151 0.0000000000
58336  -30.734  -37.212  74.714 0.0000000000
58337  -31.300  -37.154  74.900 0.0000000000
57431  -31.498  -37.127  74.419 0.0000000000
57470  -30.613  -37.878  70.853 0.0000000000
57456  -31.107  -38.388  71.354 0.0000000000
135352  -32.162  -39.738  71.161 0.0000000000
56476  -32.975  -40.160  71.541 0.0000000000
56495  -32.739  -40.236  70.474 0.0000000000
55529  -33.405  -40.498  69.635 0.0000000000
140168  -34.205  -40.628  69.273 0.0000000000
60184  -33.250  -35.641  68.734 0.0000000000
44116  -18.992  -52.007  79.933 0.0000000000
145820  -18.975  -52.195  80.564 0.0000000000
40483  -9.485  -56.549  84.505 0.0000000000
39558  -8.986  -57.134  84.765 0.0000000000
37709  -10.395  -59.439  84.922 0.0000000000
41367  -12.467  -55.321  83.104 0.0000000000
50449  -31.247  -45.231  77.664 0.0000000000
42200  -17.187  -55.064  85.051 0.0000000000
42214  -17.572  -54.715  84.533 0.0000000000
42215  -18.265  -54.670  84.770 0.0000000000
123534  -18.764  -54.434  84.403 0.0000000000
146210  -26.690  -48.207  80.513 0.0000000000
46919  -14.366  -49.570  83.932 0.0000000000
45993  -14.059  -50.311  83.457 0.0000000000
44087  -13.714  -52.506  82.578 0.0000000000
43130  -15.469  -53.511  82.423 0.0000000000
53370  -24.214  -42.238  79.748 0.0000000000
54399  -24.473  -41.747  79.992 0.0000000000
139207  -25.122  -41.530  80.422 0.0000000000
49510  -22.687  -46.010  81.843 0.0000000000
49527  -22.562  -45.722  81.078 0.0000000000
50366  -22.489  -45.215  81.689 0.0000000000
51279  -22.544  -44.376  81.523 0.0000000000
52337  -22.655  -43.477  81.433 0.0000000000
52345  -22.939  -43.011  80.694 0.0000000000
53356  -23.567  -42.451  80.372 0.0000000000
58429  -36.552  -37.545  67.348 0.0000000000
133892  -38.213  -36.036  66.929 0.0000000000
60213  -38.627  -35.330  66.906 0.0000000000
130527  -39.120  -34.670  66.896 0.0000000000
134171  -39.689  -34.039  67.013 0.0000000000
66805  -36.908  -28.374  68.911 0.0000000000
67748  -37.240  -27.699  68.741 0.0000000000
66806  -37.780  -28.192  68.123 0.0000000000
123664  -38.784  -28.150  67.691 0.0000000000
68675  -38.346  -26.663  67.806 0.0000000000
67759  -38.318  -27.428  67.820 0.0000000000
131996  -40.269  -28.917  67.645 0.0000000000
66826  -41.237  -28.951  67.899 0.0000000000
66807  -41.909  -29.333  68.174 0.0000000000
130305  -41.565  -28.406  67.565 0.0000000000
67763  -41.841  -28.047  67.181 0.0000000000
69624  -43.343  -25.849  64.844 0.0000000000
70510  -42.349  -24.818  65.455 0.0000000000
134937  -43.162  -24.972  65.069 0.0000000000
70512  -43.789  -24.260  65.112 0.0000000000
53412  -25.931  -42.830  75.508 0.0000000000
52388  -26.210  -43.623  75.180 0.0000000000
55440  -26.232  -41.032  75.204 0.0000000000
54481  -26.276  -41.784  73.808 0.0000000000
133628  -26.281  -40.980  73.504 0.0000000000
55472  -26.259  -40.131  73.303 0.0000000000
61067  -26.814  -33.977  73.233 0.0000000000
62089  -27.693  -33.614  72.769 0.0000000000
61081  -27.244  -34.329  72.545 0.0000000000
127121  -27.681  -35.761  72.362 0.0000000000
59235  -28.769  -36.417  72.433 0.0000000000
58376  -29.342  -36.542  72.152 0.0000000000
58388  -29.687  -36.744  71.313 0.0000000000
142065  -30.089  -37.199  70.878 0.0000000000
58399  -31.328  -37.191  69.384 0.0000000000
59279  -31.792  -36.231  69.249 0.0000000000
61121  -31.071  -34.182  70.160 0.0000000000
60163  -31.641  -34.655  69.855 0.0000000000
60183  -32.121  -35.247  69.524 0.0000000000
60164  -32.546  -34.417  69.825 0.0000000000
61123  -33.289  -33.826  70.411 0.0000000000
43175  -20.629  -53.060  78.565 0.0000000000
128002  -21.198  -53.689  79.018 0.0000000000
42265  -22.702  -55.037  80.122 0.0000000000
43168  -22.737  -54.220  78.692 0.0000000000
42276  -23.195  -54.718  79.315 0.0000000000
41334  -9.205  -55.701  84.984 0.0000000000
40472  -14.273  -56.311  85.596 0.0000000000
34748  -5.616  -62.182  86.646 0.0000000000
34739  -4.837  -62.703  86.949 0.0000000000
34738  -3.911  -62.756  87.397 0.0000000000
34737  -3.098  -62.683  87.413 0.0000000000
63132  -36.693  -31.930  70.168 0.0000000000
130424  -36.410  -30.169  70.135 0.0000000000
65835  -36.554  -29.438  70.464 0.0000000000
66786  -36.735  -28.745  70.780 0.0000000000
53406  -33.392  -42.011  76.685 0.0000000000
45151  -24.963  -50.821  77.553 0.0000000000
44129  -25.020  -52.051  78.708 0.0000000000
144331  -25.350  -51.185  78.376 0.0000000000
45127  -25.675  -51.525  79.362 0.0000000000
47836  -26.889  -48.808  80.597 0.0000000000
43093  -11.450  -51.858  85.994 0.0000000000
43107  -10.680  -54.021  84.205 0.0000000000
42227  -13.916  -54.702  82.825 0.0000000000
52373  -25.977  -44.013  76.741 0.0000000000
53385  -25.244  -42.355  78.240 0.0000000000
53395  -25.508  -42.699  77.430 0.0000000000
147139  -25.798  -42.969  76.226 0.0000000000
53403  -26.079  -42.166  76.195 0.0000000000
54456  -26.625  -41.375  76.465 0.0000000000
140802  -27.075  -40.972  76.873 0.0000000000
45107  -17.315  -51.217  81.158 0.0000000000
46037  -17.552  -50.133  80.246 0.0000000000
44124  -19.410  -52.011  79.055 0.0000000000
46985  -18.546  -49.088  79.385 0.0000000000
46986  -19.212  -48.984  79.100 0.0000000000
146346  -18.831  -50.116  78.639 0.0000000000
45135  -19.164  -50.742  78.454 0.0000000000
45136  -19.601  -51.473  78.356 0.0000000000
44125  -20.072  -52.282  78.342 0.0000000000
138837  -21.803  -52.839  77.576 0.0000000000
141376  -22.267  -52.294  77.253 0.0000000000
44134  -23.004  -52.140  77.299 0.0000000000
45150  -24.217  -51.127  77.131 0.0000000000
46988  -21.929  -49.448  78.624 0.0000000000
47004  -22.196  -49.124  77.698 0.0000000000
124903  -22.995  -49.776  76.726 0.0000000000
47005  -25.792  -48.894  77.993 0.0000000000
47856  -26.164  -48.401  78.706 0.0000000000
50415  -23.270  -45.775  79.959 0.0000000000
49551  -24.648  -46.257  79.489 0.0000000000
50379  -26.927  -45.952  81.264 0.0000000000
47796  -15.568  -48.306  83.080 0.0000000000
46932  -15.784  -48.619  82.253 0.0000000000
55548  -38.265  -40.544  69.458 0.0000000000
57513  -37.888  -38.326  67.706 0.0000000000
58416  -39.354  -37.521  67.747 0.0000000000
141045  -36.623  -32.863  68.802 0.0000000000
62143  -37.518  -33.039  67.573 0.0000000000
63149  -37.264  -32.241  67.863 0.0000000000
132190  -38.320  -33.117  67.237 0.0000000000
139893  -37.255  -28.811  68.493 0.0000000000
64945  -38.426  -30.710  67.559 0.0000000000
64070  -38.400  -31.743  67.423 0.0000000000
63164  -39.249  -32.164  67.272 0.0000000000
128621  -40.622  -34.310  67.312 0.0000000000
62157  -42.014  -34.320  67.691 0.0000000000
68696  -47.802  -27.001  64.133 0.0000000000
69632  -47.932  -25.180  64.171 0.0000000000
70517  -48.320  -23.840  64.959 0.0000000000
128062  -48.080  -23.404  65.546 0.0000000000
37677  -5.925  -59.713  87.187 0.0000000000
141609  -8.015  -60.828  85.432 0.0000000000
132960  -7.660  -61.073  85.661 0.0000000000
125833  -7.054  -61.393  85.998 0.0000000000
35704  -6.334  -61.768  86.295 0.0000000000
125163  -6.149  -64.317  87.330 0.0000000000
50419  -29.445  -45.276  79.888 0.0000000000
50448  -30.441  -45.363  77.677 0.0000000000
51350  -30.897  -44.933  77.048 0.0000000000
51376  -28.477  -44.606  75.498 0.0000000000
52398  -27.438  -43.864  74.009 0.0000000000
145670  -29.027  -44.651  75.865 0.0000000000
51366  -30.494  -44.551  76.361 0.0000000000
51351  -31.641  -44.638  77.260 0.0000000000
52382  -31.706  -43.609  76.204 0.0000000000
53404  -32.053  -42.878  75.851 0.0000000000
54470  -32.605  -41.592  75.814 0.0000000000
57396  -25.595  -37.732  75.683 0.0000000000
59192  -25.828  -36.229  75.832 0.0000000000
57405  -25.529  -38.358  75.111 0.0000000000
56438  -25.652  -38.915  73.891 0.0000000000
55492  -26.865  -40.263  72.786 0.0000000000
59219  -25.706  -36.732  73.693 0.0000000000
58348  -26.094  -37.110  73.209 0.0000000000
138026  -26.039  -37.817  73.236 0.0000000000
57428  -26.402  -38.465  72.989 0.0000000000
56458  -26.609  -39.416  72.923 0.0000000000
55493  -27.727  -40.411  72.679 0.0000000000
55494  -28.742  -40.605  72.881 0.0000000000
55474  -29.546  -40.526  73.288 0.0000000000
55475  -30.342  -40.739  73.685 0.0000000000
143269  -30.994  -40.559  74.297 0.0000000000
55441  -32.102  -40.158  75.367 0.0000000000
55442  -32.753  -40.473  75.923 0.0000000000
57407  -32.083  -37.918  75.806 0.0000000000
58362  -31.142  -37.118  73.628 0.0000000000
124037  -31.732  -37.716  73.408 0.0000000000
55545  -34.922  -40.790  69.482 0.0000000000
56510  -35.575  -40.450  68.866 0.0000000000
57499  -35.768  -39.139  67.939 0.0000000000
57510  -35.295  -38.397  67.628 0.0000000000
57495  -32.338  -38.489  68.594 0.0000000000
57496  -33.248  -38.389  68.130 0.0000000000
135051  -33.460  -37.501  67.990 0.0000000000
58428  -35.630  -37.618  67.436 0.0000000000
142755  -35.470  -36.076  67.427 0.0000000000
60201  -34.839  -35.358  68.040 0.0000000000
61140  -35.762  -34.108  68.894 0.0000000000
123466  -21.073  -53.806  79.771 0.0000000000
42254  -21.288  -54.442  81.472 0.0000000000
122889  -22.030  -54.889  81.777 0.0000000000
42245  -21.414  -54.534  82.424 0.0000000000
43171  -25.073  -53.367  79.494 0.0000000000
38589  -7.901  -58.823  85.590 0.0000000000
40456  -7.972  -56.123  86.201 0.0000000000
139976  -9.211  -60.277  85.043 0.0000000000
136620  -10.668  -59.872  85.508 0.0000000000
41365  -10.821  -55.603  83.769 0.0000000000
40485  -11.010  -57.042  83.815 0.0000000000
134972  -11.010  -57.578  84.131 0.0000000000
40471  -13.582  -56.746  85.296 0.0000000000
39575  -12.950  -57.104  85.068 0.0000000000
39559  -11.770  -57.844  84.891 0.0000000000
38592  -11.437  -58.569  85.129 0.0000000000
70527  -49.597  -24.112  64.306 0.0000000000
127229  -3.068  -65.727  87.296 0.0000000000
133005  -2.482  -63.050  86.925 0.0000000000
32067  -1.773  -65.133  86.420 0.0000000000
32995  -1.562  -64.365  86.340 0.0000000000
33875  -1.644  -63.881  86.480 0.0000000000
125085  -1.994  -63.076  86.730 0.0000000000
42278  -24.824  -54.220  79.626 0.0000000000
50396  -22.802  -45.355  80.535 0.0000000000
51262  -22.605  -44.649  82.433 0.0000000000
52416  -27.969  -43.399  73.304 0.0000000000
53435  -29.337  -42.299  73.194 0.0000000000
54502  -26.591  -40.812  72.990 0.0000000000
57427  -25.804  -38.372  73.559 0.0000000000
60103  -25.625  -36.047  73.923 0.0000000000
64916  -36.782  -30.143  70.826 0.0000000000
133475  -28.436  -33.652  72.079 0.0000000000
136923  -40.163  -30.406  67.712 0.0000000000
138482  -46.930  -26.994  64.322 0.0000000000
