#!ascii label  , from subject sub-01 vox2ras=TkReg
1260
71911  -17.391  -23.189  17.114 0.5555555820
128966  -17.791  -22.805  16.755 0.6666666865
73676  -17.283  -21.719  16.505 0.7777777910
72821  -18.120  -21.797  16.112 0.7777777910
74517  -17.053  -20.519  16.318 0.8888888955
133428  -20.080  -20.085  15.572 0.8888888955
71024  -16.721  -24.043  17.480 0.5555555820
71901  -16.729  -23.125  17.341 0.5555555820
73663  -16.241  -21.651  17.128 0.6666666865
73675  -16.771  -21.564  16.707 0.8888888955
74519  -18.101  -20.407  15.632 0.8888888955
145623  -18.320  -19.042  15.522 1.0000000000
75378  -19.535  -19.461  15.445 0.8888888955
127227  -19.576  -17.889  15.617 1.0000000000
130798  -15.678  -21.753  17.807 0.7777777910
75354  -15.945  -19.758  17.237 1.0000000000
136251  -16.036  -19.104  17.185 1.0000000000
75364  -16.751  -19.770  16.589 1.0000000000
141143  -16.576  -18.014  16.097 1.0000000000
76273  -16.394  -18.839  16.811 1.0000000000
77162  -17.480  -17.990  15.510 1.0000000000
133706  -16.968  -17.114  15.698 1.0000000000
78016  -17.840  -16.832  15.065 1.0000000000
77164  -19.334  -17.047  15.369 1.0000000000
78018  -19.920  -16.520  15.686 1.0000000000
78906  -18.903  -15.336  15.018 1.0000000000
78886  -19.586  -15.341  15.337 0.7777777910
76261  -15.007  -17.832  17.606 0.8888888955
76272  -15.665  -18.311  17.106 1.0000000000
77143  -15.640  -17.325  17.214 1.0000000000
78014  -16.514  -16.351  16.132 1.0000000000
78885  -17.312  -15.497  15.211 1.0000000000
78905  -18.201  -15.285  14.707 1.0000000000
79799  -18.701  -14.613  14.742 1.0000000000
79800  -19.385  -14.588  15.049 1.0000000000
79779  -19.959  -14.790  15.376 0.8888888955
79801  -20.016  -14.032  15.260 1.0000000000
134738  -20.526  -13.884  15.846 0.7777777910
80696  -21.115  -13.565  16.500 0.7777777910
77976  -14.934  -16.362  18.220 0.5555555820
144949  -14.856  -14.209  17.681 0.7777777910
78854  -15.470  -15.596  17.232 0.8888888955
78864  -15.958  -15.603  16.420 1.0000000000
78884  -16.743  -15.521  15.771 1.0000000000
128199  -15.560  -14.809  16.797 0.8888888955
79754  -16.243  -14.785  16.063 1.0000000000
79778  -16.952  -14.706  15.121 1.0000000000
80729  -18.728  -13.724  14.617 1.0000000000
80730  -19.354  -13.199  14.693 0.8888888955
131931  -18.962  -12.801  14.530 1.0000000000
80731  -19.908  -13.121  14.959 0.8888888955
138133  -21.108  -11.873  15.703 0.7777777910
137522  -22.240  -12.805  17.090 0.6666666865
81634  -21.783  -12.077  16.515 0.6666666865
142225  -14.177  -14.646  19.331 0.4444444478
79735  -14.755  -14.491  18.069 0.7777777910
80658  -14.176  -13.460  18.575 0.6666666865
80695  -15.505  -13.390  16.888 0.7777777910
80712  -16.518  -13.304  15.344 0.8888888955
79797  -17.198  -14.005  14.698 1.0000000000
81664  -16.827  -12.605  15.126 1.0000000000
81665  -17.611  -12.648  14.782 1.0000000000
81666  -18.411  -12.278  14.613 1.0000000000
81667  -19.129  -11.958  14.512 0.8888888955
81668  -19.790  -11.742  14.629 0.7777777910
82570  -20.377  -11.617  15.099 0.7777777910
81610  -22.595  -12.037  17.117 0.5555555820
82552  -21.602  -11.132  16.168 0.7777777910
82553  -22.246  -11.210  16.773 0.6666666865
81589  -14.203  -12.804  18.392 0.6666666865
81609  -14.713  -12.827  17.711 0.7777777910
81608  -14.466  -12.707  18.112 0.7777777910
81649  -15.775  -12.651  16.453 0.8888888955
81650  -16.329  -12.602  15.754 0.8888888955
82568  -16.093  -11.842  16.109 1.0000000000
82569  -16.644  -11.858  15.481 1.0000000000
82583  -17.569  -11.227  14.746 1.0000000000
135465  -17.853  -11.875  14.778 0.8888888955
83475  -18.685  -10.278  14.453 0.8888888955
83477  -20.206  -10.251  14.936 0.8888888955
131079  -20.449  -10.836  15.067 0.7777777910
83476  -19.591  -10.266  14.551 0.7777777910
84321  -21.250  -9.531  15.830 0.7777777910
83448  -22.062  -10.331  16.533 0.7777777910
83449  -22.643  -10.445  17.028 0.6666666865
82508  -13.758  -12.140  18.582 0.6666666865
81588  -13.774  -12.803  18.796 0.5555555820
82509  -14.247  -12.050  18.260 0.7777777910
82526  -14.613  -12.047  17.766 0.8888888955
83423  -15.128  -11.216  17.299 0.8888888955
83447  -15.772  -10.952  16.427 1.0000000000
136280  -16.403  -11.076  15.709 1.0000000000
136351  -17.833  -9.966  14.692 1.0000000000
83474  -17.950  -10.629  14.599 0.8888888955
84320  -20.545  -9.538  15.378 0.7777777910
134257  -21.007  -8.827  15.775 0.7777777910
84309  -22.611  -9.426  16.751 0.6666666865
136294  -23.943  -9.707  17.504 0.5555555820
83406  -13.781  -11.159  18.567 0.7777777910
83405  -13.313  -10.760  19.280 0.6666666865
83407  -14.463  -11.002  17.938 0.8888888955
83446  -15.427  -10.252  16.959 1.0000000000
135788  -15.865  -10.096  16.480 1.0000000000
84331  -17.611  -9.173  15.007 0.8888888955
84332  -18.425  -9.305  14.657 0.8888888955
85166  -18.157  -8.443  14.979 0.8888888955
84333  -19.187  -9.417  14.505 0.8888888955
85158  -20.852  -8.069  15.816 0.7777777910
137111  -21.742  -7.943  16.152 0.7777777910
85146  -22.471  -8.040  16.473 0.7777777910
84289  -23.477  -8.847  17.264 0.5555555820
86093  -19.680  -7.210  14.886 0.7777777910
135991  -23.164  -7.614  17.073 0.5555555820
85128  -24.446  -8.353  17.591 0.5555555820
86082  -22.736  -7.325  16.931 0.6666666865
83392  -11.620  -9.833  20.896 0.4444444478
133704  -12.655  -10.596  19.691 0.5555555820
84264  -13.586  -9.503  18.928 0.7777777910
84306  -15.159  -9.497  17.168 1.0000000000
129977  -14.142  -10.065  18.363 0.8888888955
134657  -14.939  -8.825  17.273 1.0000000000
85155  -16.215  -8.478  16.208 0.8888888955
86090  -16.355  -7.669  15.980 0.8888888955
85156  -16.696  -8.359  15.665 0.8888888955
86100  -17.774  -7.669  15.190 0.8888888955
86101  -18.601  -7.584  14.644 0.8888888955
86095  -21.343  -7.337  16.199 0.6666666865
86062  -23.404  -7.211  17.276 0.5555555820
86019  -12.003  -7.785  20.585 0.6666666865
85089  -12.250  -8.411  20.178 0.6666666865
86021  -13.201  -7.717  19.703 0.7777777910
85122  -15.175  -8.096  17.178 0.8888888955
86036  -14.295  -7.544  18.216 0.7777777910
86059  -15.398  -7.385  17.115 0.7777777910
86080  -15.744  -7.721  16.566 0.8888888955
86922  -15.647  -6.742  16.668 0.7777777910
86091  -16.935  -7.632  15.498 0.8888888955
87809  -16.839  -6.268  15.887 0.7777777910
86937  -17.318  -6.889  15.400 0.7777777910
86939  -19.304  -6.577  14.769 0.6666666865
145896  -16.935  -5.766  16.121 0.6666666865
87812  -19.608  -5.889  15.205 0.6666666865
86941  -20.912  -6.663  16.047 0.5555555820
143329  -19.947  -4.947  15.501 0.6666666865
140117  -20.882  -5.368  16.351 0.5555555820
87798  -22.575  -6.287  17.064 0.5555555820
86083  -22.991  -7.095  17.207 0.4444444478
87796  -21.668  -5.676  16.706 0.5555555820
87694  -8.604  -5.465  23.797 0.3333333433
87702  -9.632  -5.756  23.062 0.3333333433
123468  -11.485  -6.602  21.750 0.5555555820
86849  -11.858  -7.198  21.223 0.6666666865
86833  -12.077  -6.216  21.315 0.5555555820
86868  -13.558  -6.891  19.598 0.7777777910
86869  -14.048  -6.754  18.656 0.7777777910
87740  -13.815  -5.917  19.410 0.6666666865
128871  -15.458  -6.075  17.166 0.6666666865
86884  -15.185  -6.170  18.161 0.6666666865
125739  -17.099  -5.169  16.257 0.6666666865
148469  -17.085  -4.635  16.666 0.6666666865
88681  -19.028  -4.562  15.797 0.6666666865
88667  -21.367  -4.857  16.834 0.5555555820
88643  -22.025  -4.693  17.173 0.5555555820
88666  -20.483  -4.483  16.332 0.6666666865
88576  -9.572  -4.659  23.035 0.4444444478
88563  -8.400  -4.553  24.290 0.4444444478
87703  -10.473  -5.964  22.633 0.4444444478
130784  -10.525  -3.734  22.163 0.5555555820
87714  -11.493  -5.697  21.572 0.5555555820
87727  -12.577  -5.776  20.614 0.6666666865
87739  -13.002  -5.218  19.827 0.6666666865
87756  -15.417  -5.365  17.708 0.6666666865
132647  -15.835  -4.683  17.458 0.6666666865
134367  -19.295  -3.475  16.464 0.6666666865
89484  -21.447  -3.862  16.981 0.5555555820
147092  -22.524  -4.512  17.358 0.6666666865
89401  -9.408  -3.890  23.379 0.4444444478
88603  -12.088  -4.347  20.414 0.6666666865
144631  -12.331  -4.966  20.179 0.6666666865
88612  -13.306  -4.380  19.498 0.6666666865
87755  -14.854  -5.325  18.312 0.6666666865
88627  -14.321  -4.446  18.442 0.6666666865
89480  -17.894  -3.819  16.604 0.6666666865
74508  -16.962  -21.193  16.390 0.8888888955
73674  -16.166  -21.043  16.849 1.0000000000
75363  -16.307  -19.810  16.920 1.0000000000
75375  -17.305  -19.706  16.184 1.0000000000
76287  -18.997  -18.667  15.478 1.0000000000
80644  -14.201  -13.940  19.221 0.5555555820
82584  -18.427  -11.327  14.513 0.8888888955
83395  -13.435  -11.559  19.121 0.5555555820
83374  -11.679  -9.371  20.763 0.5555555820
84307  -15.608  -9.597  16.726 1.0000000000
86102  -19.299  -7.812  14.594 0.8888888955
83373  -10.950  -9.263  21.705 0.2222222239
86924  -21.797  -6.715  16.561 0.6666666865
86904  -14.571  -6.864  17.955 0.7777777910
86906  -23.148  -6.695  17.296 0.4444444478
87725  -11.327  -4.899  21.262 0.6666666865
89430  -11.710  -3.471  20.538 0.6666666865
80657  -13.717  -13.302  19.057 0.4444444478
82498  -13.523  -12.232  19.099 0.4444444478
88629  -23.696  -4.496  17.940 0.5555555820
88630  -24.326  -5.062  18.007 0.5555555820
88562  -7.647  -4.435  24.882 0.2222222239
88575  -8.924  -4.575  23.645 0.3333333433
139667  -23.005  -3.777  17.588 0.5555555820
70144  -17.793  -25.147  17.127 0.5555555820
71037  -18.216  -24.406  16.926 0.5555555820
72811  -18.216  -23.034  16.569 0.5555555820
71922  -18.762  -23.331  16.294 0.5555555820
73688  -20.109  -21.578  15.545 0.7777777910
133431  -19.820  -20.884  15.592 0.8888888955
134510  -16.803  -24.920  17.427 0.5555555820
72822  -18.422  -22.590  16.327 0.6666666865
133118  -18.793  -22.246  16.120 0.6666666865
73687  -19.061  -21.511  15.747 0.8888888955
142943  -20.278  -19.360  15.486 0.7777777910
76289  -20.509  -18.083  15.661 0.8888888955
133765  -15.876  -24.205  17.985 0.4444444478
72782  -15.386  -22.537  18.462 0.5555555820
77165  -20.158  -17.285  15.754 1.0000000000
73650  -14.615  -21.175  19.001 0.2222222239
74490  -15.520  -20.568  17.633 0.6666666865
137821  -20.420  -15.983  16.010 0.8888888955
79781  -20.950  -14.500  16.367 0.7777777910
79755  -21.629  -14.345  16.974 0.6666666865
76252  -14.906  -18.586  18.073 0.5555555820
80697  -21.874  -13.556  17.089 0.6666666865
136480  -14.714  -17.626  18.454 0.4444444478
81611  -23.454  -12.197  17.557 0.5555555820
78815  -14.199  -15.425  19.358 0.2222222239
82531  -23.712  -11.481  17.599 0.5555555820
79702  -13.852  -14.051  19.490 0.4444444478
83428  -23.847  -10.591  17.553 0.5555555820
80641  -12.219  -12.575  20.755 0.3333333433
83430  -25.428  -10.249  18.159 0.5555555820
83404  -12.297  -10.545  20.157 0.4444444478
84271  -25.740  -9.269  18.320 0.4444444478
82461  -11.476  -10.210  21.385 0.3333333433
85129  -25.130  -8.227  17.930 0.5555555820
86908  -24.503  -6.841  17.844 0.4444444478
86795  -8.099  -6.103  24.397 0.3333333433
86817  -9.984  -6.870  22.338 0.3333333433
86831  -10.553  -6.857  22.501 0.4444444478
87776  -24.186  -6.270  17.861 0.4444444478
88646  -23.579  -5.436  17.599 0.4444444478
89400  -8.638  -3.633  24.032 0.3333333433
129757  -10.677  -3.651  21.863 0.6666666865
89441  -12.819  -3.640  19.518 0.6666666865
142694  -14.763  -3.807  18.537 0.6666666865
89465  -15.894  -3.438  17.591 0.6666666865
89466  -16.666  -3.180  17.620 0.6666666865
90363  -18.856  -2.767  16.654 0.6666666865
89467  -18.023  -3.225  17.307 0.6666666865
90365  -20.716  -3.209  16.945 0.6666666865
89468  -22.147  -3.570  17.201 0.4444444478
89455  -24.519  -3.977  18.598 0.3333333433
89422  -11.282  -3.445  21.367 0.5555555820
71900  -16.198  -23.497  17.674 0.5555555820
72797  -16.853  -22.335  17.077 0.6666666865
71912  -17.989  -23.594  16.900 0.6666666865
72809  -17.363  -22.237  16.740 0.7777777910
72810  -17.799  -22.217  16.475 0.7777777910
73686  -17.493  -21.607  16.307 0.8888888955
74518  -17.522  -21.080  15.950 0.8888888955
74507  -16.561  -20.549  16.610 1.0000000000
75377  -18.671  -19.596  15.466 1.0000000000
133429  -19.064  -20.441  15.514 0.8888888955
71888  -15.610  -23.405  18.209 0.5555555820
72796  -16.094  -22.598  17.566 0.5555555820
142022  -16.477  -21.003  16.622 0.8888888955
133395  -18.280  -21.083  15.669 0.8888888955
75376  -17.891  -19.677  15.689 1.0000000000
76286  -17.686  -18.949  15.740 1.0000000000
124461  -18.198  -18.445  15.430 1.0000000000
76288  -19.981  -18.707  15.478 1.0000000000
131768  -15.095  -21.787  18.785 0.5555555820
73651  -15.327  -21.109  18.131 0.6666666865
73662  -15.712  -21.087  17.240 0.8888888955
74506  -16.206  -20.505  16.873 1.0000000000
75347  -15.449  -19.715  17.853 0.8888888955
74498  -15.854  -20.487  17.182 1.0000000000
76262  -15.548  -18.856  17.493 0.8888888955
76285  -17.012  -18.895  16.217 1.0000000000
77163  -18.555  -17.663  15.339 1.0000000000
126925  -16.020  -17.958  16.714 1.0000000000
77144  -16.288  -17.199  16.530 1.0000000000
77178  -18.634  -16.755  15.071 1.0000000000
78034  -17.792  -15.862  14.911 1.0000000000
78015  -17.236  -16.188  15.472 1.0000000000
78035  -18.398  -16.048  14.937 1.0000000000
78017  -19.208  -16.134  15.269 1.0000000000
144061  -19.858  -15.865  15.596 0.8888888955
78887  -20.206  -15.323  15.659 0.7777777910
77133  -15.188  -16.989  17.809 1.0000000000
77132  -14.821  -16.978  18.292 0.5555555820
77992  -15.835  -16.440  16.865 1.0000000000
77977  -15.376  -16.399  17.613 0.8888888955
78904  -17.633  -15.188  14.819 1.0000000000
79798  -17.877  -14.467  14.632 1.0000000000
147665  -19.089  -14.196  14.744 1.0000000000
80713  -20.284  -13.368  15.414 0.8888888955
80714  -20.622  -13.199  15.884 0.7777777910
138308  -21.566  -12.910  16.728 0.6666666865
77966  -14.530  -16.313  18.739 0.5555555820
137317  -14.659  -15.832  18.561 0.6666666865
78853  -15.113  -15.500  18.093 0.6666666865
132655  -14.642  -13.879  17.765 0.6666666865
79736  -15.188  -14.048  17.304 0.8888888955
135725  -15.213  -14.753  17.609 0.8888888955
79753  -15.744  -14.073  16.423 0.8888888955
130925  -16.720  -13.878  14.971 1.0000000000
137085  -18.323  -13.010  14.626 1.0000000000
127362  -19.567  -12.523  14.656 0.8888888955
141687  -20.030  -12.311  14.898 0.8888888955
81651  -20.471  -12.588  15.406 0.7777777910
137513  -21.064  -12.682  16.139 0.7777777910
136794  -23.149  -12.916  17.456 0.5555555820
135890  -14.415  -14.040  18.734 0.5555555820
78840  -13.848  -14.822  19.537 0.3333333433
79703  -14.421  -14.738  19.050 0.4444444478
78841  -14.702  -15.090  18.613 0.6666666865
80676  -14.480  -13.326  18.037 0.6666666865
80677  -14.903  -13.418  17.537 0.7777777910
80711  -16.051  -13.349  16.084 0.8888888955
80727  -16.995  -13.352  14.790 1.0000000000
137136  -17.239  -11.892  15.047 1.0000000000
82585  -19.344  -11.093  14.451 0.7777777910
83465  -21.447  -10.306  15.956 0.7777777910
83427  -23.213  -10.702  17.335 0.5555555820
82527  -15.101  -12.172  17.429 0.8888888955
83473  -17.316  -10.511  14.843 1.0000000000
84308  -21.924  -9.502  16.325 0.7777777910
83450  -23.168  -9.761  17.297 0.6666666865
81575  -13.441  -12.694  19.404 0.4444444478
83462  -16.331  -10.263  15.989 1.0000000000
84318  -16.647  -9.652  15.575 0.8888888955
85169  -20.297  -8.754  15.309 0.7777777910
85147  -22.857  -8.511  16.730 0.6666666865
84291  -24.883  -9.083  17.860 0.5555555820
136790  -24.594  -9.694  17.743 0.5555555820
82507  -12.553  -11.179  19.822 0.5555555820
130880  -13.654  -10.299  19.028 0.6666666865
145082  -14.530  -10.173  17.859 0.8888888955
135317  -16.553  -8.981  15.794 1.0000000000
85167  -18.906  -8.516  14.510 0.8888888955
86103  -20.021  -7.953  15.072 0.8888888955
85148  -23.232  -8.261  16.957 0.6666666865
86092  -18.048  -7.016  14.856 0.8888888955
147124  -24.405  -7.795  17.560 0.5555555820
83394  -12.153  -9.801  20.226 0.5555555820
84263  -13.111  -9.877  19.539 0.5555555820
84265  -14.139  -9.042  18.336 1.0000000000
147016  -13.582  -8.813  18.802 0.7777777910
84253  -13.252  -8.988  19.522 0.7777777910
85103  -14.523  -8.379  17.790 0.7777777910
86064  -24.813  -7.434  17.851 0.5555555820
86002  -11.056  -7.803  21.457 0.5555555820
85071  -11.895  -8.100  20.427 0.5555555820
86848  -11.164  -7.338  21.734 0.4444444478
86020  -12.488  -7.827  20.120 0.6666666865
85091  -13.462  -8.291  19.321 0.7777777910
84251  -12.084  -9.006  20.278 0.7777777910
84237  -11.687  -8.699  20.667 0.6666666865
86035  -13.545  -7.507  18.781 0.7777777910
85102  -13.892  -8.254  18.468 0.7777777910
86935  -16.087  -7.044  16.242 0.7777777910
87793  -15.795  -6.035  16.542 0.6666666865
125642  -18.796  -6.076  15.002 0.6666666865
87810  -17.498  -5.823  15.776 0.6666666865
87795  -18.176  -5.163  16.089 0.6666666865
87811  -18.971  -5.331  15.391 0.6666666865
87814  -21.349  -6.098  16.411 0.5555555820
87774  -23.011  -5.799  17.322 0.4444444478
86907  -23.706  -6.739  17.485 0.4444444478
88644  -22.544  -5.376  17.300 0.5555555820
125328  -10.112  -6.656  22.307 0.4444444478
86819  -11.175  -6.208  22.100 0.5555555820
86850  -12.504  -6.679  20.743 0.6666666865
86851  -13.240  -6.322  20.271 0.7777777910
148496  -18.991  -4.047  16.343 0.6666666865
89483  -20.841  -3.998  16.731 0.6666666865
148098  -9.969  -4.834  22.526 0.5555555820
88594  -10.954  -4.273  21.449 0.6666666865
88628  -15.209  -4.414  18.141 0.6666666865
88641  -16.346  -4.042  17.502 0.6666666865
146953  -17.308  -3.261  17.354 0.6666666865
82496  -12.511  -11.729  20.011 0.4444444478
84249  -10.071  -9.395  21.833 0.3333333433
80656  -13.492  -13.847  20.018 0.4444444478
135260  -12.450  -12.386  20.427 0.4444444478
88631  -25.189  -4.781  18.571 0.3333333433
89454  -23.719  -3.579  18.247 0.3333333433
71025  -17.464  -24.411  17.218 0.5555555820
71023  -16.206  -24.919  17.755 0.4444444478
70131  -16.462  -25.487  17.624 0.5555555820
77166  -20.987  -17.521  15.967 0.7777777910
71009  -15.478  -24.925  18.377 0.3333333433
78888  -20.787  -15.299  16.174 0.6666666865
78816  -14.401  -15.644  18.993 0.3333333433
77944  -14.293  -16.191  19.231 0.3333333433
77943  -14.178  -16.256  19.603 0.1111111119
78814  -13.684  -15.650  19.918 0.1111111119
80642  -13.036  -13.157  20.421 0.4444444478
81573  -11.881  -11.855  20.631 0.3333333433
81586  -12.133  -11.433  20.422 0.3333333433
85985  -9.829  -7.791  21.858 0.3333333433
90364  -19.781  -2.939  16.843 0.6666666865
128708  -21.846  -2.747  17.349 0.4444444478
124410  -21.178  -24.826  15.911 0.4444444478
71010  -22.870  -25.018  18.098 0.2222222239
70145  -18.543  -25.062  16.863 0.4444444478
147052  -19.484  -25.706  16.592 0.4444444478
71038  -18.839  -24.423  16.547 0.4444444478
71041  -21.709  -24.280  16.000 0.4444444478
71903  -23.306  -23.347  17.296 0.2222222239
71923  -19.427  -23.649  15.850 0.4444444478
71924  -20.347  -23.598  15.579 0.4444444478
72798  -23.446  -22.550  16.994 0.1111111119
72799  -24.110  -22.178  17.502 0.1111111119
144755  -21.032  -22.771  15.571 0.4444444478
72812  -22.748  -22.821  15.828 0.3333333433
72823  -19.094  -22.869  16.067 0.4444444478
72824  -19.885  -22.937  15.554 0.4444444478
71926  -21.992  -23.051  15.703 0.3333333433
72825  -22.868  -22.048  15.843 0.3333333433
131608  -20.321  -22.266  15.502 0.4444444478
144584  -22.088  -22.284  15.712 0.3333333433
135237  -19.489  -22.277  15.741 0.4444444478
74521  -23.262  -20.620  15.942 0.2222222239
74509  -23.874  -20.457  15.973 0.1111111119
75365  -24.150  -19.827  16.030 0.1111111119
73690  -21.738  -20.879  15.654 0.3333333433
74520  -22.441  -20.507  15.879 0.3333333433
75379  -20.875  -19.731  15.575 0.4444444478
75380  -21.545  -19.282  15.777 0.5555555820
76290  -21.401  -18.357  15.874 0.6666666865
76275  -22.876  -18.286  16.384 0.4444444478
77148  -24.557  -17.408  15.514 0.3333333433
77145  -21.640  -17.722  16.294 0.6666666865
143885  -22.109  -16.687  16.691 0.5555555820
78019  -20.678  -16.742  16.114 0.6666666865
126005  -21.345  -16.126  16.455 0.5555555820
78866  -22.438  -15.991  16.930 0.5555555820
77994  -22.935  -16.851  16.718 0.4444444478
78855  -23.485  -15.661  17.126 0.3333333433
79737  -23.151  -14.618  17.440 0.4444444478
80678  -22.733  -13.663  17.411 0.5555555820
79756  -22.376  -15.020  17.241 0.4444444478
89451  -13.923  -3.688  18.467 0.5555555820
134495  -13.279  -3.112  19.398 0.5555555820
89452  -14.492  -3.043  18.489 0.5555555820
90344  -15.796  -2.725  17.604 0.5555555820
90346  -17.397  -2.508  17.582 0.5555555820
90348  -19.355  -2.291  17.518 0.5555555820
70147  -20.110  -25.766  16.339 0.4444444478
71026  -22.640  -24.718  17.334 0.2222222239
72813  -23.237  -22.303  16.140 0.2222222239
73677  -23.413  -21.347  15.987 0.2222222239
73678  -24.066  -20.961  16.347 0.1111111119
135859  -22.336  -19.742  16.092 0.4444444478
142119  -23.814  -19.863  15.947 0.3333333433
76274  -22.075  -18.153  16.322 0.6666666865
79738  -24.082  -15.070  17.421 0.3333333433
80679  -23.933  -14.088  17.729 0.4444444478
132056  -25.527  -12.465  18.017 0.4444444478
90329  -14.435  -2.258  18.788 0.5555555820
91211  -14.439  -1.492  19.045 0.5555555820
76276  -24.059  -18.235  16.084 0.2222222239
68327  -19.976  -27.228  16.710 0.4444444478
69195  -20.471  -26.666  16.807 0.4444444478
69183  -21.275  -26.412  17.235 0.4444444478
70120  -22.489  -25.805  18.352 0.2222222239
70121  -23.173  -25.418  18.884 0.2222222239
69182  -17.404  -25.906  17.186 0.4444444478
69193  -18.705  -26.514  16.872 0.4444444478
71027  -23.254  -24.191  17.792 0.1111111119
72783  -23.780  -22.834  17.667 0.1111111119
71011  -23.487  -24.646  18.627 0.1111111119
73652  -24.724  -21.810  18.132 0.1111111119
73665  -24.374  -21.268  17.298 0.1111111119
74499  -24.856  -20.448  17.381 0.1111111119
75355  -25.011  -19.716  17.074 0.1111111119
75366  -24.559  -19.409  16.284 0.1111111119
77167  -25.050  -17.793  15.346 0.2222222239
77995  -23.989  -17.008  16.148 0.1111111119
143064  -24.753  -17.725  15.427 0.2222222239
78856  -24.533  -15.852  16.538 0.2222222239
135024  -24.069  -13.158  17.854 0.4444444478
81612  -24.553  -12.625  17.925 0.3333333433
82532  -24.583  -11.520  17.960 0.4444444478
82533  -25.519  -11.436  18.179 0.3333333433
85069  -9.750  -8.130  20.996 0.4444444478
86890  -25.158  -6.256  18.320 0.3333333433
89413  -10.496  -3.106  22.338 0.4444444478
132621  -21.219  -2.283  17.434 0.5555555820
133398  -12.165  -3.029  20.364 0.5555555820
90320  -13.387  -2.513  19.519 0.5555555820
131452  -15.734  -1.974  17.796 0.5555555820
91229  -16.907  -1.491  17.457 0.5555555820
91231  -18.881  -1.769  17.800 0.5555555820
90311  -13.344  -2.149  20.235 0.5555555820
133430  -20.803  -20.707  15.560 0.6666666865
134054  -20.797  -18.898  15.536 0.6666666865
78865  -21.532  -15.226  16.763 0.5555555820
132701  -22.313  -14.220  17.306 0.4444444478
87759  -24.713  -5.638  18.215 0.3333333433
71913  -18.511  -23.783  16.583 0.4444444478
73689  -21.244  -21.683  15.547 0.3333333433
70148  -21.016  -25.426  16.217 0.4444444478
70149  -21.998  -24.891  16.543 0.4444444478
70134  -22.269  -25.399  17.496 0.3333333433
70133  -21.587  -25.735  16.953 0.4444444478
132251  -18.204  -25.782  17.084 0.4444444478
134523  -18.977  -25.705  16.875 0.4444444478
70146  -19.347  -25.115  16.449 0.4444444478
71914  -18.989  -23.916  16.264 0.4444444478
71039  -19.432  -24.372  16.081 0.4444444478
71049  -19.977  -24.208  15.664 0.4444444478
71050  -20.776  -24.255  15.746 0.4444444478
146643  -22.265  -24.244  16.278 0.4444444478
71915  -22.407  -23.665  15.968 0.4444444478
71925  -21.384  -23.612  15.718 0.4444444478
71902  -22.753  -24.057  16.740 0.2222222239
71916  -23.068  -23.177  16.326 0.2222222239
72784  -24.359  -22.699  18.352 0.1111111119
73691  -22.487  -21.345  15.753 0.3333333433
73664  -23.776  -21.764  16.656 0.2222222239
144100  -23.089  -20.105  16.027 0.2222222239
74510  -24.393  -20.199  16.471 0.1111111119
75381  -24.304  -19.204  16.068 0.1111111119
132724  -21.623  -20.150  15.778 0.3333333433
76291  -22.218  -18.866  16.157 0.4444444478
77147  -23.480  -17.571  16.370 0.3333333433
76292  -23.233  -19.253  16.249 0.4444444478
126596  -23.993  -18.968  16.044 0.3333333433
77993  -21.488  -17.049  16.440 0.5555555820
77146  -22.352  -17.472  16.544 0.5555555820
146409  -23.389  -16.392  16.736 0.3333333433
80680  -24.968  -13.922  17.500 0.4444444478
90330  -15.236  -2.399  18.380 0.5555555820
90328  -13.762  -2.886  18.899 0.5555555820
90345  -16.365  -2.161  17.425 0.5555555820
69196  -20.879  -26.016  16.646 0.4444444478
146600  -24.399  -20.704  16.879 0.1111111119
91210  -13.848  -1.366  19.401 0.5555555820
76277  -24.600  -18.379  15.920 0.2222222239
68320  -20.423  -27.611  17.017 0.4444444478
69194  -19.561  -26.416  16.700 0.4444444478
69173  -21.588  -26.748  17.824 0.4444444478
69174  -22.076  -26.710  18.552 0.2222222239
69184  -21.901  -26.139  17.737 0.4444444478
69192  -17.862  -26.619  17.043 0.4444444478
71889  -23.774  -23.426  18.086 0.1111111119
141041  -23.723  -23.981  18.522 0.1111111119
138349  -21.462  -33.935  21.313 0.1111111119
128799  -18.637  -31.957  18.475 0.3333333433
62680  -20.603  -33.177  20.273 0.2222222239
62681  -21.353  -33.285  20.958 0.1111111119
63627  -21.964  -32.758  21.125 0.1111111119
66468  -17.180  -30.137  18.076 0.3333333433
65506  -16.888  -30.850  18.435 0.3333333433
64574  -17.467  -31.751  18.418 0.3333333433
65509  -19.356  -30.649  18.187 0.3333333433
64577  -20.016  -30.971  18.951 0.3333333433
63640  -20.612  -32.155  19.963 0.2222222239
64563  -21.241  -30.803  19.803 0.2222222239
63641  -21.308  -32.470  20.599 0.2222222239
64554  -22.010  -31.992  20.870 0.1111111119
64553  -21.395  -31.509  20.285 0.2222222239
67401  -16.169  -28.199  18.561 0.2222222239
136554  -16.813  -28.723  18.173 0.2222222239
66467  -16.678  -29.590  18.325 0.2222222239
65507  -17.714  -30.765  18.123 0.3333333433
65508  -18.498  -30.690  17.887 0.3333333433
68311  -16.170  -27.372  18.380 0.2222222239
67409  -16.801  -27.677  17.781 0.3333333433
67410  -17.450  -28.460  17.605 0.3333333433
68318  -17.618  -27.552  17.243 0.3333333433
67411  -18.363  -28.396  17.276 0.3333333433
126180  -17.989  -29.052  17.657 0.3333333433
66481  -19.860  -29.079  17.351 0.3333333433
124581  -19.254  -28.830  17.247 0.3333333433
66470  -20.347  -29.181  18.130 0.3333333433
67402  -20.699  -28.427  18.128 0.3333333433
66471  -21.125  -28.822  18.731 0.3333333433
66440  -22.150  -29.760  20.045 0.1111111119
66456  -21.747  -29.226  19.458 0.2222222239
69181  -16.097  -26.015  18.040 0.2222222239
141078  -16.431  -26.711  17.901 0.2222222239
131880  -17.086  -26.715  17.361 0.3333333433
68319  -19.947  -27.997  16.719 0.3333333433
126727  -20.286  -28.453  17.257 0.3333333433
67390  -21.767  -28.403  19.177 0.1111111119
136115  -15.403  -25.917  18.684 0.3333333433
70132  -17.055  -25.333  17.299 0.3333333433
68326  -19.327  -27.305  16.758 0.3333333433
68321  -20.871  -27.832  17.738 0.3333333433
124306  -21.053  -27.110  17.446 0.3333333433
79739  -24.779  -14.994  17.107 0.2222222239
81613  -25.473  -13.275  17.567 0.2222222239
83413  -26.567  -10.388  18.368 0.3333333433
82516  -26.229  -11.214  18.231 0.2222222239
63652  -19.394  -32.352  18.910 0.3333333433
64561  -20.003  -31.838  19.259 0.3333333433
131911  -22.165  -31.298  20.665 0.1111111119
66478  -17.364  -29.315  17.933 0.3333333433
65515  -18.944  -30.030  17.634 0.3333333433
66469  -19.647  -29.764  17.856 0.3333333433
65510  -20.127  -30.103  18.598 0.3333333433
66455  -20.887  -29.626  19.021 0.3333333433
143156  -16.691  -25.989  17.454 0.3333333433
68312  -21.483  -27.348  18.166 0.3333333433
61632  -20.534  -34.726  20.863 0.1111111119
61633  -21.202  -34.590  21.380 0.1111111119
128439  -16.678  -32.171  18.680 0.3333333433
63664  -18.092  -32.674  18.546 0.3333333433
62706  -18.506  -33.361  18.801 0.3333333433
62694  -19.288  -33.251  19.133 0.3333333433
61658  -19.932  -33.611  19.680 0.3333333433
61634  -22.001  -34.384  21.721 0.1111111119
62668  -22.025  -33.515  21.415 0.1111111119
143840  -16.537  -30.257  18.425 0.3333333433
126553  -22.574  -32.975  21.556 0.1111111119
66466  -16.117  -29.111  18.690 0.2222222239
64539  -22.719  -31.566  21.239 0.1111111119
132764  -15.492  -27.645  19.044 0.2222222239
130026  -22.539  -30.109  20.498 0.1111111119
66457  -22.413  -29.173  19.905 0.1111111119
124572  -15.681  -26.716  18.747 0.2222222239
67391  -22.287  -28.725  19.642 0.1111111119
68299  -21.861  -27.595  18.989 0.1111111119
70119  -15.211  -25.449  18.702 0.1111111119
81614  -26.095  -13.207  17.384 0.2222222239
84292  -27.291  -10.001  18.211 0.2222222239
83431  -27.444  -10.808  17.825 0.2222222239
125176  -15.248  -24.140  18.852 0.2222222239
70130  -15.819  -25.505  18.153 0.2222222239
82534  -26.294  -12.118  17.754 0.2222222239
61645  -20.844  -33.943  20.926 0.1111111119
63665  -18.828  -32.735  18.698 0.3333333433
125407  -18.830  -31.243  18.212 0.3333333433
64575  -18.221  -31.286  18.176 0.3333333433
62695  -20.010  -32.748  19.473 0.3333333433
132633  -16.020  -29.922  18.705 0.2222222239
64576  -19.396  -31.523  18.629 0.3333333433
64562  -20.645  -31.289  19.607 0.2222222239
65497  -20.703  -30.466  19.303 0.2222222239
139270  -18.040  -29.938  17.702 0.3333333433
65486  -21.947  -30.613  20.254 0.1111111119
65498  -21.479  -30.092  19.627 0.1111111119
68325  -18.475  -27.425  16.919 0.3333333433
66479  -18.667  -29.284  17.502 0.3333333433
66480  -19.331  -29.440  17.495 0.3333333433
140577  -19.844  -28.566  16.974 0.3333333433
129721  -21.303  -28.067  18.488 0.3333333433
124160  -20.310  -34.101  20.238 0.2222222239
63663  -17.213  -32.708  18.681 0.3333333433
62693  -18.791  -33.861  19.147 0.3333333433
125223  -15.993  -30.762  18.668 0.2222222239
80681  -25.518  -13.970  16.750 0.1111111119
124448  -26.049  -13.874  14.474 0.1111111119
80682  -25.839  -13.745  15.882 0.1111111119
81652  -26.311  -13.026  15.673 0.1111111119
142695  -26.285  -13.054  14.571 0.1111111119
136173  -26.829  -11.383  17.835 0.1111111119
82572  -26.652  -12.365  15.295 0.1111111119
82535  -27.328  -11.584  17.182 0.1111111119
82555  -27.376  -11.768  16.060 0.1111111119
134948  -26.446  -7.939  18.502 0.2222222239
83432  -27.983  -10.956  16.877 0.1111111119
86892  -27.143  -6.867  18.855 0.1111111119
86891  -26.136  -6.481  18.794 0.2222222239
87761  -26.450  -5.761  18.881 0.1111111119
86045  -27.327  -7.782  18.587 0.1111111119
86894  -28.879  -6.410  18.372 0.1111111119
89431  -12.413  -3.699  20.167 0.4444444478
87760  -25.731  -5.449  18.632 0.1111111119
90297  -11.024  -1.715  21.839 0.4444444478
90310  -12.585  -2.357  20.706 0.4444444478
88633  -27.401  -4.419  18.832 0.1111111119
91215  -15.500  -1.536  18.389 0.4444444478
90331  -22.628  -2.053  18.248 0.3333333433
89469  -23.247  -2.831  18.170 0.2222222239
90333  -25.236  -2.849  18.808 0.1111111119
88632  -26.269  -4.534  18.761 0.1111111119
89458  -27.770  -3.438  18.615 0.1111111119
92049  -14.833  -0.978  18.681 0.4444444478
92050  -15.674  -0.683  18.530 0.4444444478
91216  -16.098  -1.468  18.072 0.4444444478
92069  -17.459  -0.771  17.613 0.4444444478
91230  -17.882  -1.615  17.553 0.4444444478
91232  -19.736  -1.760  17.850 0.4444444478
91234  -21.356  -1.369  17.624 0.4444444478
91217  -22.946  -1.179  18.572 0.2222222239
134779  -23.658  -1.922  18.557 0.2222222239
136046  -24.781  -1.797  19.007 0.2222222239
135414  -25.781  -2.042  19.060 0.2222222239
94544  -24.560  3.098  18.083 0.1111111119
93750  -25.239  0.838  18.442 0.1111111119
91236  -27.376  -1.071  17.876 0.1111111119
122793  -12.116  -0.872  21.444 0.4444444478
92028  -13.239  -0.392  21.213 0.4444444478
122572  -12.743  -0.863  20.968 0.4444444478
92036  -14.111  -0.481  20.087 0.3333333433
92045  -15.074  -0.612  19.185 0.4444444478
92052  -17.196  -0.269  18.478 0.4444444478
92053  -18.034  -0.405  18.288 0.4444444478
92070  -18.337  -0.931  17.683 0.4444444478
125671  -19.203  -1.177  17.878 0.4444444478
92072  -20.726  -0.605  17.528 0.4444444478
92887  -18.471  0.157  18.403 0.3333333433
92055  -21.818  0.227  18.023 0.3333333433
131832  -22.562  0.145  18.483 0.1111111119
92057  -23.153  -0.332  18.774 0.1111111119
92058  -23.929  0.022  19.120 0.1111111119
91218  -23.919  -0.929  19.065 0.2222222239
145060  -24.299  -0.491  19.132 0.1111111119
140008  -25.228  0.315  18.746 0.1111111119
122573  -11.912  -0.047  21.623 0.2222222239
92874  -14.761  0.184  19.724 0.3333333433
137401  -16.193  0.460  19.177 0.3333333433
139980  -20.136  0.041  17.271 0.4444444478
92906  -19.802  0.868  17.044 0.2222222239
92890  -23.135  0.507  18.718 0.1111111119
93768  -20.746  1.864  17.256 0.1111111119
147325  -20.394  1.199  17.232 0.1111111119
93747  -21.943  1.793  18.107 0.1111111119
130061  -23.846  1.047  18.817 0.1111111119
129758  -22.769  2.325  18.606 0.1111111119
93748  -22.966  1.431  18.669 0.1111111119
92862  -13.618  -0.068  20.575 0.3333333433
93724  -14.949  1.394  20.893 0.3333333433
92864  -16.275  0.735  20.140 0.3333333433
92885  -16.901  0.518  18.864 0.3333333433
92886  -17.767  0.263  18.716 0.3333333433
92888  -18.859  0.729  17.902 0.2222222239
93766  -19.034  1.337  16.871 0.2222222239
93767  -19.541  1.820  16.786 0.1111111119
94524  -22.010  2.579  18.117 0.1111111119
94526  -23.421  2.902  18.593 0.1111111119
96073  -23.387  4.253  18.362 0.1111111119
93707  -15.993  1.990  22.360 0.1111111119
93726  -16.646  1.426  20.699 0.2222222239
93727  -17.483  1.480  20.550 0.2222222239
92865  -17.167  0.750  20.163 0.3333333433
92866  -17.751  1.418  19.735 0.2222222239
92877  -17.469  0.782  19.307 0.3333333433
92867  -18.323  1.639  19.442 0.2222222239
92879  -18.530  1.488  18.633 0.1111111119
94523  -18.762  2.524  16.997 0.1111111119
127473  -18.955  2.477  16.795 0.1111111119
94543  -21.220  2.427  17.661 0.1111111119
95333  -21.270  3.120  17.970 0.1111111119
96071  -21.673  3.805  18.032 0.1111111119
94525  -22.472  3.205  18.328 0.1111111119
95350  -24.809  3.321  17.443 0.1111111119
94545  -25.090  2.628  17.579 0.1111111119
94489  -16.286  2.352  22.696 0.1111111119
94490  -17.354  2.225  22.706 0.1111111119
93708  -16.818  1.622  22.240 0.1111111119
140644  -17.518  1.571  21.986 0.1111111119
130071  -18.747  1.847  20.951 0.1111111119
94505  -18.859  2.655  19.782 0.1111111119
93735  -18.723  2.394  18.433 0.1111111119
95332  -19.002  3.912  18.113 0.1111111119
134955  -19.032  3.235  17.681 0.1111111119
95347  -19.192  4.029  17.548 0.1111111119
144624  -20.544  3.899  17.562 0.1111111119
94491  -18.232  2.313  22.963 0.1111111119
93694  -19.214  1.623  22.623 0.1111111119
94499  -19.111  2.244  20.797 0.1111111119
95319  -19.318  3.118  20.383 0.1111111119
132533  -19.153  4.119  18.863 0.1111111119
146264  -19.820  1.752  22.514 0.1111111119
94493  -20.411  1.847  22.526 0.1111111119
94500  -20.110  2.711  22.172 0.1111111119
80715  -25.930  -14.518  14.557 0.1111111119
81669  -26.197  -13.275  13.885 0.1111111119
84293  -27.982  -10.027  17.702 0.1111111119
84274  -28.312  -9.247  18.030 0.1111111119
87763  -28.608  -5.512  18.525 0.1111111119
90299  -12.096  -2.219  21.335 0.4444444478
90351  -21.875  -2.108  17.751 0.3333333433
90332  -24.205  -2.813  18.560 0.1111111119
90334  -26.339  -2.719  18.801 0.1111111119
88634  -28.388  -4.075  18.576 0.1111111119
92051  -16.608  -0.798  18.182 0.4444444478
142748  -25.808  -1.166  19.108 0.2222222239
92891  -24.668  0.656  18.848 0.1111111119
92074  -26.600  0.067  17.657 0.1111111119
93749  -23.665  2.030  18.794 0.1111111119
93728  -18.138  1.766  20.221 0.2222222239
93721  -18.757  1.754  21.761 0.1111111119
96085  -19.285  4.784  17.488 0.1111111119
96046  -19.855  3.752  20.900 0.1111111119
80733  -26.650  -14.110  13.796 0.1111111119
80732  -26.161  -14.063  13.949 0.1111111119
84273  -27.586  -9.329  18.287 0.2222222239
86044  -26.301  -7.293  18.664 0.2222222239
87762  -27.489  -5.420  18.910 0.1111111119
90298  -11.333  -2.442  21.536 0.4444444478
91205  -12.902  -1.461  20.519 0.4444444478
92875  -15.539  0.061  19.044 0.4444444478
92071  -19.903  -0.713  17.588 0.4444444478
139758  -20.776  0.328  17.539 0.2222222239
127917  -18.288  2.458  23.854 0.1111111119
94492  -19.434  1.897  21.939 0.1111111119
95310  -19.721  2.940  21.515 0.1111111119
79802  -26.278  -14.589  14.129 0.1111111119
79740  -25.365  -14.862  16.247 0.1111111119
80698  -25.651  -14.679  15.421 0.1111111119
127214  -26.055  -14.480  14.185 0.1111111119
80734  -27.458  -13.765  13.965 0.1111111119
82598  -26.516  -12.618  13.439 0.1111111119
82587  -26.368  -12.435  14.152 0.1111111119
82588  -26.673  -11.840  13.760 0.1111111119
83451  -27.742  -11.123  15.541 0.1111111119
84311  -28.765  -9.702  16.655 0.1111111119
83452  -28.448  -10.449  16.201 0.1111111119
84295  -28.972  -9.076  17.111 0.1111111119
138087  -29.362  -8.019  17.313 0.1111111119
86909  -29.474  -6.575  17.682 0.1111111119
90309  -11.682  -2.830  20.772 0.4444444478
87764  -29.363  -5.828  18.001 0.1111111119
148474  -29.258  -5.207  18.063 0.1111111119
90336  -28.031  -2.591  18.256 0.1111111119
88647  -29.103  -3.940  17.941 0.1111111119
91180  -11.267  -1.390  22.400 0.4444444478
91194  -12.397  -1.568  21.082 0.4444444478
90366  -28.809  -2.378  16.763 0.1111111119
123702  -12.170  0.722  22.173 0.2222222239
122574  -12.692  0.355  21.579 0.3333333433
93715  -13.380  0.975  21.774 0.2222222239
92859  -14.143  1.141  21.193 0.2222222239
92909  -26.120  0.689  17.460 0.1111111119
93705  -14.302  1.970  22.493 0.1111111119
93725  -15.817  1.287  20.915 0.2222222239
93769  -25.551  1.827  17.281 0.1111111119
94559  -25.435  2.458  16.543 0.1111111119
94487  -14.864  3.004  22.856 0.1111111119
94478  -15.669  2.809  23.491 0.1111111119
94480  -17.402  2.499  23.454 0.1111111119
94463  -17.412  2.500  24.451 0.1111111119
95364  -24.814  3.896  16.993 0.1111111119
94482  -19.117  2.365  24.196 0.1111111119
96086  -20.066  4.785  17.458 0.1111111119
96793  -22.061  5.419  17.852 0.1111111119
131527  -22.942  5.565  17.532 0.1111111119
93695  -19.574  1.687  23.525 0.1111111119
123153  -20.191  1.643  23.002 0.1111111119
131975  -19.312  4.003  19.869 0.1111111119
96773  -19.382  5.471  18.437 0.1111111119
95311  -20.337  3.494  21.833 0.1111111119
85109  -27.018  -8.582  18.531 0.1111111119
89456  -25.712  -3.763  18.765 0.1111111119
81635  -26.456  -12.790  16.916 0.1111111119
133969  -27.013  -6.156  18.988 0.2222222239
92043  -13.798  -0.870  19.849 0.4444444478
82554  -26.827  -12.229  16.470 0.1111111119
82573  -26.868  -11.703  14.791 0.1111111119
145599  -28.219  -8.005  18.273 0.1111111119
86047  -29.052  -7.082  18.024 0.1111111119
86046  -28.906  -7.836  17.885 0.1111111119
88635  -28.874  -4.698  18.298 0.1111111119
90335  -27.257  -2.793  18.608 0.1111111119
89459  -28.566  -3.247  18.115 0.1111111119
92073  -21.515  -0.532  17.767 0.2222222239
91235  -22.101  -1.275  17.938 0.2222222239
132433  -26.518  -1.811  18.961 0.1111111119
146871  -24.656  2.513  18.175 0.1111111119
95335  -23.972  3.578  18.463 0.1111111119
145268  -24.806  1.730  18.400 0.1111111119
92908  -25.533  1.080  17.781 0.1111111119
91237  -27.941  -1.344  17.125 0.1111111119
90352  -27.981  -1.815  17.887 0.1111111119
141281  -26.869  -0.558  18.122 0.2222222239
92905  -19.459  0.243  17.421 0.3333333433
92059  -25.485  -0.264  18.931 0.2222222239
139251  -15.641  0.227  19.757 0.3333333433
92907  -21.343  1.041  17.763 0.2222222239
92863  -14.131  0.322  20.519 0.3333333433
142263  -14.693  0.601  20.602 0.3333333433
92876  -16.894  0.458  19.702 0.3333333433
92878  -18.272  0.828  18.913 0.2222222239
146227  -18.832  2.065  16.740 0.1111111119
94542  -19.997  2.856  17.294 0.1111111119
95334  -23.194  3.631  18.556 0.1111111119
96072  -22.517  4.068  18.297 0.1111111119
96074  -24.117  4.323  18.172 0.1111111119
96088  -22.655  4.796  18.024 0.1111111119
94488  -15.389  2.947  22.879 0.1111111119
93706  -15.156  1.977  22.585 0.1111111119
93717  -15.610  1.393  21.761 0.1111111119
93718  -16.299  1.453  21.571 0.1111111119
93719  -17.124  1.565  21.311 0.1111111119
93746  -18.604  1.800  17.195 0.1111111119
94541  -19.130  3.157  17.236 0.1111111119
96087  -21.497  4.659  17.920 0.1111111119
93709  -18.211  1.695  22.162 0.1111111119
93720  -17.998  1.634  21.234 0.1111111119
93729  -18.594  2.083  19.808 0.1111111119
95326  -19.036  3.322  19.054 0.1111111119
96070  -19.046  4.651  18.019 0.1111111119
95348  -19.456  4.098  17.384 0.1111111119
147756  -19.334  4.900  17.440 0.1111111119
94481  -18.956  1.875  23.395 0.1111111119
96064  -19.270  4.752  19.179 0.1111111119
81675  -26.577  -13.405  13.594 0.1111111119
85110  -27.894  -8.618  18.337 0.1111111119
144225  -27.528  -2.199  18.389 0.1111111119
146062  -27.014  -0.524  17.441 0.1111111119
139617  -26.878  -0.186  16.569 0.1111111119
96781  -19.261  5.183  17.644 0.1111111119
138751  -19.866  4.710  20.342 0.1111111119
81670  -27.063  -13.370  13.297 0.1111111119
85130  -29.041  -8.523  17.513 0.1111111119
86065  -29.455  -7.354  17.417 0.1111111119
90353  -28.570  -2.451  17.603 0.1111111119
92085  -27.371  -0.804  16.868 0.1111111119
92923  -26.417  0.552  16.694 0.1111111119
93716  -14.630  1.458  21.920 0.1111111119
94486  -14.056  2.201  22.672 0.1111111119
92922  -25.961  1.181  16.894 0.1111111119
94479  -16.390  2.511  23.084 0.1111111119
96791  -19.721  5.605  17.554 0.1111111119
145368  -19.786  5.904  19.034 0.1111111119
61670  -18.158  -34.186  18.853 0.2222222239
76237  -14.655  -18.323  19.107 0.2222222239
136250  -14.537  -17.489  19.222 0.2222222239
75337  -14.703  -19.482  18.905 0.3333333433
90286  -10.671  -2.377  21.946 0.3333333433
90271  -9.393  -2.479  23.568 0.2222222239
92016  -10.812  -0.956  23.676 0.1111111119
92856  -11.616  0.040  22.139 0.1111111119
91181  -11.561  -0.880  21.931 0.2222222239
85960  -9.719  -6.479  23.392 0.2222222239
84215  -9.700  -8.459  22.244 0.1111111119
74489  -15.096  -20.413  18.488 0.2222222239
84175  -9.582  -7.505  23.017 0.1111111119
137159  -7.569  -5.443  25.266 0.1111111119
89378  -7.888  -4.243  26.199 0.1111111119
91147  -9.541  -1.923  24.468 0.1111111119
92007  -10.806  -0.411  23.931 0.1111111119
92843  -10.914  0.174  23.727 0.1111111119
141013  -11.720  0.676  22.537 0.1111111119
89412  -9.570  -3.009  22.825 0.2222222239
90252  -7.902  -3.287  25.182 0.1111111119
72769  -14.566  -22.478  19.292 0.2222222239
74479  -14.419  -20.535  19.167 0.2222222239
78838  -13.541  -14.503  19.837 0.2222222239
90270  -8.668  -2.644  24.122 0.1111111119
78839  -13.511  -14.867  19.804 0.1111111119
78796  -13.033  -14.235  20.522 0.3333333433
91179  -10.758  -1.928  22.401 0.3333333433
91164  -10.458  -1.292  23.118 0.1111111119
91146  -8.712  -2.151  24.668 0.1111111119
91163  -9.665  -1.636  23.487 0.1111111119
92006  -10.418  -1.201  24.239 0.1111111119
89383  -8.209  -3.566  25.640 0.1111111119
90259  -9.450  -1.990  24.868 0.1111111119
90260  -10.249  -2.366  24.333 0.1111111119
91148  -10.197  -1.379  24.365 0.1111111119
90253  -8.549  -2.596  25.131 0.1111111119
76293  -24.757  -18.585  16.023 0.1111111119
60697  -18.211  -35.043  19.074 0.1111111119
61656  -18.771  -34.538  19.258 0.1111111119
61657  -19.335  -34.739  19.701 0.1111111119
129432  -16.291  -34.882  19.525 0.1111111119
62692  -16.263  -33.524  19.255 0.1111111119
62704  -16.952  -33.490  18.842 0.1111111119
63662  -16.045  -32.130  18.848 0.1111111119
64572  -15.736  -31.503  18.872 0.1111111119
64573  -16.422  -31.531  18.598 0.1111111119
71874  -13.885  -22.998  19.732 0.1111111119
76236  -14.204  -17.996  19.771 0.1111111119
81555  -11.493  -11.624  21.078 0.2222222239
82479  -11.531  -10.823  21.079 0.2222222239
82462  -11.495  -10.924  21.260 0.2222222239
83355  -11.143  -10.453  22.546 0.2222222239
61668  -16.785  -34.324  19.122 0.1111111119
77105  -14.275  -16.883  19.562 0.1111111119
77122  -14.495  -16.814  18.931 0.1111111119
60698  -18.712  -35.277  19.485 0.1111111119
124889  -19.337  -34.044  19.458 0.1111111119
60693  -15.506  -34.461  19.850 0.1111111119
63661  -15.553  -32.032  19.153 0.1111111119
65496  -15.367  -31.000  19.022 0.1111111119
65505  -15.296  -30.235  19.112 0.1111111119
125299  -14.310  -23.981  19.600 0.1111111119
72768  -13.352  -22.116  19.795 0.1111111119
76213  -13.906  -18.252  20.061 0.1111111119
82464  -11.516  -11.757  22.081 0.2222222239
84203  -10.928  -10.176  23.239 0.2222222239
85052  -10.293  -8.988  22.698 0.1111111119
140735  -19.793  -34.261  19.839 0.1111111119
60696  -17.716  -35.553  19.182 0.1111111119
83353  -11.161  -9.651  22.030 0.2222222239
84216  -10.138  -8.956  22.017 0.1111111119
143480  -13.992  -21.915  19.406 0.1111111119
81556  -11.662  -12.158  20.922 0.2222222239
71887  -15.033  -23.254  19.223 0.1111111119
67400  -15.288  -28.634  19.177 0.1111111119
66465  -15.509  -29.490  19.016 0.1111111119
62705  -17.743  -33.432  18.690 0.1111111119
61669  -17.412  -34.071  18.810 0.1111111119
126697  -14.004  -19.009  19.588 0.1111111119
145782  -13.719  -22.377  19.599 0.1111111119
75336  -14.094  -19.907  19.570 0.1111111119
60705  -17.546  -34.756  19.004 0.1111111119
60695  -17.021  -35.227  19.241 0.1111111119
61655  -16.085  -34.166  19.491 0.1111111119
63651  -15.703  -32.774  19.311 0.1111111119
71855  -13.621  -22.929  20.138 0.1111111119
82452  -11.794  -11.367  22.706 0.1111111119
64560  -15.197  -31.562  19.293 0.1111111119
71875  -13.773  -23.760  19.965 0.1111111119
84190  -11.313  -9.705  23.447 0.1111111119
85039  -10.459  -8.240  23.166 0.1111111119
86794  -7.933  -6.860  24.525 0.1111111119
80613  -11.970  -12.603  21.121 0.1111111119
85015  -9.975  -7.294  23.745 0.1111111119
86785  -7.102  -7.059  25.568 0.1111111119
87683  -7.397  -6.092  24.893 0.1111111119
60673  -20.888  -35.358  21.408 0.1111111119
60675  -22.193  -35.051  22.167 0.1111111119
62669  -22.659  -33.756  21.852 0.1111111119
62691  -15.564  -33.642  19.606 0.1111111119
67412  -19.236  -28.112  16.932 0.3333333433
71040  -20.237  -24.895  15.911 0.4444444478
77941  -13.394  -14.999  20.077 0.1111111119
78813  -13.381  -14.635  20.115 0.2222222239
79684  -12.651  -13.409  20.701 0.4444444478
79701  -13.256  -14.003  20.306 0.3333333433
79720  -14.566  -14.399  18.540 0.5555555820
79777  -16.316  -14.023  15.605 1.0000000000
79780  -20.417  -14.649  15.733 0.7777777910
80614  -11.678  -12.449  21.174 0.1111111119
80626  -12.126  -12.690  21.016 0.3333333433
80643  -13.549  -13.377  19.721 0.4444444478
80728  -17.794  -13.540  14.652 1.0000000000
81539  -11.481  -11.535  21.198 0.2222222239
81540  -11.514  -12.101  21.087 0.2222222239
81541  -11.495  -12.458  22.108 0.2222222239
81572  -11.581  -11.525  20.903 0.2222222239
81574  -12.325  -11.883  20.317 0.4444444478
81585  -11.838  -11.326  20.578 0.3333333433
81587  -12.303  -11.239  20.229 0.3333333433
81633  -15.297  -12.752  17.247 0.7777777910
82463  -11.454  -10.905  21.445 0.2222222239
82478  -11.483  -9.886  21.221 0.4444444478
82494  -11.646  -10.714  20.817 0.2222222239
82495  -11.946  -10.863  20.501 0.4444444478
82497  -12.964  -11.861  19.514 0.5555555820
82530  -22.926  -11.326  17.245 0.6666666865
82551  -15.548  -11.925  16.861 0.8888888955
82571  -20.946  -11.012  15.567 0.7777777910
82582  -16.985  -11.152  15.195 1.0000000000
82586  -20.056  -10.983  14.566 0.7777777910
83327  -11.187  -10.160  23.450 0.2222222239
83352  -10.161  -9.013  22.004 0.1111111119
83354  -11.423  -10.401  21.639 0.3333333433
83375  -11.892  -9.233  20.471 0.5555555820
83390  -10.562  -9.140  21.827 0.2222222239
83391  -11.284  -9.171  21.329 0.2222222239
83393  -11.838  -10.102  20.569 0.4444444478
83429  -24.642  -10.534  17.820 0.5555555820
83433  -28.450  -10.198  17.029 0.1111111119
83463  -16.765  -10.397  15.320 1.0000000000
83464  -20.787  -10.262  15.455 0.7777777910
84187  -9.729  -7.918  22.947 0.1111111119
84188  -9.634  -8.262  23.021 0.1111111119
84189  -9.291  -8.341  23.262 0.1111111119
84199  -9.724  -8.007  22.100 0.1111111119
84202  -10.876  -9.737  23.317 0.1111111119
84217  -11.040  -9.866  22.297 0.1111111119
84218  -10.678  -9.798  23.120 0.2222222239
84235  -10.203  -8.759  21.848 0.3333333433
84236  -11.576  -8.753  20.847 0.6666666865
84250  -11.360  -9.072  21.107 0.5555555820
84252  -12.481  -9.094  19.833 0.7777777910
84262  -12.366  -9.827  19.974 0.5555555820
84272  -26.707  -9.338  18.460 0.2222222239
84290  -24.148  -8.917  17.546 0.5555555820
84294  -28.549  -9.548  17.412 0.1111111119
84310  -23.081  -8.892  16.942 0.6666666865
84317  -16.150  -9.409  16.258 1.0000000000
84319  -16.941  -9.064  15.342 0.8888888955
84330  -17.083  -9.783  14.975 0.8888888955
84334  -19.871  -9.495  14.906 0.7777777910
85016  -9.251  -7.032  24.003 0.1111111119
85026  -9.362  -7.657  23.066 0.1111111119
85037  -9.309  -7.848  22.034 0.1111111119
85040  -10.624  -9.015  23.239 0.1111111119
85050  -9.385  -8.133  21.929 0.1111111119
85051  -9.246  -8.108  21.613 0.4444444478
85068  -9.547  -8.033  21.196 0.4444444478
85070  -11.415  -8.260  20.997 0.5555555820
85087  -9.962  -8.043  21.515 0.3333333433
85088  -11.411  -8.505  21.073 0.6666666865
85090  -12.783  -8.370  19.681 0.7777777910
85108  -26.081  -8.476  18.395 0.1111111119
85111  -28.581  -8.580  18.012 0.1111111119
85127  -23.762  -7.990  17.259 0.5555555820
85145  -15.536  -8.791  16.756 1.0000000000
85157  -17.334  -8.393  15.315 0.8888888955
85159  -21.759  -8.696  16.158 0.7777777910
85168  -19.565  -8.655  14.761 0.7777777910
85938  -7.237  -7.342  25.855 0.1111111119
85951  -9.208  -6.828  24.034 0.1111111119
85959  -10.327  -8.373  22.408 0.1111111119
85973  -10.261  -7.035  22.427 0.4444444478
85974  -10.869  -8.393  23.453 0.1111111119
85986  -10.106  -7.831  21.906 0.3333333433
85987  -10.502  -7.232  22.333 0.4444444478
86000  -9.811  -7.995  21.184 0.4444444478
86001  -10.123  -8.085  21.067 0.5555555820
86003  -11.469  -7.807  21.091 0.6666666865
86018  -10.388  -7.998  20.985 0.4444444478
86043  -25.365  -7.003  18.288 0.2222222239
86058  -14.804  -7.496  17.547 0.7777777910
86063  -24.047  -7.302  17.493 0.5555555820
86081  -22.175  -7.323  16.573 0.6666666865
86084  -29.661  -7.747  16.689 0.1111111119
86094  -20.475  -7.297  15.535 0.6666666865
86805  -8.954  -6.170  23.491 0.3333333433
86816  -10.109  -6.207  22.667 0.2222222239
86818  -11.056  -6.297  22.132 0.5555555820
86832  -10.877  -7.089  22.184 0.4444444478
86847  -10.617  -7.486  21.947 0.5555555820
86866  -12.347  -7.372  20.605 0.6666666865
86867  -13.106  -7.149  20.366 0.7777777910
86893  -27.922  -6.252  18.766 0.1111111119
86905  -15.182  -6.789  17.426 0.7777777910
86923  -16.168  -6.430  16.215 0.7777777910
86925  -22.433  -6.742  16.906 0.6666666865
86926  -22.790  -6.727  17.156 0.4444444478
86936  -16.522  -6.951  15.792 0.7777777910
86938  -17.994  -6.394  15.224 0.6666666865
86940  -20.087  -6.570  15.290 0.5555555820
86948  -18.646  -6.779  14.660 0.6666666865
86949  -19.103  -7.131  14.468 0.7777777910
87669  -7.633  -5.165  26.174 0.1111111119
87684  -7.720  -5.319  24.476 0.4444444478
87695  -9.385  -5.306  23.284 0.3333333433
87704  -10.405  -5.477  22.379 0.4444444478
87713  -10.947  -5.073  21.609 0.5555555820
87726  -11.726  -5.248  20.721 0.6666666865
87754  -13.983  -5.151  18.625 0.6666666865
87772  -15.827  -5.424  16.907 0.6666666865
87773  -16.512  -4.796  16.877 0.6666666865
87775  -23.449  -6.180  17.450 0.4444444478
87794  -16.372  -5.697  16.345 0.6666666865
87797  -22.104  -6.205  16.812 0.5555555820
87799  -22.922  -6.308  17.229 0.5555555820
87813  -20.473  -5.897  15.726 0.5555555820
88550  -7.601  -5.213  25.849 0.1111111119
88551  -7.800  -4.676  26.431 0.1111111119
88556  -7.646  -4.351  25.554 0.1111111119
88557  -8.086  -4.403  26.393 0.1111111119
88558  -8.817  -4.267  25.595 0.1111111119
88586  -10.687  -4.267  21.915 0.5555555820
88602  -11.518  -4.303  20.962 0.6666666865
88611  -12.513  -4.350  19.677 0.6666666865
88626  -13.642  -4.373  18.688 0.6666666865
88640  -15.660  -3.971  17.698 0.6666666865
88642  -17.237  -3.941  17.263 0.6666666865
88645  -23.014  -4.965  17.548 0.5555555820
88663  -17.626  -4.499  16.504 0.6666666865
88664  -18.402  -4.289  16.339 0.6666666865
88665  -19.635  -4.216  16.208 0.6666666865
88668  -22.199  -5.654  17.021 0.5555555820
89382  -7.772  -3.823  25.710 0.1111111119
89384  -8.969  -2.579  25.345 0.1111111119
89389  -7.630  -4.032  25.119 0.2222222239
89390  -7.853  -3.707  24.708 0.1111111119
89421  -10.692  -2.885  21.728 0.4444444478
89442  -13.534  -3.659  19.225 0.6666666865
89453  -15.364  -3.417  18.263 0.6666666865
89457  -26.798  -3.608  18.714 0.1111111119
89481  -18.576  -3.545  16.558 0.6666666865
89482  -20.142  -3.683  16.539 0.6666666865
90254  -8.784  -2.045  25.043 0.1111111119
90258  -8.297  -2.900  24.592 0.1111111119
90285  -10.532  -2.469  22.493 0.2222222239
90319  -12.685  -2.886  19.795 0.5555555820
90321  -14.080  -2.160  19.332 0.5555555820
90347  -18.391  -2.338  17.344 0.5555555820
90349  -20.360  -2.408  17.379 0.5555555820
90350  -21.428  -3.032  17.145 0.4444444478
91162  -8.858  -1.916  24.043 0.1111111119
91193  -11.786  -1.649  21.583 0.4444444478
91206  -13.579  -1.472  20.097 0.5555555820
91219  -24.805  -0.822  19.138 0.2222222239
91220  -27.230  -1.682  18.472 0.1111111119
91233  -20.613  -1.515  17.594 0.4444444478
91238  -28.452  -1.861  17.226 0.1111111119
91250  -28.321  -1.778  16.448 0.1111111119
92017  -11.410  -0.527  22.388 0.1111111119
92035  -13.367  -0.763  20.405 0.4444444478
92044  -14.343  -0.744  19.352 0.4444444478
92054  -18.927  -0.409  18.024 0.4444444478
92056  -22.354  -0.489  18.269 0.1111111119
92060  -26.328  -0.361  18.603 0.2222222239
92849  -11.584  0.195  22.586 0.1111111119
92858  -13.619  0.310  21.291 0.3333333433
92884  -16.306  -0.070  18.604 0.4444444478
92889  -22.322  0.852  18.326 0.2222222239
92892  -25.852  0.383  18.301 0.1111111119
94527  -24.194  2.654  18.515 0.1111111119
95349  -24.519  3.830  17.866 0.1111111119
122553  -10.073  -7.254  22.441 0.3333333433
122687  -10.251  -8.130  22.411 0.1111111119
124574  -11.750  1.015  22.740 0.1111111119
126580  -14.428  -13.890  18.188 0.6666666865
127463  -15.375  0.780  20.278 0.3333333433
130818  -13.492  -5.012  19.121 0.6666666865
130950  -25.635  -7.680  18.261 0.2222222239
131011  -9.228  -3.206  23.625 0.2222222239
133209  -11.700  -12.417  21.134 0.2222222239
133342  -11.810  -12.025  22.267 0.2222222239
133533  -18.283  -5.731  15.444 0.6666666865
134050  -19.449  -13.816  14.832 0.8888888955
134243  -28.236  -7.178  18.447 0.1111111119
134254  -11.342  -10.044  22.029 0.2222222239
134358  -17.519  -20.342  15.974 0.8888888955
134378  -16.458  -32.784  18.944 0.1111111119
134658  -14.861  -10.245  17.473 0.8888888955
135061  -26.754  -1.081  18.658 0.1111111119
135685  -28.189  -4.817  18.696 0.1111111119
136355  -22.462  -2.831  17.608 0.2222222239
137428  -14.580  -9.435  17.706 1.0000000000
137596  -22.397  -8.804  16.458 0.6666666865
138027  -9.005  -3.340  25.434 0.1111111119
139654  -27.017  -2.226  18.772 0.1111111119
140026  -22.683  -5.962  17.141 0.4444444478
140416  -26.665  -5.110  18.906 0.1111111119
140737  -24.718  -0.118  19.017 0.1111111119
140852  -14.545  -5.997  18.664 0.6666666865
141909  -12.385  -0.278  21.396 0.4444444478
142517  -10.620  -7.051  22.151 0.4444444478
142637  -23.998  -5.767  17.804 0.4444444478
142938  -11.431  -11.080  22.471 0.1111111119
143301  -22.953  -7.926  16.813 0.5555555820
143599  -21.344  -8.368  16.024 0.7777777910
143948  -12.937  -11.202  19.470 0.5555555820
144380  -28.730  -9.010  17.686 0.1111111119
144589  -12.869  -12.452  20.026 0.4444444478
144765  -13.675  -1.968  19.853 0.5555555820
144860  -26.755  -11.978  17.307 0.2222222239
145233  -14.541  -6.456  18.333 0.7777777910
146058  -14.773  -1.691  18.507 0.4444444478
146123  -17.393  -6.336  15.573 0.7777777910
146143  -11.148  -6.842  22.114 0.5555555820
146213  -25.841  -5.987  18.677 0.1111111119
146694  -11.332  -0.250  22.953 0.1111111119
147282  -9.815  -7.808  23.606 0.1111111119
147361  -8.853  -8.214  22.233 0.1111111119
147584  -20.952  -2.728  17.216 0.6666666865
