#!ascii label  , from subject sub-01 vox2ras=TkReg
486
137085  -18.323  -13.010  14.626 0.0000000000
76272  -15.665  -18.311  17.106 0.0000000000
77145  -21.640  -17.722  16.294 0.0000000000
133118  -18.793  -22.246  16.120 0.0000000000
92049  -14.833  -0.978  18.681 0.0000000000
88681  -19.028  -4.562  15.797 0.0000000000
84265  -14.139  -9.042  18.336 0.0000000000
69193  -18.705  -26.514  16.872 0.0000000000
74517  -17.053  -20.519  16.318 0.0000000000
72797  -16.853  -22.335  17.077 0.0000000000
89466  -16.666  -3.180  17.620 0.0000000000
87739  -13.002  -5.218  19.827 0.0000000000
79736  -15.188  -14.048  17.304 0.0000000000
82508  -13.758  -12.140  18.582 0.0000000000
136280  -16.403  -11.076  15.709 0.0000000000
85166  -18.157  -8.443  14.979 0.0000000000
83477  -20.206  -10.251  14.936 0.0000000000
137513  -21.064  -12.682  16.139 0.0000000000
77976  -14.934  -16.362  18.220 0.0000000000
78884  -16.743  -15.521  15.771 0.0000000000
78886  -19.586  -15.341  15.337 0.0000000000
77163  -18.555  -17.663  15.339 0.0000000000
133428  -20.080  -20.085  15.572 0.0000000000
72825  -22.868  -22.048  15.843 0.0000000000
86019  -12.003  -7.785  20.585 0.0000000000
86922  -15.647  -6.742  16.668 0.0000000000
87814  -21.349  -6.098  16.411 0.0000000000
71024  -16.721  -24.043  17.480 0.0000000000
71038  -18.839  -24.423  16.547 0.0000000000
73663  -16.241  -21.651  17.128 0.0000000000
72796  -16.094  -22.598  17.566 0.0000000000
88603  -12.088  -4.347  20.414 0.0000000000
87714  -11.493  -5.697  21.572 0.0000000000
80712  -16.518  -13.304  15.344 0.0000000000
81649  -15.775  -12.651  16.453 0.0000000000
137136  -17.239  -11.892  15.047 0.0000000000
83474  -17.950  -10.629  14.599 0.0000000000
81667  -19.129  -11.958  14.512 0.0000000000
82570  -20.377  -11.617  15.099 0.0000000000
80731  -19.908  -13.121  14.959 0.0000000000
77133  -15.188  -16.989  17.809 0.0000000000
77992  -15.835  -16.440  16.865 0.0000000000
77144  -16.288  -17.199  16.530 0.0000000000
78016  -17.840  -16.832  15.065 0.0000000000
141143  -16.576  -18.014  16.097 0.0000000000
72821  -18.120  -21.797  16.112 0.0000000000
133429  -19.064  -20.441  15.514 0.0000000000
73688  -20.109  -21.578  15.545 0.0000000000
73690  -21.738  -20.879  15.654 0.0000000000
131608  -20.321  -22.266  15.502 0.0000000000
91205  -12.902  -1.461  20.519 0.0000000000
92028  -13.239  -0.392  21.213 0.0000000000
92045  -15.074  -0.612  19.185 0.0000000000
92885  -16.901  0.518  18.864 0.0000000000
91230  -17.882  -1.615  17.553 0.0000000000
89480  -17.894  -3.819  16.604 0.0000000000
83406  -13.781  -11.159  18.567 0.0000000000
84263  -13.111  -9.877  19.539 0.0000000000
85091  -13.462  -8.291  19.321 0.0000000000
86035  -13.545  -7.507  18.781 0.0000000000
85122  -15.175  -8.096  17.178 0.0000000000
85158  -20.852  -8.069  15.816 0.0000000000
86093  -19.680  -7.210  14.886 0.0000000000
86082  -22.736  -7.325  16.931 0.0000000000
137821  -20.420  -15.983  16.010 0.0000000000
78888  -20.787  -15.299  16.174 0.0000000000
69192  -17.862  -26.619  17.043 0.0000000000
70144  -17.793  -25.147  17.127 0.0000000000
71037  -18.216  -24.406  16.926 0.0000000000
147052  -19.484  -25.706  16.592 0.0000000000
75354  -15.945  -19.758  17.237 0.0000000000
75364  -16.751  -19.770  16.589 0.0000000000
74506  -16.206  -20.505  16.873 0.0000000000
74508  -16.962  -21.193  16.390 0.0000000000
72810  -17.799  -22.217  16.475 0.0000000000
90320  -13.387  -2.513  19.519 0.0000000000
131452  -15.734  -1.974  17.796 0.0000000000
134495  -13.279  -3.112  19.398 0.0000000000
142694  -14.763  -3.807  18.537 0.0000000000
132647  -15.835  -4.683  17.458 0.0000000000
135890  -14.415  -14.040  18.734 0.0000000000
80676  -14.480  -13.326  18.037 0.0000000000
82526  -14.613  -12.047  17.766 0.0000000000
83446  -15.427  -10.252  16.959 0.0000000000
85155  -16.215  -8.478  16.208 0.0000000000
84318  -16.647  -9.652  15.575 0.0000000000
84333  -19.187  -9.417  14.505 0.0000000000
84321  -21.250  -9.531  15.830 0.0000000000
83448  -22.062  -10.331  16.533 0.0000000000
68320  -20.423  -27.611  17.017 0.0000000000
69195  -20.471  -26.666  16.807 0.0000000000
78853  -15.113  -15.500  18.093 0.0000000000
128199  -15.560  -14.809  16.797 0.0000000000
79778  -16.952  -14.706  15.121 0.0000000000
147665  -19.089  -14.196  14.744 0.0000000000
78905  -18.201  -15.285  14.707 0.0000000000
77178  -18.634  -16.755  15.071 0.0000000000
77165  -20.158  -17.285  15.754 0.0000000000
76286  -17.686  -18.949  15.740 0.0000000000
76287  -18.997  -18.667  15.478 0.0000000000
134054  -20.797  -18.898  15.536 0.0000000000
135859  -22.336  -19.742  16.092 0.0000000000
74521  -23.262  -20.620  15.942 0.0000000000
90348  -19.355  -2.291  17.518 0.0000000000
86850  -12.504  -6.679  20.743 0.0000000000
86884  -15.185  -6.170  18.161 0.0000000000
145896  -16.935  -5.766  16.121 0.0000000000
86091  -16.935  -7.632  15.498 0.0000000000
125642  -18.796  -6.076  15.002 0.0000000000
140117  -20.882  -5.368  16.351 0.0000000000
134738  -20.526  -13.884  15.846 0.0000000000
80697  -21.874  -13.556  17.089 0.0000000000
71888  -15.610  -23.405  18.209 0.0000000000
71911  -17.391  -23.189  17.114 0.0000000000
71912  -17.989  -23.594  16.900 0.0000000000
71923  -19.427  -23.649  15.850 0.0000000000
70147  -20.110  -25.766  16.339 0.0000000000
124410  -21.178  -24.826  15.911 0.0000000000
71924  -20.347  -23.598  15.579 0.0000000000
87703  -10.473  -5.964  22.633 0.0000000000
80727  -16.995  -13.352  14.790 0.0000000000
81664  -16.827  -12.605  15.126 0.0000000000
81665  -17.611  -12.648  14.782 0.0000000000
135465  -17.853  -11.875  14.778 0.0000000000
81666  -18.411  -12.278  14.613 0.0000000000
127362  -19.567  -12.523  14.656 0.0000000000
131931  -18.962  -12.801  14.530 0.0000000000
76261  -15.007  -17.832  17.606 0.0000000000
77143  -15.640  -17.325  17.214 0.0000000000
126925  -16.020  -17.958  16.714 0.0000000000
73687  -19.061  -21.511  15.747 0.0000000000
135237  -19.489  -22.277  15.741 0.0000000000
91210  -13.848  -1.366  19.401 0.0000000000
92043  -13.798  -0.870  19.849 0.0000000000
92050  -15.674  -0.683  18.530 0.0000000000
92069  -17.459  -0.771  17.613 0.0000000000
91216  -16.098  -1.468  18.072 0.0000000000
148496  -18.991  -4.047  16.343 0.0000000000
134367  -19.295  -3.475  16.464 0.0000000000
89483  -20.841  -3.998  16.731 0.0000000000
88666  -20.483  -4.483  16.332 0.0000000000
129977  -14.142  -10.065  18.363 0.0000000000
130880  -13.654  -10.299  19.028 0.0000000000
84264  -13.586  -9.503  18.928 0.0000000000
84253  -13.252  -8.988  19.522 0.0000000000
147016  -13.582  -8.813  18.802 0.0000000000
85102  -13.892  -8.254  18.468 0.0000000000
85103  -14.523  -8.379  17.790 0.0000000000
85146  -22.471  -8.040  16.473 0.0000000000
137111  -21.742  -7.943  16.152 0.0000000000
78019  -20.678  -16.742  16.114 0.0000000000
126005  -21.345  -16.126  16.455 0.0000000000
77993  -21.488  -17.049  16.440 0.0000000000
68326  -19.327  -27.305  16.758 0.0000000000
69182  -17.404  -25.906  17.186 0.0000000000
132251  -18.204  -25.782  17.084 0.0000000000
70145  -18.543  -25.062  16.863 0.0000000000
134523  -18.977  -25.705  16.875 0.0000000000
75347  -15.449  -19.715  17.853 0.0000000000
74498  -15.854  -20.487  17.182 0.0000000000
73675  -16.771  -21.564  16.707 0.0000000000
73676  -17.283  -21.719  16.505 0.0000000000
72809  -17.363  -22.237  16.740 0.0000000000
133398  -12.165  -3.029  20.364 0.0000000000
90328  -13.762  -2.886  18.899 0.0000000000
89431  -12.413  -3.699  20.167 0.0000000000
144631  -12.331  -4.966  20.179 0.0000000000
88612  -13.306  -4.380  19.498 0.0000000000
88627  -14.321  -4.446  18.442 0.0000000000
88628  -15.209  -4.414  18.141 0.0000000000
87755  -14.854  -5.325  18.312 0.0000000000
132655  -14.642  -13.879  17.765 0.0000000000
80677  -14.903  -13.418  17.537 0.0000000000
82568  -16.093  -11.842  16.109 0.0000000000
82527  -15.101  -12.172  17.429 0.0000000000
83423  -15.128  -11.216  17.299 0.0000000000
83447  -15.772  -10.952  16.427 0.0000000000
135788  -15.865  -10.096  16.480 0.0000000000
83462  -16.331  -10.263  15.989 0.0000000000
83475  -18.685  -10.278  14.453 0.0000000000
83476  -19.591  -10.266  14.551 0.0000000000
84320  -20.545  -9.538  15.378 0.0000000000
84308  -21.924  -9.502  16.325 0.0000000000
83465  -21.447  -10.306  15.956 0.0000000000
138133  -21.108  -11.873  15.703 0.0000000000
82552  -21.602  -11.132  16.168 0.0000000000
137522  -22.240  -12.805  17.090 0.0000000000
126727  -20.286  -28.453  17.257 0.0000000000
67402  -20.699  -28.427  18.128 0.0000000000
137317  -14.659  -15.832  18.561 0.0000000000
78841  -14.702  -15.090  18.613 0.0000000000
78864  -15.958  -15.603  16.420 0.0000000000
78854  -15.470  -15.596  17.232 0.0000000000
79754  -16.243  -14.785  16.063 0.0000000000
78885  -17.312  -15.497  15.211 0.0000000000
78904  -17.633  -15.188  14.819 0.0000000000
77164  -19.334  -17.047  15.369 0.0000000000
127227  -19.576  -17.889  15.617 0.0000000000
75375  -17.305  -19.706  16.184 0.0000000000
75377  -18.671  -19.596  15.466 0.0000000000
75378  -19.535  -19.461  15.445 0.0000000000
76288  -19.981  -18.707  15.478 0.0000000000
142943  -20.278  -19.360  15.486 0.0000000000
75380  -21.545  -19.282  15.777 0.0000000000
75379  -20.875  -19.731  15.575 0.0000000000
73691  -22.487  -21.345  15.753 0.0000000000
73677  -23.413  -21.347  15.987 0.0000000000
90344  -15.796  -2.725  17.604 0.0000000000
90345  -16.365  -2.161  17.425 0.0000000000
90346  -17.397  -2.508  17.582 0.0000000000
81588  -13.774  -12.803  18.796 0.0000000000
86002  -11.056  -7.803  21.457 0.0000000000
86848  -11.164  -7.338  21.734 0.0000000000
123468  -11.485  -6.602  21.750 0.0000000000
86849  -11.858  -7.198  21.223 0.0000000000
86904  -14.571  -6.864  17.955 0.0000000000
86869  -14.048  -6.754  18.656 0.0000000000
128871  -15.458  -6.075  17.166 0.0000000000
87793  -15.795  -6.035  16.542 0.0000000000
85156  -16.696  -8.359  15.665 0.0000000000
86090  -16.355  -7.669  15.980 0.0000000000
86100  -17.774  -7.669  15.190 0.0000000000
86941  -20.912  -6.663  16.047 0.0000000000
86939  -19.304  -6.577  14.769 0.0000000000
87812  -19.608  -5.889  15.205 0.0000000000
87798  -22.575  -6.287  17.064 0.0000000000
79800  -19.385  -14.588  15.049 0.0000000000
79801  -20.016  -14.032  15.260 0.0000000000
79779  -19.959  -14.790  15.376 0.0000000000
79755  -21.629  -14.345  16.974 0.0000000000
134510  -16.803  -24.920  17.427 0.0000000000
133765  -15.876  -24.205  17.985 0.0000000000
71900  -16.198  -23.497  17.674 0.0000000000
71913  -18.511  -23.783  16.583 0.0000000000
71922  -18.762  -23.331  16.294 0.0000000000
71914  -18.989  -23.916  16.264 0.0000000000
69196  -20.879  -26.016  16.646 0.0000000000
71050  -20.776  -24.255  15.746 0.0000000000
73662  -15.712  -21.087  17.240 0.0000000000
130798  -15.678  -21.753  17.807 0.0000000000
89430  -11.710  -3.471  20.538 0.0000000000
88594  -10.954  -4.273  21.449 0.0000000000
87725  -11.327  -4.899  21.262 0.0000000000
87727  -12.577  -5.776  20.614 0.0000000000
80695  -15.505  -13.390  16.888 0.0000000000
80711  -16.051  -13.349  16.084 0.0000000000
81650  -16.329  -12.602  15.754 0.0000000000
82569  -16.644  -11.858  15.481 0.0000000000
83473  -17.316  -10.511  14.843 0.0000000000
82583  -17.569  -11.227  14.746 0.0000000000
82584  -18.427  -11.327  14.513 0.0000000000
82585  -19.344  -11.093  14.451 0.0000000000
131079  -20.449  -10.836  15.067 0.0000000000
81668  -19.790  -11.742  14.629 0.0000000000
141687  -20.030  -12.311  14.898 0.0000000000
81651  -20.471  -12.588  15.406 0.0000000000
77132  -14.821  -16.978  18.292 0.0000000000
77977  -15.376  -16.399  17.613 0.0000000000
78014  -16.514  -16.351  16.132 0.0000000000
78015  -17.236  -16.188  15.472 0.0000000000
133706  -16.968  -17.114  15.698 0.0000000000
77162  -17.480  -17.990  15.510 0.0000000000
74518  -17.522  -21.080  15.950 0.0000000000
74519  -18.101  -20.407  15.632 0.0000000000
133395  -18.280  -21.083  15.669 0.0000000000
133431  -19.820  -20.884  15.592 0.0000000000
133430  -20.803  -20.707  15.560 0.0000000000
73689  -21.244  -21.683  15.547 0.0000000000
144584  -22.088  -22.284  15.712 0.0000000000
91194  -12.397  -1.568  21.082 0.0000000000
92036  -14.111  -0.481  20.087 0.0000000000
92875  -15.539  0.061  19.044 0.0000000000
125671  -19.203  -1.177  17.878 0.0000000000
146953  -17.308  -3.261  17.354 0.0000000000
90363  -18.856  -2.767  16.654 0.0000000000
89467  -18.023  -3.225  17.307 0.0000000000
83394  -12.153  -9.801  20.226 0.0000000000
84251  -12.084  -9.006  20.278 0.0000000000
85089  -12.250  -8.411  20.178 0.0000000000
86020  -12.488  -7.827  20.120 0.0000000000
86021  -13.201  -7.717  19.703 0.0000000000
86036  -14.295  -7.544  18.216 0.0000000000
86059  -15.398  -7.385  17.115 0.0000000000
86102  -19.299  -7.812  14.594 0.0000000000
86101  -18.601  -7.584  14.644 0.0000000000
86103  -20.021  -7.953  15.072 0.0000000000
86095  -21.343  -7.337  16.199 0.0000000000
86924  -21.797  -6.715  16.561 0.0000000000
144061  -19.858  -15.865  15.596 0.0000000000
78887  -20.206  -15.323  15.659 0.0000000000
78865  -21.532  -15.226  16.763 0.0000000000
70132  -17.055  -25.333  17.299 0.0000000000
71025  -17.464  -24.411  17.218 0.0000000000
70146  -19.347  -25.115  16.449 0.0000000000
76262  -15.548  -18.856  17.493 0.0000000000
136251  -16.036  -19.104  17.185 0.0000000000
76273  -16.394  -18.839  16.811 0.0000000000
75363  -16.307  -19.810  16.920 0.0000000000
74507  -16.561  -20.549  16.610 0.0000000000
73674  -16.166  -21.043  16.849 0.0000000000
142022  -16.477  -21.003  16.622 0.0000000000
73686  -17.493  -21.607  16.307 0.0000000000
72822  -18.422  -22.590  16.327 0.0000000000
90297  -11.024  -1.715  21.839 0.0000000000
90299  -12.096  -2.219  21.335 0.0000000000
90311  -13.344  -2.149  20.235 0.0000000000
91211  -14.439  -1.492  19.045 0.0000000000
91215  -15.500  -1.536  18.389 0.0000000000
90329  -14.435  -2.258  18.788 0.0000000000
90330  -15.236  -2.399  18.380 0.0000000000
89452  -14.492  -3.043  18.489 0.0000000000
89441  -12.819  -3.640  19.518 0.0000000000
89451  -13.923  -3.688  18.467 0.0000000000
89465  -15.894  -3.438  17.591 0.0000000000
88641  -16.346  -4.042  17.502 0.0000000000
148469  -17.085  -4.635  16.666 0.0000000000
81589  -14.203  -12.804  18.392 0.0000000000
81609  -14.713  -12.827  17.711 0.0000000000
81608  -14.466  -12.707  18.112 0.0000000000
82509  -14.247  -12.050  18.260 0.0000000000
83407  -14.463  -11.002  17.938 0.0000000000
145082  -14.530  -10.173  17.859 0.0000000000
84306  -15.159  -9.497  17.168 0.0000000000
134657  -14.939  -8.825  17.273 0.0000000000
84307  -15.608  -9.597  16.726 0.0000000000
135317  -16.553  -8.981  15.794 0.0000000000
84331  -17.611  -9.173  15.007 0.0000000000
136351  -17.833  -9.966  14.692 0.0000000000
84332  -18.425  -9.305  14.657 0.0000000000
85167  -18.906  -8.516  14.510 0.0000000000
85169  -20.297  -8.754  15.309 0.0000000000
134257  -21.007  -8.827  15.775 0.0000000000
85147  -22.857  -8.511  16.730 0.0000000000
84309  -22.611  -9.426  16.751 0.0000000000
83450  -23.168  -9.761  17.297 0.0000000000
76274  -22.075  -18.153  16.322 0.0000000000
68319  -19.947  -27.997  16.719 0.0000000000
68327  -19.976  -27.228  16.710 0.0000000000
69194  -19.561  -26.416  16.700 0.0000000000
79735  -14.755  -14.491  18.069 0.0000000000
144949  -14.856  -14.209  17.681 0.0000000000
135725  -15.213  -14.753  17.609 0.0000000000
79753  -15.744  -14.073  16.423 0.0000000000
130925  -16.720  -13.878  14.971 0.0000000000
79797  -17.198  -14.005  14.698 0.0000000000
80729  -18.728  -13.724  14.617 0.0000000000
79798  -17.877  -14.467  14.632 0.0000000000
79799  -18.701  -14.613  14.742 0.0000000000
78906  -18.903  -15.336  15.018 0.0000000000
78034  -17.792  -15.862  14.911 0.0000000000
78035  -18.398  -16.048  14.937 0.0000000000
78017  -19.208  -16.134  15.269 0.0000000000
78018  -19.920  -16.520  15.686 0.0000000000
77166  -20.987  -17.521  15.967 0.0000000000
76285  -17.012  -18.895  16.217 0.0000000000
124461  -18.198  -18.445  15.430 0.0000000000
75376  -17.891  -19.677  15.689 0.0000000000
145623  -18.320  -19.042  15.522 0.0000000000
76289  -20.509  -18.083  15.661 0.0000000000
76290  -21.401  -18.357  15.874 0.0000000000
76291  -22.218  -18.866  16.157 0.0000000000
132724  -21.623  -20.150  15.778 0.0000000000
74520  -22.441  -20.507  15.879 0.0000000000
91229  -16.907  -1.491  17.457 0.0000000000
91231  -18.881  -1.769  17.800 0.0000000000
86819  -11.175  -6.208  22.100 0.0000000000
86833  -12.077  -6.216  21.315 0.0000000000
86868  -13.558  -6.891  19.598 0.0000000000
86851  -13.240  -6.322  20.271 0.0000000000
87740  -13.815  -5.917  19.410 0.0000000000
87756  -15.417  -5.365  17.708 0.0000000000
125739  -17.099  -5.169  16.257 0.0000000000
87795  -18.176  -5.163  16.089 0.0000000000
86080  -15.744  -7.721  16.566 0.0000000000
86935  -16.087  -7.044  16.242 0.0000000000
86092  -18.048  -7.016  14.856 0.0000000000
86937  -17.318  -6.889  15.400 0.0000000000
87809  -16.839  -6.268  15.887 0.0000000000
87810  -17.498  -5.823  15.776 0.0000000000
87811  -18.971  -5.331  15.391 0.0000000000
143329  -19.947  -4.947  15.501 0.0000000000
88667  -21.367  -4.857  16.834 0.0000000000
80730  -19.354  -13.199  14.693 0.0000000000
80713  -20.284  -13.368  15.414 0.0000000000
80714  -20.622  -13.199  15.884 0.0000000000
79781  -20.950  -14.500  16.367 0.0000000000
80696  -21.115  -13.565  16.500 0.0000000000
138308  -21.566  -12.910  16.728 0.0000000000
71901  -16.729  -23.125  17.341 0.0000000000
128966  -17.791  -22.805  16.755 0.0000000000
72811  -18.216  -23.034  16.569 0.0000000000
72823  -19.094  -22.869  16.067 0.0000000000
70148  -21.016  -25.426  16.217 0.0000000000
71039  -19.432  -24.372  16.081 0.0000000000
71049  -19.977  -24.208  15.664 0.0000000000
72824  -19.885  -22.937  15.554 0.0000000000
144755  -21.032  -22.771  15.571 0.0000000000
71040  -20.237  -24.895  15.911 0.0000000000
79720  -14.566  -14.399  18.540 0.0000000000
79777  -16.316  -14.023  15.605 0.0000000000
79780  -20.417  -14.649  15.733 0.0000000000
80728  -17.794  -13.540  14.652 0.0000000000
81575  -13.441  -12.694  19.404 0.0000000000
81633  -15.297  -12.752  17.247 0.0000000000
82498  -13.523  -12.232  19.099 0.0000000000
82551  -15.548  -11.925  16.861 0.0000000000
82571  -20.946  -11.012  15.567 0.0000000000
82582  -16.985  -11.152  15.195 0.0000000000
82586  -20.056  -10.983  14.566 0.0000000000
83463  -16.765  -10.397  15.320 0.0000000000
83464  -20.787  -10.262  15.455 0.0000000000
84252  -12.481  -9.094  19.833 0.0000000000
84262  -12.366  -9.827  19.974 0.0000000000
84310  -23.081  -8.892  16.942 0.0000000000
84317  -16.150  -9.409  16.258 0.0000000000
84319  -16.941  -9.064  15.342 0.0000000000
84330  -17.083  -9.783  14.975 0.0000000000
84334  -19.871  -9.495  14.906 0.0000000000
85090  -12.783  -8.370  19.681 0.0000000000
85145  -15.536  -8.791  16.756 0.0000000000
85157  -17.334  -8.393  15.315 0.0000000000
85159  -21.759  -8.696  16.158 0.0000000000
85168  -19.565  -8.655  14.761 0.0000000000
86001  -10.123  -8.085  21.067 0.0000000000
86003  -11.469  -7.807  21.091 0.0000000000
86058  -14.804  -7.496  17.547 0.0000000000
86081  -22.175  -7.323  16.573 0.0000000000
86094  -20.475  -7.297  15.535 0.0000000000
86818  -11.056  -6.297  22.132 0.0000000000
86847  -10.617  -7.486  21.947 0.0000000000
86866  -12.347  -7.372  20.605 0.0000000000
86867  -13.106  -7.149  20.366 0.0000000000
86905  -15.182  -6.789  17.426 0.0000000000
86923  -16.168  -6.430  16.215 0.0000000000
86925  -22.433  -6.742  16.906 0.0000000000
86936  -16.522  -6.951  15.792 0.0000000000
86938  -17.994  -6.394  15.224 0.0000000000
86940  -20.087  -6.570  15.290 0.0000000000
86948  -18.646  -6.779  14.660 0.0000000000
86949  -19.103  -7.131  14.468 0.0000000000
87704  -10.405  -5.477  22.379 0.0000000000
87726  -11.726  -5.248  20.721 0.0000000000
87754  -13.983  -5.151  18.625 0.0000000000
87772  -15.827  -5.424  16.907 0.0000000000
87773  -16.512  -4.796  16.877 0.0000000000
87794  -16.372  -5.697  16.345 0.0000000000
87797  -22.104  -6.205  16.812 0.0000000000
87799  -22.922  -6.308  17.229 0.0000000000
87813  -20.473  -5.897  15.726 0.0000000000
88602  -11.518  -4.303  20.962 0.0000000000
88611  -12.513  -4.350  19.677 0.0000000000
88626  -13.642  -4.373  18.688 0.0000000000
88640  -15.660  -3.971  17.698 0.0000000000
88642  -17.237  -3.941  17.263 0.0000000000
88663  -17.626  -4.499  16.504 0.0000000000
88664  -18.402  -4.289  16.339 0.0000000000
88665  -19.635  -4.216  16.208 0.0000000000
89442  -13.534  -3.659  19.225 0.0000000000
89453  -15.364  -3.417  18.263 0.0000000000
89481  -18.576  -3.545  16.558 0.0000000000
89482  -20.142  -3.683  16.539 0.0000000000
90319  -12.685  -2.886  19.795 0.0000000000
90321  -14.080  -2.160  19.332 0.0000000000
90347  -18.391  -2.338  17.344 0.0000000000
90349  -20.360  -2.408  17.379 0.0000000000
91193  -11.786  -1.649  21.583 0.0000000000
91206  -13.579  -1.472  20.097 0.0000000000
92044  -14.343  -0.744  19.352 0.0000000000
92070  -18.337  -0.931  17.683 0.0000000000
92884  -16.306  -0.070  18.604 0.0000000000
126580  -14.428  -13.890  18.188 0.0000000000
130818  -13.492  -5.012  19.121 0.0000000000
133533  -18.283  -5.731  15.444 0.0000000000
134050  -19.449  -13.816  14.832 0.0000000000
134358  -17.519  -20.342  15.974 0.0000000000
134658  -14.861  -10.245  17.473 0.0000000000
137428  -14.580  -9.435  17.706 0.0000000000
137596  -22.397  -8.804  16.458 0.0000000000
140852  -14.545  -5.997  18.664 0.0000000000
141909  -12.385  -0.278  21.396 0.0000000000
143599  -21.344  -8.368  16.024 0.0000000000
144765  -13.675  -1.968  19.853 0.0000000000
145233  -14.541  -6.456  18.333 0.0000000000
146058  -14.773  -1.691  18.507 0.0000000000
146123  -17.393  -6.336  15.573 0.0000000000
146143  -11.148  -6.842  22.114 0.0000000000
