#!ascii label  , from subject sub-01 vox2ras=TkReg
438
21760  -24.333  -77.665  14.838 0.6999999881
22677  -25.016  -76.833  13.894 0.6000000238
22678  -25.647  -76.788  13.624 0.6000000238
22679  -26.265  -76.948  13.275 0.4000000060
23645  -18.707  -75.351  9.920 0.6999999881
24596  -18.765  -74.875  9.940 0.6999999881
23633  -18.475  -75.667  10.233 0.6999999881
140784  -19.469  -75.060  9.814 0.6000000238
23620  -19.209  -75.646  11.289 0.6999999881
23634  -19.517  -75.509  10.155 0.6000000238
133512  -20.126  -75.986  12.111 0.6000000238
22686  -20.126  -75.666  10.850 0.6000000238
22673  -20.582  -76.308  13.134 0.6000000238
22687  -20.695  -75.946  11.489 0.6000000238
136884  -21.508  -75.371  10.597 0.5000000000
128781  -22.003  -76.220  12.419 0.5000000000
22701  -21.729  -75.796  11.501 0.5000000000
22689  -22.780  -76.154  13.018 0.6000000238
136327  -23.108  -76.624  13.692 0.6000000238
23603  -23.485  -75.902  13.346 0.6000000238
22676  -23.628  -76.463  13.672 0.6000000238
23604  -24.415  -76.287  13.815 0.6000000238
25519  -17.918  -74.376  10.572 0.6000000238
24580  -18.851  -74.374  10.947 0.6000000238
24597  -19.591  -74.646  10.195 0.6000000238
24598  -20.302  -74.778  9.879 0.6000000238
25521  -20.978  -74.076  10.181 0.6000000238
23647  -20.621  -75.144  9.826 0.6000000238
23635  -20.891  -75.434  10.188 0.6000000238
23649  -21.805  -74.904  10.366 0.6000000238
23636  -22.084  -75.177  11.057 0.6000000238
23621  -22.341  -75.664  12.050 0.6000000238
24581  -22.623  -74.746  11.776 0.6999999881
23622  -22.829  -75.536  12.700 0.6000000238
125395  -23.222  -74.980  13.172 0.6000000238
23605  -25.346  -76.280  13.880 0.5000000000
126525  -18.170  -73.882  11.892 0.6000000238
124975  -18.987  -74.251  12.229 0.6000000238
25488  -19.585  -73.891  13.020 0.6000000238
25505  -19.822  -74.219  11.569 0.6000000238
25520  -20.357  -74.312  10.434 0.6000000238
25489  -20.426  -73.591  12.602 0.6000000238
25506  -20.900  -73.602  11.091 0.6000000238
25522  -21.644  -73.496  10.580 0.6000000238
24611  -21.098  -74.591  9.915 0.6000000238
25523  -22.043  -73.703  10.383 0.6000000238
25508  -22.522  -73.479  11.093 0.6999999881
24565  -24.101  -75.478  13.871 0.6000000238
23590  -24.984  -75.563  14.262 0.6000000238
23606  -26.033  -76.126  13.668 0.4000000060
25504  -17.499  -73.403  12.788 0.6000000238
25487  -18.507  -73.724  13.191 0.6000000238
26374  -20.860  -73.083  13.204 0.5000000000
25490  -21.143  -73.134  12.160 0.6000000238
26397  -22.159  -72.925  10.853 0.6999999881
24582  -22.927  -73.911  12.422 0.6000000238
24564  -23.419  -74.203  13.550 0.6000000238
148364  -23.839  -74.730  14.027 0.6000000238
24550  -25.370  -74.653  14.732 0.6000000238
23592  -26.396  -75.288  13.954 0.4000000060
23591  -25.749  -75.432  14.208 0.5000000000
26373  -16.848  -72.837  13.484 0.5000000000
26352  -17.879  -73.097  14.489 0.6000000238
25470  -18.358  -73.467  14.105 0.6000000238
25471  -19.245  -73.649  14.045 0.6000000238
26354  -19.720  -73.074  14.686 0.5000000000
25472  -20.190  -73.503  13.795 0.5000000000
26375  -21.485  -72.432  12.341 0.6000000238
27252  -21.582  -71.601  12.699 0.6000000238
26389  -22.239  -72.238  11.423 0.6999999881
147928  -22.434  -72.577  11.254 0.6999999881
26376  -23.043  -72.266  12.658 0.6000000238
25509  -22.797  -72.818  11.892 0.6999999881
25491  -23.197  -73.336  13.227 0.6000000238
25473  -23.933  -73.923  14.535 0.6000000238
25455  -24.641  -73.680  15.273 0.6000000238
24551  -26.096  -74.689  14.533 0.5000000000
139451  -17.199  -72.651  14.358 0.6000000238
26331  -17.814  -72.508  15.178 0.6000000238
26353  -18.641  -73.154  14.733 0.5000000000
26332  -18.997  -72.608  15.437 0.6000000238
26333  -20.085  -72.344  15.387 0.5000000000
26355  -20.607  -72.690  14.265 0.6000000238
26334  -20.720  -72.027  14.890 0.5000000000
26356  -21.168  -72.410  13.351 0.6000000238
27240  -21.102  -71.879  13.957 0.5000000000
28163  -22.032  -70.389  12.441 0.5000000000
27261  -22.100  -71.116  12.115 0.6000000238
29073  -22.051  -69.821  12.646 0.5000000000
27262  -22.491  -71.037  12.100 0.5000000000
126489  -22.288  -71.617  11.838 0.6000000238
28156  -22.379  -70.349  12.480 0.4000000060
26390  -22.588  -71.907  11.771 0.6999999881
28157  -22.758  -70.186  12.773 0.4000000060
27254  -23.188  -70.858  13.161 0.5000000000
131392  -23.261  -71.824  13.532 0.6000000238
27241  -23.454  -71.468  14.409 0.5000000000
148173  -23.536  -72.248  14.655 0.6000000238
26335  -23.861  -71.964  15.377 0.5000000000
25454  -24.059  -72.963  15.274 0.6000000238
25474  -26.376  -73.993  14.680 0.5000000000
146115  -25.835  -74.115  14.947 0.6000000238
27217  -17.448  -71.504  15.522 0.5000000000
27219  -19.303  -71.987  15.978 0.5000000000
27220  -20.537  -71.592  15.594 0.4000000060
27221  -21.033  -71.185  14.690 0.4000000060
126802  -21.362  -70.950  13.391 0.5000000000
135949  -21.730  -70.759  12.576 0.5000000000
28155  -21.577  -70.188  12.945 0.5000000000
130245  -22.299  -68.843  13.049 0.4000000060
29063  -22.285  -69.644  12.759 0.4000000060
29064  -22.819  -69.454  13.190 0.4000000060
28148  -23.258  -70.090  13.555 0.5000000000
29055  -23.435  -69.319  14.110 0.5000000000
138717  -23.445  -70.719  14.163 0.5000000000
27222  -23.626  -71.075  15.196 0.5000000000
26337  -25.510  -72.779  15.723 0.5000000000
25457  -25.995  -73.366  15.236 0.5000000000
26336  -24.698  -72.348  15.974 0.6000000238
145939  -25.423  -73.289  15.493 0.5000000000
28147  -21.347  -70.306  13.853 0.4000000060
29054  -21.540  -69.534  13.403 0.5000000000
130286  -21.637  -68.837  13.347 0.5000000000
30025  -21.638  -68.120  13.229 0.5000000000
30027  -22.964  -68.631  13.416 0.4000000060
132931  -23.661  -69.681  15.219 0.5000000000
26323  -25.647  -71.916  16.122 0.5000000000
26338  -26.546  -72.885  14.950 0.3000000119
29040  -23.750  -68.857  15.238 0.5000000000
27223  -24.281  -71.436  15.935 0.5000000000
142144  -21.958  -68.265  12.941 0.4000000060
32007  -21.639  -66.874  13.408 0.4000000060
31989  -23.234  -66.510  13.643 0.4000000060
30026  -22.431  -67.916  13.061 0.4000000060
137137  -23.621  -67.712  14.085 0.4000000060
31009  -23.515  -67.186  13.813 0.4000000060
30016  -23.792  -67.949  14.879 0.5000000000
27224  -26.355  -71.564  15.777 0.4000000060
130374  -26.283  -72.380  15.460 0.4000000060
28134  -23.986  -70.478  15.798 0.5000000000
138853  -25.380  -71.225  16.341 0.5000000000
29041  -24.087  -69.614  16.001 0.5000000000
129576  -24.654  -70.229  16.327 0.5000000000
27204  -24.926  -71.617  16.301 0.5000000000
32898  -23.511  -65.819  14.000 0.4000000060
31010  -23.869  -67.240  14.552 0.4000000060
28114  -26.291  -70.413  16.261 0.4000000060
28113  -25.506  -70.477  16.434 0.5000000000
30005  -24.236  -68.234  15.807 0.5000000000
29025  -25.058  -69.524  16.481 0.5000000000
32899  -24.094  -65.880  14.691 0.4000000060
29026  -26.133  -69.747  16.505 0.4000000060
29042  -26.849  -69.904  16.192 0.3000000119
31001  -24.292  -67.421  15.459 0.5000000000
137420  -24.281  -68.955  16.148 0.5000000000
29992  -25.813  -68.903  16.616 0.3000000119
29993  -26.807  -69.009  16.529 0.3000000119
31980  -24.251  -66.641  15.086 0.4000000060
137858  -25.467  -68.205  16.639 0.5000000000
31968  -24.824  -66.812  16.138 0.4000000060
30987  -24.814  -67.783  16.313 0.5000000000
33786  -24.287  -64.524  15.100 0.4000000060
128703  -27.168  -68.089  16.754 0.3000000119
131747  -24.341  -65.299  15.144 0.4000000060
30988  -25.570  -67.487  16.710 0.4000000060
32891  -24.568  -65.955  15.576 0.4000000060
148169  -24.494  -63.513  15.649 0.5000000000
30989  -26.514  -67.374  16.939 0.3000000119
30990  -27.402  -67.238  16.759 0.4000000060
31972  -28.238  -66.363  16.476 0.4000000060
31002  -27.900  -67.805  16.352 0.4000000060
142881  -24.839  -65.142  15.982 0.4000000060
31969  -25.752  -66.529  16.900 0.5000000000
31970  -26.841  -66.587  17.065 0.4000000060
33777  -25.396  -64.664  16.778 0.5000000000
32880  -25.067  -65.994  16.349 0.5000000000
32881  -25.558  -65.533  16.847 0.5000000000
32882  -26.422  -65.829  17.214 0.4000000060
31960  -27.303  -65.929  17.142 0.4000000060
32871  -28.041  -65.874  16.869 0.4000000060
31981  -28.616  -66.556  15.857 0.3000000119
33776  -24.718  -64.096  15.975 0.5000000000
128218  -25.309  -63.914  16.775 0.5000000000
34615  -27.643  -63.967  17.583 0.4000000060
33769  -28.276  -64.335  17.154 0.3000000119
36507  -24.617  -61.728  16.410 0.5000000000
33767  -26.925  -64.526  17.602 0.4000000060
32870  -27.084  -65.277  17.437 0.4000000060
33768  -27.751  -64.789  17.405 0.4000000060
32872  -28.374  -65.135  16.954 0.4000000060
33778  -28.900  -64.944  16.051 0.3000000119
34623  -24.821  -63.247  16.265 0.5000000000
33766  -26.002  -64.226  17.395 0.5000000000
32869  -26.209  -65.028  17.318 0.5000000000
35540  -27.387  -63.019  17.878 0.4000000060
142423  -28.292  -63.339  17.307 0.4000000060
127256  -24.210  -61.097  16.137 0.5000000000
128328  -28.705  -63.995  16.386 0.3000000119
35551  -25.068  -62.481  16.821 0.5000000000
35538  -25.806  -62.462  17.732 0.5000000000
125537  -26.432  -63.014  17.892 0.5000000000
34614  -26.697  -63.712  17.736 0.5000000000
136286  -25.664  -63.321  17.338 0.5000000000
35541  -27.995  -62.408  17.801 0.4000000060
37506  -24.121  -60.279  16.407 0.5000000000
37497  -26.198  -60.830  18.182 0.5000000000
35552  -28.503  -62.386  17.051 0.3000000119
130285  -28.728  -63.034  16.298 0.3000000119
146994  -24.637  -60.317  17.060 0.5000000000
130199  -25.494  -61.095  17.625 0.5000000000
36508  -25.231  -61.741  17.320 0.5000000000
129595  -24.300  -76.769  13.931 0.6000000238
21771  -25.617  -77.360  13.847 0.5000000000
22688  -21.317  -76.195  11.945 0.6000000238
25507  -21.802  -72.691  11.279 0.6999999881
24549  -24.555  -74.794  14.499 0.6000000238
24539  -24.789  -74.240  15.029 0.6000000238
27263  -23.013  -71.316  12.306 0.5000000000
26357  -23.372  -72.817  14.117 0.6000000238
29062  -21.783  -69.620  12.910 0.5000000000
30035  -21.938  -69.049  13.044 0.5000000000
27253  -22.793  -70.721  12.358 0.4000000060
129664  -23.222  -67.841  13.537 0.4000000060
31019  -22.084  -67.065  13.120 0.4000000060
134692  -26.253  -68.204  16.797 0.4000000060
31971  -27.670  -66.506  16.795 0.4000000060
32883  -28.597  -65.801  16.324 0.3000000119
37495  -24.746  -60.955  16.950 0.5000000000
36495  -26.007  -61.698  18.071 0.5000000000
17368  -20.187  -82.340  14.341 0.5000000000
17381  -21.405  -82.618  13.626 0.5000000000
17369  -20.980  -82.326  14.359 0.5000000000
17383  -22.848  -82.201  13.202 0.5000000000
125827  -22.052  -82.528  12.980 0.5000000000
129645  -22.178  -82.340  13.656 0.4000000060
18245  -20.521  -81.905  14.893 0.5000000000
17370  -21.887  -82.175  14.397 0.6000000238
18246  -21.399  -81.907  14.985 0.6000000238
17382  -22.732  -82.135  14.163 0.5000000000
123045  -24.102  -81.932  12.318 0.4000000060
125363  -18.385  -79.860  15.729 0.6999999881
19106  -18.740  -80.523  15.538 0.6999999881
19108  -20.514  -80.873  15.995 0.6999999881
18231  -22.004  -81.407  15.559 0.5000000000
18230  -20.973  -81.439  15.532 0.6999999881
18269  -23.435  -82.013  13.912 0.5000000000
18248  -23.351  -81.751  14.687 0.5000000000
18247  -22.529  -81.835  14.926 0.5000000000
18271  -25.439  -81.615  13.076 0.5000000000
18291  -23.909  -81.992  13.206 0.5000000000
135081  -16.047  -79.100  14.622 0.5000000000
19958  -16.621  -79.491  14.848 0.6999999881
20811  -17.643  -78.510  15.641 0.6999999881
142014  -17.760  -79.476  15.546 0.6999999881
19943  -18.439  -79.039  16.055 0.6999999881
19107  -19.600  -80.714  15.831 0.6000000238
19110  -22.697  -80.886  15.818 0.6999999881
19093  -22.031  -80.518  16.182 0.6000000238
18249  -24.238  -81.672  14.229 0.5000000000
18233  -23.946  -81.280  15.151 0.6000000238
18232  -23.047  -81.367  15.410 0.6000000238
18270  -24.716  -81.729  13.501 0.5000000000
18272  -26.307  -81.342  12.759 0.5000000000
21755  -16.567  -77.597  14.702 0.5000000000
21739  -17.115  -77.939  15.267 0.6999999881
19929  -19.171  -79.045  16.286 0.6999999881
21726  -19.246  -77.718  16.151 0.6999999881
20795  -18.438  -77.976  15.999 0.6999999881
19092  -21.041  -80.334  16.380 0.8000000119
19931  -20.702  -79.499  16.536 0.6999999881
19111  -23.490  -80.631  15.729 0.6000000238
19933  -22.481  -79.697  16.318 0.6999999881
19123  -24.827  -81.079  14.792 0.6999999881
19112  -24.440  -80.569  15.390 0.6000000238
19140  -26.095  -81.123  13.640 0.6000000238
19124  -25.707  -80.659  14.486 0.6000000238
19151  -26.855  -80.796  13.134 0.6000000238
21767  -15.433  -77.610  13.389 0.5000000000
22668  -15.878  -76.739  12.656 0.6000000238
21768  -16.120  -77.204  13.868 0.5000000000
22657  -16.805  -76.772  14.242 0.6000000238
21756  -17.284  -77.104  14.944 0.6000000238
21740  -17.842  -77.472  15.525 0.6999999881
21742  -19.778  -77.058  15.713 0.6999999881
139290  -18.753  -76.411  15.009 0.6000000238
20797  -20.401  -78.595  16.493 0.6999999881
21727  -20.106  -77.768  16.265 0.6999999881
19932  -21.629  -79.647  16.479 0.6999999881
19946  -24.919  -79.794  15.455 0.6999999881
146829  -26.659  -80.195  14.028 0.6999999881
145918  -26.164  -80.056  14.592 0.6999999881
22670  -17.142  -76.188  13.502 0.6000000238
22658  -17.559  -76.415  14.379 0.6000000238
22647  -18.046  -76.665  15.108 0.6000000238
21728  -20.967  -77.893  16.359 0.8000000119
21743  -20.683  -77.193  15.717 0.5000000000
22648  -19.497  -76.447  15.092 0.6000000238
20800  -22.899  -78.947  16.278 0.6999999881
20813  -22.507  -78.223  16.067 0.6999999881
20816  -25.244  -79.123  15.334 0.6999999881
20815  -24.589  -79.046  15.616 0.6999999881
19977  -27.230  -79.408  13.651 0.5000000000
19961  -26.317  -79.413  14.565 0.6999999881
20835  -26.990  -78.595  13.824 0.5000000000
139855  -15.571  -76.838  11.521 0.5000000000
22683  -16.267  -76.556  11.246 0.5000000000
22684  -16.922  -76.349  10.979 0.6000000238
22685  -16.749  -76.210  12.322 0.6000000238
23618  -17.357  -76.030  11.489 0.6000000238
23600  -17.581  -75.853  12.536 0.6000000238
23619  -18.083  -75.739  11.357 0.6000000238
22671  -18.822  -75.871  13.519 0.6000000238
23601  -18.468  -75.715  12.517 0.6000000238
21758  -22.223  -77.083  15.018 0.6000000238
21757  -21.312  -76.741  15.014 0.5000000000
22672  -19.697  -76.019  13.358 0.5000000000
21746  -23.653  -77.928  15.472 0.6000000238
142453  -22.799  -77.258  14.773 0.6000000238
20826  -24.958  -78.428  15.180 0.6000000238
21762  -25.946  -78.061  14.266 0.5000000000
22712  -16.419  -76.371  9.841 0.5000000000
22697  -16.718  -76.463  10.206 0.6000000238
22661  -20.969  -76.469  14.116 0.5000000000
22663  -22.740  -76.876  14.207 0.4000000060
22662  -21.877  -76.639  14.094 0.5000000000
22674  -21.453  -76.472  12.967 0.5000000000
21770  -24.720  -77.210  14.109 0.6000000238
22711  -15.755  -76.354  9.911 0.5000000000
23643  -16.312  -76.070  9.560 0.6000000238
24610  -17.712  -75.489  9.667 0.6000000238
128982  -17.839  -75.780  9.879 0.6000000238
22675  -22.338  -76.486  13.332 0.5000000000
23642  -15.509  -75.963  9.779 0.5000000000
24608  -16.091  -75.438  9.854 0.5000000000
24609  -16.910  -75.505  9.677 0.6000000238
133735  -18.111  -75.020  9.689 0.6000000238
24607  -15.377  -75.383  10.305 0.5000000000
24593  -15.698  -74.592  10.812 0.5000000000
24594  -16.610  -74.693  10.214 0.6000000238
24595  -17.412  -74.821  9.859 0.6000000238
24592  -14.824  -74.939  11.027 0.5000000000
24579  -15.008  -74.254  11.623 0.5000000000
25517  -16.336  -74.071  11.099 0.5000000000
25503  -16.485  -73.505  11.750 0.6000000238
25518  -17.021  -74.060  10.729 0.6000000238
25502  -15.610  -73.686  11.880 0.5000000000
25501  -14.711  -73.894  12.498 0.5000000000
132063  -17.276  -73.602  11.668 0.5000000000
26385  -15.058  -73.036  12.795 0.5000000000
25486  -14.195  -73.388  13.286 0.5000000000
26371  -15.345  -72.344  13.345 0.5000000000
26386  -15.890  -72.934  12.590 0.5000000000
26387  -16.663  -73.096  12.605 0.4000000060
27249  -14.845  -71.663  13.778 0.5000000000
26372  -16.060  -72.351  13.435 0.4000000060
27250  -15.427  -71.594  13.894 0.4000000060
27251  -15.886  -71.533  14.129 0.4000000060
27238  -16.213  -70.982  14.622 0.4000000060
145985  -23.278  -76.914  14.117 0.6000000238
21761  -25.253  -77.879  14.509 0.5000000000
21772  -26.498  -77.845  13.719 0.4000000060
127970  -20.073  -76.242  14.232 0.6000000238
26351  -16.413  -72.036  14.178 0.4000000060
27216  -16.770  -70.957  15.139 0.4000000060
19930  -19.836  -79.299  16.432 0.6999999881
20812  -21.762  -78.093  16.247 0.6999999881
19945  -24.102  -79.811  15.786 0.6999999881
19095  -23.272  -79.741  16.104 0.6999999881
22649  -20.405  -76.550  15.058 0.6000000238
22660  -19.197  -76.118  14.334 0.6000000238
19960  -25.680  -79.743  15.011 0.6999999881
129490  -22.191  -77.630  15.736 0.6999999881
130198  -23.132  -78.310  15.858 0.6999999881
20827  -25.767  -78.702  14.848 0.6000000238
20828  -26.428  -78.615  14.288 0.6000000238
17380  -20.459  -82.739  13.793 0.5000000000
18250  -25.239  -81.444  14.039 0.5000000000
18292  -24.991  -81.762  12.172 0.4000000060
19091  -20.122  -80.160  16.364 0.6999999881
19094  -22.809  -80.331  16.072 0.6999999881
19109  -21.316  -80.963  16.019 0.6999999881
19113  -25.149  -80.434  15.090 0.6999999881
19944  -19.141  -79.871  16.153 0.6999999881
19959  -17.251  -79.902  15.062 0.6999999881
19976  -26.795  -79.236  14.152 0.6999999881
20796  -19.597  -78.451  16.379 0.6999999881
20798  -21.261  -78.750  16.519 0.6999999881
20799  -22.106  -78.883  16.412 0.6999999881
20810  -16.572  -78.572  14.994 0.6999999881
20814  -23.742  -78.842  15.916 0.6999999881
21741  -18.767  -76.992  15.661 0.6000000238
21744  -21.530  -77.386  15.716 0.6999999881
21745  -22.846  -77.656  15.393 0.6000000238
21747  -24.287  -78.345  15.472 0.6999999881
21759  -23.357  -77.317  14.657 0.6000000238
21769  -23.825  -76.984  14.075 0.6000000238
22659  -18.360  -76.156  14.398 0.6000000238
22669  -16.491  -76.540  13.408 0.6000000238
22696  -15.911  -76.639  10.426 0.5000000000
22698  -20.277  -75.459  10.100 0.6000000238
22699  -20.598  -75.646  10.670 0.6000000238
22700  -21.100  -75.744  11.058 0.5000000000
23602  -19.295  -75.782  12.576 0.6000000238
23632  -17.476  -76.120  10.271 0.6000000238
23644  -17.061  -76.074  9.798 0.6000000238
23646  -19.846  -75.244  9.888 0.6000000238
23648  -21.322  -75.040  9.956 0.6000000238
24599  -22.198  -74.387  10.625 0.6999999881
24612  -21.681  -74.440  10.162 0.6000000238
25456  -25.294  -73.807  15.267 0.5000000000
25469  -17.665  -73.289  13.787 0.6000000238
25530  -21.521  -74.019  10.147 0.6000000238
26370  -14.543  -72.485  13.551 0.5000000000
26388  -22.025  -71.804  11.771 0.6000000238
27205  -26.036  -71.083  16.190 0.4000000060
27239  -16.888  -71.797  14.881 0.4000000060
28112  -24.754  -70.949  16.349 0.5000000000
28133  -23.510  -70.216  14.702 0.5000000000
29991  -24.919  -68.606  16.446 0.5000000000
30015  -23.531  -68.381  14.115 0.4000000060
30991  -28.082  -66.994  16.367 0.4000000060
31020  -22.868  -67.180  13.362 0.4000000060
31026  -21.802  -67.580  13.132 0.4000000060
34630  -24.208  -63.707  15.083 0.5000000000
35550  -24.473  -62.406  15.872 0.5000000000
36496  -28.245  -61.700  17.599 0.4000000060
126260  -24.652  -81.837  12.864 0.5000000000
129007  -17.943  -75.901  13.561 0.6000000238
129136  -24.935  -73.213  15.664 0.6000000238
129886  -20.883  -76.313  12.291 0.6000000238
131387  -19.952  -71.719  15.982 0.5000000000
135794  -23.771  -66.556  14.259 0.4000000060
139842  -28.568  -64.620  16.714 0.4000000060
142427  -17.090  -79.108  15.330 0.6999999881
144341  -27.755  -65.414  17.240 0.4000000060
145760  -17.088  -78.550  15.329 0.6999999881
146698  -18.950  -78.431  16.233 0.6999999881
148410  -21.958  -81.881  15.002 0.5000000000
