#!ascii label  , from subject sub-01 vox2ras=TkReg
1821
31998  -22.446  -66.460  13.340 0.5000000000
31997  -21.805  -66.453  13.342 0.4000000060
31996  -21.531  -66.110  13.608 0.6000000238
130877  -21.989  -65.771  13.375 0.6000000238
135463  -23.207  -65.175  13.754 0.6000000238
32908  -22.799  -65.760  13.539 0.5000000000
34640  -23.691  -64.050  14.366 0.6000000238
31008  -21.316  -67.135  13.763 0.6999999881
33803  -21.945  -64.273  13.544 0.6999999881
133878  -22.505  -64.919  13.518 0.6999999881
34639  -23.031  -63.666  13.805 0.6999999881
34630  -24.208  -63.707  15.083 0.5000000000
35571  -23.582  -63.118  14.466 0.6999999881
33794  -23.750  -65.013  14.402 0.5000000000
126711  -15.334  -68.066  17.307 0.5000000000
31988  -21.282  -66.251  13.866 0.6999999881
33802  -21.342  -64.417  13.841 0.6999999881
34653  -22.236  -63.596  13.594 0.6999999881
33792  -21.080  -63.910  14.045 0.6999999881
35570  -22.489  -62.922  13.900 0.6999999881
34652  -21.497  -63.720  13.796 0.6999999881
142273  -21.623  -62.705  14.091 0.6999999881
35559  -23.853  -62.358  15.085 0.6000000238
31957  -21.249  -67.008  17.955 0.6999999881
30964  -22.200  -67.144  17.825 0.6999999881
32889  -21.181  -65.230  14.128 0.6999999881
32890  -21.673  -65.597  14.793 0.6999999881
29003  -15.736  -69.352  17.185 0.6000000238
28090  -14.899  -69.651  16.651 0.4000000060
143249  -21.144  -64.531  14.069 0.6999999881
35558  -23.128  -62.277  14.422 0.6999999881
140080  -22.356  -60.643  14.532 0.6999999881
36521  -24.067  -61.669  15.603 0.6000000238
31943  -19.498  -65.332  18.076 0.6999999881
123278  -20.649  -66.096  18.374 0.6999999881
31958  -22.923  -66.919  17.324 0.6999999881
31944  -21.753  -66.541  18.464 0.6999999881
31935  -21.205  -65.699  18.966 0.6999999881
29959  -16.930  -68.059  18.218 0.6000000238
31959  -23.359  -66.195  16.982 0.6999999881
32878  -22.418  -65.492  15.589 0.6999999881
142242  -22.967  -66.050  16.181 0.6999999881
31946  -23.279  -66.248  17.859 0.6999999881
31936  -22.264  -66.086  19.027 0.6999999881
28091  -16.314  -70.573  17.203 0.5000000000
148374  -15.629  -70.209  16.837 0.5000000000
34638  -21.187  -63.086  14.228 0.6999999881
34629  -21.057  -63.533  14.419 0.6999999881
32857  -23.552  -65.554  18.070 0.6999999881
127546  -15.393  -70.978  16.663 0.4000000060
131108  -22.160  -62.148  14.329 0.6999999881
136989  -21.394  -64.025  15.026 0.6999999881
32879  -23.077  -65.446  16.391 0.6999999881
133639  -23.418  -65.902  17.577 0.6999999881
27191  -14.526  -71.385  16.763 0.4000000060
138426  -20.948  -63.024  14.533 0.6999999881
33775  -23.114  -64.650  16.609 0.6999999881
33765  -23.579  -64.750  17.503 0.6999999881
36535  -22.851  -61.667  14.478 0.6999999881
35569  -21.065  -61.847  14.569 0.6999999881
35549  -21.922  -62.657  16.164 0.6999999881
34612  -22.779  -63.235  16.742 0.6999999881
130055  -23.037  -61.005  14.658 0.6999999881
35548  -20.845  -62.214  15.434 0.6999999881
127256  -24.210  -61.097  16.137 0.6000000238
37519  -22.882  -60.277  14.976 0.6999999881
37518  -21.998  -60.059  14.643 0.6999999881
39338  -24.691  -58.838  17.763 0.5000000000
38361  -24.532  -59.650  17.217 0.5000000000
139959  -26.540  -60.371  18.392 0.4000000060
38345  -26.074  -60.046  18.268 0.5000000000
32845  -21.793  -65.209  19.595 0.6999999881
28992  -18.108  -69.673  18.560 0.6000000238
33774  -22.396  -64.689  15.727 0.6999999881
29004  -16.618  -69.679  17.549 0.5000000000
135740  -23.648  -65.345  18.814 0.6999999881
135447  -20.802  -62.495  14.726 0.6999999881
35557  -21.116  -63.096  15.100 0.6999999881
37532  -21.484  -60.760  14.488 0.6999999881
36504  -20.245  -60.960  15.537 0.6999999881
39354  -23.553  -58.399  16.644 0.6999999881
37520  -23.637  -60.813  15.443 0.6999999881
38376  -23.765  -59.291  16.446 0.6999999881
38375  -23.341  -59.822  15.707 0.6999999881
127145  -24.119  -58.154  17.413 0.6999999881
147633  -18.511  -65.820  19.674 0.6999999881
32843  -18.548  -64.928  19.835 0.6999999881
32834  -18.587  -64.009  19.968 0.8000000119
34582  -19.472  -62.834  20.112 0.8000000119
31934  -18.854  -66.746  19.683 0.6000000238
31924  -19.291  -66.122  20.184 0.6000000238
132405  -19.202  -64.791  20.532 0.6000000238
34596  -19.613  -63.076  19.713 0.8000000119
146731  -19.120  -67.550  19.600 0.6000000238
137410  -19.718  -68.178  19.764 0.6000000238
33747  -20.984  -64.078  19.851 0.6999999881
28981  -18.615  -69.071  19.040 0.6000000238
126537  -18.871  -68.187  19.362 0.6000000238
131871  -17.782  -70.182  18.175 0.6000000238
28064  -18.917  -70.098  18.922 0.6000000238
32846  -23.348  -65.316  19.418 0.6999999881
27193  -17.068  -71.394  17.608 0.5000000000
138226  -17.866  -71.042  18.002 0.6000000238
33748  -21.964  -64.543  20.178 0.6999999881
33759  -23.869  -64.721  18.414 0.6999999881
37531  -20.794  -60.749  14.760 0.6999999881
36519  -20.408  -61.733  15.060 0.6999999881
34621  -23.209  -63.943  16.989 0.6999999881
39352  -22.458  -58.086  15.799 0.8000000119
38392  -22.534  -59.496  15.231 0.6999999881
36518  -20.437  -61.202  14.966 0.6999999881
124922  -22.169  -62.027  16.840 0.6999999881
39353  -22.927  -57.826  16.295 0.8000000119
38403  -21.215  -60.119  14.757 0.6999999881
38389  -20.330  -59.728  15.743 0.6999999881
39318  -25.492  -58.717  18.374 0.5000000000
39319  -26.909  -59.070  18.627 0.5000000000
40254  -26.883  -58.223  18.787 0.5000000000
38347  -27.589  -59.530  18.390 0.4000000060
31925  -20.161  -65.956  20.743 0.6000000238
33732  -19.468  -64.059  20.983 0.8000000119
33731  -19.114  -63.538  20.335 0.8999999762
30956  -19.682  -67.280  19.953 0.6000000238
34566  -19.913  -62.272  20.850 0.8000000119
34583  -19.990  -62.463  20.414 0.8000000119
34584  -20.756  -62.456  20.710 0.8000000119
29951  -19.535  -69.027  19.560 0.6000000238
28982  -19.413  -69.739  19.343 0.6000000238
33733  -21.445  -63.498  20.455 0.8000000119
27180  -17.727  -72.054  18.189 0.6000000238
28076  -18.417  -70.599  18.516 0.6000000238
132171  -19.238  -71.037  18.887 0.6000000238
33734  -22.560  -64.197  20.555 0.6999999881
27192  -16.186  -71.712  17.301 0.5000000000
33760  -24.212  -64.284  18.971 0.6999999881
33750  -24.229  -64.240  19.684 0.6999999881
26314  -16.186  -72.539  17.645 0.5000000000
26315  -16.891  -72.363  17.789 0.5000000000
34606  -23.975  -63.700  18.350 0.6999999881
136171  -23.635  -64.106  17.754 0.6999999881
40288  -22.089  -57.352  16.187 0.8000000119
38391  -21.640  -59.444  15.073 0.8000000119
38402  -20.706  -60.174  15.040 0.6999999881
37504  -20.184  -60.183  16.063 0.6999999881
36492  -20.923  -61.122  16.491 0.6999999881
39369  -21.081  -58.599  15.604 0.6999999881
122960  -26.152  -59.335  18.502 0.5000000000
30945  -20.349  -66.969  20.476 0.6999999881
31909  -20.990  -65.896  21.221 0.6999999881
33717  -20.006  -64.063  21.534 0.8000000119
137753  -20.055  -63.210  21.730 0.8000000119
138113  -20.646  -68.054  20.308 0.6999999881
32821  -20.946  -65.034  21.621 0.8000000119
34548  -20.472  -62.085  21.897 0.8000000119
29952  -20.452  -68.985  19.986 0.6000000238
35509  -20.365  -62.119  21.024 0.8000000119
28983  -20.285  -69.910  19.717 0.6000000238
34585  -21.926  -62.721  21.039 0.6999999881
126003  -18.395  -72.680  18.570 0.6000000238
27181  -18.644  -71.717  18.599 0.6000000238
33736  -24.064  -64.078  20.398 0.8000000119
34586  -23.375  -63.682  20.910 0.6999999881
26304  -17.566  -73.204  18.403 0.6000000238
34587  -24.153  -63.585  20.754 0.8000000119
26303  -16.601  -73.223  18.178 0.4000000060
35536  -22.803  -62.591  17.118 0.6999999881
35537  -23.535  -62.715  17.951 0.6999999881
34607  -24.381  -63.604  19.211 0.6999999881
129564  -14.925  -72.908  18.398 0.4000000060
36494  -22.838  -61.768  17.590 0.6999999881
35527  -24.241  -62.860  18.719 0.6999999881
40303  -21.676  -57.898  15.750 0.8000000119
39368  -20.257  -58.927  16.006 0.8000000119
36493  -21.887  -61.359  16.978 0.6999999881
37494  -20.636  -60.180  16.657 0.6999999881
39336  -23.476  -57.484  16.933 0.8000000119
40269  -24.177  -57.261  17.699 0.6999999881
40255  -27.660  -57.795  18.553 0.5000000000
39321  -28.256  -58.359  18.107 0.4000000060
31910  -21.664  -66.572  21.406 0.6000000238
130540  -21.823  -65.909  21.688 0.6999999881
33718  -20.786  -63.998  22.020 0.8000000119
34568  -20.478  -62.855  22.171 0.8000000119
28972  -21.073  -69.702  20.266 0.6999999881
35493  -21.546  -61.750  21.794 0.8000000119
146700  -20.424  -70.622  19.703 0.6000000238
35472  -21.073  -61.832  22.214 0.8000000119
27168  -20.432  -71.230  19.756 0.6000000238
144493  -23.373  -62.204  21.902 0.8000000119
34569  -22.780  -62.428  21.560 0.8000000119
26305  -18.563  -73.659  18.752 0.6000000238
26292  -19.260  -72.838  19.117 0.6000000238
34598  -24.526  -63.505  20.094 0.8999999762
34570  -23.840  -63.028  21.324 0.8000000119
148382  -23.972  -61.415  18.770 0.8000000119
36483  -24.388  -62.119  19.101 0.8000000119
25430  -16.940  -74.282  18.536 0.5000000000
38344  -22.169  -59.357  18.383 0.8000000119
36482  -23.250  -61.080  18.228 0.6999999881
143680  -16.199  -74.111  18.546 0.4000000060
41145  -22.235  -55.983  16.681 0.8000000119
144889  -20.756  -57.791  16.056 0.8000000119
40302  -20.249  -58.006  16.340 0.8000000119
38358  -19.923  -58.733  16.746 0.8000000119
36481  -22.392  -60.770  17.559 0.6999999881
40289  -22.644  -56.866  16.548 0.8000000119
38388  -20.110  -58.975  16.466 0.8000000119
129707  -21.489  -60.689  17.084 0.6999999881
39334  -19.680  -58.145  16.867 0.8000000119
41146  -23.299  -56.386  17.124 0.8000000119
41161  -19.588  -56.772  16.754 0.8000000119
41130  -24.998  -57.151  18.427 0.6000000238
124686  -26.801  -57.202  18.944 0.5000000000
31911  -22.252  -66.744  21.822 0.6000000238
33698  -21.522  -63.705  22.675 0.6999999881
29941  -21.639  -68.362  20.916 0.6000000238
34549  -21.016  -62.371  22.539 0.6999999881
28054  -21.301  -70.153  20.659 0.6000000238
30931  -22.071  -68.130  21.564 0.6000000238
30932  -22.350  -67.568  21.978 0.6000000238
28045  -21.498  -70.184  21.293 0.6000000238
35494  -22.436  -61.675  22.258 0.8000000119
27167  -20.172  -72.275  19.737 0.6000000238
133226  -20.651  -71.448  20.338 0.6000000238
35473  -21.749  -61.713  22.579 0.6999999881
131066  -19.129  -73.867  19.263 0.5000000000
35495  -24.329  -62.430  21.608 0.8000000119
25432  -18.541  -74.659  19.219 0.3000000119
36472  -25.113  -61.122  20.138 0.8000000119
35521  -25.146  -61.916  20.471 0.8000000119
37476  -23.716  -60.504  18.861 0.8000000119
36471  -24.497  -61.296  19.351 0.8000000119
39316  -21.702  -58.568  18.526 0.8000000119
40287  -20.041  -57.276  16.450 0.8000000119
38359  -20.317  -59.115  17.172 0.8000000119
38343  -21.175  -59.057  17.973 0.8000000119
37484  -22.717  -60.189  18.266 0.6999999881
39335  -19.635  -58.240  17.040 0.8000000119
40268  -19.352  -57.379  16.910 0.8000000119
41147  -24.208  -56.366  18.153 0.6999999881
125706  -26.199  -56.329  19.026 0.6000000238
40270  -28.484  -57.105  17.450 0.3000000119
32822  -22.364  -66.012  22.340 0.6000000238
32805  -22.551  -64.946  22.891 0.6999999881
33699  -22.208  -63.753  23.277 0.6999999881
34534  -22.439  -62.888  23.607 0.6999999881
27143  -18.538  -71.416  22.486 0.5000000000
130319  -21.619  -69.422  20.909 0.6000000238
29927  -22.237  -68.335  22.065 0.6000000238
127741  -22.534  -61.565  22.915 0.6999999881
26284  -19.896  -73.085  20.573 0.5000000000
28044  -21.100  -70.799  20.857 0.5000000000
28964  -21.794  -69.537  21.703 0.6000000238
36432  -24.290  -61.458  22.918 0.6999999881
24476  -18.586  -74.919  20.574 0.3000000119
26293  -19.574  -73.456  19.849 0.5000000000
35475  -23.523  -61.766  22.477 0.8000000119
36449  -25.497  -61.482  21.587 0.8000000119
125489  -23.766  -59.770  19.261 0.8999999762
37467  -25.004  -60.013  20.112 0.8999999762
36461  -25.516  -61.412  20.890 0.8000000119
24503  -17.102  -75.444  18.861 0.4000000060
38332  -22.600  -58.960  18.895 0.8999999762
37485  -23.100  -59.592  18.816 0.8999999762
38334  -24.215  -59.487  19.695 0.8999999762
42035  -21.239  -54.994  16.602 0.8000000119
41163  -21.413  -56.248  16.405 0.8000000119
38360  -21.582  -59.901  17.590 0.8000000119
141057  -22.445  -55.483  17.032 0.8000000119
42020  -24.431  -55.366  18.531 0.6999999881
127181  -25.181  -56.324  18.738 0.6000000238
124929  -27.210  -56.255  18.878 0.6000000238
41131  -27.790  -56.877  18.561 0.6000000238
31892  -22.561  -66.885  22.482 0.6000000238
125730  -22.720  -66.111  23.009 0.6000000238
33683  -22.788  -64.305  23.674 0.6999999881
30916  -22.468  -67.746  22.702 0.6000000238
28954  -22.041  -68.982  22.056 0.6000000238
35453  -23.050  -61.708  23.579 0.8000000119
27151  -20.022  -72.168  21.761 0.6000000238
28036  -21.081  -70.792  21.703 0.5000000000
28953  -21.709  -69.434  22.434 0.6000000238
35452  -22.202  -61.835  23.246 0.6999999881
25401  -18.890  -74.297  21.224 0.4000000060
36433  -25.331  -61.334  22.403 0.6999999881
25422  -19.068  -74.472  19.887 0.4000000060
36448  -24.835  -61.890  22.010 0.8000000119
38321  -24.758  -59.105  20.172 0.8000000119
140575  -25.773  -60.900  21.369 0.8000000119
133454  -21.951  -57.938  18.878 0.8999999762
39302  -24.014  -58.789  19.798 0.8000000119
37452  -25.673  -60.439  20.817 0.8000000119
122808  -22.829  -57.768  19.342 0.8000000119
42033  -19.867  -55.510  16.893 0.8000000119
41128  -19.664  -56.645  17.349 0.8000000119
39315  -20.465  -58.407  17.792 0.6999999881
39314  -19.887  -57.623  17.545 0.8000000119
42036  -23.371  -55.444  17.608 0.8000000119
42034  -20.168  -54.339  16.868 0.8000000119
42021  -25.618  -55.540  19.030 0.6999999881
43841  -27.510  -53.724  18.353 0.6000000238
42915  -28.007  -54.426  17.954 0.6000000238
42929  -28.054  -54.434  17.001 0.6000000238
30904  -22.429  -67.620  23.405 0.6000000238
33669  -23.280  -64.226  24.618 0.8000000119
33684  -23.119  -63.924  24.067 0.6999999881
28950  -18.867  -69.442  23.017 0.5000000000
28939  -21.333  -69.154  23.170 0.5000000000
35474  -23.301  -61.491  23.078 0.6999999881
139427  -20.108  -70.840  22.629 0.5000000000
28035  -20.796  -70.562  22.458 0.5000000000
36412  -23.620  -61.411  24.110 0.8000000119
37417  -24.849  -60.800  23.882 0.8000000119
27144  -19.682  -71.482  22.402 0.5000000000
36413  -24.248  -61.133  23.657 0.8000000119
37418  -25.698  -60.701  22.720 0.8000000119
37419  -26.088  -60.075  22.985 0.8000000119
37438  -25.868  -60.872  21.989 0.8000000119
37453  -26.044  -60.169  21.653 0.8000000119
37439  -26.068  -60.290  22.322 0.8000000119
38322  -25.442  -59.579  20.574 0.8000000119
39286  -23.475  -58.286  19.606 0.8000000119
38307  -25.884  -59.558  21.138 0.8000000119
132975  -19.842  -54.130  17.274 0.8000000119
41119  -21.262  -56.659  18.618 0.8000000119
40251  -20.399  -57.069  18.102 0.8999999762
42928  -22.041  -54.356  17.288 0.8000000119
42927  -20.344  -53.652  17.015 0.8000000119
42912  -24.065  -54.158  18.461 0.6999999881
42914  -27.375  -54.719  18.691 0.6999999881
42896  -24.779  -53.591  18.980 0.6999999881
42913  -25.189  -54.624  19.007 0.6999999881
43840  -27.047  -53.202  18.720 0.6999999881
42898  -26.799  -53.913  18.960 0.6999999881
32754  -22.540  -65.385  25.156 0.8000000119
143182  -22.675  -66.366  23.931 0.6000000238
33650  -22.825  -64.550  25.453 0.6000000238
33651  -23.274  -63.704  25.317 0.8000000119
33682  -18.208  -64.915  24.117 0.6000000238
31862  -19.281  -66.445  24.194 0.5000000000
30903  -21.845  -67.835  23.965 0.6000000238
31865  -21.862  -66.847  24.568 0.6000000238
34500  -23.384  -62.774  25.058 0.8000000119
34518  -17.757  -63.023  23.991 0.6000000238
33668  -18.808  -64.262  24.562 0.6000000238
31863  -20.001  -66.404  24.538 0.5000000000
30902  -20.852  -68.058  24.131 0.5000000000
37416  -17.292  -60.783  23.937 0.5000000000
35451  -17.396  -62.422  23.728 0.5000000000
35438  -17.915  -62.379  24.217 0.6000000238
147168  -19.896  -68.797  23.540 0.5000000000
30887  -20.113  -67.191  24.254 0.5000000000
36399  -24.212  -60.929  24.495 0.8000000119
132638  -25.488  -60.476  23.519 0.8000000119
134521  -17.774  -61.050  24.320 0.5000000000
29901  -20.662  -68.694  23.656 0.5000000000
37415  -16.691  -60.431  23.451 0.4000000060
28952  -21.072  -69.859  22.815 0.5000000000
37403  -25.910  -59.795  23.787 0.6999999881
40220  -25.793  -58.145  21.450 0.8000000119
39273  -26.340  -58.720  22.081 0.8000000119
39256  -26.489  -58.903  22.749 0.6999999881
40242  -22.967  -56.939  19.473 0.8000000119
39287  -24.360  -58.176  20.238 0.8000000119
40221  -26.304  -57.771  22.130 0.8000000119
39288  -25.103  -57.669  20.838 0.8000000119
40232  -25.004  -56.740  20.913 0.8000000119
42910  -20.685  -52.801  17.369 0.8999999762
42926  -19.583  -53.253  17.343 0.8999999762
41129  -20.169  -55.838  17.969 0.8000000119
40241  -22.183  -57.222  18.973 0.8000000119
42018  -19.823  -54.309  17.578 1.0000000000
132700  -21.232  -55.775  18.640 0.8000000119
42019  -23.395  -54.601  17.900 0.8000000119
33649  -22.031  -64.909  25.769 0.8000000119
128649  -22.835  -63.855  25.893 0.8000000119
34499  -23.155  -63.175  25.858 0.8000000119
34496  -18.949  -62.893  25.026 0.6000000238
32753  -21.756  -65.591  25.372 0.6000000238
35420  -23.357  -62.228  25.657 0.8000000119
36397  -18.141  -61.634  24.484 0.5000000000
128748  -18.435  -63.190  24.471 0.6000000238
138974  -19.411  -64.909  24.812 0.6000000238
32752  -20.990  -65.655  25.362 0.6000000238
36398  -23.662  -61.446  25.016 0.8000000119
146682  -24.472  -60.512  25.123 0.8000000119
37402  -25.159  -60.275  24.524 0.6999999881
32751  -20.230  -65.158  25.219 0.6000000238
31844  -21.336  -66.214  25.059 0.6000000238
38273  -17.200  -59.949  23.970 0.4000000060
37400  -17.710  -60.330  24.461 0.4000000060
37401  -18.331  -60.826  24.869 0.4000000060
36377  -18.748  -61.618  25.136 0.4000000060
38256  -17.601  -59.291  24.771 0.4000000060
38257  -18.130  -59.987  25.057 0.4000000060
36378  -19.404  -61.590  25.943 0.4000000060
38274  -26.374  -59.356  23.190 0.6999999881
39220  -18.741  -58.202  25.682 0.4000000060
38244  -19.229  -59.691  26.103 0.5000000000
39232  -18.064  -58.246  25.197 0.3000000119
39221  -19.354  -58.628  26.220 0.5000000000
37384  -19.335  -60.623  26.059 0.5000000000
40230  -23.627  -57.508  19.837 0.8000000119
40231  -24.325  -57.163  20.426 0.8000000119
128516  -25.673  -57.254  21.486 0.8000000119
41106  -26.353  -56.852  22.095 0.8000000119
42908  -19.473  -53.087  17.385 1.0000000000
129897  -20.648  -53.929  18.654 0.8000000119
42004  -21.813  -55.103  19.054 0.8000000119
41120  -22.138  -56.335  19.112 0.8000000119
41992  -23.590  -55.756  20.265 0.8000000119
41114  -23.640  -56.626  20.073 0.8000000119
43849  -19.531  -52.802  17.469 1.0000000000
42005  -22.872  -54.955  19.752 0.8000000119
42911  -22.527  -53.496  17.899 0.8000000119
42894  -19.923  -52.757  18.560 0.8000000119
43839  -23.261  -52.983  18.656 0.8999999762
43825  -25.401  -52.981  19.228 0.6999999881
42897  -25.852  -53.879  19.183 0.6999999881
44857  -26.636  -52.587  18.742 0.6999999881
44868  -27.386  -52.734  18.066 0.6999999881
44885  -27.065  -52.932  15.595 0.6000000238
44877  -26.578  -52.216  16.062 0.6999999881
145164  -26.673  -52.112  18.292 0.6999999881
44891  -26.949  -52.090  14.965 0.6000000238
44884  -26.718  -52.212  15.366 0.6000000238
34481  -22.542  -63.415  26.310 0.8000000119
35403  -22.883  -62.650  26.379 0.8000000119
34519  -19.233  -63.555  25.016 0.5000000000
35401  -21.257  -62.887  26.694 0.8000000119
129529  -21.576  -62.189  26.929 0.8000000119
35402  -22.141  -62.827  26.707 0.8000000119
36379  -23.551  -61.410  25.910 0.8000000119
35439  -18.565  -62.333  24.726 0.5000000000
34497  -19.492  -63.024  25.544 0.6000000238
35419  -19.747  -62.476  26.059 0.5000000000
33632  -21.443  -64.331  26.148 0.8000000119
36380  -23.957  -60.871  25.382 0.6999999881
35400  -20.455  -62.720  26.455 0.6999999881
33648  -20.508  -64.383  25.754 0.6999999881
37386  -24.205  -60.308  25.760 0.6999999881
38258  -24.755  -59.987  25.393 0.6999999881
131317  -25.309  -59.672  25.121 0.6999999881
38259  -25.801  -59.445  24.577 0.6999999881
141756  -26.585  -58.421  24.009 0.6999999881
132597  -26.957  -56.769  23.455 0.6999999881
40179  -18.646  -57.584  25.282 0.4000000060
40180  -19.476  -57.541  25.633 0.4000000060
41104  -24.928  -55.885  20.995 0.8000000119
40210  -26.724  -57.298  22.771 0.6999999881
41115  -24.267  -56.278  20.588 0.8000000119
41993  -24.189  -55.453  20.685 0.8000000119
43791  -25.222  -53.764  21.639 0.6999999881
140667  -20.291  -52.286  19.162 0.8000000119
145977  -23.558  -54.999  20.350 0.8000000119
43838  -21.255  -52.062  18.006 0.8999999762
44856  -20.405  -50.992  18.414 0.8999999762
43837  -19.873  -51.819  17.975 0.8000000119
142231  -19.818  -51.799  18.515 0.8000000119
42879  -21.442  -52.737  19.785 0.8000000119
43824  -24.161  -52.509  18.973 0.8999999762
43823  -22.245  -51.561  18.532 0.8000000119
45780  -25.222  -51.603  18.921 0.8000000119
42943  -27.794  -54.814  15.938 0.4000000060
44846  -25.825  -52.403  19.107 0.8000000119
45790  -26.167  -51.368  18.122 0.6999999881
44867  -26.701  -51.969  17.368 0.6999999881
46739  -27.161  -50.693  14.572 0.5000000000
36358  -22.484  -61.944  26.821 0.6999999881
123838  -21.484  -60.762  27.289 0.6999999881
37368  -23.614  -59.860  26.614 0.6999999881
38243  -18.499  -59.177  25.561 0.4000000060
38232  -20.425  -59.616  27.000 0.6000000238
124070  -22.368  -60.993  27.130 0.6999999881
38245  -24.938  -59.312  25.672 0.6999999881
38246  -25.614  -59.063  25.294 0.6999999881
39223  -25.768  -58.337  25.515 0.6999999881
39233  -26.233  -58.640  24.737 0.6999999881
39209  -20.335  -58.717  26.770 0.5000000000
40193  -26.588  -57.880  24.460 0.6999999881
41065  -20.736  -56.311  25.535 0.4000000060
41077  -20.129  -55.949  24.713 0.3000000119
41924  -20.466  -55.528  25.414 0.3000000119
40182  -21.173  -56.926  26.220 0.5000000000
41980  -24.765  -55.073  21.112 0.6999999881
41094  -26.324  -55.957  22.108 0.6999999881
41088  -27.103  -55.889  23.443 0.6999999881
41981  -25.540  -55.509  21.573 0.6999999881
41095  -26.803  -56.383  22.739 0.6999999881
41965  -26.254  -55.067  22.112 0.6999999881
42863  -24.542  -54.217  21.169 0.6999999881
43822  -20.205  -51.432  19.292 0.8000000119
42895  -21.494  -53.722  19.323 0.8000000119
42880  -22.885  -54.007  20.131 0.8000000119
43805  -21.598  -52.117  20.080 0.8000000119
44844  -23.417  -51.428  18.862 0.8000000119
131012  -22.744  -50.513  18.788 0.8000000119
44843  -21.367  -50.487  18.771 0.8999999762
44845  -24.862  -52.106  19.130 0.8999999762
133366  -25.359  -50.654  17.724 0.8000000119
45810  -26.302  -51.485  15.195 0.6999999881
140704  -26.734  -51.351  14.853 0.6000000238
138695  -25.953  -51.191  17.375 0.6999999881
45798  -25.910  -51.448  16.351 0.6999999881
47606  -24.571  -49.663  15.757 0.6999999881
37367  -23.004  -60.366  26.963 0.6999999881
39211  -21.690  -58.187  26.813 0.6000000238
135087  -22.369  -58.523  26.910 0.6000000238
38235  -22.829  -59.330  26.989 0.6999999881
38236  -23.710  -59.017  26.607 0.6999999881
38237  -24.433  -58.783  26.265 0.6999999881
37369  -24.264  -59.631  26.112 0.6999999881
37366  -21.199  -59.858  27.345 0.6000000238
39212  -23.875  -58.169  26.575 0.6999999881
39213  -24.604  -58.049  26.355 0.6999999881
39222  -25.132  -58.609  25.901 0.6999999881
38233  -20.924  -59.144  27.254 0.6000000238
39210  -20.872  -57.835  26.560 0.5000000000
130679  -21.092  -58.571  27.054 0.5000000000
40171  -22.414  -57.664  26.611 0.6000000238
134235  -26.462  -57.282  25.084 0.6999999881
41925  -21.081  -55.845  25.831 0.4000000060
41055  -21.505  -56.239  26.062 0.5000000000
123746  -21.977  -56.823  26.382 0.6000000238
41067  -26.802  -56.458  25.000 0.6999999881
41951  -27.213  -55.038  23.512 0.6999999881
41078  -27.098  -56.217  24.192 0.6999999881
41966  -26.851  -55.486  22.746 0.6999999881
42792  -20.308  -54.431  27.054 0.3000000119
42851  -26.140  -54.159  22.087 0.6999999881
131612  -22.504  -53.076  20.373 0.8000000119
43807  -23.591  -53.669  20.716 0.8000000119
43790  -24.275  -53.280  21.211 0.6999999881
43776  -25.836  -53.292  22.221 0.6999999881
147877  -20.740  -51.145  19.670 0.8000000119
44826  -22.985  -51.725  21.073 0.8000000119
44842  -20.409  -50.750  19.072 0.8000000119
44835  -21.912  -51.592  20.332 0.8000000119
45779  -24.040  -50.612  18.560 0.8000000119
47585  -21.783  -47.994  18.531 0.8000000119
47572  -21.637  -48.773  19.603 0.8000000119
48423  -22.308  -47.696  19.697 0.8000000119
49297  -22.718  -47.549  19.548 0.8000000119
47616  -26.697  -49.952  14.498 0.6000000238
46738  -26.081  -50.711  14.837 0.6999999881
141974  -24.151  -49.942  15.808 0.8000000119
45797  -25.192  -50.860  15.809 0.6000000238
145513  -26.430  -47.799  15.526 0.6999999881
48472  -26.348  -48.249  15.282 0.6000000238
48482  -25.890  -49.059  14.959 0.6000000238
40172  -23.281  -57.530  26.570 0.6000000238
40174  -24.782  -57.368  26.269 0.6999999881
39214  -25.250  -57.990  26.093 0.6999999881
124316  -22.790  -56.853  26.448 0.6000000238
41059  -25.160  -56.704  26.217 0.6999999881
40183  -25.718  -57.495  25.782 0.6999999881
41066  -26.103  -56.655  25.727 0.6999999881
42793  -21.249  -54.541  27.358 0.4000000060
137171  -21.659  -55.760  26.229 0.4000000060
41917  -22.970  -55.724  26.582 0.5000000000
41919  -24.757  -55.959  26.468 0.6999999881
125413  -26.525  -55.818  25.614 0.6999999881
41916  -22.251  -55.633  26.534 0.5000000000
42805  -22.616  -55.186  27.033 0.5000000000
41927  -26.783  -54.975  25.444 0.6999999881
41940  -27.086  -55.613  24.858 0.6999999881
134732  -20.922  -54.894  26.652 0.3000000119
42804  -21.690  -55.185  26.793 0.4000000060
42864  -25.408  -54.655  21.612 0.6999999881
42832  -27.194  -54.714  24.496 0.6999999881
43728  -20.843  -54.047  27.817 0.3000000119
43707  -21.024  -53.372  28.294 0.3000000119
42840  -27.109  -54.120  23.618 0.6999999881
44806  -26.238  -52.818  22.889 0.6999999881
43767  -26.670  -53.175  23.771 0.6999999881
44814  -24.714  -52.116  22.018 0.6999999881
144259  -26.331  -52.426  23.526 0.6999999881
44815  -25.538  -52.491  22.361 0.6999999881
45747  -25.915  -51.043  23.293 0.6999999881
45778  -21.683  -50.115  19.390 0.8000000119
45773  -21.639  -50.077  19.838 0.8000000119
44827  -23.986  -52.403  21.442 0.6999999881
45756  -25.408  -51.166  22.685 0.6999999881
46672  -25.330  -50.227  22.951 0.6999999881
44834  -21.105  -50.679  19.718 0.8000000119
45774  -22.150  -50.913  20.457 0.8000000119
45767  -22.978  -50.856  21.284 0.8000000119
134444  -24.810  -50.624  22.383 0.8000000119
48403  -25.490  -48.479  23.050 0.6999999881
46697  -22.337  -49.763  18.587 0.8000000119
46684  -21.689  -49.516  20.025 0.8000000119
47565  -22.986  -48.959  21.197 0.8000000119
47559  -24.216  -48.794  22.068 0.8000000119
127499  -22.702  -48.803  17.558 0.8000000119
48432  -22.103  -47.583  18.877 0.8000000119
48415  -22.737  -48.031  20.658 0.8000000119
49277  -24.372  -47.584  21.435 0.8000000119
46713  -23.527  -49.262  16.901 0.8000000119
135199  -23.371  -48.074  18.321 0.8000000119
48424  -23.628  -47.513  20.082 0.8000000119
49287  -23.909  -47.433  20.862 0.8000000119
49289  -25.666  -47.109  21.591 0.8000000119
138128  -23.647  -49.136  16.718 0.8000000119
48425  -24.900  -47.755  20.261 0.8000000119
47592  -23.732  -49.400  16.408 0.8000000119
137000  -27.332  -49.284  14.468 0.5000000000
47615  -25.856  -49.858  14.835 0.6000000238
47593  -24.051  -48.988  16.404 0.8000000119
48461  -24.880  -49.079  16.088 0.8000000119
49344  -27.401  -47.590  14.530 0.6000000238
48483  -26.680  -48.301  14.828 0.6000000238
40173  -24.007  -57.409  26.468 0.6999999881
41056  -22.355  -56.156  26.294 0.6000000238
133742  -24.545  -55.176  26.784 0.6999999881
146812  -25.320  -55.427  26.485 0.6999999881
135388  -25.698  -55.989  26.208 0.6999999881
42806  -23.605  -55.098  27.012 0.5000000000
43729  -21.612  -53.929  27.997 0.4000000060
43708  -21.854  -53.103  28.344 0.4000000060
43730  -22.583  -53.635  28.036 0.5000000000
42820  -26.777  -54.100  25.291 0.6999999881
44744  -21.274  -52.498  28.552 0.3000000119
44745  -22.086  -52.282  28.444 0.3000000119
133940  -23.078  -52.885  28.069 0.5000000000
43748  -26.250  -53.547  25.890 0.6999999881
43749  -26.636  -53.259  25.227 0.6999999881
140220  -20.438  -52.828  28.449 0.3000000119
46612  -22.023  -50.935  28.545 0.3000000119
123870  -26.529  -52.477  25.088 0.6999999881
46624  -21.615  -50.119  28.569 0.3000000119
141975  -26.372  -50.845  24.789 0.6999999881
45768  -23.878  -51.535  21.681 0.8000000119
45755  -24.690  -51.323  22.196 0.6999999881
143534  -25.641  -49.399  23.411 0.6999999881
47578  -21.542  -48.580  18.873 0.8000000119
143822  -22.236  -49.093  20.539 0.8000000119
46686  -23.930  -50.519  21.863 0.6999999881
140003  -24.961  -49.134  22.723 0.8000000119
46696  -21.629  -49.251  18.881 0.8000000119
49273  -25.581  -47.597  22.649 0.8000000119
46703  -22.066  -48.722  18.168 0.8000000119
48416  -23.539  -47.652  21.102 0.8000000119
49278  -25.194  -47.385  21.833 0.8000000119
135269  -23.272  -48.699  17.453 0.8000000119
48433  -22.930  -47.550  18.949 0.8000000119
49298  -24.427  -47.385  20.792 0.8000000119
49299  -25.302  -47.272  21.007 0.8000000119
50145  -27.635  -46.351  21.781 0.8000000119
47586  -24.430  -48.824  17.283 0.8000000119
48445  -25.739  -48.860  18.260 0.8000000119
48434  -24.208  -47.980  19.239 0.8000000119
48436  -26.883  -48.318  19.673 0.8000000119
50153  -28.235  -46.411  21.058 0.8000000119
41057  -23.237  -56.320  26.435 0.6000000238
41918  -23.838  -55.812  26.574 0.6000000238
42794  -22.135  -54.550  27.541 0.5000000000
143964  -24.219  -54.746  27.079 0.6000000238
43731  -23.633  -53.482  27.783 0.5000000000
42807  -24.802  -54.294  27.093 0.6999999881
131364  -25.648  -53.883  26.568 0.6999999881
43740  -25.080  -53.364  27.150 0.6999999881
44776  -25.711  -52.988  26.524 0.6999999881
46611  -21.161  -50.847  28.693 0.3000000119
45685  -22.292  -51.622  28.456 0.3000000119
44775  -25.111  -52.480  27.133 0.6999999881
46623  -20.800  -50.033  28.573 0.3000000119
47510  -22.962  -49.444  28.488 0.3000000119
44777  -25.639  -52.008  26.455 0.6999999881
44787  -26.200  -52.680  25.791 0.6999999881
132391  -20.859  -47.116  27.890 0.3000000119
123034  -21.589  -47.445  28.352 0.3000000119
48358  -21.721  -48.347  28.532 0.3000000119
131401  -22.615  -47.870  28.546 0.3000000119
50073  -20.652  -46.234  27.393 0.3000000119
124950  -26.211  -50.973  24.116 0.6999999881
144322  -26.251  -49.495  24.054 0.6999999881
49279  -25.895  -46.902  22.254 0.8000000119
50144  -26.570  -46.613  21.901 0.8000000119
48444  -24.642  -48.637  18.305 0.8000000119
48435  -25.760  -48.521  19.340 0.8000000119
131356  -26.655  -48.669  18.826 0.8000000119
49309  -27.968  -47.178  19.866 0.8000000119
49301  -27.860  -46.914  20.526 0.8000000119
48454  -26.539  -48.525  17.257 0.8000000119
49308  -27.995  -47.447  19.101 0.8000000119
132414  -25.836  -48.659  16.486 0.8000000119
48463  -26.447  -47.863  16.223 0.6999999881
49329  -26.604  -47.237  15.583 0.6000000238
43732  -24.407  -53.668  27.446 0.6000000238
45702  -24.374  -51.915  27.517 0.6000000238
46625  -22.609  -50.272  28.492 0.4000000060
45703  -24.773  -51.149  27.478 0.6000000238
45713  -25.113  -51.746  27.150 0.6999999881
46627  -24.256  -50.448  27.995 0.4000000060
46641  -25.841  -50.415  26.593 0.6999999881
45715  -25.924  -51.191  26.148 0.6999999881
50053  -23.741  -46.540  28.485 0.3000000119
47512  -24.821  -49.757  27.963 0.4000000060
138134  -26.267  -50.088  25.986 0.6999999881
46652  -26.421  -50.268  25.271 0.6999999881
46666  -26.348  -50.223  24.447 0.6999999881
134831  -26.622  -48.664  25.299 0.6999999881
48395  -26.457  -48.741  24.292 0.6999999881
136035  -26.707  -48.000  24.511 0.6999999881
46678  -24.489  -49.804  22.300 0.8000000119
140451  -24.811  -48.079  22.217 0.8000000119
50137  -26.574  -46.558  22.665 0.8000000119
50152  -27.363  -46.861  21.186 0.8000000119
123760  -28.103  -45.793  22.186 0.8000000119
48426  -26.132  -47.855  20.375 0.8000000119
145389  -28.999  -45.343  20.833 0.8000000119
50173  -27.764  -46.607  17.453 0.8000000119
138687  -27.472  -48.231  18.996 0.8000000119
129018  -28.449  -46.036  19.112 0.8000000119
51043  -28.777  -45.524  19.720 0.8000000119
50166  -28.204  -46.714  18.548 0.8000000119
50193  -26.730  -46.481  14.965 0.6000000238
50179  -26.919  -46.817  16.220 0.8000000119
138303  -26.333  -44.606  15.478 0.6000000238
52064  -26.394  -44.353  16.279 0.6999999881
44768  -23.672  -52.464  27.864 0.6000000238
48360  -23.454  -48.653  28.497 0.3000000119
45714  -25.437  -51.162  26.900 0.6000000238
49219  -23.576  -47.814  28.495 0.3000000119
48361  -24.487  -48.955  28.376 0.3000000119
48362  -25.320  -49.034  27.930 0.5000000000
49220  -24.982  -47.740  28.408 0.3000000119
148289  -25.002  -48.420  28.350 0.5000000000
47524  -26.148  -49.621  26.513 0.6999999881
126640  -23.018  -45.130  27.929 0.3000000119
49222  -26.322  -47.434  27.562 0.4000000060
47525  -26.430  -49.499  25.680 0.6999999881
51930  -22.918  -44.406  27.511 0.3000000119
49244  -26.965  -47.776  25.515 0.6000000238
49264  -27.154  -47.319  24.653 0.6000000238
49245  -27.393  -47.036  25.482 0.6000000238
49263  -26.728  -47.351  23.845 0.8000000119
50117  -27.208  -46.870  24.021 0.6999999881
51000  -28.170  -45.992  25.187 0.6000000238
49274  -26.214  -47.099  23.060 0.8000000119
50132  -27.493  -46.229  23.681 0.6999999881
50118  -27.670  -46.603  24.678 0.6999999881
50138  -27.248  -46.239  22.494 0.8000000119
144542  -27.058  -46.179  23.026 0.8000000119
51015  -28.337  -45.282  23.309 0.6999999881
147585  -27.995  -45.708  23.651 0.6999999881
51014  -28.080  -45.942  24.317 0.6999999881
51022  -28.330  -45.321  22.678 0.8000000119
51999  -28.720  -44.727  22.863 0.6999999881
51986  -28.838  -44.795  23.740 0.6999999881
51029  -28.670  -45.639  21.347 0.8000000119
52011  -28.741  -44.951  22.005 0.8000000119
53022  -29.482  -43.662  22.590 0.6999999881
51987  -29.262  -44.083  23.293 0.6999999881
48446  -27.127  -48.385  18.142 0.8000000119
49316  -27.772  -47.578  18.231 0.8000000119
127415  -28.750  -45.762  20.565 0.8000000119
52012  -29.291  -44.322  21.576 0.8000000119
50174  -28.201  -45.799  18.229 0.8000000119
52046  -28.689  -44.120  19.147 0.8000000119
51036  -29.162  -45.026  20.324 0.8000000119
140749  -26.399  -48.757  18.048 0.8000000119
51058  -27.683  -45.461  17.430 0.8000000119
146172  -28.520  -45.033  18.849 0.8000000119
53066  -28.774  -43.325  19.555 0.8000000119
49322  -27.301  -47.740  17.213 0.8000000119
52053  -26.864  -44.091  17.045 0.6999999881
51074  -26.535  -45.602  15.120 0.6000000238
54151  -26.375  -43.013  15.318 0.6000000238
51068  -27.158  -45.855  16.577 0.8000000119
53084  -26.214  -43.491  16.637 0.6999999881
53092  -25.606  -42.870  16.504 0.6999999881
47513  -25.564  -49.731  27.228 0.5000000000
48372  -25.970  -48.969  27.180 0.5000000000
49202  -24.213  -47.289  28.495 0.3000000119
49221  -25.610  -47.324  28.244 0.4000000060
132142  -26.433  -48.896  26.310 0.6000000238
50946  -24.870  -46.084  28.644 0.3000000119
49233  -26.786  -47.685  26.589 0.5000000000
141369  -26.694  -48.277  26.143 0.6000000238
50965  -24.793  -45.280  28.561 0.3000000119
50966  -25.629  -45.999  28.568 0.3000000119
50089  -26.928  -46.980  27.048 0.6000000238
49234  -27.165  -47.257  26.202 0.6000000238
128302  -23.524  -43.736  27.563 0.3000000119
52957  -24.323  -43.301  28.025 0.3000000119
51933  -26.780  -44.878  28.335 0.3000000119
50101  -27.766  -46.452  25.589 0.6000000238
53988  -23.552  -42.233  26.506 0.3000000119
51001  -28.460  -45.535  24.737 0.6999999881
132500  -28.453  -45.398  24.054 0.6999999881
53054  -29.261  -43.290  20.349 0.8000000119
54062  -29.637  -42.697  21.506 0.6999999881
54044  -29.718  -42.938  22.468 0.6999999881
53055  -29.559  -43.232  20.996 0.6999999881
54077  -28.793  -42.445  19.961 0.8000000119
55103  -28.656  -41.518  20.003 0.6999999881
52045  -28.036  -44.157  18.280 0.8000000119
54105  -27.718  -42.839  18.452 0.6999999881
53077  -28.253  -43.371  18.721 0.8000000119
55188  -27.080  -41.833  15.513 0.6000000238
52054  -27.513  -44.579  17.551 0.6999999881
53085  -26.747  -43.379  17.377 0.6999999881
131514  -27.357  -43.899  17.657 0.6999999881
54126  -25.213  -42.318  16.495 0.6999999881
53101  -25.676  -43.014  16.080 0.6999999881
53083  -25.863  -42.841  17.001 0.6999999881
58916  -22.946  -38.146  17.242 0.5000000000
58935  -22.138  -37.679  16.443 0.5000000000
50090  -27.445  -46.621  26.396 0.6000000238
50987  -27.993  -45.846  26.285 0.6000000238
50978  -28.337  -45.128  26.590 0.6000000238
51946  -28.696  -44.415  26.398 0.6000000238
51970  -28.803  -44.970  24.625 0.6999999881
51958  -29.344  -43.940  25.264 0.6999999881
53002  -29.562  -43.478  23.920 0.6999999881
55023  -22.930  -41.571  24.855 0.3000000119
125002  -29.606  -43.421  23.150 0.6999999881
51971  -29.250  -44.206  24.425 0.6999999881
54020  -29.822  -42.849  23.451 0.6999999881
132692  -28.223  -41.870  19.313 0.6999999881
55088  -29.514  -41.776  21.201 0.6999999881
126074  -29.761  -42.068  22.125 0.6000000238
126874  -29.134  -41.889  20.476 0.6999999881
145131  -28.046  -44.985  18.052 0.6999999881
53076  -27.496  -43.365  18.063 0.6999999881
134341  -27.589  -42.217  18.587 0.6999999881
56088  -27.451  -40.626  19.065 0.6000000238
54104  -26.814  -42.692  17.812 0.6999999881
138237  -25.491  -42.197  15.956 0.6000000238
54141  -26.474  -42.468  15.458 0.5000000000
54113  -25.099  -42.326  16.821 0.6999999881
55154  -24.084  -41.306  16.575 0.6999999881
56136  -23.193  -40.873  16.098 0.6999999881
126650  -22.645  -39.967  15.863 0.6000000238
50977  -27.927  -45.345  27.242 0.5000000000
51935  -28.390  -43.804  27.397 0.4000000060
51945  -28.278  -44.681  27.176 0.5000000000
53990  -28.836  -43.051  27.255 0.5000000000
144342  -29.040  -43.553  26.630 0.6000000238
54000  -29.831  -42.576  25.476 0.6000000238
55033  -23.265  -40.942  24.406 0.3000000119
54009  -29.847  -42.802  24.354 0.6999999881
55051  -29.908  -42.176  22.998 0.6000000238
54021  -30.120  -42.190  23.873 0.6000000238
135175  -29.968  -41.571  22.627 0.6000000238
56067  -29.407  -40.826  21.328 0.6000000238
54103  -26.687  -41.927  18.063 0.6999999881
55121  -28.140  -41.036  19.472 0.6000000238
55104  -29.081  -41.163  20.622 0.6000000238
55138  -26.716  -41.121  18.352 0.6999999881
57062  -26.698  -39.495  18.835 0.6000000238
145137  -24.877  -41.489  17.302 0.6999999881
56148  -23.272  -40.947  16.033 0.6999999881
55187  -25.196  -41.560  15.839 0.6000000238
144487  -25.527  -40.166  15.490 0.5000000000
57112  -23.598  -40.803  15.803 0.6000000238
57113  -24.401  -40.404  15.508 0.6000000238
57102  -24.861  -39.595  15.475 0.5000000000
57076  -22.939  -39.756  16.941 0.6000000238
57090  -22.711  -40.331  16.202 0.5000000000
58074  -22.337  -38.641  15.593 0.5000000000
58075  -23.183  -39.443  15.463 0.5000000000
58946  -21.923  -37.736  15.510 0.5000000000
59832  -21.717  -37.278  15.928 0.5000000000
125011  -28.208  -42.872  27.758 0.4000000060
53974  -28.840  -42.314  27.437 0.4000000060
54990  -25.979  -41.640  27.756 0.4000000060
53991  -29.403  -42.638  26.669 0.6000000238
56027  -23.648  -40.399  24.436 0.3000000119
56016  -24.710  -40.346  25.203 0.3000000119
56984  -25.421  -40.000  25.561 0.3000000119
54010  -30.123  -42.193  24.668 0.6000000238
57978  -24.378  -38.764  24.506 0.3000000119
55052  -30.267  -41.395  23.458 0.6000000238
56053  -29.824  -40.443  21.983 0.5000000000
55069  -30.114  -40.885  22.661 0.6000000238
57051  -28.429  -39.812  20.313 0.6000000238
56066  -28.975  -40.313  20.777 0.6000000238
56075  -27.995  -40.206  19.687 0.6000000238
57040  -29.417  -39.964  21.431 0.6000000238
57063  -27.329  -39.825  19.318 0.6000000238
58023  -27.699  -38.631  19.914 0.6000000238
56104  -25.857  -40.848  17.873 0.6999999881
58036  -26.574  -38.764  18.905 0.6000000238
56121  -24.760  -40.685  17.441 0.6999999881
58051  -22.584  -39.051  16.961 0.5000000000
124603  -22.379  -39.547  16.232 0.5000000000
59833  -22.291  -36.750  16.597 0.5000000000
53973  -27.451  -42.580  28.249 0.4000000060
122886  -28.177  -42.073  27.879 0.4000000060
55989  -28.255  -40.404  27.615 0.4000000060
55010  -29.835  -41.771  26.299 0.4000000060
55026  -30.205  -41.694  25.365 0.5000000000
57001  -24.942  -39.415  24.936 0.3000000119
57965  -25.546  -38.541  25.190 0.3000000119
56985  -25.742  -39.230  25.546 0.4000000060
56017  -30.462  -40.882  25.182 0.4000000060
58842  -25.375  -37.738  24.878 0.3000000119
139990  -26.326  -39.095  26.019 0.4000000060
56040  -30.447  -40.468  23.418 0.5000000000
56029  -30.552  -40.776  24.225 0.6000000238
56054  -30.201  -40.066  22.666 0.5000000000
58013  -29.457  -39.135  21.496 0.5000000000
58024  -28.309  -38.916  20.448 0.6000000238
58860  -29.775  -37.788  21.736 0.5000000000
131395  -27.200  -39.071  19.461 0.6000000238
58886  -27.668  -37.863  19.871 0.6000000238
58053  -25.543  -38.635  18.433 0.6000000238
58903  -26.391  -38.019  18.874 0.6000000238
58052  -24.041  -38.619  17.727 0.5000000000
59815  -23.328  -37.188  17.379 0.5000000000
140242  -22.685  -35.949  16.606 0.5000000000
60736  -22.681  -35.287  16.241 0.5000000000
127607  -27.593  -41.817  28.085 0.4000000060
53975  -29.393  -41.709  27.106 0.4000000060
54994  -29.326  -40.953  27.336 0.4000000060
130847  -29.780  -40.989  26.747 0.4000000060
55990  -29.109  -40.276  27.435 0.4000000060
56004  -30.187  -40.296  26.290 0.4000000060
129815  -30.485  -40.187  25.526 0.4000000060
136756  -30.562  -39.604  23.353 0.4000000060
135900  -30.618  -40.279  24.802 0.5000000000
59742  -24.634  -36.618  24.322 0.3000000119
57998  -30.119  -38.660  22.083 0.4000000060
58875  -29.064  -37.843  21.024 0.5000000000
58876  -29.975  -36.980  21.977 0.4000000060
137368  -28.095  -38.237  20.257 0.6000000238
58874  -28.535  -38.240  20.610 0.5000000000
138256  -29.448  -37.213  21.391 0.5000000000
58037  -27.119  -38.292  19.417 0.6000000238
59795  -27.722  -37.053  19.837 0.5000000000
58887  -28.341  -37.544  20.373 0.5000000000
58917  -24.339  -37.540  18.042 0.5000000000
125532  -25.366  -37.818  18.496 0.6000000238
59807  -26.503  -36.793  19.054 0.6000000238
59808  -27.186  -36.686  19.440 0.6000000238
58918  -25.522  -37.049  18.669 0.6000000238
59834  -23.609  -36.274  17.326 0.5000000000
61694  -22.962  -34.555  15.855 0.5000000000
59816  -24.773  -36.588  18.123 0.5000000000
128435  -23.893  -33.282  22.469 0.3000000119
62625  -25.002  -33.557  23.484 0.4000000060
62626  -25.598  -33.225  24.071 0.4000000060
60699  -26.943  -35.981  19.153 0.5000000000
63604  -24.500  -32.604  22.644 0.4000000060
60707  -26.388  -35.568  18.685 0.5000000000
61660  -28.526  -34.645  19.689 0.5000000000
61646  -29.307  -34.438  20.325 0.5000000000
61672  -26.227  -34.841  18.288 0.5000000000
62696  -28.377  -33.871  19.194 0.5000000000
60721  -24.711  -35.834  17.660 0.5000000000
60706  -25.617  -35.721  18.224 0.6000000238
62725  -24.069  -33.312  15.806 0.5000000000
61680  -24.424  -34.502  16.888 0.6000000238
62716  -24.831  -33.749  16.626 0.5000000000
61696  -23.604  -33.928  16.274 0.6000000238
144869  -24.684  -32.601  15.477 0.4000000060
127745  -25.651  -32.425  23.776 0.4000000060
141764  -26.824  -33.160  25.302 0.4000000060
60708  -26.959  -35.046  18.978 0.5000000000
61673  -26.979  -34.361  18.681 0.5000000000
62707  -26.584  -33.921  18.035 0.5000000000
62718  -27.093  -33.079  17.691 0.5000000000
140248  -27.617  -33.673  18.522 0.5000000000
61671  -25.160  -35.110  17.587 0.5000000000
61681  -25.593  -34.254  17.455 0.5000000000
64598  -25.755  -31.114  16.023 0.4000000060
62717  -25.950  -33.318  17.088 0.5000000000
63683  -25.581  -32.518  16.374 0.5000000000
63578  -26.694  -32.112  24.785 0.4000000060
64518  -25.227  -31.269  22.696 0.4000000060
61659  -27.674  -34.477  19.115 0.5000000000
61661  -29.040  -33.844  19.766 0.4000000060
63673  -26.531  -32.437  16.977 0.4000000060
64586  -25.978  -31.889  16.412 0.5000000000
64599  -26.679  -30.644  16.440 0.3000000119
63653  -29.197  -32.785  18.986 0.4000000060
64587  -26.751  -31.553  16.749 0.5000000000
65516  -27.523  -30.086  16.731 0.4000000060
63674  -27.517  -32.101  17.551 0.4000000060
68336  -26.886  -27.164  14.600 0.4000000060
64588  -27.665  -30.987  17.256 0.4000000060
67413  -27.971  -28.721  16.741 0.4000000060
66483  -28.638  -29.771  17.932 0.4000000060
67421  -27.416  -28.329  16.135 0.4000000060
67427  -27.078  -27.963  15.331 0.4000000060
69206  -27.645  -25.748  14.575 0.4000000060
69205  -27.035  -26.292  14.124 0.4000000060
66482  -28.193  -29.388  17.141 0.3000000119
68329  -28.194  -27.925  16.801 0.4000000060
129922  -28.660  -28.921  17.942 0.4000000060
66472  -29.187  -29.308  18.475 0.4000000060
140144  -28.739  -27.135  17.446 0.3000000119
125190  -28.096  -26.986  16.358 0.4000000060
69198  -28.200  -26.205  15.711 0.4000000060
70156  -27.961  -24.991  14.213 0.4000000060
67414  -28.410  -28.620  17.301 0.3000000119
69185  -28.588  -26.516  16.720 0.4000000060
67403  -28.753  -28.094  17.759 0.4000000060
69186  -29.137  -26.277  17.330 0.4000000060
33785  -21.615  -64.857  14.825 0.6999999881
33746  -19.941  -63.522  19.370 0.6999999881
28092  -17.207  -70.382  17.692 0.6000000238
32835  -20.095  -65.002  21.108 0.6999999881
35491  -20.247  -62.103  21.329 0.8000000119
30946  -21.835  -67.405  21.325 0.6000000238
32804  -21.783  -65.033  22.202 0.6999999881
35496  -25.110  -62.178  21.061 0.8000000119
26276  -19.263  -73.093  21.607 0.4000000060
41162  -20.279  -56.354  16.510 0.8000000119
32775  -23.048  -65.024  24.599 0.6000000238
29899  -19.033  -68.536  23.309 0.5000000000
36414  -25.067  -61.065  23.198 0.8000000119
39272  -26.019  -58.902  21.389 0.8000000119
35440  -23.371  -61.924  24.576 0.8000000119
128730  -21.168  -65.055  25.703 0.6000000238
135332  -20.134  -61.969  26.609 0.6000000238
37385  -23.674  -60.612  26.276 0.6999999881
42881  -23.957  -54.611  20.707 0.6999999881
42808  -25.467  -54.744  26.572 0.6999999881
48404  -26.130  -47.987  23.588 0.6999999881
47532  -26.492  -49.486  24.818 0.6999999881
147264  -24.092  -51.186  27.816 0.6000000238
48363  -25.679  -48.164  27.868 0.5000000000
51934  -27.654  -44.539  27.860 0.4000000060
126459  -29.755  -41.260  21.978 0.6000000238
143498  -28.790  -40.921  27.581 0.4000000060
61695  -23.405  -34.660  16.443 0.5000000000
56975  -30.053  -39.516  26.613 0.4000000060
62708  -27.949  -32.768  18.149 0.4000000060
124173  -21.171  -67.684  14.054 0.6999999881
34622  -24.262  -63.047  15.353 0.5000000000
29971  -15.876  -67.459  17.649 0.5000000000
36520  -23.474  -61.629  14.931 0.6999999881
32855  -20.071  -64.927  18.599 0.6999999881
142895  -22.702  -65.608  19.396 0.6999999881
34620  -22.365  -63.726  15.997 0.6999999881
37505  -20.292  -60.861  16.079 0.6999999881
38362  -25.345  -59.502  17.999 0.5000000000
39337  -24.081  -58.882  17.122 0.6000000238
39317  -24.877  -57.999  18.094 0.5000000000
33749  -23.943  -64.835  19.245 0.6999999881
39371  -23.012  -58.776  15.863 0.6999999881
30955  -18.408  -67.259  19.298 0.6000000238
34597  -20.335  -63.007  20.052 0.8000000119
32836  -22.685  -65.032  19.955 0.6999999881
39320  -27.600  -58.690  18.448 0.4000000060
34567  -19.963  -62.538  21.510 0.8000000119
28065  -19.821  -70.586  19.354 0.6000000238
147646  -19.495  -71.881  19.136 0.6000000238
128300  -21.028  -57.147  16.224 0.8000000119
139750  -21.202  -67.526  20.742 0.6999999881
35510  -21.107  -62.053  21.233 0.6999999881
25431  -17.795  -74.516  18.727 0.5000000000
129244  -24.865  -62.036  19.808 0.8000000119
40253  -25.849  -57.867  18.745 0.5000000000
34533  -21.521  -62.012  22.930 0.6999999881
40252  -20.913  -57.876  18.300 0.8999999762
41144  -19.496  -56.355  16.988 0.8000000119
42022  -26.692  -55.543  19.019 0.6000000238
42037  -28.442  -55.686  17.021 0.4000000060
126794  -18.288  -72.703  22.094 0.3000000119
26278  -20.389  -72.295  20.808 0.5000000000
26277  -19.861  -72.852  21.226 0.5000000000
25414  -19.362  -74.007  20.628 0.5000000000
140918  -18.464  -73.805  21.678 0.4000000060
38333  -23.365  -59.039  19.374 0.8999999762
32792  -22.891  -65.312  23.735 0.6000000238
31877  -22.680  -67.001  23.172 0.6000000238
32776  -23.123  -64.599  24.132 0.6000000238
34520  -22.976  -62.287  23.975 0.8000000119
29914  -22.059  -68.642  22.731 0.5000000000
27145  -20.446  -71.250  22.094 0.5000000000
42006  -26.261  -54.749  19.124 0.6999999881
44878  -27.328  -52.818  16.834 0.6000000238
43860  -27.562  -53.775  16.147 0.4000000060
30889  -22.351  -67.212  23.892 0.6000000238
29900  -19.657  -69.245  23.291 0.5000000000
29902  -21.525  -68.483  23.569 0.5000000000
28938  -20.479  -69.342  23.317 0.5000000000
31845  -22.230  -66.091  24.832 0.6000000238
32772  -18.688  -65.714  24.117 0.5000000000
32773  -19.552  -65.679  24.608 0.6000000238
31876  -19.071  -67.194  23.836 0.5000000000
135880  -18.831  -67.765  23.467 0.5000000000
30888  -21.228  -67.397  24.423 0.5000000000
33667  -17.812  -63.943  24.063 0.6000000238
30901  -19.761  -68.037  23.754 0.5000000000
32774  -20.453  -65.997  24.954 0.6000000238
31864  -20.786  -66.717  24.710 0.5000000000
38260  -26.364  -59.085  23.956 0.6999999881
133116  -26.588  -58.194  22.773 0.6999999881
41121  -22.912  -55.995  19.664 0.8000000119
42909  -19.649  -53.415  17.978 0.8999999762
35418  -19.147  -62.326  25.391 0.5000000000
34498  -19.926  -63.680  25.663 0.6000000238
34478  -20.042  -63.114  26.082 0.6000000238
131657  -18.726  -60.216  25.514 0.4000000060
37383  -18.892  -60.984  25.511 0.4000000060
36355  -19.922  -61.083  26.712 0.5000000000
37364  -19.876  -60.149  26.584 0.5000000000
40201  -26.755  -57.758  23.550 0.6999999881
40170  -20.045  -57.963  26.281 0.5000000000
142618  -19.808  -59.354  26.573 0.5000000000
41105  -25.626  -56.368  21.527 0.6999999881
43836  -19.529  -52.576  17.670 0.8000000119
45804  -26.023  -51.514  15.611 0.6999999881
36359  -23.105  -61.250  26.646 0.6999999881
136225  -20.837  -62.271  26.783 0.6999999881
36357  -21.782  -61.509  27.137 0.6999999881
36356  -20.859  -61.501  27.029 0.6000000238
129995  -26.848  -57.070  24.268 0.6999999881
40181  -20.408  -57.191  25.879 0.5000000000
41064  -20.003  -56.664  25.033 0.4000000060
45784  -25.399  -50.999  18.445 0.8000000119
123190  -22.134  -60.065  27.349 0.6000000238
38234  -21.745  -59.075  27.263 0.6000000238
37365  -20.572  -60.506  27.093 0.6000000238
41079  -27.264  -55.493  24.113 0.6999999881
41915  -20.993  -55.419  26.168 0.3000000119
46714  -24.062  -50.223  16.645 0.8000000119
46705  -24.256  -50.213  17.797 0.8000000119
46723  -24.347  -50.270  15.969 0.6000000238
45803  -25.490  -50.899  15.327 0.6000000238
47614  -25.225  -49.749  15.323 0.6000000238
47598  -23.940  -49.506  16.110 0.8000000119
125056  -21.622  -57.469  26.508 0.6000000238
123700  -23.103  -58.360  26.751 0.6999999881
41058  -24.132  -56.629  26.427 0.6999999881
42852  -26.823  -54.584  22.766 0.6999999881
45757  -25.960  -51.912  22.909 0.6999999881
46704  -22.905  -49.477  17.681 0.8000000119
46722  -23.823  -49.679  16.156 0.8000000119
42795  -23.099  -54.441  27.546 0.5000000000
134167  -26.928  -53.728  24.518 0.6999999881
45683  -20.570  -51.796  28.740 0.3000000119
43777  -26.630  -53.665  22.824 0.6999999881
43759  -26.678  -53.029  24.630 0.6999999881
44799  -26.452  -52.438  24.305 0.6999999881
46673  -25.990  -50.234  23.699 0.6999999881
46685  -22.887  -49.872  21.376 0.8000000119
129678  -23.625  -49.403  21.782 0.8000000119
47566  -23.472  -48.388  21.470 0.8000000119
41926  -26.068  -55.224  26.090 0.6999999881
134082  -22.518  -52.793  28.262 0.5000000000
42819  -26.212  -54.402  25.972 0.6999999881
45684  -21.588  -51.645  28.617 0.3000000119
44767  -22.892  -52.117  28.263 0.4000000060
45739  -26.384  -51.631  24.737 0.6999999881
131809  -24.402  -52.883  27.516 0.6000000238
131098  -23.437  -50.114  28.371 0.3000000119
44788  -26.181  -51.841  25.593 0.6999999881
50075  -22.322  -46.869  28.384 0.3000000119
49201  -23.264  -47.143  28.506 0.3000000119
146324  -26.623  -46.006  15.771 0.6999999881
46628  -25.167  -50.453  27.388 0.6000000238
47511  -23.893  -49.580  28.374 0.4000000060
46642  -26.181  -50.616  25.890 0.6999999881
45726  -26.273  -51.075  25.388 0.6999999881
52000  -29.212  -44.230  22.304 0.8000000119
52025  -29.449  -44.005  20.878 0.8000000119
132938  -28.957  -44.772  19.583 0.8000000119
53093  -25.981  -43.694  15.915 0.6000000238
53102  -26.110  -43.318  15.542 0.6000000238
131655  -24.290  -48.139  28.449 0.3000000119
48373  -26.367  -48.259  27.017 0.5000000000
138304  -23.461  -44.560  27.954 0.3000000119
50945  -24.156  -45.935  28.504 0.3000000119
50131  -26.810  -46.642  23.357 0.8000000119
50988  -28.519  -45.209  25.569 0.6000000238
53041  -29.500  -43.582  21.730 0.6999999881
55155  -24.536  -41.664  16.650 0.6999999881
50055  -25.298  -46.676  28.480 0.3000000119
51931  -24.202  -44.287  28.420 0.3000000119
53969  -23.950  -42.844  27.161 0.3000000119
52958  -25.007  -43.007  28.231 0.3000000119
51957  -29.020  -44.499  25.340 0.6000000238
56122  -24.763  -42.010  16.977 0.6999999881
54114  -25.675  -42.344  17.285 0.6999999881
51947  -29.175  -43.998  25.894 0.6000000238
52991  -29.574  -43.422  24.865 0.6999999881
55137  -25.730  -41.680  17.578 0.6999999881
56149  -25.009  -40.907  15.593 0.5000000000
51907  -27.651  -43.482  28.097 0.4000000060
131440  -25.942  -39.261  18.448 0.6000000238
58947  -22.361  -37.901  14.975 0.4000000060
56001  -26.344  -40.146  26.803 0.4000000060
146423  -24.208  -39.481  24.504 0.3000000119
57979  -24.975  -38.431  24.774 0.3000000119
132364  -30.697  -39.981  24.133 0.5000000000
57026  -29.936  -39.607  22.012 0.5000000000
57039  -28.883  -39.462  20.934 0.5000000000
57077  -24.686  -39.626  17.706 0.5000000000
55011  -30.122  -41.023  25.967 0.4000000060
57966  -26.159  -38.538  25.743 0.4000000060
58830  -25.965  -37.784  25.475 0.4000000060
140586  -30.333  -39.316  22.644 0.5000000000
56986  -30.447  -39.558  25.921 0.4000000060
140433  -30.684  -38.639  23.137 0.4000000060
58888  -28.973  -36.981  20.817 0.5000000000
62645  -24.525  -33.449  22.949 0.3000000119
62617  -26.280  -33.254  24.820 0.4000000060
60700  -27.734  -35.323  19.447 0.5000000000
65517  -28.166  -30.186  17.378 0.4000000060
65511  -28.573  -30.681  17.884 0.4000000060
70150  -28.164  -25.222  15.086 0.4000000060
68313  -29.276  -27.555  18.341 0.4000000060
70157  -28.518  -24.514  14.485 0.3000000119
27203  -20.234  -71.141  16.274 0.5000000000
28131  -20.979  -70.787  15.811 0.5000000000
128648  -16.996  -69.746  15.504 0.4000000060
29020  -17.950  -69.369  16.370 0.5000000000
28108  -18.597  -70.811  16.397 0.5000000000
28109  -19.447  -70.503  16.640 0.5000000000
28110  -20.476  -70.399  16.540 0.6000000238
148441  -21.112  -70.134  16.295 0.6000000238
29986  -17.467  -68.310  16.180 0.5000000000
130696  -18.289  -68.866  16.643 0.5000000000
29988  -19.042  -68.969  17.086 0.5000000000
30984  -16.621  -67.359  15.873 0.5000000000
29005  -20.037  -69.046  17.238 0.6000000238
29006  -20.920  -69.002  17.125 0.6000000238
29023  -20.674  -69.679  16.831 0.6000000238
29024  -21.393  -69.440  16.354 0.6000000238
29989  -21.816  -68.686  15.912 0.6000000238
140041  -21.540  -68.830  16.815 0.6000000238
135205  -21.574  -69.355  15.399 0.6000000238
30999  -21.349  -67.051  14.213 0.6000000238
30004  -21.812  -67.937  14.999 0.6000000238
123025  -17.361  -67.178  16.314 0.5000000000
29987  -18.219  -67.989  16.797 0.5000000000
29972  -19.260  -68.172  17.302 0.6000000238
31977  -16.064  -66.426  16.099 0.5000000000
140322  -16.813  -66.498  16.176 0.5000000000
29973  -20.344  -68.306  17.472 0.6000000238
31953  -15.404  -66.200  16.862 0.5000000000
138950  -15.916  -65.823  16.650 0.5000000000
29974  -21.282  -68.387  17.358 0.6000000238
29990  -22.252  -67.880  16.193 0.6000000238
147106  -17.874  -67.102  16.671 0.5000000000
30972  -18.437  -67.185  17.108 0.5000000000
31965  -16.602  -65.736  16.429 0.5000000000
31966  -17.123  -65.149  16.883 0.5000000000
30985  -17.520  -66.167  16.591 0.5000000000
148273  -18.433  -66.315  17.198 0.5000000000
30973  -19.476  -67.171  17.509 0.6000000238
31954  -15.918  -65.583  17.027 0.5000000000
32851  -16.542  -65.183  17.354 0.5000000000
30974  -20.757  -67.592  17.673 0.6000000238
30971  -15.651  -66.309  17.337 0.5000000000
31941  -16.225  -65.753  17.571 0.5000000000
30975  -21.734  -67.756  17.513 0.6000000238
30976  -22.442  -67.664  17.119 0.6000000238
31978  -21.456  -66.231  14.467 0.6000000238
31000  -22.232  -67.124  15.447 0.6000000238
32865  -17.052  -64.904  17.421 0.5000000000
32867  -18.479  -64.723  17.720 0.5000000000
31956  -18.977  -65.852  17.563 0.6000000238
32852  -17.080  -64.751  17.837 0.5000000000
28990  -16.328  -68.684  17.654 0.5000000000
30986  -22.627  -67.290  16.523 0.6000000238
31979  -22.362  -66.240  15.479 0.6000000238
32841  -17.739  -64.315  18.486 0.5000000000
33756  -17.687  -64.424  17.906 0.5000000000
32853  -18.236  -64.132  17.972 0.5000000000
32854  -19.053  -64.049  18.171 0.6000000238
31942  -16.773  -66.128  18.281 0.5000000000
30962  -16.336  -66.786  18.003 0.5000000000
131621  -17.104  -67.149  18.466 0.6000000238
32842  -18.240  -64.111  19.290 0.6000000238
33757  -18.610  -63.824  18.460 0.5000000000
33745  -19.183  -63.531  18.913 0.6000000238
30963  -17.576  -66.694  18.837 0.6000000238
30954  -17.269  -65.357  18.575 0.6000000238
129101  -17.763  -68.825  18.562 0.5000000000
29960  -17.867  -67.936  18.890 0.5000000000
28991  -17.266  -69.358  18.072 0.4000000060
31933  -18.059  -66.174  19.263 0.6000000238
127749  -17.884  -64.982  19.260 0.6000000238
33744  -18.378  -63.793  18.749 0.5000000000
34594  -18.820  -63.552  18.922 0.6000000238
33758  -19.627  -64.022  18.856 0.6000000238
33730  -18.775  -63.463  19.501 0.6999999881
138653  -27.521  -55.548  18.664 0.5000000000
42796  -23.982  -54.330  27.415 0.5000000000
49336  -26.663  -47.252  15.219 0.5000000000
51085  -26.803  -44.751  14.761 0.5000000000
55186  -24.559  -41.601  16.361 0.5000000000
145402  -29.248  -23.440  14.180 0.3000000119
71927  -29.647  -22.851  14.041 0.3000000119
73700  -30.650  -21.494  13.869 0.3000000119
28129  -17.219  -70.570  15.565 0.4000000060
27218  -18.322  -71.941  15.859 0.5000000000
27201  -18.700  -71.494  16.234 0.5000000000
28132  -21.276  -70.450  14.930 0.5000000000
29038  -17.182  -69.134  15.812 0.4000000060
28111  -21.388  -70.037  15.616 0.6000000238
30003  -21.505  -68.655  14.505 0.5000000000
29037  -16.434  -69.024  15.332 0.4000000060
30997  -15.324  -66.858  16.165 0.5000000000
30983  -15.007  -66.765  16.630 0.3000000119
29970  -14.591  -67.680  16.838 0.4000000060
29002  -14.857  -68.534  17.012 0.4000000060
42024  -28.414  -55.820  17.836 0.4000000060
42944  -28.207  -55.112  16.740 0.4000000060
42916  -28.046  -55.253  18.224 0.4000000060
45701  -23.573  -51.611  28.016 0.5000000000
46626  -23.481  -50.811  28.213 0.4000000060
49343  -26.782  -47.378  14.931 0.5000000000
136375  -27.086  -45.747  14.665 0.5000000000
52088  -26.862  -44.024  14.794 0.5000000000
147386  -27.213  -46.536  27.082 0.4000000060
71917  -29.638  -23.335  14.952 0.3000000119
73701  -31.106  -20.716  13.607 0.3000000119
125282  -20.091  -66.536  17.891 0.6000000238
50194  -27.309  -46.679  14.580 0.5000000000
30970  -15.007  -66.959  17.066 0.4000000060
28130  -17.924  -71.141  16.112 0.4000000060
29021  -18.817  -69.619  16.757 0.5000000000
29022  -19.788  -69.762  16.954 0.6000000238
30002  -16.745  -68.324  15.634 0.5000000000
31955  -17.949  -65.330  17.178 0.5000000000
32866  -17.703  -64.672  17.497 0.5000000000
71042  -29.165  -24.032  14.921 0.4000000060
30001  -16.078  -67.966  15.455 0.4000000060
29039  -21.420  -69.640  14.442 0.4000000060
30014  -21.296  -67.997  13.652 0.4000000060
30998  -15.839  -67.181  15.775 0.4000000060
29913  -18.225  -68.629  22.907 0.4000000060
28034  -19.133  -70.542  22.769 0.4000000060
27150  -19.304  -72.273  22.220 0.4000000060
132988  -18.250  -67.173  23.389 0.4000000060
30900  -18.177  -67.895  23.025 0.4000000060
33697  -16.340  -64.318  22.996 0.4000000060
33681  -17.542  -64.770  23.715 0.4000000060
31874  -17.781  -66.542  23.387 0.4000000060
31875  -18.465  -66.454  23.738 0.4000000060
136275  -15.739  -63.548  22.689 0.3000000119
34547  -16.533  -63.409  23.227 0.3000000119
135857  -16.004  -62.642  22.905 0.4000000060
34532  -17.260  -63.232  23.644 0.5000000000
137958  -17.005  -61.795  23.457 0.4000000060
36411  -17.001  -61.171  23.611 0.4000000060
45700  -22.829  -51.221  28.372 0.3000000119
50076  -26.184  -46.690  28.186 0.3000000119
146311  -26.561  -46.865  27.617 0.3000000119
50077  -26.881  -46.373  27.644 0.3000000119
59809  -27.748  -36.210  19.696 0.4000000060
52931  -27.005  -43.194  28.416 0.3000000119
53972  -26.901  -42.036  28.309 0.3000000119
59796  -28.394  -36.595  20.227 0.4000000060
55988  -26.620  -40.856  27.533 0.3000000119
56970  -25.721  -40.250  26.218 0.3000000119
56971  -26.024  -39.672  26.105 0.3000000119
59781  -29.571  -36.509  21.349 0.4000000060
60687  -29.274  -35.252  20.532 0.3000000119
60686  -28.543  -35.604  20.019 0.4000000060
62709  -28.528  -33.178  18.687 0.4000000060
63666  -28.697  -32.282  18.418 0.3000000119
54992  -27.525  -41.045  27.805 0.3000000119
56952  -28.722  -39.548  27.417 0.3000000119
56002  -27.242  -40.188  27.397 0.3000000119
56973  -27.838  -39.467  27.407 0.3000000119
57928  -29.059  -38.772  27.273 0.3000000119
56003  -29.708  -40.253  27.030 0.3000000119
131813  -27.631  -38.675  26.983 0.3000000119
148229  -28.371  -38.895  27.315 0.3000000119
143580  -29.256  -38.087  27.044 0.3000000119
57954  -30.252  -38.139  26.250 0.3000000119
137589  -30.359  -38.841  26.175 0.3000000119
57002  -30.623  -39.535  24.995 0.3000000119
58831  -26.592  -37.862  26.078 0.3000000119
57951  -27.469  -37.830  26.616 0.3000000119
57012  -30.781  -39.126  24.072 0.3000000119
136896  -26.425  -37.096  25.849 0.3000000119
59731  -26.448  -36.261  25.745 0.3000000119
57984  -30.865  -38.261  24.072 0.3000000119
60619  -25.887  -35.782  25.301 0.3000000119
58861  -30.475  -37.653  22.569 0.3000000119
59768  -30.535  -36.647  22.585 0.3000000119
60677  -30.423  -35.441  21.943 0.3000000119
63588  -25.139  -32.753  23.213 0.3000000119
60676  -29.812  -35.566  21.280 0.3000000119
63589  -25.473  -31.860  23.244 0.3000000119
64517  -24.445  -31.619  22.350 0.3000000119
62697  -28.940  -33.391  19.254 0.3000000119
64578  -28.317  -31.591  17.932 0.3000000119
57953  -29.786  -38.631  26.780 0.3000000119
59716  -28.230  -37.401  26.788 0.3000000119
57952  -28.462  -38.115  27.102 0.3000000119
137619  -30.544  -38.960  25.530 0.3000000119
57980  -30.721  -38.674  24.844 0.3000000119
145674  -26.971  -37.278  26.336 0.3000000119
59717  -28.499  -36.778  26.683 0.3000000119
59718  -29.374  -36.748  26.654 0.3000000119
58832  -30.473  -37.409  25.970 0.3000000119
58843  -30.943  -37.346  25.240 0.3000000119
135863  -30.920  -37.967  24.808 0.3000000119
124890  -30.981  -37.348  24.234 0.3000000119
146867  -26.967  -36.585  26.310 0.3000000119
59732  -27.812  -36.118  26.495 0.3000000119
59733  -28.865  -36.021  26.695 0.3000000119
126983  -30.841  -37.791  23.429 0.3000000119
60632  -25.397  -35.315  24.722 0.3000000119
60620  -26.576  -35.408  25.779 0.3000000119
125492  -26.961  -35.875  26.244 0.3000000119
131464  -30.903  -36.320  23.113 0.3000000119
60661  -30.752  -35.787  22.603 0.3000000119
61636  -30.340  -34.702  21.579 0.3000000119
63577  -26.135  -32.581  24.429 0.3000000119
63590  -26.036  -31.692  24.080 0.3000000119
138727  -26.345  -30.866  23.974 0.3000000119
61635  -29.759  -34.810  20.923 0.3000000119
62682  -29.682  -33.578  20.336 0.3000000119
62698  -29.484  -33.137  19.663 0.3000000119
63667  -29.382  -32.075  18.852 0.3000000119
64579  -29.180  -31.304  18.477 0.3000000119
58818  -29.800  -37.582  26.595 0.3000000119
60599  -29.773  -35.975  26.570 0.3000000119
59719  -30.173  -36.693  26.346 0.3000000119
59734  -30.704  -36.489  25.650 0.3000000119
59743  -31.097  -36.676  24.847 0.3000000119
132762  -28.328  -35.397  26.579 0.3000000119
60598  -29.211  -35.157  26.616 0.3000000119
61549  -30.112  -35.304  26.331 0.3000000119
60600  -30.375  -35.983  26.259 0.3000000119
131007  -26.788  -34.669  25.789 0.3000000119
61572  -27.435  -34.185  26.059 0.3000000119
62598  -28.183  -33.635  26.278 0.3000000119
60644  -31.067  -35.737  23.337 0.3000000119
128486  -30.866  -34.165  22.200 0.3000000119
60662  -31.138  -35.225  22.949 0.3000000119
63556  -27.285  -32.574  25.382 0.3000000119
63579  -27.321  -31.765  25.147 0.3000000119
62670  -30.514  -33.803  21.520 0.3000000119
65418  -27.520  -30.687  24.874 0.3000000119
61647  -29.984  -34.105  20.933 0.3000000119
129435  -26.911  -29.824  23.909 0.3000000119
66368  -27.468  -29.886  24.452 0.3000000119
62683  -30.281  -33.303  20.922 0.3000000119
63654  -29.766  -32.366  19.447 0.3000000119
60623  -30.787  -34.968  25.152 0.3000000119
62576  -28.934  -33.136  26.267 0.3000000119
61574  -29.663  -33.594  26.170 0.3000000119
144382  -30.714  -34.352  25.368 0.3000000119
60633  -30.979  -35.795  24.818 0.3000000119
134612  -31.137  -35.605  23.987 0.3000000119
62597  -27.422  -33.377  25.723 0.3000000119
62600  -30.850  -33.655  25.232 0.3000000119
61576  -31.089  -34.361  24.736 0.3000000119
60645  -31.202  -35.087  23.567 0.3000000119
124558  -28.115  -32.796  26.008 0.3000000119
63557  -28.995  -32.186  26.078 0.3000000119
64472  -27.821  -31.291  25.377 0.3000000119
65419  -28.139  -30.029  25.077 0.3000000119
130233  -28.874  -28.933  24.975 0.3000000119
147481  -31.013  -32.427  21.615 0.3000000119
130969  -30.686  -33.045  21.576 0.3000000119
66389  -27.372  -29.128  23.996 0.3000000119
132593  -28.155  -29.310  24.724 0.3000000119
63630  -30.664  -32.562  20.999 0.3000000119
63642  -30.154  -32.704  20.236 0.3000000119
63655  -30.353  -31.840  19.856 0.3000000119
64564  -29.774  -31.525  19.250 0.3000000119
65512  -29.197  -30.228  18.460 0.3000000119
61575  -30.300  -34.010  25.808 0.3000000119
63558  -29.706  -32.801  26.065 0.3000000119
62618  -31.312  -33.686  24.420 0.3000000119
62627  -31.393  -33.685  23.549 0.3000000119
64473  -28.628  -31.375  25.744 0.3000000119
126337  -29.974  -32.092  25.816 0.3000000119
63559  -30.722  -32.238  25.270 0.3000000119
61599  -31.296  -34.470  23.008 0.3000000119
65398  -28.307  -30.704  25.418 0.3000000119
66351  -29.469  -30.034  25.430 0.3000000119
63606  -31.108  -32.786  22.297 0.3000000119
67329  -27.502  -28.169  23.833 0.3000000119
143394  -28.773  -30.184  25.461 0.3000000119
66370  -29.675  -29.254  25.027 0.3000000119
67309  -28.339  -28.469  24.471 0.3000000119
67310  -29.389  -28.459  24.699 0.3000000119
64542  -31.108  -31.746  21.183 0.3000000119
64555  -30.679  -31.277  20.459 0.3000000119
65500  -30.220  -30.047  19.624 0.3000000119
65499  -29.720  -30.629  19.094 0.3000000119
66458  -29.708  -28.849  18.996 0.3000000119
135921  -31.403  -32.969  24.075 0.3000000119
63591  -31.333  -32.918  23.216 0.3000000119
65420  -30.514  -30.716  24.963 0.3000000119
64495  -30.957  -31.460  24.790 0.3000000119
64506  -31.379  -31.537  23.843 0.3000000119
66352  -30.148  -30.000  25.069 0.3000000119
125462  -30.606  -30.091  24.437 0.3000000119
65421  -31.072  -30.767  24.262 0.3000000119
64519  -31.409  -31.300  22.825 0.3000000119
68206  -28.223  -27.731  24.196 0.3000000119
66371  -30.313  -29.398  24.545 0.3000000119
64543  -31.342  -31.073  21.918 0.3000000119
68207  -29.050  -27.797  24.419 0.3000000119
68208  -29.909  -27.949  24.293 0.3000000119
67311  -30.103  -28.694  24.490 0.3000000119
65472  -31.094  -30.757  21.072 0.3000000119
65489  -30.632  -30.381  20.359 0.3000000119
66443  -30.582  -29.439  20.238 0.3000000119
66459  -30.136  -29.234  19.552 0.3000000119
128764  -29.413  -26.688  18.211 0.3000000119
67392  -29.739  -27.980  18.993 0.3000000119
65437  -31.344  -30.709  23.469 0.3000000119
68228  -28.689  -27.108  24.186 0.3000000119
135120  -31.013  -30.192  23.878 0.3000000119
135443  -31.309  -29.967  23.277 0.3000000119
65453  -31.430  -30.493  22.640 0.3000000119
68229  -29.610  -27.219  24.215 0.3000000119
68209  -30.473  -28.260  23.977 0.3000000119
67312  -30.925  -28.707  23.655 0.3000000119
66390  -31.333  -29.190  23.201 0.3000000119
66427  -31.310  -29.355  21.698 0.3000000119
67363  -31.024  -28.966  20.906 0.3000000119
66426  -31.036  -29.856  20.983 0.3000000119
68286  -30.565  -27.312  20.259 0.3000000119
67378  -30.597  -28.636  20.284 0.3000000119
130256  -30.226  -26.922  19.745 0.3000000119
68302  -30.128  -27.598  19.638 0.3000000119
67393  -30.162  -28.455  19.628 0.3000000119
69175  -29.831  -26.290  18.780 0.3000000119
68301  -29.725  -27.020  19.105 0.3000000119
69096  -28.282  -26.241  24.030 0.3000000119
70028  -29.100  -25.574  24.180 0.3000000119
125578  -29.937  -25.955  23.877 0.3000000119
68231  -31.139  -27.147  23.279 0.3000000119
126844  -31.311  -27.736  23.067 0.3000000119
135768  -31.439  -28.861  22.489 0.3000000119
67364  -31.317  -28.479  21.624 0.3000000119
69099  -31.229  -26.322  22.709 0.3000000119
68271  -31.319  -27.582  21.650 0.3000000119
70099  -31.011  -25.706  20.425 0.3000000119
69149  -31.043  -27.013  20.941 0.3000000119
68287  -31.016  -28.007  20.768 0.3000000119
147465  -30.709  -25.554  19.702 0.3000000119
69148  -30.716  -26.420  20.199 0.3000000119
70122  -29.733  -25.807  18.036 0.3000000119
69161  -30.220  -26.308  19.421 0.3000000119
129937  -29.436  -25.516  16.906 0.3000000119
70151  -29.096  -25.063  15.615 0.3000000119
70913  -28.918  -24.640  23.866 0.3000000119
126581  -29.828  -25.049  23.932 0.3000000119
70029  -30.719  -25.516  23.291 0.3000000119
70059  -31.282  -25.466  22.484 0.3000000119
69137  -31.380  -26.680  21.802 0.3000000119
123535  -31.133  -26.125  21.071 0.3000000119
138437  -30.219  -25.650  18.899 0.3000000119
70135  -30.022  -25.183  17.378 0.3000000119
71028  -29.739  -24.744  16.363 0.3000000119
31018  -21.485  -67.349  13.484 0.4000000060
33696  -15.577  -64.444  22.538 0.3000000119
32791  -17.817  -65.673  23.632 0.4000000060
33680  -17.072  -64.141  23.480 0.4000000060
36396  -17.470  -61.624  23.942 0.4000000060
50967  -26.496  -45.821  28.315 0.3000000119
56972  -26.861  -39.379  26.714 0.3000000119
56974  -29.459  -39.503  27.170 0.3000000119
59797  -29.111  -36.112  20.655 0.4000000060
61586  -25.460  -34.573  24.622 0.3000000119
61587  -25.813  -33.931  24.784 0.3000000119
63605  -25.013  -32.039  22.781 0.3000000119
61571  -26.616  -33.887  25.436 0.3000000119
64505  -25.806  -30.884  23.312 0.3000000119
57967  -30.614  -38.187  25.563 0.3000000119
32803  -16.450  -65.902  22.835 0.4000000060
31891  -17.110  -66.202  23.228 0.4000000060
134302  -16.798  -62.541  23.373 0.4000000060
58817  -28.986  -37.428  26.894 0.3000000119
61570  -26.006  -34.768  25.301 0.3000000119
61619  -30.823  -34.969  22.389 0.3000000119
142918  -27.655  -36.999  26.552 0.3000000119
59752  -31.054  -36.357  23.932 0.3000000119
60621  -27.405  -35.148  26.317 0.3000000119
61573  -28.354  -34.550  26.484 0.3000000119
65436  -26.426  -30.237  23.575 0.3000000119
66387  -26.046  -29.987  22.938 0.3000000119
137229  -30.408  -34.761  25.837 0.3000000119
61548  -28.973  -33.970  26.373 0.3000000119
140868  -29.710  -34.459  26.299 0.3000000119
62646  -30.855  -33.454  22.052 0.3000000119
62647  -31.214  -33.588  22.706 0.3000000119
132629  -30.289  -32.666  25.685 0.3000000119
60634  -31.071  -35.039  24.338 0.3000000119
63560  -31.094  -32.952  24.853 0.3000000119
64474  -29.533  -31.400  25.773 0.3000000119
63631  -31.316  -31.920  22.099 0.3000000119
67328  -26.726  -28.685  23.372 0.3000000119
65399  -29.130  -30.711  25.668 0.3000000119
64475  -30.321  -31.408  25.441 0.3000000119
63607  -31.268  -32.133  22.995 0.3000000119
66406  -31.417  -29.687  22.531 0.3000000119
142897  -30.481  -28.922  24.104 0.3000000119
142757  -30.372  -28.942  19.942 0.3000000119
128883  -30.025  -26.683  23.973 0.3000000119
67330  -31.037  -27.919  23.517 0.3000000119
67331  -31.332  -28.403  23.138 0.3000000119
68251  -31.372  -27.239  22.532 0.3000000119
70136  -30.356  -25.088  18.175 0.3000000119
124612  -31.462  -25.779  21.869 0.3000000119
124253  -31.569  -24.865  21.977 0.3000000119
148372  -15.433  -65.154  22.437 0.4000000060
41132  -28.380  -56.593  18.054 0.4000000060
26302  -15.756  -73.241  18.232 0.3000000119
26313  -15.355  -72.141  17.302 0.3000000119
35471  -16.339  -61.833  23.090 0.3000000119
36410  -16.487  -61.134  23.276 0.3000000119
30899  -17.301  -67.201  22.937 0.3000000119
32790  -16.885  -65.177  23.304 0.3000000119
31889  -16.119  -66.489  22.460 0.3000000119
31890  -16.673  -66.595  22.803 0.3000000119
40256  -28.272  -57.424  18.160 0.3000000119
24504  -17.666  -75.618  19.298 0.3000000119
25402  -19.492  -73.478  21.100 0.5000000000
27152  -20.693  -71.501  21.279 0.5000000000
27166  -19.886  -71.429  19.356 0.6000000238
27202  -19.422  -71.329  16.335 0.5000000000
28037  -21.504  -70.174  22.119 0.6000000238
28053  -20.856  -70.593  20.139 0.6000000238
28107  -17.733  -70.125  16.069 0.5000000000
28951  -20.060  -70.054  23.060 0.5000000000
29903  -22.211  -68.135  23.308 0.6000000238
29926  -21.953  -68.821  21.526 0.6000000238
29940  -21.214  -68.946  20.437 0.6000000238
29975  -22.010  -68.324  16.922 0.6000000238
31846  -22.761  -65.690  24.445 0.6000000238
31926  -21.073  -66.734  20.943 0.6999999881
31945  -22.679  -66.565  18.270 0.6999999881
31964  -15.485  -66.341  16.494 0.5000000000
31967  -22.847  -66.673  16.365 0.6000000238
32844  -20.583  -64.603  19.237 0.6000000238
32856  -23.181  -65.946  18.764 0.6999999881
32864  -16.433  -65.274  16.944 0.5000000000
32868  -23.471  -65.460  17.208 0.6999999881
32897  -21.281  -65.240  13.948 0.6999999881
32907  -21.686  -65.086  13.622 0.6999999881
33633  -22.286  -64.186  26.158 0.8000000119
33647  -19.688  -64.315  25.140 0.6000000238
33716  -19.617  -63.036  21.025 0.8000000119
33735  -23.513  -64.617  20.116 0.6999999881
33784  -21.121  -64.287  14.249 0.6999999881
33793  -23.191  -64.453  13.787 0.6000000238
34479  -20.758  -63.564  26.295 0.6999999881
34480  -21.771  -63.579  26.495 0.8000000119
34521  -23.186  -63.231  24.430 0.6999999881
34550  -21.646  -62.797  23.088 0.6999999881
34571  -24.552  -62.957  20.831 0.8000000119
34595  -19.194  -63.333  19.399 0.8000000119
34613  -23.377  -63.367  17.474 0.6999999881
35404  -23.157  -61.951  26.349 0.8000000119
35492  -20.716  -61.941  21.568 0.8000000119
35520  -24.803  -62.590  20.305 0.8000000119
35528  -24.591  -62.841  19.551 0.8999999762
35583  -21.711  -63.176  13.767 0.6999999881
36431  -23.632  -61.422  23.467 0.8000000119
36505  -20.511  -61.477  15.757 0.6999999881
36506  -21.308  -61.846  16.301 0.6999999881
36534  -22.120  -61.329  14.381 0.6999999881
37477  -24.413  -60.358  19.552 0.8000000119
37493  -20.179  -59.395  16.456 0.8000000119
37496  -25.290  -60.341  17.603 0.5000000000
37517  -20.230  -60.241  15.822 0.6999999881
37530  -20.397  -60.570  15.268 0.6999999881
38292  -26.295  -59.568  22.368 0.8000000119
38308  -26.189  -59.397  21.707 0.8000000119
38346  -26.850  -59.931  18.538 0.4000000060
38348  -28.075  -59.144  18.193 0.4000000060
38373  -19.914  -58.657  16.800 0.8000000119
38374  -20.166  -59.353  16.310 0.8000000119
38390  -20.874  -59.529  15.290 0.6999999881
39224  -26.275  -57.982  25.170 0.6999999881
39243  -26.576  -58.626  23.361 0.6999999881
39301  -22.653  -58.435  19.130 0.8000000119
39351  -19.845  -58.398  16.730 0.8000000119
39370  -22.142  -58.675  15.419 0.8000000119
40286  -19.628  -57.695  16.765 0.8000000119
41148  -28.511  -56.366  17.273 0.3000000119
42003  -20.469  -54.725  18.313 0.8000000119
42017  -19.753  -55.460  17.230 0.8000000119
42023  -28.005  -56.036  18.424 0.4000000060
42048  -20.521  -55.386  16.571 0.8000000119
42930  -28.253  -55.114  17.517 0.4000000060
43806  -23.012  -52.608  20.762 0.8000000119
43821  -19.905  -51.159  18.622 0.8000000119
43826  -26.319  -53.181  19.114 0.6999999881
43835  -19.372  -52.881  17.407 1.0000000000
43850  -27.752  -53.610  17.458 0.6000000238
44828  -24.996  -52.890  21.733 0.6999999881
45748  -26.225  -51.740  23.792 0.6999999881
45766  -22.195  -50.128  20.642 0.8000000119
45785  -26.082  -51.825  18.716 0.8000000119
45789  -25.113  -50.747  16.635 0.6999999881
46695  -21.515  -49.362  19.422 0.8000000119
46730  -24.807  -50.333  15.659 0.6000000238
46737  -25.253  -50.326  15.226 0.6000000238
47545  -25.989  -48.806  23.701 0.6999999881
47617  -27.811  -49.848  14.358 0.5000000000
48408  -24.057  -48.006  21.646 0.8000000119
48431  -21.649  -47.919  19.116 0.8000000119
48443  -22.435  -48.114  18.183 0.8000000119
48453  -25.492  -48.857  17.180 0.8000000119
48462  -25.901  -48.526  15.786 0.6999999881
48471  -25.439  -49.142  15.533 0.6999999881
49286  -23.088  -47.563  20.353 0.8000000119
49288  -24.803  -47.378  21.219 0.8000000119
49290  -26.323  -47.103  21.192 0.8000000119
49300  -27.226  -47.557  20.417 0.8000000119
50078  -27.497  -46.073  27.135 0.5000000000
50159  -28.385  -46.400  20.030 0.8000000119
50968  -27.245  -45.525  27.839 0.3000000119
51021  -27.670  -45.709  22.995 0.8000000119
51030  -29.217  -44.857  21.075 0.8000000119
51067  -26.516  -45.249  15.953 0.6999999881
52036  -29.233  -44.153  20.013 0.8000000119
52065  -26.993  -44.935  16.795 0.8000000119
52073  -26.420  -43.972  15.186 0.6000000238
52956  -22.860  -43.748  27.144 0.3000000119
52982  -29.458  -43.366  25.842 0.6000000238
53112  -26.647  -43.494  15.050 0.5000000000
54078  -29.395  -42.557  20.719 0.6999999881
54091  -27.538  -41.445  18.801 0.6999999881
54092  -28.311  -42.642  19.060 0.8000000119
54140  -25.802  -42.785  15.776 0.6000000238
54152  -27.028  -43.025  15.097 0.5000000000
54991  -26.965  -41.502  28.030 0.3000000119
54993  -28.213  -41.345  27.776 0.4000000060
55034  -30.344  -41.547  24.435 0.6000000238
55171  -23.779  -41.093  16.258 0.6999999881
55185  -24.008  -41.133  16.083 0.6000000238
55987  -25.753  -40.743  26.945 0.3000000119
56076  -28.570  -40.667  20.129 0.6000000238
56087  -26.728  -40.284  18.622 0.6999999881
57050  -27.834  -39.397  19.871 0.6000000238
57078  -25.864  -39.987  18.159 0.6000000238
57091  -23.448  -40.575  16.687 0.6999999881
57101  -22.922  -40.669  15.947 0.6999999881
57950  -26.829  -38.573  26.330 0.3000000119
58012  -28.900  -38.671  21.024 0.5000000000
58064  -22.233  -38.568  16.243 0.5000000000
58086  -23.374  -40.270  15.609 0.6000000238
58904  -26.993  -37.431  19.362 0.6000000238
58934  -21.796  -37.968  15.787 0.5000000000
59782  -30.212  -36.156  21.945 0.3000000119
59817  -26.013  -36.293  18.666 0.5000000000
59853  -21.917  -37.013  15.724 0.5000000000
60622  -30.605  -35.536  25.755 0.3000000119
60719  -21.871  -36.212  15.994 0.5000000000
60720  -23.783  -35.335  17.002 0.6000000238
61588  -31.319  -34.403  23.930 0.3000000119
61598  -25.224  -34.068  24.061 0.4000000060
62599  -30.270  -33.273  25.761 0.3000000119
62724  -23.383  -33.870  15.460 0.5000000000
62726  -25.015  -33.078  16.321 0.5000000000
63555  -26.635  -32.738  24.964 0.4000000060
63580  -31.258  -32.236  24.465 0.3000000119
64494  -26.839  -31.254  24.598 0.3000000119
64565  -30.256  -30.951  19.758 0.3000000119
65400  -29.935  -30.676  25.519 0.3000000119
65417  -26.863  -30.426  24.244 0.3000000119
65473  -31.283  -30.203  21.794 0.3000000119
65524  -26.606  -29.921  16.162 0.4000000060
66369  -28.843  -29.568  25.245 0.3000000119
66372  -30.817  -29.506  23.877 0.3000000119
66491  -27.263  -29.248  16.274 0.4000000060
67345  -31.385  -28.048  22.460 0.3000000119
67404  -29.220  -28.443  18.434 0.4000000060
68230  -30.478  -27.364  23.870 0.3000000119
68328  -27.485  -27.489  15.778 0.4000000060
69097  -29.284  -26.451  24.195 0.3000000119
69098  -30.673  -26.474  23.559 0.3000000119
69197  -27.504  -26.628  15.165 0.4000000060
69199  -28.805  -25.837  16.268 0.3000000119
70155  -27.491  -25.645  13.929 0.4000000060
123557  -30.840  -37.024  23.278 0.3000000119
123627  -18.907  -65.104  24.460 0.6000000238
125289  -23.467  -56.907  26.448 0.6999999881
125382  -26.959  -60.698  18.471 0.4000000060
125502  -25.803  -56.983  18.832 0.6000000238
125630  -26.267  -58.647  18.654 0.5000000000
127071  -27.994  -31.986  25.731 0.3000000119
127550  -28.805  -41.559  27.541 0.4000000060
127685  -21.424  -68.884  13.714 0.4000000060
128178  -16.682  -65.281  17.855 0.5000000000
128235  -25.408  -58.720  20.778 0.8000000119
128620  -30.461  -27.994  20.140 0.3000000119
128806  -29.714  -29.706  19.011 0.3000000119
129636  -23.718  -62.012  18.414 0.6999999881
130237  -16.097  -65.140  22.767 0.4000000060
131698  -18.485  -70.095  16.499 0.5000000000
133362  -26.218  -37.393  18.868 0.6000000238
134991  -30.648  -32.956  25.359 0.3000000119
135917  -26.580  -49.162  14.672 0.6000000238
136034  -28.259  -46.750  19.317 0.8000000119
137840  -23.054  -38.447  15.165 0.5000000000
140101  -22.031  -48.230  19.881 0.8000000119
140235  -29.302  -44.508  20.569 0.8000000119
140267  -23.975  -60.124  26.215 0.6999999881
140728  -30.690  -32.048  20.490 0.3000000119
140798  -22.630  -64.132  13.584 0.6999999881
142153  -27.570  -47.835  19.647 0.8000000119
142301  -21.440  -66.741  13.650 0.6000000238
142698  -18.166  -64.029  18.257 0.5000000000
142894  -26.158  -41.858  15.619 0.5000000000
142988  -21.380  -57.404  18.611 0.8000000119
143111  -30.333  -40.588  25.766 0.4000000060
143289  -31.405  -32.340  23.744 0.3000000119
143755  -29.454  -38.420  21.483 0.5000000000
145748  -28.187  -46.089  21.608 0.8000000119
146156  -28.922  -34.974  20.122 0.5000000000
146203  -28.115  -32.180  18.036 0.3000000119
146898  -24.680  -50.053  15.560 0.6000000238
147104  -21.862  -67.367  24.271 0.6000000238
147244  -27.369  -31.262  24.972 0.3000000119
147906  -25.301  -51.829  22.447 0.6999999881
148106  -26.621  -46.521  15.315 0.5000000000
148356  -29.066  -34.522  26.491 0.3000000119
148417  -24.227  -51.337  18.916 0.8000000119
