#!ascii label  , from subject sub-01 vox2ras=TkReg
697
20036  -32.265  -79.296  5.363 0.5000000000
20881  -30.884  -79.223  4.698 0.8000000119
20871  -30.238  -78.354  6.941 0.8000000119
20877  -30.655  -78.655  5.111 0.8000000119
19222  -31.721  -80.176  5.981 0.5000000000
20035  -31.541  -79.428  4.895 0.5000000000
20878  -31.494  -78.795  4.908 0.6000000238
22724  -30.219  -76.807  7.406 0.6999999881
21811  -30.511  -77.368  6.639 0.6999999881
21817  -31.376  -78.023  5.352 0.8000000119
21818  -32.291  -77.906  5.411 0.6999999881
19215  -32.144  -79.854  6.728 0.6000000238
19223  -32.372  -79.630  5.913 0.5000000000
20028  -33.000  -79.141  5.771 0.6000000238
22716  -28.847  -75.923  8.857 0.6999999881
20879  -32.681  -78.816  5.438 0.6000000238
20880  -33.356  -78.524  5.844 0.6000000238
22720  -29.551  -76.187  7.997 0.6999999881
136345  -30.003  -77.077  8.241 0.6999999881
21814  -30.894  -77.190  5.883 0.6999999881
21819  -32.953  -78.221  5.537 0.6000000238
21816  -33.813  -77.703  6.097 0.6000000238
21815  -31.805  -77.302  5.725 0.8000000119
22728  -32.927  -77.536  5.747 0.6999999881
20869  -33.041  -79.007  7.558 0.4000000060
20875  -33.447  -78.773  6.188 0.6000000238
23663  -28.203  -75.147  8.359 0.6999999881
21813  -34.665  -77.294  6.695 0.6000000238
23664  -28.845  -75.426  8.013 0.6999999881
22725  -30.595  -76.601  6.635 0.6999999881
22727  -31.263  -76.607  6.233 0.6000000238
22729  -33.704  -76.956  6.155 0.6999999881
23672  -33.869  -75.379  6.885 0.5000000000
23675  -30.732  -75.980  6.791 0.6000000238
23676  -31.803  -75.981  6.586 0.6000000238
23671  -32.486  -75.335  7.055 0.6000000238
24626  -33.175  -74.583  7.499 0.5000000000
140234  -32.944  -78.697  8.296 0.4000000060
20870  -33.572  -78.416  7.674 0.5000000000
23656  -27.605  -75.156  9.757 0.6999999881
21812  -34.304  -77.995  6.969 0.6000000238
21809  -34.848  -77.233  7.234 0.6000000238
23668  -29.306  -75.346  7.549 0.6999999881
22731  -35.165  -76.692  6.804 0.6000000238
23669  -29.984  -75.282  7.246 0.6999999881
23679  -35.170  -76.244  6.762 0.5000000000
23673  -35.122  -75.430  6.961 0.6000000238
23670  -31.220  -75.338  7.197 0.6000000238
24627  -34.470  -74.580  7.348 0.5000000000
24628  -35.439  -74.579  7.509 0.5000000000
24625  -31.887  -74.605  7.615 0.5000000000
127528  -27.521  -74.678  12.199 0.6000000238
25524  -27.738  -73.366  11.631 0.6000000238
20867  -32.554  -78.628  8.925 0.5000000000
21807  -33.085  -78.006  8.681 0.5000000000
24613  -27.524  -74.728  10.436 0.6999999881
21808  -34.045  -77.700  7.864 0.5000000000
22718  -33.971  -76.458  8.851 0.4000000060
23662  -27.675  -74.832  8.896 0.6999999881
22721  -34.497  -76.930  8.105 0.5000000000
24619  -27.837  -74.387  8.053 0.6999999881
24620  -28.419  -74.340  7.718 0.6999999881
22722  -35.244  -76.472  7.596 0.5000000000
24623  -29.060  -74.749  7.517 0.6999999881
24624  -30.678  -74.632  7.606 0.6000000238
142898  -35.618  -75.508  7.380 0.5000000000
24629  -35.881  -74.452  7.818 0.5000000000
25545  -31.341  -73.917  8.135 0.5000000000
25546  -32.601  -73.838  8.118 0.5000000000
25548  -34.966  -73.821  7.760 0.5000000000
25547  -33.884  -73.761  7.837 0.5000000000
25542  -35.292  -73.263  8.217 0.3000000119
23658  -32.965  -75.754  10.063 0.3000000119
25492  -27.292  -73.826  13.367 0.6000000238
25510  -27.536  -73.723  12.548 0.6000000238
22717  -33.215  -76.443  9.445 0.4000000060
137476  -27.551  -73.826  9.898 0.6000000238
22719  -34.853  -76.131  8.510 0.5000000000
24618  -27.485  -74.070  8.861 0.6999999881
25535  -27.687  -73.533  8.307 0.6999999881
23665  -35.638  -75.662  8.070 0.5000000000
24621  -29.017  -73.972  7.729 0.5000000000
24622  -36.061  -74.568  8.005 0.5000000000
25544  -30.178  -73.975  8.015 0.5000000000
25543  -35.879  -73.806  8.275 0.4000000060
25549  -35.617  -73.995  7.875 0.3000000119
26418  -35.542  -72.820  8.602 0.4000000060
25540  -33.371  -72.930  8.348 0.5000000000
25541  -34.517  -72.945  8.197 0.4000000060
26377  -27.353  -72.978  13.398 0.6000000238
26391  -27.663  -72.730  12.338 0.6000000238
26398  -27.820  -72.514  11.360 0.6000000238
25531  -27.752  -73.172  10.689 0.6000000238
23655  -34.566  -74.932  9.802 0.3000000119
23660  -35.238  -75.246  8.999 0.4000000060
25533  -27.579  -73.239  9.076 0.6000000238
24616  -35.512  -74.312  9.749 0.3000000119
26410  -27.828  -72.775  8.671 0.6000000238
138275  -28.107  -73.724  7.806 0.6999999881
24617  -35.807  -73.607  10.101 0.3000000119
23661  -35.915  -74.661  8.562 0.3000000119
147981  -28.030  -73.137  8.181 0.6000000238
26400  -35.817  -72.843  10.469 0.3000000119
125718  -36.001  -73.819  9.319 0.3000000119
26412  -29.223  -72.544  8.529 0.5000000000
25536  -28.647  -73.176  8.106 0.5000000000
25537  -29.650  -73.270  8.269 0.5000000000
27287  -35.402  -72.088  9.238 0.3000000119
26405  -35.866  -72.747  9.607 0.3000000119
25538  -30.757  -73.267  8.501 0.5000000000
25539  -32.029  -72.990  8.619 0.5000000000
27294  -35.168  -71.980  8.735 0.3000000119
26413  -30.220  -72.606  8.693 0.5000000000
26416  -34.045  -72.021  8.385 0.4000000060
26417  -34.851  -72.109  8.462 0.3000000119
27242  -27.258  -72.058  14.043 0.5000000000
131786  -27.538  -72.026  12.999 0.6000000238
140127  -27.668  -72.982  9.849 0.6000000238
26404  -27.775  -72.330  10.332 0.5000000000
27272  -35.175  -72.391  11.471 0.3000000119
26407  -27.782  -72.429  9.388 0.6000000238
148403  -34.036  -71.332  11.372 0.3000000119
127076  -35.136  -72.038  10.736 0.3000000119
26411  -28.361  -72.566  8.567 0.6000000238
27290  -31.762  -71.333  9.087 0.5000000000
26415  -33.017  -72.015  8.580 0.4000000060
131735  -32.687  -71.179  8.688 0.4000000060
27255  -27.565  -71.452  13.503 0.5000000000
28164  -27.830  -71.244  12.761 0.5000000000
27264  -27.810  -71.852  12.052 0.5000000000
28170  -28.023  -71.020  11.803 0.5000000000
124419  -34.213  -71.027  13.314 0.3000000119
28166  -34.228  -71.435  12.456 0.3000000119
27275  -28.026  -71.579  9.962 0.6000000238
26408  -28.068  -71.987  9.061 0.6000000238
130537  -28.954  -71.791  8.982 0.5000000000
27289  -30.850  -71.886  9.124 0.5000000000
28192  -34.411  -70.512  8.564 0.4000000060
29096  -33.892  -69.507  8.388 0.4000000060
28158  -27.783  -70.805  13.517 0.5000000000
28165  -28.142  -70.363  12.673 0.5000000000
27256  -34.136  -71.033  13.726 0.4000000060
28160  -33.995  -70.504  13.801 0.4000000060
28177  -28.189  -70.857  10.784 0.5000000000
28159  -33.523  -70.568  12.872 0.4000000060
143694  -33.530  -70.987  11.738 0.3000000119
28178  -28.482  -70.053  10.564 0.4000000060
28173  -33.638  -70.705  10.748 0.3000000119
27283  -28.542  -71.284  9.563 0.5000000000
124979  -29.295  -70.947  9.416 0.4000000060
28190  -33.292  -70.159  8.382 0.4000000060
29065  -28.062  -70.121  13.764 0.5000000000
29066  -28.363  -69.533  13.148 0.5000000000
138040  -33.989  -70.550  14.117 0.4000000060
28171  -28.327  -70.215  11.512 0.5000000000
29074  -28.430  -69.563  12.139 0.4000000060
29069  -33.704  -69.883  13.893 0.4000000060
29068  -32.837  -69.790  13.244 0.4000000060
29079  -28.500  -69.382  11.138 0.4000000060
27276  -28.393  -70.694  10.033 0.4000000060
29076  -32.372  -69.723  12.119 0.4000000060
143917  -28.791  -70.582  9.697 0.4000000060
134672  -29.416  -70.046  9.590 0.4000000060
136073  -30.372  -69.777  9.425 0.4000000060
27285  -31.093  -70.952  9.319 0.4000000060
28187  -31.389  -69.952  9.131 0.4000000060
139702  -32.492  -69.785  8.613 0.4000000060
30059  -34.107  -68.315  8.716 0.4000000060
29095  -33.262  -69.266  8.378 0.4000000060
29057  -28.234  -69.361  14.191 0.5000000000
29045  -33.451  -69.128  15.431 0.4000000060
29058  -33.606  -69.305  14.880 0.4000000060
29084  -28.677  -69.248  10.303 0.4000000060
29067  -31.919  -69.093  13.077 0.4000000060
28185  -28.698  -69.936  9.901 0.4000000060
29090  -29.150  -69.250  9.783 0.4000000060
29086  -34.325  -68.981  8.933 0.3000000119
29094  -32.258  -69.136  8.700 0.4000000060
30018  -28.423  -68.532  14.609 0.4000000060
30028  -28.583  -68.683  13.448 0.5000000000
132392  -28.680  -68.331  12.457 0.4000000060
30031  -33.442  -68.923  14.664 0.4000000060
124630  -28.612  -67.954  11.567 0.4000000060
30036  -28.549  -68.793  11.776 0.4000000060
136181  -28.606  -67.666  10.938 0.4000000060
133570  -28.595  -68.462  10.833 0.4000000060
30049  -28.965  -68.512  10.071 0.4000000060
29091  -29.915  -69.332  9.598 0.4000000060
133844  -30.992  -69.020  9.312 0.4000000060
31055  -33.899  -67.965  8.578 0.4000000060
30060  -33.208  -68.499  8.443 0.4000000060
31021  -28.789  -67.911  13.956 0.4000000060
143754  -28.845  -67.971  13.099 0.4000000060
31027  -28.750  -67.466  12.322 0.4000000060
31033  -28.669  -67.092  11.419 0.4000000060
135925  -28.916  -67.826  10.454 0.4000000060
143789  -29.354  -67.938  9.975 0.4000000060
31047  -34.081  -67.485  9.198 0.4000000060
31052  -30.029  -67.580  9.705 0.4000000060
30056  -31.046  -67.993  9.356 0.4000000060
134635  -31.043  -67.061  9.427 0.4000000060
30057  -32.174  -68.303  8.825 0.4000000060
31999  -28.991  -66.535  13.500 0.4000000060
32008  -28.834  -66.728  12.577 0.4000000060
32014  -28.819  -66.317  11.823 0.4000000060
32025  -28.771  -66.406  11.036 0.4000000060
31044  -28.842  -67.118  10.729 0.4000000060
32939  -29.159  -65.794  10.815 0.4000000060
31045  -29.366  -67.282  10.184 0.4000000060
32031  -30.042  -66.738  9.864 0.4000000060
31054  -34.029  -67.500  8.896 0.3000000119
31053  -32.383  -67.344  8.880 0.4000000060
30058  -33.690  -67.297  8.742 0.4000000060
32900  -29.044  -65.761  13.648 0.4000000060
135820  -28.852  -65.980  12.723 0.4000000060
32909  -28.909  -65.183  12.924 0.4000000060
148574  -28.963  -65.472  12.038 0.4000000060
132679  -28.918  -65.791  11.348 0.4000000060
32027  -29.910  -65.930  10.190 0.4000000060
32941  -30.558  -65.270  9.911 0.4000000060
31046  -33.774  -67.277  9.846 0.4000000060
32028  -33.832  -66.780  9.313 0.3000000119
32032  -31.069  -66.090  9.509 0.4000000060
32033  -33.230  -66.568  8.888 0.5000000000
123937  -33.740  -66.756  9.111 0.4000000060
134209  -32.566  -65.919  9.164 0.5000000000
133240  -29.055  -65.011  13.857 0.4000000060
33804  -28.894  -64.377  13.192 0.4000000060
147888  -29.057  -64.012  12.083 0.4000000060
32034  -33.439  -66.031  9.242 0.5000000000
34654  -28.758  -63.500  13.529 0.4000000060
34665  -28.913  -63.819  12.589 0.4000000060
32945  -31.782  -65.264  9.417 0.4000000060
32946  -32.999  -65.258  9.306 0.5000000000
35584  -28.677  -62.789  14.176 0.4000000060
147897  -28.663  -62.726  13.397 0.4000000060
35593  -28.729  -62.246  12.962 0.4000000060
33842  -32.347  -64.570  9.447 0.5000000000
128455  -28.548  -60.070  14.280 0.4000000060
35572  -28.756  -62.093  14.718 0.4000000060
37542  -28.567  -60.696  13.817 0.4000000060
126478  -28.621  -62.092  13.741 0.4000000060
37551  -28.810  -60.614  13.302 0.4000000060
37552  -29.239  -60.568  12.877 0.5000000000
127836  -28.548  -60.742  14.641 0.4000000060
26414  -31.920  -72.027  8.878 0.5000000000
27291  -33.756  -70.990  8.300 0.4000000060
19231  -31.776  -79.858  5.345 0.5000000000
20874  -30.061  -78.779  6.047 0.8000000119
21806  -29.877  -77.821  8.594 0.6999999881
19214  -31.464  -80.427  6.862 0.5000000000
21803  -29.474  -76.942  9.129 0.6999999881
19205  -31.753  -80.048  7.692 0.5000000000
145771  -28.975  -76.457  9.454 0.6999999881
20014  -32.408  -79.547  7.577 0.4000000060
23657  -28.095  -75.491  9.266 0.6999999881
24600  -27.563  -74.656  11.387 0.6999999881
20863  -32.282  -78.132  9.598 0.4000000060
123757  -27.336  -74.472  13.048 0.6000000238
22715  -32.431  -76.518  10.087 0.4000000060
25475  -26.976  -73.705  14.090 0.6000000238
26339  -26.816  -72.354  14.788 0.5000000000
129932  -27.425  -71.184  14.212 0.5000000000
29056  -27.808  -70.000  14.712 0.4000000060
30006  -28.237  -68.248  15.616 0.4000000060
135689  -28.811  -66.945  15.133 0.4000000060
31990  -29.059  -66.318  14.519 0.4000000060
33795  -28.975  -64.253  14.205 0.4000000060
34641  -28.909  -63.507  14.657 0.4000000060
127863  -28.858  -62.831  15.232 0.4000000060
20876  -29.985  -79.098  5.272 0.8000000119
20872  -30.567  -78.025  5.882 0.8000000119
20021  -32.971  -79.283  6.572 0.5000000000
21810  -30.253  -77.666  7.695 0.6999999881
136362  -29.989  -75.990  7.104 0.6999999881
132290  -33.890  -78.146  6.376 0.6000000238
22730  -34.612  -76.869  6.496 0.6999999881
132383  -32.420  -76.748  6.139 0.6999999881
22726  -35.327  -76.711  7.012 0.6000000238
23678  -34.415  -76.217  6.530 0.6000000238
23677  -33.130  -76.125  6.540 0.6000000238
22723  -35.541  -75.959  7.337 0.5000000000
126021  -27.664  -73.982  10.981 0.6000000238
21804  -32.697  -77.234  9.441 0.5000000000
21805  -33.536  -77.121  8.747 0.5000000000
23659  -33.991  -75.689  9.393 0.3000000119
27270  -27.939  -71.668  11.038 0.6000000238
27288  -29.804  -72.041  8.890 0.5000000000
28189  -32.142  -70.559  8.930 0.4000000060
28186  -30.237  -70.511  9.386 0.4000000060
29093  -34.197  -69.835  8.539 0.4000000060
30055  -29.858  -68.524  9.683 0.4000000060
132990  -28.969  -67.142  14.250 0.4000000060
145493  -28.921  -61.083  12.870 0.4000000060
16616  -20.352  -82.811  4.067 0.4000000060
17506  -20.538  -82.525  3.925 0.4000000060
17508  -21.014  -81.672  4.441 0.4000000060
15709  -21.826  -82.295  4.478 0.4000000060
123065  -20.760  -81.286  4.885 0.4000000060
17509  -21.864  -81.221  5.156 0.4000000060
17490  -23.144  -82.115  5.783 0.5000000000
18392  -20.979  -80.632  5.539 0.4000000060
18412  -21.125  -80.848  5.293 0.4000000060
18413  -21.618  -80.285  5.571 0.5000000000
18414  -22.791  -80.718  5.687 0.5000000000
18415  -24.021  -80.743  5.851 0.6000000238
18393  -21.356  -80.517  6.612 0.4000000060
19206  -21.331  -80.092  5.877 0.4000000060
19216  -21.676  -79.935  5.861 0.4000000060
18405  -23.866  -81.869  5.975 0.5000000000
20013  -31.963  -79.736  8.367 0.3000000119
20866  -32.157  -79.035  9.499 0.4000000060
131583  -31.819  -78.012  10.336 0.3000000119
18406  -24.852  -81.696  5.923 0.5000000000
132813  -30.736  -80.875  7.129 0.5000000000
126308  -31.129  -80.582  7.884 0.4000000060
19197  -23.057  -80.060  7.950 0.4000000060
19224  -22.238  -79.886  5.787 0.5000000000
19225  -23.169  -79.895  5.952 0.5000000000
19196  -22.374  -80.550  8.020 0.4000000060
19207  -21.839  -79.804  6.517 0.4000000060
17510  -25.824  -81.607  5.710 0.6000000238
17511  -26.606  -81.601  5.474 0.6999999881
127983  -27.872  -81.880  5.925 0.6999999881
18408  -30.068  -81.251  6.526 0.6999999881
17512  -27.310  -81.798  5.597 0.6999999881
17513  -28.127  -81.628  5.288 0.6999999881
19217  -22.576  -79.615  6.208 0.5000000000
19218  -23.585  -79.712  6.250 0.6000000238
19226  -24.310  -80.035  5.981 0.6000000238
19227  -25.498  -80.145  5.726 0.6000000238
125490  -23.591  -79.527  7.334 0.5000000000
20022  -24.152  -79.669  6.442 0.6000000238
18416  -25.248  -80.680  5.615 0.6000000238
145982  -25.935  -80.426  5.387 0.6000000238
18420  -26.940  -80.795  4.813 0.6000000238
21801  -32.033  -77.316  10.149 0.3000000119
18417  -26.281  -80.887  5.173 0.6000000238
17521  -27.757  -81.516  5.015 0.6999999881
18419  -30.225  -81.106  5.496 0.6000000238
19221  -30.993  -80.781  5.984 0.5000000000
19186  -24.835  -80.809  8.948 0.6000000238
19199  -25.161  -80.248  8.194 0.6000000238
19210  -25.457  -79.902  7.394 0.6999999881
20016  -24.805  -79.654  6.738 0.6000000238
20023  -25.258  -79.849  6.066 0.6000000238
19228  -26.451  -80.258  5.151 0.6000000238
19198  -24.111  -79.962  8.230 0.5000000000
20015  -23.379  -79.455  6.635 0.6000000238
19232  -27.047  -80.338  4.776 0.6000000238
18422  -27.965  -81.118  4.465 0.6999999881
18424  -29.120  -80.963  4.346 0.6999999881
17514  -28.825  -81.476  5.004 0.6999999881
19230  -30.772  -80.687  5.069 0.6000000238
19229  -30.053  -81.013  4.816 0.6999999881
19200  -26.128  -80.417  8.104 0.6000000238
19211  -26.428  -80.075  7.323 0.6999999881
20017  -25.772  -79.776  6.556 0.6999999881
124186  -26.731  -79.789  5.669 0.6000000238
19234  -31.177  -80.116  4.856 0.5000000000
20037  -27.585  -80.243  4.614 0.6999999881
19236  -28.080  -80.662  4.350 0.6999999881
19213  -28.142  -79.909  7.759 0.6999999881
135771  -28.892  -79.504  6.737 0.6999999881
19212  -27.392  -80.117  7.456 0.6999999881
20018  -28.051  -79.822  6.843 0.6000000238
20026  -28.633  -79.613  5.935 0.5000000000
19220  -26.825  -79.831  6.453 0.6999999881
20025  -27.579  -79.742  5.814 0.6000000238
20032  -28.183  -79.716  5.087 0.6999999881
20041  -30.254  -79.655  4.584 0.5000000000
20031  -27.174  -79.813  5.185 0.6000000238
20039  -28.688  -79.909  4.541 0.6999999881
19238  -29.405  -80.450  4.301 0.6000000238
20019  -28.748  -79.519  7.535 0.6999999881
20020  -29.553  -79.101  7.091 0.6999999881
20868  -29.816  -78.507  7.876 0.6999999881
20033  -29.386  -79.549  4.896 0.6000000238
20027  -29.430  -79.324  6.020 0.6999999881
17507  -20.587  -82.053  4.365 0.4000000060
131462  -21.845  -80.241  7.256 0.4000000060
18404  -21.319  -80.317  5.662 0.4000000060
19208  -22.711  -79.483  6.962 0.4000000060
128497  -22.286  -79.905  7.326 0.4000000060
17496  -28.721  -81.609  5.734 0.6999999881
18418  -29.519  -81.344  5.187 0.6999999881
19219  -24.471  -79.894  6.123 0.6000000238
20029  -26.313  -79.950  5.459 0.6000000238
19209  -24.503  -79.673  7.480 0.6999999881
142494  -24.022  -79.451  6.883 0.6000000238
20024  -26.129  -79.788  5.943 0.6000000238
19201  -27.008  -80.444  8.116 0.5000000000
19187  -25.967  -80.873  8.977 0.5000000000
130551  -27.414  -80.550  8.952 0.6000000238
18355  -24.486  -81.276  9.848 0.4000000060
18337  -25.193  -81.495  10.723 0.5000000000
18356  -25.557  -81.261  9.851 0.5000000000
19188  -26.920  -80.935  9.438 0.5000000000
126107  -27.650  -80.677  9.851 0.5000000000
123176  -26.701  -80.672  8.712 0.5000000000
19202  -27.843  -80.216  8.331 0.6000000238
20011  -28.700  -79.595  8.574 0.5000000000
19189  -28.169  -80.223  9.248 0.5000000000
20008  -29.194  -78.996  9.478 0.6999999881
140387  -28.669  -79.675  9.552 0.6000000238
20865  -29.523  -78.053  9.407 0.6000000238
18338  -26.271  -81.410  10.837 0.5000000000
18339  -27.083  -81.154  10.384 0.5000000000
19173  -27.662  -80.724  10.836 0.5000000000
134587  -29.479  -78.736  8.701 0.6000000238
20005  -28.878  -79.236  10.259 0.6000000238
20864  -29.171  -78.315  10.180 0.5000000000
20861  -29.218  -77.503  9.913 0.6000000238
18315  -25.633  -81.584  11.586 0.5000000000
18317  -27.089  -81.216  11.359 0.5000000000
19161  -27.575  -80.671  11.766 0.5000000000
19162  -28.184  -80.175  11.283 0.5000000000
134091  -28.604  -79.562  10.910 0.5000000000
20852  -28.798  -78.608  11.051 0.5000000000
21802  -28.914  -76.837  9.948 0.6000000238
18293  -25.802  -81.587  12.327 0.5000000000
18294  -27.052  -81.129  12.291 0.5000000000
19152  -27.445  -80.433  12.619 0.5000000000
19989  -27.718  -79.518  12.887 0.5000000000
20836  -27.489  -78.651  13.262 0.6000000238
19990  -28.166  -79.229  12.263 0.4000000060
137648  -27.115  -78.050  13.378 0.4000000060
20844  -27.926  -78.605  12.574 0.5000000000
20845  -28.341  -78.565  11.876 0.5000000000
19997  -28.390  -79.366  11.595 0.4000000060
21773  -26.915  -77.450  13.008 0.4000000060
21779  -27.309  -77.305  12.312 0.5000000000
21780  -27.875  -77.865  12.111 0.5000000000
23607  -26.683  -75.923  13.182 0.4000000060
21787  -28.367  -77.785  11.456 0.6000000238
21799  -28.780  -77.499  10.664 0.6000000238
22703  -28.245  -76.552  10.550 0.6000000238
23651  -27.926  -75.783  10.101 0.6000000238
136532  -27.469  -77.940  12.797 0.5000000000
23623  -27.067  -76.058  12.296 0.5000000000
22690  -27.309  -76.679  11.933 0.5000000000
136558  -26.943  -74.971  13.509 0.4000000060
24583  -27.232  -75.277  12.758 0.5000000000
23637  -27.378  -76.046  11.554 0.6000000238
22702  -27.738  -76.591  11.290 0.6000000238
22713  -27.631  -75.984  10.825 0.6000000238
26358  -26.586  -73.376  14.689 0.3000000119
24552  -26.669  -74.505  14.125 0.4000000060
145395  -27.509  -75.038  11.699 0.5000000000
125474  -27.509  -75.352  11.183 0.6000000238
30017  -27.892  -69.175  15.326 0.3000000119
28149  -27.357  -70.691  14.959 0.3000000119
27225  -26.928  -71.582  15.043 0.4000000060
144197  -27.629  -68.647  16.214 0.3000000119
148357  -28.890  -66.424  15.244 0.3000000119
31003  -28.417  -67.398  15.762 0.3000000119
32892  -28.987  -65.806  15.348 0.3000000119
128746  -29.191  -64.963  14.869 0.3000000119
33787  -29.050  -64.194  15.289 0.3000000119
34631  -28.889  -63.506  15.575 0.3000000119
130285  -28.728  -63.034  16.298 0.3000000119
36522  -28.687  -61.418  15.131 0.3000000119
147773  -27.087  -74.297  13.662 0.5000000000
20012  -29.281  -79.137  7.988 0.5000000000
18357  -26.402  -81.196  9.901 0.5000000000
131974  -30.533  -80.948  8.019 0.3000000119
17495  -28.128  -82.060  6.772 0.6000000238
18407  -29.096  -81.590  6.590 0.6000000238
19998  -31.159  -79.914  11.231 0.3000000119
19176  -31.117  -80.271  10.520 0.3000000119
19191  -31.398  -80.106  9.728 0.3000000119
20009  -31.853  -79.676  9.204 0.3000000119
19190  -30.791  -80.719  9.825 0.3000000119
19204  -31.423  -80.295  8.802 0.3000000119
18394  -28.699  -81.851  7.507 0.6000000238
18395  -30.012  -81.246  7.633 0.5000000000
139781  -30.953  -79.919  12.000 0.3000000119
127002  -31.444  -79.117  11.027 0.3000000119
20006  -31.615  -79.561  10.218 0.3000000119
20862  -31.850  -78.738  10.286 0.3000000119
19203  -30.703  -80.874  8.799 0.3000000119
18377  -29.964  -81.280  8.622 0.4000000060
19185  -23.735  -80.741  8.949 0.4000000060
19992  -30.924  -80.208  12.904 0.3000000119
147450  -31.080  -79.415  11.639 0.3000000119
20853  -30.944  -78.583  11.799 0.3000000119
15711  -23.830  -84.887  5.547 0.5000000000
14799  -24.630  -85.025  6.169 0.5000000000
16630  -21.303  -82.677  3.781 0.4000000060
131020  -22.333  -83.457  4.137 0.4000000060
15710  -22.957  -83.687  5.434 0.4000000060
15698  -25.648  -84.158  6.920 0.5000000000
15697  -24.887  -84.215  6.509 0.5000000000
15696  -23.987  -84.155  6.121 0.5000000000
16618  -22.703  -82.504  5.463 0.4000000060
16596  -27.049  -83.492  7.550 0.6000000238
138714  -26.134  -83.341  6.824 0.6000000238
16606  -25.192  -83.426  6.556 0.5000000000
15695  -23.489  -83.177  6.084 0.4000000060
16605  -24.345  -83.439  6.376 0.5000000000
17477  -28.109  -82.469  7.791 0.6000000238
16607  -26.805  -82.871  6.962 0.6000000238
17492  -25.488  -82.531  6.274 0.6000000238
17491  -24.587  -82.682  6.283 0.4000000060
18359  -30.125  -81.380  9.554 0.3000000119
18358  -29.383  -81.868  9.266 0.4000000060
17494  -27.270  -82.335  6.497 0.6000000238
19175  -30.723  -80.931  10.762 0.3000000119
18376  -29.165  -81.657  8.266 0.5000000000
17493  -26.429  -82.308  6.203 0.6000000238
126111  -27.440  -82.722  7.378 0.6000000238
17476  -27.748  -83.134  8.069 0.5000000000
16582  -28.184  -83.505  8.637 0.5000000000
17460  -28.269  -82.807  8.557 0.5000000000
17446  -28.559  -83.084  9.220 0.4000000060
17461  -28.764  -82.372  8.952 0.5000000000
127517  -28.388  -83.986  8.821 0.5000000000
16581  -27.653  -83.705  8.125 0.5000000000
15645  -28.882  -84.167  9.116 0.4000000060
16570  -29.160  -83.523  9.576 0.4000000060
17447  -29.200  -82.695  9.671 0.4000000060
15682  -26.427  -84.174  7.349 0.5000000000
131886  -25.796  -86.833  1.455 0.3000000119
12236  -26.028  -88.105  1.215 0.3000000119
13083  -26.666  -87.174  1.365 0.3000000119
140426  -27.410  -85.626  1.701 0.3000000119
14870  -28.040  -85.571  1.822 0.4000000060
14022  -26.001  -85.822  1.738 0.3000000119
14861  -28.648  -85.514  2.062 0.4000000060
14860  -27.426  -85.333  1.935 0.4000000060
14869  -26.726  -85.437  1.823 0.3000000119
138876  -25.265  -85.626  1.838 0.3000000119
13994  -29.315  -85.919  3.327 0.4000000060
139269  -28.581  -86.137  3.539 0.4000000060
14841  -27.118  -85.511  2.601 0.4000000060
14859  -26.589  -85.206  2.047 0.4000000060
14858  -25.086  -85.300  2.023 0.4000000060
14840  -25.753  -85.374  2.351 0.4000000060
14819  -31.044  -85.851  5.600 0.3000000119
13977  -29.777  -86.275  4.158 0.4000000060
13961  -29.279  -86.410  5.022 0.4000000060
13976  -28.896  -86.362  4.210 0.4000000060
13992  -27.175  -86.401  3.757 0.4000000060
13991  -26.228  -86.009  3.319 0.4000000060
14805  -30.753  -85.576  6.633 0.3000000119
14804  -30.156  -85.960  6.125 0.4000000060
13951  -28.762  -86.246  5.879 0.4000000060
13959  -27.274  -86.657  4.920 0.4000000060
13949  -26.831  -86.323  5.992 0.4000000060
13974  -26.494  -86.577  4.345 0.4000000060
13958  -26.247  -86.556  5.208 0.4000000060
13973  -25.652  -86.434  4.412 0.4000000060
13990  -25.149  -85.881  3.461 0.4000000060
146714  -29.972  -85.643  6.842 0.4000000060
123301  -29.246  -85.783  6.592 0.4000000060
13957  -25.383  -86.257  5.339 0.4000000060
13972  -24.726  -86.057  4.592 0.4000000060
14839  -23.683  -85.079  2.770 0.4000000060
14803  -28.214  -85.793  6.728 0.4000000060
14802  -27.279  -85.719  6.751 0.4000000060
14801  -26.444  -85.616  6.683 0.4000000060
13947  -25.300  -85.660  6.071 0.4000000060
14828  -23.923  -85.433  4.828 0.4000000060
14818  -24.604  -85.677  5.457 0.4000000060
14786  -27.637  -85.177  7.467 0.4000000060
14785  -26.786  -84.958  7.304 0.4000000060
15663  -28.595  -84.487  8.518 0.4000000060
15683  -27.314  -84.309  7.809 0.4000000060
15646  -29.654  -84.251  9.372 0.3000000119
16556  -29.614  -83.131  10.224 0.3000000119
14800  -25.378  -84.933  6.610 0.4000000060
15662  -27.983  -84.108  8.387 0.4000000060
17434  -29.591  -82.672  10.146 0.3000000119
14843  -28.694  -85.641  2.772 0.4000000060
13993  -27.944  -85.944  3.212 0.4000000060
13975  -28.039  -86.493  4.120 0.4000000060
145199  -26.432  -85.392  2.446 0.4000000060
146555  -31.294  -85.622  6.208 0.4000000060
13962  -30.237  -86.251  5.048 0.4000000060
14806  -31.640  -85.406  6.695 0.3000000119
13960  -28.354  -86.537  5.031 0.4000000060
14789  -30.972  -85.219  7.397 0.3000000119
146309  -29.557  -86.197  5.764 0.4000000060
13950  -27.806  -86.327  5.926 0.4000000060
14788  -29.425  -85.454  7.381 0.4000000060
133972  -26.026  -84.901  7.054 0.4000000060
15684  -28.123  -84.769  8.005 0.4000000060
13979  -31.855  -85.618  3.694 0.3000000119
14011  -30.912  -85.832  2.103 0.3000000119
14026  -29.524  -86.052  1.713 0.3000000119
14845  -30.547  -85.670  2.423 0.3000000119
13978  -31.140  -85.842  3.482 0.3000000119
14009  -29.327  -85.707  1.942 0.3000000119
14844  -29.565  -85.628  2.409 0.3000000119
13963  -31.159  -86.000  4.444 0.3000000119
146582  -30.541  -86.138  4.065 0.3000000119
128117  -30.201  -85.392  7.374 0.3000000119
14777  -29.677  -85.227  7.908 0.3000000119
14776  -28.938  -85.153  8.056 0.3000000119
14820  -31.893  -85.774  4.745 0.3000000119
14787  -28.568  -85.398  7.441 0.3000000119
13948  -25.977  -86.152  6.065 0.4000000060
13995  -30.295  -85.776  3.191 0.3000000119
14010  -30.079  -85.750  1.974 0.3000000119
14023  -26.877  -86.131  1.499 0.3000000119
14842  -28.000  -85.480  2.357 0.4000000060
14868  -25.944  -85.362  1.999 0.3000000119
16569  -28.602  -83.645  9.109 0.4000000060
17519  -20.775  -82.306  3.996 0.4000000060
17520  -27.088  -81.350  5.054 0.6999999881
17522  -28.295  -81.463  4.867 0.6999999881
17523  -28.753  -81.285  4.624 0.6999999881
17524  -27.536  -81.222  4.740 0.6999999881
17525  -27.980  -81.386  4.735 0.6999999881
17526  -28.300  -81.296  4.605 0.6999999881
18316  -26.440  -81.429  11.886 0.5000000000
18375  -28.555  -82.198  8.240 0.6000000238
18421  -29.374  -81.206  4.707 0.6999999881
18423  -28.505  -81.046  4.354 0.6999999881
19141  -27.257  -80.148  13.319 0.5000000000
19174  -28.351  -80.148  10.282 0.5000000000
19233  -30.271  -80.314  4.498 0.5000000000
19235  -27.489  -80.750  4.553 0.6000000238
19237  -28.748  -80.573  4.246 0.6999999881
19996  -27.963  -79.943  12.105 0.4000000060
20010  -32.431  -79.214  8.514 0.3000000119
20030  -26.995  -79.985  4.918 0.6000000238
20034  -30.267  -79.212  4.804 0.8000000119
20038  -27.772  -79.932  4.758 0.6999999881
20040  -29.504  -79.973  4.379 0.5000000000
20042  -28.305  -80.191  4.432 0.6999999881
20043  -28.951  -80.159  4.292 0.6999999881
20873  -33.604  -78.631  6.801 0.6000000238
21786  -27.752  -77.214  11.690 0.6000000238
22680  -26.856  -76.752  12.612 0.4000000060
22732  -35.427  -76.304  6.976 0.5000000000
23650  -27.609  -75.400  10.455 0.6999999881
23666  -35.833  -75.227  7.716 0.5000000000
23667  -28.524  -74.865  7.771 0.6999999881
23674  -35.512  -75.789  7.140 0.5000000000
25526  -35.732  -73.216  10.679 0.3000000119
25532  -35.989  -73.245  9.899 0.3000000119
25534  -36.037  -73.269  9.006 0.4000000060
26359  -26.938  -72.877  14.325 0.5000000000
26409  -35.725  -72.566  8.967 0.4000000060
27271  -34.704  -71.833  11.547 0.3000000119
27273  -35.531  -72.521  10.876 0.3000000119
27278  -35.007  -71.615  9.705 0.3000000119
27279  -35.523  -72.344  10.125 0.3000000119
27284  -30.001  -71.372  9.211 0.5000000000
27292  -34.356  -71.060  8.396 0.4000000060
27293  -34.662  -71.288  8.592 0.3000000119
28137  -33.595  -69.761  15.063 0.4000000060
28151  -33.800  -69.948  14.382 0.4000000060
28172  -32.932  -70.306  11.329 0.3000000119
28191  -34.060  -70.264  8.346 0.4000000060
29092  -34.138  -69.159  8.642 0.4000000060
30019  -33.167  -68.327  14.928 0.4000000060
30051  -34.255  -68.110  9.035 0.4000000060
30061  -33.896  -68.713  8.479 0.4000000060
31011  -28.642  -67.714  14.927 0.4000000060
32026  -29.288  -66.537  10.472 0.4000000060
32035  -33.566  -66.224  9.353 0.4000000060
33816  -29.024  -64.581  12.237 0.4000000060
36536  -28.544  -61.385  14.164 0.4000000060
36544  -28.653  -61.376  13.292 0.4000000060
123276  -35.761  -75.108  7.477 0.5000000000
123849  -27.647  -74.081  11.767 0.6000000238
124143  -28.803  -63.047  12.747 0.4000000060
124899  -24.872  -81.641  11.373 0.5000000000
125934  -36.039  -74.015  8.588 0.4000000060
126522  -28.548  -69.002  12.597 0.4000000060
127412  -33.177  -69.259  13.997 0.4000000060
127781  -28.919  -67.297  13.282 0.4000000060
129176  -27.406  -75.429  11.970 0.5000000000
130218  -32.065  -66.582  9.149 0.5000000000
132301  -29.688  -80.841  4.476 0.6999999881
132530  -32.185  -78.498  5.208 0.6000000238
137629  -29.571  -81.408  5.847 0.6999999881
139624  -29.135  -65.570  14.438 0.4000000060
139761  -28.746  -66.883  11.998 0.4000000060
139838  -28.501  -76.157  9.718 0.6999999881
141365  -33.188  -67.833  8.558 0.4000000060
141552  -32.094  -78.985  5.036 0.6000000238
141881  -29.713  -74.565  7.576 0.6999999881
141918  -31.333  -80.370  5.383 0.6000000238
143041  -27.693  -70.554  14.234 0.5000000000
143611  -30.870  -79.746  4.639 0.5000000000
143767  -31.154  -72.601  8.859 0.5000000000
143863  -25.825  -85.486  6.545 0.4000000060
144861  -31.820  -85.660  5.771 0.3000000119
145267  -28.033  -85.419  1.973 0.4000000060
145701  -27.521  -74.543  9.539 0.6999999881
146505  -23.856  -82.758  6.238 0.4000000060
146973  -33.602  -69.467  14.439 0.4000000060
147926  -29.422  -81.501  7.295 0.5000000000
148079  -28.212  -77.103  11.164 0.6000000238
