#!ascii label  , from subject sub-01 vox2ras=TkReg
1495
10686  -4.878  -90.988  -0.699 0.5000000000
136610  -2.973  -92.971  -0.432 0.5000000000
7448  -2.693  -94.073  1.516 0.5000000000
7447  -2.257  -94.683  1.168 0.5000000000
11419  -6.036  -89.466  0.203 0.5000000000
11429  -5.621  -90.285  -0.338 0.5000000000
11430  -6.461  -89.905  -0.490 0.5000000000
9943  -5.933  -91.068  -0.426 0.5000000000
9944  -6.656  -91.089  -0.123 0.6000000238
9150  -5.210  -91.545  -0.500 0.5000000000
6634  -2.124  -95.534  0.708 0.5000000000
8326  -3.824  -92.486  -0.254 0.5000000000
5869  -2.859  -96.241  -0.002 0.5000000000
8307  -3.078  -93.240  0.895 0.6000000238
5857  -3.195  -95.808  0.465 0.6000000238
8289  -4.306  -93.329  1.972 0.6000000238
7437  -2.939  -94.869  1.391 0.6000000238
6635  -3.956  -95.795  0.303 0.6999999881
7439  -4.812  -94.027  2.438 0.6999999881
6619  -4.269  -95.628  0.862 0.6999999881
6603  -5.045  -94.884  2.265 0.6999999881
130743  -4.597  -95.346  1.622 0.6999999881
6620  -5.154  -95.839  0.909 0.6999999881
11431  -7.419  -89.644  -0.382 0.5000000000
10689  -7.839  -90.085  -0.457 0.6000000238
11432  -8.287  -89.638  -0.347 0.6000000238
139754  -8.938  -90.044  -0.035 0.6000000238
9130  -5.484  -91.887  0.450 0.5000000000
5870  -4.068  -95.943  -0.508 0.5000000000
5884  -3.716  -96.181  -1.274 0.5000000000
5902  -5.322  -96.290  -2.397 0.6999999881
5871  -4.960  -95.922  -0.925 0.6999999881
5886  -5.501  -96.208  -1.535 0.6999999881
9129  -4.699  -92.163  -0.006 0.6000000238
8309  -4.863  -92.534  1.263 0.6999999881
5872  -5.639  -96.177  -0.724 0.6999999881
8290  -5.251  -93.229  2.167 0.6999999881
7429  -5.694  -94.189  2.619 0.6999999881
5859  -6.573  -96.665  0.334 0.6999999881
7430  -6.484  -94.771  2.883 0.6999999881
6587  -5.879  -95.284  2.438 0.6999999881
135600  -5.451  -95.613  1.759 0.6999999881
5852  -6.842  -96.579  1.313 0.6999999881
6588  -7.139  -95.157  3.116 0.6999999881
6570  -7.611  -95.997  3.030 0.6999999881
142709  -7.415  -96.711  1.908 0.6999999881
12242  -7.958  -88.650  0.374 0.5000000000
12243  -8.982  -88.551  0.278 0.6000000238
12244  -10.143  -88.804  -0.151 0.6000000238
143340  -9.830  -89.526  -0.278 0.6000000238
11408  -10.298  -89.595  0.046 0.6000000238
10676  -8.130  -90.439  0.012 0.6000000238
10677  -9.544  -89.922  -0.005 0.6000000238
9132  -6.585  -91.408  0.414 0.6000000238
5903  -6.170  -96.928  -2.239 0.6999999881
9131  -6.099  -91.740  0.928 0.6999999881
5887  -6.275  -96.792  -1.350 0.6999999881
5254  -7.042  -97.497  -2.076 0.6999999881
122980  -7.739  -97.619  -2.739 0.6999999881
9114  -6.671  -91.637  1.316 0.6999999881
5247  -7.116  -97.377  -1.146 0.6999999881
5889  -9.070  -97.629  -2.480 0.6999999881
9113  -6.247  -92.253  1.812 0.6999999881
122803  -6.991  -91.922  2.254 0.6999999881
5873  -6.372  -96.722  -0.496 0.6999999881
143997  -7.110  -97.168  -0.332 0.6999999881
5255  -8.139  -97.777  -1.994 0.6999999881
5249  -9.064  -98.136  -1.518 0.6999999881
8291  -6.062  -93.111  2.324 0.6999999881
9096  -7.259  -92.833  2.942 0.6999999881
5860  -7.387  -97.337  0.359 0.6999999881
5239  -9.056  -98.296  -0.489 0.6999999881
8277  -6.976  -94.223  3.137 0.6999999881
5853  -7.748  -97.350  1.186 0.6999999881
131563  -7.728  -95.375  3.418 0.6999999881
5230  -8.626  -97.954  1.149 0.6999999881
5844  -8.176  -97.301  2.043 0.6999999881
6571  -8.399  -96.068  3.585 0.6999999881
12230  -8.176  -88.118  1.182 0.5000000000
13089  -9.665  -88.164  0.666 0.6000000238
13090  -10.744  -88.231  0.380 0.6000000238
139467  -10.021  -87.778  1.134 0.5000000000
13077  -12.159  -88.005  0.776 0.6000000238
13061  -8.232  -87.473  2.128 0.5000000000
13075  -9.104  -87.711  1.682 0.5000000000
12245  -10.967  -88.756  0.152 0.6000000238
12247  -13.005  -88.003  1.027 0.6000000238
11409  -11.017  -89.083  0.278 0.6000000238
140177  -12.186  -88.192  0.802 0.6000000238
129071  -8.776  -90.378  0.589 0.6000000238
9922  -7.333  -91.241  1.370 0.6999999881
10666  -9.732  -90.018  0.911 0.6999999881
9914  -7.569  -91.341  2.161 0.6999999881
10665  -7.988  -90.747  1.556 0.6999999881
144459  -9.629  -97.011  -2.335 0.6999999881
9097  -7.700  -91.915  3.037 0.6999999881
9915  -8.085  -90.954  2.571 0.6999999881
5874  -9.723  -97.584  -1.775 0.6999999881
6637  -10.005  -96.564  -1.758 0.6999999881
9907  -8.373  -91.305  3.536 0.6999999881
5875  -9.849  -98.092  -0.983 0.6999999881
6638  -10.422  -97.183  -1.191 0.6999999881
6652  -9.583  -95.972  -2.258 0.6999999881
8249  -8.513  -93.519  4.418 0.6000000238
134360  -9.107  -98.236  0.387 0.6999999881
5861  -10.511  -97.663  -0.363 0.6999999881
129188  -10.246  -95.898  -0.973 0.6999999881
7456  -9.867  -95.359  -1.552 0.6999999881
8327  -9.945  -94.508  -1.649 0.6999999881
8265  -7.854  -94.027  3.991 0.6999999881
5231  -9.693  -98.323  1.065 0.6999999881
5232  -10.607  -98.161  1.503 0.6000000238
5854  -11.141  -97.556  1.104 0.6999999881
5862  -11.014  -97.150  0.263 0.6999999881
6556  -8.878  -95.465  4.158 0.6000000238
5834  -8.227  -96.849  2.939 0.6999999881
5835  -9.039  -97.122  3.448 0.6999999881
5218  -9.025  -97.924  1.814 0.6999999881
5219  -9.786  -98.054  2.131 0.6000000238
5233  -11.273  -97.798  1.955 0.6000000238
138239  -9.402  -95.815  4.536 0.6000000238
6572  -9.346  -96.481  4.120 0.6000000238
5203  -9.792  -97.709  3.038 0.6000000238
5204  -10.588  -97.673  3.370 0.5000000000
5220  -10.584  -97.970  2.492 0.5000000000
144805  -11.698  -97.254  2.347 0.5000000000
6558  -10.304  -96.424  5.058 0.6000000238
5828  -10.899  -96.983  4.865 0.5000000000
5190  -10.665  -97.356  4.146 0.5000000000
13076  -10.733  -87.651  1.227 0.6000000238
13063  -10.789  -87.292  2.123 0.6000000238
14005  -12.971  -86.937  2.081 0.5000000000
14851  -13.511  -86.260  2.745 0.6999999881
125937  -8.993  -87.420  2.500 0.5000000000
141046  -10.229  -87.069  3.412 0.6000000238
14003  -10.858  -86.892  2.894 0.6000000238
124539  -8.905  -87.407  3.899 0.6000000238
13048  -9.385  -87.294  3.213 0.6000000238
13065  -13.997  -87.570  1.982 0.4000000060
13035  -9.716  -87.278  3.838 0.6000000238
129725  -13.331  -88.058  1.314 0.5000000000
11411  -12.391  -88.555  1.380 0.6000000238
11395  -11.109  -89.227  1.270 0.6000000238
10652  -9.395  -89.950  2.437 0.6999999881
10653  -10.231  -89.538  1.874 0.6000000238
9908  -8.943  -90.748  4.082 0.6999999881
9073  -8.602  -92.593  4.381 0.6000000238
9899  -9.598  -91.361  4.633 0.6000000238
7408  -8.632  -94.493  4.350 0.6000000238
6605  -11.393  -96.425  0.856 0.6000000238
6622  -11.092  -95.921  0.155 0.6000000238
7449  -10.645  -95.385  -0.425 0.6999999881
7457  -10.288  -94.922  -1.011 0.6999999881
8328  -10.542  -94.137  -1.245 0.6999999881
7409  -9.307  -95.034  4.674 0.6000000238
5855  -11.627  -96.945  1.628 0.6000000238
9172  -10.244  -93.642  -2.355 0.6999999881
6544  -10.450  -95.684  5.636 0.6000000238
5845  -12.046  -97.146  3.119 0.4000000060
6589  -12.189  -96.349  2.185 0.4000000060
6606  -11.838  -95.840  1.326 0.5000000000
7450  -11.100  -94.990  -0.001 0.6000000238
9154  -11.115  -93.573  -1.244 0.6000000238
6545  -11.192  -96.093  6.007 0.5000000000
5808  -11.965  -96.204  6.043 0.5000000000
5829  -11.726  -97.003  4.808 0.5000000000
5836  -11.985  -97.267  4.091 0.5000000000
7431  -12.424  -95.346  1.700 0.4000000060
7441  -11.997  -94.956  0.981 0.6000000238
14835  -12.825  -85.653  3.400 0.6000000238
13986  -12.421  -86.379  2.880 0.6000000238
142984  -13.940  -85.500  3.170 0.6000000238
13036  -10.408  -87.046  4.183 0.6000000238
122974  -11.414  -86.202  3.761 0.5000000000
13955  -11.535  -85.857  5.020 0.6000000238
13944  -11.516  -85.934  5.823 0.6000000238
14852  -14.390  -85.848  2.906 0.6000000238
13019  -9.645  -87.498  4.682 0.6999999881
13004  -10.679  -87.122  5.903 0.6000000238
13935  -11.060  -85.755  7.454 0.6000000238
13050  -14.275  -87.452  2.309 0.5000000000
140184  -14.631  -86.950  2.526 0.6000000238
147000  -9.255  -87.727  5.322 0.6000000238
126236  -10.375  -87.374  6.663 0.6999999881
12206  -13.425  -88.210  1.842 0.5000000000
13003  -9.573  -87.740  6.578 0.6999999881
11397  -12.557  -88.673  2.240 0.6000000238
125180  -9.845  -87.649  7.385 0.6000000238
10640  -10.034  -89.772  3.131 0.6000000238
11379  -10.930  -89.414  2.566 0.6000000238
10641  -10.778  -89.782  3.788 0.6000000238
10626  -9.901  -90.394  4.206 0.6000000238
9074  -9.393  -92.299  4.759 0.6000000238
8251  -9.881  -92.920  5.243 0.6000000238
8222  -11.310  -93.351  7.098 0.6000000238
7396  -9.936  -94.790  5.178 0.6000000238
8208  -11.954  -93.964  7.665 0.6000000238
6536  -10.899  -95.401  6.310 0.6000000238
7451  -11.597  -94.608  0.343 0.6000000238
8312  -11.875  -93.905  -0.094 0.6000000238
9133  -11.510  -93.658  -0.718 0.6000000238
6537  -11.634  -95.525  6.572 0.5000000000
5809  -12.745  -96.058  5.939 0.5000000000
5830  -12.478  -96.752  4.631 0.5000000000
9156  -12.503  -92.458  -1.451 0.6000000238
7432  -13.135  -94.926  2.046 0.4000000060
8292  -12.223  -94.216  0.604 0.6000000238
8313  -12.586  -93.430  0.063 0.6000000238
14824  -12.284  -85.124  4.123 0.6000000238
16611  -11.569  -83.657  5.378 0.5000000000
16624  -12.293  -83.900  4.942 0.6000000238
16613  -13.257  -83.121  5.058 0.5000000000
13969  -11.648  -85.690  4.175 0.6000000238
15706  -11.237  -84.237  5.690 0.6000000238
15728  -13.234  -84.957  3.819 0.5000000000
15719  -13.576  -84.232  4.073 0.5000000000
16633  -14.673  -84.143  3.833 0.5000000000
14795  -11.548  -85.104  5.551 0.5000000000
137949  -11.698  -84.446  5.208 0.6000000238
14782  -10.955  -84.786  7.015 0.5000000000
14836  -15.039  -85.486  3.135 0.6000000238
12988  -10.567  -86.859  7.671 0.6999999881
13923  -10.510  -85.977  8.318 0.6000000238
13922  -9.869  -86.202  8.964 0.6000000238
11381  -13.062  -88.482  2.928 0.5000000000
12132  -9.401  -87.795  8.847 0.5000000000
12971  -9.767  -87.045  9.039 0.6999999881
11380  -11.698  -89.246  3.238 0.5000000000
128812  -10.752  -90.447  4.535 0.5000000000
9900  -10.332  -91.075  4.940 0.6000000238
9053  -11.162  -92.489  6.636 0.6000000238
9065  -10.516  -92.472  5.615 0.5000000000
9040  -11.503  -92.496  7.331 0.6000000238
9052  -10.856  -92.926  6.241 0.6000000238
6532  -12.871  -95.068  7.221 0.5000000000
8278  -13.197  -94.215  1.512 0.5000000000
8294  -13.733  -93.516  1.215 0.5000000000
144709  -13.038  -92.441  -0.723 0.6000000238
17501  -10.610  -82.998  5.842 0.6000000238
16612  -12.300  -83.250  5.167 0.6000000238
15692  -10.055  -83.341  6.290 0.6000000238
16626  -13.949  -83.587  4.394 0.5000000000
15693  -10.555  -84.062  6.315 0.6000000238
141201  -10.335  -84.297  7.258 0.6999999881
15720  -15.245  -84.648  3.675 0.6000000238
14771  -9.884  -85.278  8.609 0.6000000238
14772  -10.563  -84.966  7.922 0.6000000238
13987  -15.068  -86.140  2.937 0.6000000238
13910  -9.267  -86.539  9.550 0.6000000238
14759  -8.984  -85.570  9.249 0.6000000238
12207  -13.849  -87.953  2.672 0.5000000000
10627  -11.453  -89.929  4.458 0.5000000000
12131  -8.905  -88.122  9.440 0.5000000000
12963  -9.210  -87.407  9.560 0.6000000238
9901  -11.041  -90.788  5.113 0.5000000000
9880  -11.435  -91.655  6.625 0.6000000238
9892  -11.316  -91.265  5.732 0.5000000000
9041  -12.018  -92.614  8.128 0.5000000000
131977  -11.820  -93.211  7.741 0.5000000000
8315  -14.136  -92.619  0.550 0.6000000238
17484  -10.114  -82.532  6.297 0.6000000238
17485  -11.037  -82.450  6.145 0.5000000000
17503  -12.594  -82.587  5.581 0.5000000000
17483  -9.276  -82.629  6.479 0.6999999881
17504  -13.675  -82.492  5.401 0.5000000000
137686  -8.665  -83.678  7.370 0.6999999881
16601  -9.189  -83.096  6.515 0.6000000238
17505  -14.584  -82.444  5.311 0.5000000000
139966  -9.593  -84.314  7.878 0.6000000238
16627  -14.859  -83.658  4.269 0.5000000000
14825  -15.340  -84.952  3.589 0.6000000238
14769  -7.502  -84.503  9.227 0.6999999881
13038  -14.871  -86.679  3.389 0.6000000238
139180  -7.955  -85.280  9.637 0.6000000238
13037  -14.248  -87.459  3.820 0.6000000238
13865  -8.006  -86.404  11.109 0.6999999881
13909  -8.746  -86.845  10.164 0.6999999881
11366  -12.732  -88.973  4.013 0.5000000000
12199  -13.751  -87.996  3.634 0.5000000000
12962  -8.675  -87.733  10.125 0.6000000238
10620  -12.175  -89.606  4.724 0.5000000000
134465  -8.192  -87.343  11.344 0.5000000000
144540  -12.320  -89.713  5.430 0.6000000238
10619  -11.751  -90.345  5.390 0.5000000000
147938  -7.832  -88.163  11.409 0.6000000238
10610  -11.721  -90.844  6.166 0.5000000000
9869  -11.791  -91.735  7.631 0.6000000238
9857  -13.019  -91.953  9.298 0.5000000000
18397  -9.594  -82.023  6.621 0.6999999881
18398  -10.562  -82.016  6.556 0.5000000000
18399  -11.553  -81.994  6.475 0.5000000000
17467  -7.644  -82.601  7.289 0.8000000119
17468  -8.665  -82.237  6.864 0.6999999881
18400  -12.577  -81.905  6.297 0.5000000000
18401  -13.676  -81.700  6.171 0.5000000000
16577  -6.440  -83.038  8.353 0.6999999881
16589  -7.423  -83.037  7.302 0.6999999881
16600  -8.422  -82.846  6.860 0.8000000119
15675  -7.832  -83.427  7.536 0.6999999881
18411  -15.036  -81.868  5.697 0.5000000000
15625  -7.092  -83.888  9.760 0.6999999881
15656  -7.440  -83.776  8.411 0.6999999881
16628  -15.195  -83.916  4.265 0.6000000238
146988  -15.101  -82.561  5.320 0.5000000000
15610  -7.588  -84.777  10.709 0.6000000238
14757  -7.521  -84.812  9.960 0.6000000238
146815  -14.401  -86.984  4.302 0.6000000238
14727  -7.895  -85.781  11.373 0.6999999881
14742  -7.750  -85.515  10.753 0.6999999881
11367  -13.206  -88.583  4.377 0.6000000238
12185  -13.554  -88.075  4.634 0.6000000238
13866  -8.232  -86.874  11.885 0.6000000238
11351  -12.728  -89.353  5.826 0.6000000238
146695  -12.390  -90.210  6.882 0.6000000238
12908  -7.713  -88.130  12.168 0.6000000238
9881  -11.903  -90.786  7.047 0.6000000238
137493  -12.218  -91.140  7.877 0.5000000000
18383  -7.899  -81.969  7.492 0.6000000238
18384  -9.045  -81.777  7.060 0.5000000000
18385  -10.066  -81.651  6.943 0.5000000000
18388  -13.165  -81.644  6.786 0.5000000000
142025  -6.532  -82.529  7.879 0.8000000119
18389  -14.271  -81.555  6.711 0.5000000000
16565  -6.569  -83.187  9.074 0.6999999881
14814  -15.352  -84.368  4.251 0.6000000238
134791  -7.754  -85.391  15.486 0.6000000238
16538  -7.308  -83.731  10.358 0.8000000119
14692  -8.844  -85.596  15.582 0.6000000238
15611  -8.041  -85.066  11.597 0.6999999881
126690  -7.823  -84.293  11.020 0.8000000119
14813  -15.274  -85.228  4.220 0.6000000238
144816  -7.933  -87.602  15.239 0.6000000238
14717  -8.656  -86.062  12.156 0.6000000238
12166  -13.452  -88.158  5.676 0.6000000238
129267  -13.374  -88.430  6.523 0.6000000238
13840  -8.856  -87.334  13.539 0.6000000238
12909  -8.182  -87.589  12.673 0.6000000238
13849  -8.663  -86.954  12.657 0.6000000238
11340  -12.715  -89.578  6.769 0.6000000238
130359  -13.146  -88.916  7.028 0.6000000238
12931  -7.999  -87.715  11.755 0.5000000000
10605  -13.154  -90.224  8.356 0.5000000000
10597  -13.444  -90.941  9.044 0.5000000000
11308  -13.799  -90.061  9.043 0.5000000000
18367  -8.603  -81.758  7.955 0.5000000000
18368  -9.615  -81.857  7.974 0.5000000000
18365  -6.969  -81.773  8.159 0.6000000238
18366  -7.776  -81.382  8.666 0.5000000000
17438  -5.938  -82.221  8.911 0.8000000119
138673  -5.873  -81.931  8.887 0.6999999881
17425  -6.304  -82.120  10.055 0.8000000119
16614  -15.576  -83.109  5.520 0.6000000238
143555  -15.085  -81.454  6.671 0.5000000000
142194  -7.852  -83.701  15.186 0.6000000238
16539  -8.007  -83.417  10.880 0.8000000119
16603  -15.869  -82.675  6.137 0.5000000000
15578  -9.147  -84.658  15.575 0.6999999881
15577  -8.092  -84.511  15.388 0.6000000238
144414  -9.690  -84.462  12.090 0.8000000119
13945  -14.319  -85.965  5.505 0.6000000238
128777  -14.938  -84.722  5.579 0.6000000238
129893  -15.457  -83.788  5.378 0.6000000238
135319  -9.674  -85.374  15.452 0.6000000238
13005  -13.597  -87.725  6.479 0.6000000238
136157  -13.680  -87.476  5.650 0.6000000238
14796  -14.263  -85.537  6.669 0.6000000238
13831  -9.060  -87.233  14.530 0.6000000238
13850  -9.423  -86.652  13.031 0.6000000238
15599  -8.967  -85.086  12.128 0.5000000000
12151  -13.528  -88.307  7.232 0.6000000238
11331  -13.041  -89.552  7.637 0.6000000238
12152  -13.750  -88.323  8.170 0.6000000238
11323  -13.759  -89.144  8.690 0.5000000000
11309  -14.341  -89.336  9.596 0.5000000000
10580  -14.131  -90.894  9.526 0.5000000000
133298  -14.446  -90.246  9.614 0.5000000000
18347  -6.608  -81.175  8.823 0.6000000238
132025  -5.997  -81.607  9.843 0.6999999881
18225  -7.493  -81.676  15.707 0.6000000238
122994  -8.066  -83.068  15.236 0.6000000238
128667  -7.206  -82.766  10.421 0.8000000119
18403  -16.028  -81.486  6.771 0.5000000000
17353  -8.926  -82.998  15.556 0.6000000238
17409  -8.065  -82.345  11.119 0.8000000119
125253  -16.279  -82.671  6.743 0.5000000000
16491  -8.590  -83.776  15.425 0.6999999881
16524  -9.679  -83.482  11.908 0.8000000119
15694  -15.462  -83.992  6.458 0.6000000238
16591  -15.994  -83.461  7.104 0.6000000238
15579  -10.086  -84.778  15.537 0.8000000119
130064  -10.426  -84.928  12.555 0.6999999881
13937  -13.832  -86.471  6.683 0.6000000238
15677  -14.780  -84.720  6.971 0.6000000238
14693  -10.425  -85.618  14.993 0.6999999881
13833  -10.553  -86.054  14.346 0.6999999881
14719  -10.605  -85.617  13.055 0.6000000238
147178  -13.697  -87.143  6.689 0.6000000238
14773  -14.255  -85.635  8.459 0.6000000238
13841  -9.724  -86.788  13.878 0.6000000238
144897  -14.021  -86.619  8.551 0.5000000000
12973  -13.990  -87.616  8.725 0.5000000000
19180  -6.073  -80.787  9.815 0.6000000238
20007  -6.955  -79.820  9.954 0.5000000000
19102  -7.318  -80.142  15.820 0.6000000238
18301  -6.426  -80.637  10.820 0.6999999881
148052  -7.603  -80.949  15.904 0.6000000238
17408  -6.965  -81.961  10.705 0.6999999881
18302  -7.151  -81.190  11.273 0.6000000238
132631  -8.304  -81.405  15.887 0.6000000238
18303  -8.535  -81.493  11.725 0.6000000238
18304  -9.463  -81.802  12.167 0.6999999881
17410  -9.168  -82.467  11.721 0.6999999881
18283  -10.268  -81.610  12.656 0.6000000238
16492  -9.548  -83.899  15.702 0.8000000119
16525  -10.571  -83.448  12.476 0.8000000119
132635  -11.721  -82.825  13.487 0.6999999881
144153  -10.789  -84.836  15.212 0.6999999881
15589  -11.101  -85.109  14.730 0.6999999881
15595  -11.623  -84.501  13.808 0.6000000238
16511  -11.806  -83.750  13.629 0.8000000119
20807  -6.788  -78.713  15.715 0.6000000238
18213  -9.049  -80.962  16.074 0.6999999881
18260  -10.813  -80.973  13.180 0.6000000238
133707  -9.260  -82.063  15.898 0.6999999881
18214  -9.997  -81.377  16.337 0.6999999881
17376  -11.191  -81.890  13.235 0.6999999881
145049  -11.852  -82.023  13.727 0.6000000238
17354  -9.955  -83.135  15.980 0.8000000119
17355  -11.026  -83.155  16.055 0.6000000238
16494  -11.598  -83.649  15.445 0.5000000000
17377  -12.345  -82.482  14.238 0.6999999881
18262  -12.286  -81.567  14.130 0.6999999881
19136  -12.061  -80.767  13.988 0.6000000238
16493  -10.664  -84.033  15.645 0.8000000119
16495  -12.283  -83.144  15.203 0.6000000238
16512  -12.171  -83.258  14.047 0.6000000238
21735  -6.118  -78.463  15.497 0.6000000238
21736  -7.132  -78.366  16.258 0.6000000238
19941  -7.982  -79.579  16.129 0.6999999881
19940  -7.219  -79.192  15.722 0.6000000238
19103  -8.162  -80.514  16.090 0.6999999881
19085  -8.796  -80.003  16.321 0.6999999881
19135  -11.363  -80.452  13.539 0.6000000238
18215  -11.013  -81.653  16.707 0.6000000238
17345  -12.166  -82.296  16.193 0.6000000238
128269  -11.941  -80.006  13.912 0.5000000000
18241  -12.948  -80.295  14.841 0.6000000238
19973  -12.607  -79.671  14.414 0.5000000000
127739  -12.860  -78.799  14.481 0.5000000000
19104  -13.211  -80.228  15.419 0.6000000238
19956  -13.250  -79.465  15.091 0.5000000000
20778  -5.875  -78.718  16.901 0.6000000238
21720  -6.652  -78.428  16.199 0.6000000238
20808  -7.909  -78.787  16.213 0.6999999881
21721  -7.520  -77.789  16.711 0.6999999881
20790  -8.446  -77.886  16.473 0.6999999881
19923  -8.651  -78.958  16.218 0.6999999881
19924  -9.485  -79.523  16.419 0.6000000238
19086  -9.688  -80.436  16.388 0.5000000000
127212  -10.253  -79.987  16.605 0.6999999881
19925  -10.256  -79.203  16.681 0.6000000238
19087  -10.640  -80.747  16.680 0.6000000238
19088  -11.653  -80.917  16.777 0.6000000238
141897  -11.989  -79.547  17.041 0.6000000238
18218  -13.038  -81.286  15.910 0.6000000238
19928  -13.254  -79.699  16.231 0.5000000000
20794  -13.323  -78.863  16.433 0.5000000000
124969  -13.891  -78.220  16.030 0.5000000000
19886  -6.592  -79.502  20.527 0.6999999881
19887  -7.567  -79.737  20.469 0.6999999881
20733  -7.224  -79.535  21.302 0.6999999881
131869  -6.295  -79.034  17.925 0.6000000238
19912  -7.767  -79.637  19.805 0.6999999881
21642  -8.179  -79.629  21.798 0.6999999881
139020  -9.140  -79.727  22.023 0.6999999881
22587  -9.511  -79.159  22.407 0.6000000238
20779  -6.945  -78.126  17.374 0.6999999881
131756  -7.630  -79.290  19.234 0.6999999881
20749  -8.622  -79.625  20.044 0.6999999881
21660  -9.191  -80.054  21.213 0.6999999881
21703  -7.643  -77.362  17.157 0.6999999881
20771  -7.109  -78.618  18.304 0.6999999881
136204  -9.341  -78.578  16.462 0.6000000238
21724  -10.791  -77.659  17.085 0.6000000238
19926  -11.205  -79.951  16.854 0.6000000238
123227  -11.261  -78.837  16.991 0.6000000238
20780  -12.164  -78.027  17.099 0.6000000238
125573  -12.265  -78.964  17.035 0.5000000000
21707  -12.773  -77.114  17.208 0.6000000238
19927  -12.782  -79.498  16.762 0.5000000000
21708  -13.347  -77.953  16.791 0.5000000000
21709  -13.430  -77.063  16.910 0.5000000000
20732  -5.983  -79.111  21.372 0.6999999881
22586  -7.819  -78.875  22.620 0.6999999881
22578  -8.112  -77.786  22.779 0.6000000238
22579  -9.679  -77.917  22.637 0.6000000238
21643  -10.361  -79.840  21.736 0.6000000238
22580  -11.325  -78.063  22.522 0.4000000060
23508  -10.860  -77.026  22.652 0.5000000000
21737  -7.779  -77.811  16.519 0.6999999881
21691  -7.631  -77.368  17.830 0.8000000119
21644  -11.514  -79.493  21.430 0.5000000000
22589  -12.252  -78.753  21.904 0.4000000060
23513  -12.414  -77.659  22.393 0.4000000060
21704  -8.182  -76.877  17.614 0.8000000119
21692  -8.295  -76.919  18.445 0.8000000119
21678  -9.034  -78.198  19.647 0.8000000119
22599  -10.985  -78.918  20.294 0.6000000238
21722  -8.020  -77.142  16.946 0.6999999881
137678  -8.742  -77.194  17.007 0.8000000119
22640  -8.543  -76.745  17.564 0.6999999881
141739  -9.139  -76.744  17.427 0.5000000000
22600  -12.397  -78.665  21.037 0.5000000000
23527  -12.866  -78.235  21.807 0.4000000060
23514  -12.528  -76.971  22.379 0.4000000060
21723  -9.642  -77.368  17.099 0.6000000238
21705  -10.173  -76.718  17.544 0.5000000000
22634  -11.147  -76.253  17.877 0.6000000238
21706  -11.541  -76.961  17.346 0.6000000238
22635  -12.318  -76.278  17.685 0.6000000238
21641  -6.830  -78.963  22.123 0.6000000238
21634  -6.129  -78.089  22.811 0.5000000000
131208  -7.066  -76.738  22.872 0.5000000000
23506  -8.063  -76.274  22.574 0.4000000060
23507  -9.647  -76.549  22.693 0.5000000000
24450  -9.889  -75.557  22.788 0.5000000000
24451  -10.223  -74.909  22.873 0.5000000000
24456  -11.717  -76.230  22.717 0.5000000000
25388  -10.845  -73.898  22.918 0.5000000000
22622  -9.158  -76.808  19.248 0.6000000238
22612  -10.462  -76.904  19.959 0.5000000000
24457  -11.738  -75.934  22.976 0.5000000000
25393  -11.856  -75.072  22.806 0.5000000000
22631  -8.635  -76.434  18.169 0.6999999881
22632  -9.293  -76.257  17.938 0.6000000238
132657  -12.421  -77.213  20.502 0.4000000060
23528  -12.235  -76.772  20.937 0.5000000000
23557  -10.048  -76.051  18.602 0.5000000000
23542  -10.399  -76.056  19.471 0.6000000238
23543  -11.093  -75.825  20.009 0.5000000000
22633  -10.228  -76.179  18.041 0.5000000000
23562  -10.773  -75.809  18.516 0.5000000000
23559  -11.383  -75.154  18.994 0.6000000238
22576  -5.285  -77.184  23.321 0.5000000000
137498  -5.864  -76.580  23.291 0.5000000000
24448  -7.337  -74.934  22.788 0.4000000060
23505  -6.634  -75.743  22.871 0.4000000060
24449  -8.495  -75.184  22.712 0.5000000000
25386  -8.714  -74.052  22.890 0.5000000000
25387  -9.829  -73.844  22.908 0.4000000060
138051  -10.717  -72.768  22.925 0.4000000060
24439  -6.234  -74.704  22.983 0.4000000060
25384  -6.951  -73.952  22.881 0.4000000060
137528  -7.763  -74.261  22.845 0.5000000000
25385  -7.463  -73.434  22.803 0.4000000060
139925  -7.819  -72.918  22.772 0.4000000060
26264  -8.628  -72.826  22.798 0.5000000000
143693  -9.580  -72.628  22.833 0.4000000060
139297  -9.970  -71.829  22.925 0.4000000060
25383  -6.268  -73.539  23.195 0.4000000060
137568  -6.317  -71.802  22.597 0.4000000060
26262  -6.532  -72.428  22.712 0.4000000060
26263  -7.010  -72.565  22.534 0.4000000060
133433  -7.509  -72.075  22.478 0.4000000060
133432  -8.467  -72.056  22.576 0.5000000000
130517  -7.850  -71.416  22.509 0.4000000060
144253  -8.228  -70.740  22.746 0.4000000060
27139  -8.972  -71.404  22.819 0.4000000060
27132  -6.107  -72.119  23.291 0.4000000060
27136  -6.189  -71.319  22.632 0.3000000119
135467  -6.610  -71.810  22.470 0.3000000119
27138  -6.851  -71.324  22.319 0.4000000060
28026  -6.250  -70.568  22.619 0.4000000060
27137  -6.338  -71.256  22.446 0.3000000119
131244  -8.045  -69.876  22.933 0.5000000000
28029  -8.940  -70.302  22.928 0.4000000060
130510  -9.947  -70.756  22.905 0.4000000060
28947  -11.187  -69.869  22.401 0.3000000119
28945  -7.503  -69.049  22.786 0.5000000000
128177  -8.611  -68.921  22.817 0.5000000000
147385  -8.811  -69.649  22.936 0.4000000060
28946  -9.587  -69.552  22.793 0.4000000060
28957  -10.594  -68.958  22.400 0.3000000119
28942  -6.006  -69.573  22.984 0.4000000060
135085  -6.362  -69.836  22.721 0.4000000060
28944  -6.759  -69.304  22.689 0.5000000000
133325  -7.163  -69.864  22.661 0.5000000000
28943  -6.410  -69.072  22.835 0.4000000060
29909  -7.869  -68.280  22.691 0.5000000000
29910  -9.678  -68.517  22.509 0.4000000060
30912  -8.140  -67.521  22.571 0.3000000119
125695  -8.897  -68.041  22.601 0.3000000119
28023  -6.017  -70.543  23.284 0.4000000060
29898  -6.420  -68.405  22.968 0.3000000119
30897  -6.746  -68.017  22.715 0.4000000060
29919  -9.869  -67.698  22.325 0.3000000119
31872  -6.624  -66.684  23.456 0.3000000119
14004  -11.839  -86.977  2.217 0.6000000238
13985  -11.529  -86.477  3.163 0.5000000000
18227  -13.006  -81.007  15.318 0.6000000238
17357  -12.473  -82.443  15.676 0.6000000238
7455  -1.664  -94.539  0.661 0.5000000000
8288  -3.436  -93.616  1.707 0.6000000238
9151  -6.065  -91.458  0.007 0.5000000000
7438  -4.077  -94.476  2.122 0.6999999881
6636  -4.832  -95.899  -0.028 0.6999999881
5858  -5.806  -96.166  0.146 0.6999999881
8276  -6.526  -93.754  2.784 0.6999999881
6604  -6.056  -96.058  1.019 0.6999999881
140481  -6.833  -95.905  2.469 0.6999999881
10667  -10.546  -89.538  0.661 0.5000000000
5248  -8.036  -97.893  -0.729 0.6999999881
9084  -7.844  -92.949  3.751 0.6999999881
8264  -7.357  -93.670  3.362 0.6999999881
5238  -8.282  -97.964  0.311 0.6999999881
7421  -8.087  -95.009  3.892 0.6999999881
14015  -12.671  -87.589  1.318 0.6000000238
5241  -10.584  -98.045  0.535 0.6999999881
125389  -9.191  -93.121  4.820 0.6000000238
5189  -9.883  -97.323  3.854 0.5000000000
13020  -10.580  -87.173  5.056 0.6999999881
142774  -9.585  -93.456  5.063 0.6000000238
7440  -11.451  -95.366  0.639 0.6000000238
147197  -11.027  -94.045  -0.798 0.6000000238
7397  -10.505  -94.574  5.959 0.5000000000
6538  -12.451  -95.623  6.544 0.5000000000
7442  -12.598  -94.556  1.303 0.5000000000
13954  -11.170  -86.568  5.456 0.6000000238
124033  -9.906  -87.593  5.752 0.6999999881
13051  -14.657  -87.185  2.747 0.6000000238
9891  -10.707  -91.620  5.433 0.5000000000
137053  -10.470  -93.395  5.786 0.5000000000
7386  -11.132  -94.795  6.671 0.6000000238
8221  -10.976  -93.889  6.461 0.5000000000
144220  -11.677  -94.926  7.001 0.5000000000
9134  -12.211  -93.154  -0.705 0.6000000238
8314  -13.375  -93.015  0.269 0.6000000238
8295  -14.450  -93.002  1.265 0.5000000000
14770  -8.095  -84.726  8.898 0.6000000238
16615  -15.515  -82.421  5.736 0.5000000000
13819  -7.647  -86.970  15.470 0.6000000238
12900  -7.749  -88.216  12.969 0.6000000238
13821  -9.120  -86.594  15.209 0.6000000238
16540  -8.811  -83.152  11.369 0.8000000119
13832  -9.887  -86.425  14.575 0.6000000238
138890  -13.878  -86.099  7.598 0.6000000238
14710  -10.241  -86.269  13.411 0.6000000238
12989  -13.763  -87.306  7.517 0.6000000238
17395  -10.900  -82.646  12.794 0.8000000119
15678  -15.525  -84.214  7.508 0.6000000238
144591  -11.139  -84.997  13.261 0.6000000238
14711  -10.833  -85.849  13.802 0.6999999881
15580  -11.354  -84.421  15.062 0.6000000238
18216  -11.997  -81.739  16.555 0.6000000238
17367  -12.603  -82.495  14.968 0.6999999881
19089  -12.627  -80.990  16.405 0.6000000238
20809  -13.510  -79.072  15.803 0.5000000000
20792  -10.065  -78.261  16.854 0.5000000000
134275  -12.897  -80.205  16.427 0.6000000238
21725  -13.819  -77.309  16.345 0.5000000000
19897  -6.932  -79.603  19.750 0.6999999881
19911  -6.839  -79.371  18.995 0.6000000238
20748  -8.363  -79.828  20.553 0.6999999881
21677  -7.954  -78.235  18.786 0.8000000119
21661  -10.270  -79.883  20.796 0.6000000238
22577  -6.681  -77.565  22.989 0.6000000238
22588  -11.109  -79.237  22.127 0.5000000000
24470  -11.349  -75.997  22.040 0.5000000000
24452  -11.218  -75.025  22.858 0.5000000000
22623  -9.452  -76.308  18.780 0.6000000238
23558  -10.645  -75.626  19.154 0.5000000000
23488  -5.375  -75.631  23.604 0.5000000000
26261  -6.201  -72.669  23.295 0.4000000060
137086  -6.784  -73.104  22.753 0.4000000060
28028  -7.361  -70.661  22.495 0.4000000060
28030  -10.927  -70.752  22.764 0.4000000060
28027  -6.555  -70.472  22.513 0.3000000119
131859  -10.449  -69.961  22.664 0.4000000060
29907  -6.680  -68.603  22.740 0.5000000000
29908  -7.200  -68.413  22.625 0.4000000060
30911  -7.278  -67.766  22.613 0.4000000060
30896  -6.348  -67.632  23.292 0.3000000119
30898  -6.925  -67.324  22.839 0.3000000119
133343  -7.546  -67.031  22.647 0.3000000119
7510  -12.998  -94.624  -5.569 0.5000000000
7511  -14.038  -94.629  -5.594 0.5000000000
6686  -15.408  -95.270  -5.661 0.5000000000
7512  -14.795  -94.668  -5.324 0.5000000000
5921  -15.411  -95.219  -5.198 0.5000000000
5279  -15.510  -96.244  -4.587 0.6000000238
8378  -12.735  -93.910  -4.917 0.5000000000
8379  -13.598  -94.239  -5.151 0.5000000000
7503  -14.123  -94.163  -4.985 0.5000000000
6679  -14.601  -94.673  -4.739 0.5000000000
5269  -15.789  -97.236  -3.809 0.6000000238
140460  -13.714  -95.146  -3.592 0.6000000238
5914  -14.360  -95.871  -3.924 0.6000000238
8376  -10.560  -93.737  -5.063 0.4000000060
6681  -7.010  -95.229  -4.851 0.4000000060
7502  -7.491  -94.160  -4.798 0.4000000060
8373  -7.768  -93.860  -5.390 0.5000000000
8374  -8.629  -93.702  -5.212 0.5000000000
8381  -8.904  -93.961  -5.962 0.5000000000
8368  -9.349  -93.486  -4.407 0.5000000000
8364  -9.450  -93.470  -3.913 0.5000000000
7507  -9.891  -94.228  -5.859 0.5000000000
8369  -10.248  -93.348  -4.340 0.5000000000
4668  -15.778  -97.705  -2.564 0.6000000238
4660  -15.834  -98.028  -1.737 0.6000000238
8370  -11.306  -93.322  -4.302 0.5000000000
8371  -12.391  -93.250  -4.186 0.5000000000
9197  -11.838  -92.946  -3.759 0.5000000000
135355  -14.945  -97.191  -2.580 0.6000000238
8372  -13.238  -93.710  -4.407 0.5000000000
6670  -13.386  -94.877  -2.770 0.6000000238
5905  -13.617  -95.787  -2.803 0.6000000238
5257  -15.097  -97.406  -1.341 0.6000000238
5890  -13.947  -96.063  -1.884 0.6000000238
5250  -14.768  -96.615  -0.720 0.6000000238
5877  -15.166  -96.414  -0.080 0.6999999881
5876  -14.815  -95.748  -0.569 0.6000000238
6623  -15.495  -95.819  0.172 0.6999999881
5913  -7.414  -97.223  -4.463 0.6000000238
134476  -8.089  -97.049  -4.022 0.6000000238
5904  -8.585  -97.099  -3.338 0.6000000238
6677  -7.688  -96.525  -4.504 0.5000000000
7498  -7.629  -95.040  -4.037 0.5000000000
7488  -8.353  -94.936  -3.285 0.6000000238
8367  -8.603  -93.730  -4.475 0.5000000000
7499  -8.339  -94.123  -3.976 0.5000000000
126797  -8.819  -94.122  -3.355 0.5000000000
8365  -10.174  -93.241  -3.851 0.5000000000
9190  -9.667  -93.572  -3.342 0.5000000000
9196  -11.099  -93.129  -3.733 0.5000000000
4653  -16.217  -98.449  -0.471 0.6999999881
4641  -15.701  -97.932  0.014 0.6000000238
5243  -16.086  -97.979  1.227 0.8000000119
143364  -12.756  -93.137  -3.772 0.5000000000
124191  -13.204  -93.534  -3.672 0.5000000000
7490  -13.302  -93.747  -2.846 0.6000000238
5251  -15.288  -97.219  -0.137 0.6999999881
5242  -15.767  -97.604  0.668 0.6999999881
6671  -13.653  -95.380  -2.123 0.6000000238
6624  -16.139  -96.025  0.818 0.6999999881
6654  -14.175  -95.331  -1.382 0.6000000238
7458  -14.826  -94.802  -0.989 0.6000000238
7460  -16.297  -94.439  -0.736 0.6999999881
6640  -16.185  -95.283  0.057 0.6999999881
6625  -16.922  -95.571  0.629 0.6000000238
5274  -6.937  -97.580  -4.076 0.5000000000
5265  -7.791  -97.425  -3.551 0.6000000238
6669  -9.222  -96.653  -2.840 0.6000000238
7489  -9.012  -94.459  -2.744 0.6000000238
8340  -9.553  -94.204  -2.282 0.6000000238
9185  -10.314  -93.459  -2.883 0.5000000000
9173  -10.910  -93.324  -2.353 0.6000000238
126533  -16.569  -98.488  1.320 0.6999999881
140703  -11.832  -92.715  -2.841 0.5000000000
124537  -12.035  -92.477  -2.399 0.5000000000
4617  -16.436  -97.908  1.892 0.5000000000
5223  -17.588  -97.498  3.059 0.6000000238
128755  -12.349  -92.538  -2.753 0.6000000238
8357  -13.021  -93.129  -2.873 0.5000000000
141152  -16.492  -97.289  1.995 0.6000000238
8341  -13.573  -93.060  -2.231 0.5000000000
5863  -15.667  -96.702  0.682 0.6999999881
6607  -16.736  -96.129  1.421 0.6000000238
141286  -14.248  -94.434  -1.424 0.5000000000
129970  -17.892  -95.419  0.176 0.6000000238
7473  -15.488  -93.281  -1.296 0.5000000000
7474  -16.390  -93.409  -1.297 0.6000000238
6641  -17.173  -94.825  -0.408 0.5000000000
135132  -18.656  -94.372  -1.840 0.5000000000
6643  -19.617  -95.655  -0.888 0.5000000000
5263  -6.112  -97.237  -3.274 0.6000000238
5911  -5.079  -96.714  -3.476 0.4000000060
9155  -11.758  -93.037  -1.307 0.5000000000
5222  -16.958  -97.311  2.544 0.6000000238
9175  -12.724  -92.299  -2.136 0.5000000000
5847  -16.850  -96.645  2.158 0.5000000000
8342  -13.826  -92.422  -1.650 0.5000000000
145426  -17.109  -96.137  1.840 0.5000000000
6592  -18.374  -95.868  2.622 0.5000000000
5849  -17.998  -96.285  3.234 0.5000000000
9177  -14.554  -91.918  -1.310 0.5000000000
6608  -17.582  -95.816  1.263 0.5000000000
132678  -18.642  -95.721  0.727 0.5000000000
8344  -15.928  -92.492  -1.434 0.6000000238
141491  -16.756  -92.570  -1.476 0.6000000238
123646  -18.834  -95.459  -0.427 0.5000000000
6626  -19.324  -95.775  0.001 0.6000000238
8345  -17.380  -93.068  -1.605 0.6000000238
7491  -18.982  -93.675  -2.415 0.5000000000
5885  -4.682  -95.940  -1.553 0.4000000060
128911  -13.199  -92.218  -1.563 0.5000000000
6593  -19.231  -95.599  2.700 0.5000000000
9176  -13.528  -92.268  -1.613 0.5000000000
9960  -15.264  -91.622  -1.158 0.5000000000
130409  -19.547  -95.830  0.792 0.5000000000
132331  -20.747  -95.442  1.983 0.5000000000
130459  -21.684  -95.387  2.129 0.5000000000
144817  -22.489  -95.361  2.161 0.5000000000
135809  -25.888  -95.770  2.464 0.5000000000
9961  -16.036  -91.520  -1.135 0.6000000238
9962  -16.838  -91.603  -1.200 0.6000000238
6627  -19.987  -96.033  -0.144 0.5000000000
143974  -17.440  -92.191  -1.598 0.6000000238
6645  -21.336  -96.157  -1.412 0.5000000000
9181  -18.959  -92.411  -2.082 0.5000000000
8347  -19.452  -93.079  -2.361 0.5000000000
9137  -15.312  -91.845  0.391 0.5000000000
6612  -21.515  -95.892  1.111 0.5000000000
6613  -22.428  -95.735  1.350 0.5000000000
6614  -23.366  -95.634  1.673 0.5000000000
147822  -24.173  -95.791  1.680 0.5000000000
9136  -14.723  -91.888  -0.120 0.5000000000
9923  -15.836  -91.561  0.360 0.6000000238
130513  -20.536  -95.987  0.759 0.5000000000
6628  -22.338  -96.178  0.337 0.5000000000
143464  -26.339  -95.727  2.083 0.5000000000
137102  -26.762  -94.872  2.418 0.5000000000
9950  -17.604  -91.808  -1.353 0.5000000000
125171  -21.445  -96.230  -0.015 0.5000000000
6646  -22.286  -96.407  -0.870 0.5000000000
9116  -15.691  -92.147  1.128 0.5000000000
5866  -24.630  -96.159  -0.136 0.5000000000
6630  -25.213  -96.037  0.822 0.5000000000
6616  -25.888  -95.988  1.601 0.5000000000
9107  -27.988  -93.297  1.460 0.4000000060
6631  -25.919  -95.853  0.679 0.4000000060
13073  -7.630  -87.576  1.855 0.4000000060
15576  -7.315  -84.696  15.214 0.5000000000
126851  -6.661  -81.902  15.507 0.5000000000
17352  -7.391  -82.505  15.377 0.5000000000
133394  -6.764  -79.576  15.446 0.5000000000
19101  -6.640  -80.140  15.401 0.5000000000
17366  -7.269  -83.276  15.094 0.5000000000
145677  -6.170  -79.430  19.834 0.5000000000
20747  -5.540  -79.021  20.396 0.5000000000
21640  -5.446  -78.285  22.075 0.5000000000
9135  -13.901  -92.226  -0.393 0.5000000000
9945  -14.469  -91.824  -1.225 0.5000000000
139645  -14.884  -96.732  -3.551 0.6000000238
6678  -13.581  -94.223  -3.790 0.6000000238
5256  -14.497  -96.687  -1.626 0.6000000238
6653  -13.581  -94.412  -1.936 0.6000000238
6639  -15.517  -95.048  -0.500 0.6999999881
6668  -8.315  -96.313  -3.875 0.6000000238
9188  -12.842  -92.388  -2.403 0.5000000000
7459  -15.535  -94.149  -1.003 0.6000000238
7461  -17.187  -93.936  -1.191 0.6000000238
4629  -16.952  -98.466  2.039 0.6999999881
147258  -13.235  -92.367  -2.147 0.5000000000
8343  -14.808  -92.606  -1.384 0.5000000000
7462  -17.885  -94.324  -1.228 0.5000000000
142435  -20.721  -96.107  -0.362 0.5000000000
6609  -18.216  -95.819  1.707 0.5000000000
6611  -19.832  -95.540  1.799 0.5000000000
9178  -15.515  -91.769  -1.287 0.5000000000
8358  -18.981  -92.872  -2.389 0.5000000000
9946  -15.042  -91.573  -0.879 0.5000000000
9949  -17.041  -91.426  -0.982 0.5000000000
9947  -15.783  -91.433  -0.863 0.5000000000
129845  -23.227  -96.086  0.648 0.5000000000
142605  -23.873  -96.278  -0.046 0.5000000000
7434  -26.745  -95.356  1.954 0.5000000000
5865  -23.161  -96.430  -0.448 0.4000000060
7443  -26.977  -95.224  1.137 0.4000000060
5193  -20.939  -97.024  4.337 0.5000000000
5832  -21.244  -96.318  4.740 0.6000000238
5831  -20.419  -96.334  4.334 0.6000000238
5208  -19.496  -97.296  3.787 0.6000000238
4612  -20.101  -98.012  3.249 0.4000000060
6578  -21.476  -95.229  4.029 0.4000000060
6577  -20.462  -95.494  3.717 0.4000000060
6561  -19.947  -95.891  4.068 0.5000000000
5192  -19.617  -96.503  4.043 0.6000000238
5838  -19.134  -96.119  3.820 0.5000000000
6575  -18.718  -95.910  3.357 0.4000000060
4611  -19.129  -97.823  3.284 0.5000000000
5206  -18.015  -96.791  3.500 0.5000000000
4619  -18.348  -98.105  3.052 0.6000000238
4643  -16.945  -98.937  0.595 0.6000000238
4654  -16.766  -98.829  -0.123 0.6000000238
4670  -17.247  -98.913  -2.230 0.6000000238
4661  -16.399  -98.467  -1.477 0.6000000238
4669  -16.579  -98.348  -2.634 0.6000000238
140915  -16.429  -97.870  -3.489 0.5000000000
5280  -16.485  -96.650  -5.050 0.4000000060
5922  -16.120  -95.769  -5.569 0.5000000000
8284  -27.233  -93.875  1.720 0.3000000119
6685  -14.734  -95.082  -5.707 0.4000000060
16592  -16.692  -82.933  7.450 0.4000000060
15679  -16.308  -83.781  7.904 0.4000000060
15659  -15.643  -84.447  8.489 0.5000000000
22636  -13.196  -76.316  17.307 0.5000000000
23564  -12.865  -75.325  17.845 0.5000000000
128992  -12.287  -74.802  18.520 0.4000000060
23544  -11.452  -75.161  19.422 0.4000000060
25440  -11.315  -72.689  17.766 0.4000000060
24483  -11.824  -74.529  19.758 0.4000000060
24501  -11.936  -74.181  19.047 0.4000000060
23529  -11.556  -75.463  20.202 0.4000000060
126917  -11.980  -73.620  19.396 0.4000000060
24471  -11.967  -75.672  20.522 0.4000000060
25418  -11.951  -74.895  20.219 0.4000000060
24458  -12.098  -76.169  22.592 0.4000000060
25389  -11.691  -73.914  22.907 0.4000000060
132042  -10.811  -71.687  22.993 0.3000000119
26265  -11.635  -72.698  22.967 0.3000000119
24515  -12.026  -73.335  18.545 0.4000000060
24516  -12.662  -74.149  18.104 0.4000000060
25427  -11.803  -72.682  18.564 0.4000000060
123213  -11.930  -74.568  20.074 0.4000000060
11327  -24.358  -89.165  8.381 0.3000000119
12154  -24.945  -88.824  7.933 0.3000000119
10607  -23.844  -90.851  8.020 0.4000000060
10608  -24.277  -90.495  7.606 0.3000000119
141787  -24.528  -90.906  7.010 0.4000000060
8214  -24.489  -93.322  7.245 0.3000000119
9873  -24.208  -91.471  7.422 0.3000000119
9884  -24.692  -91.574  6.645 0.4000000060
7365  -24.339  -94.608  7.879 0.3000000119
7381  -25.020  -93.775  6.698 0.3000000119
7366  -24.806  -95.278  7.445 0.3000000119
147493  -25.007  -95.434  6.899 0.3000000119
6541  -24.893  -95.860  6.765 0.3000000119
5805  -25.123  -97.077  7.112 0.3000000119
137832  -25.076  -96.685  7.031 0.3000000119
122899  -24.893  -96.394  6.745 0.3000000119
5175  -25.291  -98.099  6.882 0.3000000119
5182  -25.024  -97.529  6.703 0.3000000119
126904  -24.551  -97.647  6.222 0.3000000119
3444  -24.290  -100.256  5.011 0.3000000119
4605  -24.853  -99.304  6.024 0.3000000119
4604  -24.594  -98.946  5.490 0.3000000119
147285  -24.646  -98.304  5.958 0.3000000119
5180  -23.837  -97.813  5.690 0.3000000119
4609  -24.527  -99.771  5.169 0.4000000060
10613  -24.815  -90.750  6.417 0.3000000119
9872  -23.661  -91.571  8.156 0.4000000060
9058  -25.070  -92.382  6.248 0.4000000060
8195  -23.980  -93.679  7.937 0.3000000119
7391  -25.406  -94.138  6.108 0.4000000060
5798  -25.003  -97.018  7.405 0.3000000119
123491  -25.076  -94.851  6.314 0.4000000060
5821  -24.485  -96.563  6.379 0.4000000060
5166  -25.078  -98.247  7.482 0.3000000119
5820  -23.676  -96.756  5.969 0.4000000060
4014  -23.818  -100.365  5.605 0.3000000119
4597  -24.381  -99.440  6.963 0.4000000060
5195  -22.792  -97.493  5.174 0.4000000060
4607  -22.634  -98.083  4.438 0.3000000119
3994  -23.045  -99.843  6.100 0.3000000119
11335  -25.088  -89.367  7.187 0.3000000119
140179  -25.483  -89.068  6.713 0.3000000119
126102  -26.023  -88.213  7.367 0.3000000119
11345  -25.085  -89.757  6.325 0.3000000119
10614  -25.065  -90.569  5.650 0.3000000119
9860  -23.214  -91.610  8.872 0.4000000060
9885  -25.133  -91.547  5.934 0.3000000119
9070  -25.542  -92.471  5.455 0.3000000119
138478  -24.339  -95.366  8.204 0.3000000119
9027  -23.498  -92.920  8.469 0.4000000060
8227  -25.470  -93.324  6.005 0.4000000060
132880  -25.735  -93.907  5.531 0.3000000119
131190  -24.992  -94.935  5.888 0.4000000060
122867  -25.690  -94.432  4.946 0.4000000060
5797  -24.724  -96.942  8.052 0.3000000119
142343  -24.069  -97.401  8.474 0.3000000119
6550  -24.644  -95.287  5.854 0.4000000060
4588  -24.829  -98.997  7.361 0.3000000119
5164  -23.042  -97.964  7.793 0.3000000119
6548  -22.567  -95.669  5.268 0.4000000060
6564  -23.194  -95.194  5.042 0.5000000000
5165  -24.216  -98.175  8.061 0.3000000119
5819  -22.199  -96.413  5.238 0.4000000060
6563  -21.718  -95.675  4.771 0.5000000000
3441  -22.626  -100.331  5.331 0.3000000119
11346  -25.814  -89.092  6.099 0.3000000119
142678  -26.565  -88.247  6.952 0.3000000119
127926  -23.125  -93.075  9.076 0.4000000060
126381  -25.990  -94.085  5.035 0.4000000060
6567  -25.780  -94.695  4.300 0.4000000060
6523  -23.567  -95.361  8.888 0.4000000060
6565  -24.114  -95.136  5.221 0.4000000060
7412  -23.981  -94.912  4.402 0.5000000000
6579  -22.572  -94.968  3.694 0.4000000060
134826  -23.527  -96.839  8.793 0.3000000119
125900  -22.362  -95.237  4.616 0.4000000060
5154  -22.239  -97.247  8.221 0.3000000119
6595  -21.019  -95.157  3.030 0.4000000060
4586  -22.620  -98.536  7.197 0.3000000119
4013  -21.370  -99.852  5.312 0.3000000119
9895  -25.289  -91.367  5.172 0.3000000119
8258  -26.204  -93.862  4.508 0.3000000119
5785  -23.016  -95.797  9.419 0.4000000060
6581  -24.760  -94.995  3.718 0.5000000000
6580  -23.762  -94.996  3.392 0.4000000060
5795  -22.581  -96.653  8.871 0.4000000060
6596  -23.024  -95.187  2.691 0.4000000060
136865  -21.161  -97.525  7.264 0.3000000119
5163  -21.933  -97.761  7.571 0.3000000119
137198  -21.161  -98.445  6.498 0.3000000119
4031  -20.677  -100.050  4.745 0.3000000119
4603  -21.033  -99.026  5.869 0.3000000119
136611  -25.640  -92.016  4.768 0.3000000119
6582  -25.756  -95.198  3.431 0.4000000060
5162  -20.367  -97.028  7.251 0.3000000119
131468  -19.855  -97.485  6.671 0.3000000119
5173  -20.766  -97.791  6.807 0.3000000119
4594  -20.338  -98.243  6.318 0.3000000119
4602  -19.868  -98.645  5.714 0.3000000119
5172  -18.835  -97.317  6.582 0.3000000119
4600  -17.680  -98.379  5.618 0.3000000119
4601  -18.811  -98.282  5.502 0.3000000119
4010  -18.294  -98.810  5.017 0.3000000119
4011  -19.308  -99.015  5.151 0.3000000119
131530  -26.313  -92.505  3.036 0.3000000119
7424  -26.399  -94.860  3.161 0.4000000060
4008  -16.993  -99.085  5.562 0.3000000119
4027  -16.735  -99.835  5.483 0.3000000119
11386  -27.203  -89.957  3.781 0.3000000119
138862  -26.391  -91.507  3.170 0.3000000119
9092  -26.394  -93.485  2.992 0.3000000119
10644  -26.745  -90.620  3.335 0.3000000119
9917  -26.949  -92.023  2.455 0.3000000119
23563  -11.838  -75.588  18.300 0.5000000000
135700  -17.635  -98.747  1.935 0.6000000238
5207  -18.481  -97.349  3.483 0.5000000000
6594  -20.113  -95.368  2.842 0.4000000060
6597  -24.044  -95.455  2.336 0.4000000060
6598  -24.920  -95.377  2.855 0.4000000060
7433  -26.348  -95.334  2.734 0.4000000060
9106  -26.844  -93.037  2.119 0.3000000119
23565  -13.507  -75.514  17.065 0.5000000000
24517  -13.178  -74.525  17.314 0.4000000060
9028  -23.973  -92.530  7.674 0.3000000119
4590  -25.366  -98.383  6.990 0.3000000119
3978  -24.929  -99.380  6.578 0.3000000119
142930  -23.471  -92.202  8.427 0.4000000060
136872  -22.923  -96.203  5.598 0.4000000060
8194  -23.405  -93.691  8.736 0.4000000060
7364  -23.788  -94.511  8.455 0.3000000119
6524  -24.280  -96.192  8.449 0.3000000119
131594  -25.287  -94.645  5.052 0.4000000060
4595  -22.089  -99.029  6.503 0.3000000119
7414  -26.284  -94.441  3.830 0.4000000060
5794  -21.516  -96.505  8.504 0.3000000119
4012  -20.332  -99.402  5.262 0.3000000119
9081  -26.156  -93.157  3.869 0.3000000119
4009  -17.533  -98.999  5.054 0.3000000119
4677  -17.324  -98.349  -3.958 0.5000000000
134888  -18.163  -98.591  -4.670 0.5000000000
124262  -17.427  -98.799  -3.135 0.5000000000
4077  -17.585  -99.143  -0.235 0.5000000000
4047  -18.162  -99.048  1.318 0.4000000060
9924  -16.433  -91.671  0.705 0.4000000060
5209  -20.585  -97.540  3.801 0.5000000000
4613  -21.611  -97.797  4.042 0.3000000119
125963  -22.473  -98.631  3.626 0.3000000119
4608  -24.214  -99.448  4.547 0.3000000119
5196  -23.670  -98.520  4.909 0.3000000119
5784  -22.478  -96.032  9.412 0.3000000119
6506  -22.211  -95.053  10.240 0.3000000119
6516  -22.778  -94.969  9.687 0.3000000119
10600  -23.831  -89.951  8.435 0.3000000119
6505  -21.790  -95.273  10.190 0.3000000119
8167  -22.626  -93.609  10.110 0.3000000119
8178  -22.990  -93.615  9.449 0.3000000119
9839  -22.694  -91.714  9.677 0.3000000119
138078  -22.961  -90.892  9.321 0.3000000119
11312  -22.963  -90.141  9.757 0.3000000119
7335  -22.267  -93.653  10.619 0.3000000119
9819  -22.458  -92.188  10.488 0.3000000119
8991  -22.763  -92.789  9.773 0.3000000119
10585  -22.604  -90.810  10.075 0.3000000119
139737  -23.350  -90.259  9.112 0.3000000119
11326  -23.937  -88.927  9.088 0.3000000119
8990  -22.423  -93.005  10.558 0.3000000119
123619  -23.427  -89.569  9.365 0.3000000119
146159  -23.474  -88.883  9.748 0.3000000119
6687  -15.973  -95.489  -6.062 0.3000000119
4630  -18.497  -98.711  2.148 0.5000000000
4059  -17.856  -99.164  0.566 0.4000000060
4108  -18.153  -99.326  -2.128 0.5000000000
26288  -12.031  -72.897  19.029 0.3000000119
138563  -12.003  -73.515  19.470 0.3000000119
147600  -12.284  -75.750  22.665 0.3000000119
5289  -17.116  -97.276  -5.501 0.4000000060
4686  -18.151  -98.571  -5.212 0.4000000060
2464  -18.255  -101.615  -2.374 0.4000000060
2980  -18.354  -100.848  -3.720 0.4000000060
4110  -19.218  -100.157  -3.182 0.4000000060
4095  -19.198  -99.770  -2.258 0.4000000060
4078  -18.585  -99.483  -0.277 0.4000000060
144985  -18.756  -99.665  -3.851 0.4000000060
131889  -18.076  -99.191  -3.012 0.4000000060
1970  -17.137  -102.987  -1.212 0.3000000119
2465  -19.177  -101.346  -2.223 0.4000000060
140110  -19.762  -100.574  -1.835 0.4000000060
4679  -18.474  -99.172  -4.460 0.4000000060
129722  -18.766  -101.066  -2.975 0.4000000060
3535  -18.734  -100.147  -3.875 0.4000000060
2453  -17.589  -102.159  -1.667 0.3000000119
2975  -19.293  -100.778  -2.644 0.4000000060
3525  -19.369  -100.506  -2.625 0.4000000060
4109  -19.150  -99.844  -3.299 0.4000000060
4096  -19.776  -100.284  -1.727 0.4000000060
135357  -19.384  -99.851  -1.168 0.4000000060
2439  -19.018  -102.405  -0.630 0.3000000119
2454  -18.564  -101.946  -1.482 0.3000000119
2968  -19.801  -100.981  -1.887 0.3000000119
2456  -20.324  -101.394  -0.967 0.3000000119
130631  -20.472  -100.064  -0.222 0.3000000119
4049  -20.120  -99.317  1.176 0.3000000119
131321  -20.175  -100.232  -0.936 0.3000000119
4632  -20.407  -98.989  1.890 0.3000000119
4620  -20.747  -98.646  2.571 0.3000000119
4631  -19.499  -98.916  1.823 0.3000000119
4061  -19.821  -99.605  0.480 0.3000000119
4048  -19.117  -99.189  1.258 0.3000000119
4060  -18.827  -99.420  0.529 0.3000000119
2819  -19.265  -101.459  10.454 0.3000000119
2820  -20.982  -102.021  10.150 0.3000000119
5802  -18.619  -96.295  7.717 0.3000000119
126282  -21.748  -99.611  10.286 0.3000000119
3944  -20.696  -99.185  10.335 0.3000000119
4578  -19.106  -98.869  9.834 0.3000000119
4572  -18.082  -98.297  10.047 0.3000000119
4571  -17.528  -97.688  9.694 0.3000000119
5153  -17.386  -97.349  9.031 0.3000000119
134056  -17.635  -96.511  9.052 0.3000000119
5791  -18.387  -95.849  8.629 0.3000000119
4574  -20.114  -98.664  11.075 0.3000000119
4566  -19.111  -98.224  11.402 0.3000000119
4565  -18.229  -97.925  10.915 0.3000000119
5145  -17.647  -97.493  10.388 0.3000000119
5777  -17.450  -96.718  10.550 0.3000000119
4097  -20.266  -100.567  -1.130 0.3000000119
2330  -22.643  -102.130  9.154 0.3000000119
3955  -19.230  -99.466  9.028 0.3000000119
3412  -21.726  -100.671  9.075 0.3000000119
3413  -23.014  -101.366  9.154 0.3000000119
3411  -20.537  -100.035  9.022 0.3000000119
4573  -19.829  -98.890  10.311 0.3000000119
5139  -19.108  -97.987  12.064 0.3000000119
1971  -17.988  -102.739  -0.902 0.3000000119
2318  -22.656  -102.179  9.379 0.3000000119
2455  -19.552  -101.669  -1.288 0.3000000119
2821  -22.144  -101.955  10.180 0.3000000119
2838  -22.867  -101.967  8.971 0.3000000119
2974  -18.076  -101.380  -3.092 0.4000000060
3526  -20.370  -100.909  -1.193 0.3000000119
3536  -19.051  -100.403  -3.272 0.4000000060
3943  -20.096  -99.354  9.693 0.3000000119
3956  -21.179  -99.811  9.644 0.3000000119
3957  -22.336  -100.404  9.655 0.3000000119
3993  -21.998  -99.636  5.826 0.3000000119
3995  -24.199  -99.921  6.345 0.4000000060
4015  -24.555  -100.038  5.682 0.3000000119
4030  -19.705  -99.639  4.667 0.3000000119
4079  -19.578  -99.799  -0.277 0.3000000119
4080  -20.674  -100.487  -0.563 0.3000000119
4094  -18.336  -99.460  -1.194 0.4000000060
4121  -18.748  -99.460  -3.719 0.4000000060
4122  -18.558  -99.599  -4.276 0.4000000060
4123  -19.009  -99.943  -3.637 0.4000000060
4147  -18.239  -99.033  -5.549 0.4000000060
4589  -25.313  -98.865  7.012 0.3000000119
4593  -19.357  -97.885  6.096 0.3000000119
4598  -25.242  -98.785  6.729 0.3000000119
4618  -16.936  -97.911  2.504 0.6999999881
4642  -16.195  -98.384  0.501 0.6999999881
4652  -15.641  -97.944  -0.804 0.6000000238
4662  -17.193  -98.994  -1.105 0.6000000238
4678  -18.179  -98.923  -3.907 0.4000000060
5151  -17.435  -96.971  9.769 0.3000000119
5155  -23.316  -97.413  8.460 0.3000000119
5156  -24.609  -97.573  8.108 0.3000000119
5157  -24.984  -97.526  7.577 0.3000000119
5167  -25.260  -97.720  7.121 0.3000000119
5174  -21.627  -98.150  6.939 0.3000000119
5178  -18.357  -97.769  6.062 0.3000000119
5179  -22.996  -96.898  5.615 0.4000000060
5181  -24.989  -98.472  6.355 0.3000000119
5191  -11.302  -97.284  4.332 0.5000000000
5194  -21.816  -97.225  4.769 0.5000000000
5202  -8.959  -97.606  2.645 0.6999999881
5205  -11.318  -97.498  3.674 0.5000000000
5221  -11.299  -97.700  2.838 0.5000000000
5234  -16.081  -97.394  1.357 0.6000000238
5240  -9.855  -98.336  -0.005 0.6999999881
5264  -7.006  -97.498  -3.017 0.6999999881
5268  -14.241  -96.538  -2.706 0.6000000238
5281  -16.819  -97.595  -4.541 0.4000000060
5796  -23.641  -96.231  8.854 0.3000000119
5804  -21.163  -96.934  7.778 0.3000000119
5811  -25.192  -97.312  7.046 0.3000000119
5815  -10.855  -96.460  5.448 0.5000000000
5816  -11.475  -96.606  5.421 0.5000000000
5817  -12.246  -96.587  5.393 0.5000000000
5827  -10.120  -96.922  4.513 0.5000000000
5843  -7.628  -96.531  2.482 0.6999999881
5848  -17.428  -96.779  2.960 0.6000000238
5864  -16.294  -96.709  1.445 0.6000000238
5888  -8.372  -97.548  -2.869 0.6999999881
5923  -16.664  -96.471  -5.808 0.5000000000
5932  -16.331  -95.802  -6.020 0.3000000119
6515  -22.362  -95.497  9.808 0.3000000119
6525  -24.760  -96.221  7.806 0.3000000119
6531  -12.180  -95.220  6.983 0.5000000000
6533  -25.004  -96.300  7.163 0.3000000119
6543  -9.853  -95.673  4.965 0.6000000238
6549  -23.620  -95.785  5.662 0.4000000060
6557  -9.778  -96.329  4.673 0.6000000238
6562  -20.830  -95.743  4.355 0.6000000238
6566  -25.004  -94.811  4.582 0.4000000060
6576  -19.568  -95.696  3.502 0.4000000060
6591  -17.551  -96.178  2.341 0.5000000000
6599  -26.424  -95.654  1.373 0.5000000000
6601  -2.720  -95.315  1.007 0.6000000238
6602  -3.725  -95.136  1.499 0.6000000238
6610  -18.968  -95.726  1.707 0.5000000000
6615  -25.000  -95.876  1.823 0.5000000000
6618  -3.430  -95.481  0.957 0.6000000238
6621  -10.742  -96.551  -0.453 0.6999999881
6629  -24.235  -96.071  0.937 0.5000000000
6682  -15.058  -94.942  -5.431 0.5000000000
6683  -15.739  -95.397  -5.737 0.5000000000
7344  -21.764  -94.667  10.602 0.3000000119
7345  -22.348  -94.353  10.343 0.3000000119
7346  -22.799  -94.192  9.769 0.3000000119
7354  -23.225  -94.386  9.175 0.4000000060
7375  -12.140  -94.693  7.370 0.5000000000
7380  -24.627  -94.217  7.321 0.3000000119
7387  -11.478  -94.284  7.117 0.6000000238
7400  -25.520  -94.312  5.531 0.4000000060
7411  -23.120  -94.945  4.272 0.4000000060
7413  -26.072  -94.423  4.398 0.4000000060
7420  -7.487  -94.570  3.482 0.6999999881
7423  -26.158  -94.884  3.643 0.4000000060
7471  -9.387  -94.846  -2.093 0.6999999881
7472  -14.057  -93.447  -1.627 0.5000000000
7475  -18.113  -93.670  -1.786 0.5000000000
7500  -13.534  -93.940  -4.438 0.6000000238
7501  -6.774  -94.447  -5.489 0.4000000060
7504  -14.426  -94.340  -5.017 0.5000000000
8226  -24.843  -92.985  6.710 0.3000000119
8235  -9.965  -93.842  5.334 0.6000000238
8241  -25.866  -93.490  5.216 0.4000000060
8250  -9.278  -94.021  4.857 0.6000000238
8259  -26.372  -93.919  3.777 0.4000000060
8273  -26.466  -94.330  3.099 0.4000000060
8283  -26.744  -94.025  2.326 0.3000000119
8293  -12.913  -93.825  0.862 0.6000000238
8301  -27.115  -94.855  1.592 0.4000000060
8306  -2.268  -93.814  0.796 0.5000000000
8308  -3.919  -92.757  1.088 0.6000000238
8310  -10.776  -94.610  -0.592 0.6999999881
8311  -11.304  -94.306  -0.303 0.6000000238
8346  -18.272  -92.849  -2.113 0.6000000238
8348  -20.050  -93.561  -2.622 0.5000000000
8356  -9.345  -93.859  -2.961 0.5000000000
8363  -9.041  -93.687  -3.748 0.5000000000
8366  -12.992  -93.283  -3.784 0.5000000000
8375  -9.535  -93.653  -5.157 0.5000000000
8377  -11.667  -93.793  -4.974 0.5000000000
9009  -23.099  -92.384  9.032 0.4000000060
9057  -24.533  -92.292  6.964 0.4000000060
9066  -10.948  -92.056  6.030 0.5000000000
9075  -10.094  -91.973  5.125 0.5000000000
9080  -25.897  -92.903  4.687 0.3000000119
9095  -6.669  -92.799  2.461 0.6999999881
9112  -5.712  -92.383  1.526 0.6999999881
9115  -14.891  -92.384  0.838 0.5000000000
9152  -10.096  -93.950  -1.920 0.6999999881
9153  -10.679  -93.594  -1.779 0.6000000238
9157  -13.770  -91.952  -1.203 0.5000000000
9158  -14.380  -91.708  -0.890 0.5000000000
9159  -18.300  -92.015  -1.496 0.5000000000
9171  -9.769  -93.847  -2.441 0.6000000238
9174  -11.985  -92.477  -1.963 0.5000000000
9179  -16.448  -91.880  -1.395 0.6000000238
9180  -18.341  -92.323  -1.844 0.6000000238
9186  -11.157  -93.242  -2.912 0.5000000000
9187  -11.604  -92.766  -2.441 0.5000000000
9191  -10.287  -93.367  -3.410 0.5000000000
9192  -11.171  -93.194  -3.302 0.5000000000
9193  -11.844  -92.820  -3.216 0.5000000000
9194  -12.337  -92.877  -3.400 0.5000000000
9195  -12.581  -92.884  -3.073 0.5000000000
9856  -12.317  -91.902  8.508 0.5000000000
9898  -8.783  -91.675  4.296 0.6000000238
9928  -7.207  -91.055  0.417 0.6000000238
9929  -15.494  -91.485  -0.271 0.5000000000
9930  -16.295  -91.306  -0.238 0.6000000238
9942  -5.224  -91.187  -0.615 0.5000000000
9948  -16.483  -91.367  -0.854 0.5000000000
10596  -12.747  -91.072  8.509 0.5000000000
10604  -12.567  -90.324  7.590 0.5000000000
10611  -12.278  -90.149  6.180 0.6000000238
10628  -12.122  -89.404  3.982 0.5000000000
10639  -8.763  -90.526  3.051 0.6999999881
10656  -27.298  -91.142  2.748 0.3000000119
10664  -7.856  -90.745  0.746 0.6999999881
10687  -5.755  -90.566  -0.454 0.5000000000
10688  -6.519  -90.498  -0.498 0.5000000000
10690  -8.672  -89.996  -0.289 0.6000000238
10691  -9.271  -89.814  -0.175 0.6000000238
11310  -15.062  -89.977  10.026 0.5000000000
11322  -13.425  -89.581  8.299 0.6000000238
11334  -24.520  -89.650  7.742 0.3000000119
11341  -13.153  -88.890  6.187 0.6000000238
11344  -24.727  -90.149  7.057 0.4000000060
11352  -13.155  -88.723  5.307 0.6000000238
11382  -13.334  -88.405  3.510 0.5000000000
11396  -11.803  -89.027  1.881 0.6000000238
11410  -11.772  -88.674  0.983 0.6000000238
11420  -6.844  -89.253  -0.006 0.5000000000
11421  -7.462  -89.053  -0.017 0.5000000000
11433  -9.071  -89.611  -0.279 0.6000000238
12140  -13.450  -88.979  7.806 0.6000000238
12150  -9.378  -88.074  7.990 0.5000000000
12168  -26.026  -88.607  6.736 0.3000000119
12219  -13.797  -87.781  1.777 0.5000000000
12231  -12.537  -88.270  1.015 0.6000000238
12232  -13.572  -87.906  1.495 0.5000000000
12246  -11.627  -88.482  0.656 0.6000000238
12253  -7.943  -89.188  -0.219 0.6000000238
12254  -8.612  -89.092  -0.201 0.6000000238
12255  -9.382  -89.126  -0.243 0.6000000238
12876  -8.364  -87.663  14.816 0.6000000238
12901  -8.190  -87.848  13.433 0.6000000238
12949  -8.320  -87.968  10.913 0.5000000000
12972  -10.208  -86.722  8.527 0.6000000238
12987  -9.895  -87.392  8.268 0.6999999881
13002  -8.926  -87.958  5.995 0.6000000238
13006  -13.766  -86.948  6.033 0.6000000238
13021  -13.818  -87.508  4.873 0.6000000238
13022  -14.105  -86.877  5.123 0.6000000238
13049  -9.998  -87.205  2.699 0.6000000238
13062  -9.887  -87.458  1.953 0.5000000000
13064  -11.624  -87.549  1.334 0.6000000238
13074  -8.342  -87.708  1.683 0.5000000000
13088  -8.830  -88.079  1.188 0.6000000238
13091  -11.552  -88.312  0.555 0.6000000238
13820  -8.466  -87.183  15.226 0.6000000238
13842  -10.356  -86.377  13.998 0.6999999881
13891  -8.377  -87.156  10.786 0.6999999881
13936  -11.385  -85.460  6.467 0.6000000238
13943  -11.139  -86.537  6.526 0.6000000238
13956  -14.795  -86.244  4.271 0.6000000238
13968  -11.135  -86.485  4.458 0.6000000238
13970  -15.231  -85.643  3.399 0.6000000238
13984  -10.905  -86.637  3.663 0.6000000238
14006  -14.187  -86.871  2.235 0.4000000060
14007  -14.916  -86.130  2.857 0.6000000238
14016  -13.543  -87.654  1.588 0.4000000060
14691  -8.208  -86.348  15.531 0.6000000238
14703  -10.913  -85.634  14.411 0.6999999881
14704  -11.325  -85.228  14.090 0.6999999881
14718  -9.827  -85.730  12.590 0.6000000238
14743  -8.041  -85.949  10.416 0.6999999881
14758  -8.547  -86.040  9.880 0.6000000238
14783  -14.330  -85.366  7.570 0.6000000238
14812  -11.800  -85.062  4.732 0.6000000238
14834  -11.936  -85.836  3.530 0.5000000000
14837  -15.150  -85.297  3.293 0.6000000238
15590  -11.496  -84.646  14.456 0.6000000238
15600  -11.439  -84.239  13.237 0.8000000119
15612  -8.712  -84.136  11.550 0.8000000119
15640  -7.055  -83.818  9.124 0.6999999881
15657  -8.438  -84.089  8.115 0.6000000238
15658  -14.788  -84.854  8.068 0.5000000000
15674  -7.011  -83.218  7.674 0.6999999881
15676  -9.467  -83.605  6.816 0.6999999881
15705  -10.762  -83.630  5.843 0.6000000238
15717  -12.069  -84.396  4.795 0.6000000238
15718  -12.648  -84.380  4.397 0.6000000238
15729  -14.361  -84.795  3.506 0.6000000238
15730  -15.219  -84.777  3.537 0.6000000238
16490  -7.264  -84.029  15.060 0.5000000000
16502  -11.975  -83.882  14.533 0.6000000238
16503  -12.320  -83.066  14.596 0.6000000238
16526  -11.345  -83.552  12.956 0.8000000119
16564  -6.103  -82.432  9.097 0.8000000119
16576  -6.168  -82.481  8.620 0.8000000119
16587  -6.349  -82.715  8.164 0.8000000119
16588  -6.652  -82.958  7.713 0.6999999881
16590  -8.462  -83.224  7.050 0.6999999881
16602  -15.793  -83.254  6.241 0.5000000000
16625  -12.935  -83.738  4.670 0.6000000238
17343  -10.447  -82.333  16.311 0.6000000238
17344  -11.448  -82.403  16.389 0.6000000238
17356  -11.896  -82.904  15.900 0.6000000238
17394  -10.027  -82.574  12.290 0.6999999881
17424  -5.963  -82.130  9.315 0.8000000119
17452  -6.124  -82.364  8.586 0.8000000119
17466  -6.763  -82.777  7.633 0.8000000119
17472  -16.663  -81.835  7.294 0.5000000000
17486  -11.945  -82.280  5.994 0.5000000000
17487  -15.618  -81.841  6.196 0.5000000000
17488  -16.057  -82.045  6.442 0.5000000000
17502  -11.600  -82.804  5.603 0.6000000238
17516  -14.280  -83.060  4.919 0.5000000000
17517  -14.982  -83.097  4.858 0.5000000000
17518  -15.265  -83.123  5.093 0.5000000000
18217  -12.660  -81.825  16.119 0.6000000238
18224  -6.795  -80.967  15.627 0.5000000000
18226  -12.858  -81.834  15.468 0.6000000238
18240  -12.729  -81.770  14.766 0.6999999881
18261  -11.580  -81.281  13.626 0.6000000238
18326  -6.003  -81.022  10.168 0.6999999881
18327  -6.310  -81.362  10.524 0.6999999881
18346  -5.917  -81.609  9.385 0.6999999881
18364  -6.223  -81.921  8.420 0.6000000238
18382  -6.872  -82.291  7.732 0.8000000119
18402  -14.626  -81.570  6.101 0.5000000000
18409  -13.188  -82.113  5.866 0.5000000000
18410  -14.166  -81.907  5.698 0.5000000000
19090  -13.238  -80.516  15.997 0.6000000238
19120  -12.645  -80.974  14.557 0.6000000238
19168  -6.367  -80.362  10.448 0.6000000238
19181  -6.430  -80.548  9.560 0.6000000238
19195  -5.967  -81.286  9.114 0.6999999881
19939  -6.454  -78.985  15.276 0.5000000000
19942  -13.358  -79.814  15.736 0.6000000238
19999  -6.553  -80.037  10.191 0.5000000000
20734  -8.153  -79.851  21.115 0.6999999881
20791  -9.206  -77.817  16.693 0.6000000238
20793  -12.895  -78.707  16.935 0.5000000000
21702  -6.871  -78.186  16.942 0.6000000238
122811  -17.561  -98.280  2.570 0.6000000238
123778  -8.251  -82.270  15.570 0.6000000238
124679  -19.410  -100.227  -2.591 0.4000000060
124858  -8.961  -95.358  -2.678 0.6000000238
125199  -27.090  -94.440  1.834 0.5000000000
125365  -6.975  -93.461  2.948 0.6999999881
125566  -23.530  -98.974  3.959 0.3000000119
126008  -25.504  -88.703  7.267 0.3000000119
126053  -10.321  -84.131  12.312 0.6999999881
126188  -22.004  -95.084  2.987 0.4000000060
126600  -10.074  -80.671  12.798 0.6000000238
126679  -12.257  -80.222  16.804 0.6000000238
127003  -23.473  -90.849  8.649 0.3000000119
127507  -19.491  -98.455  2.640 0.3000000119
127639  -8.735  -90.356  1.865 0.6999999881
127958  -11.309  -93.063  -1.808 0.6000000238
128437  -14.761  -93.801  -1.216 0.5000000000
128556  -24.214  -96.900  8.535 0.3000000119
128747  -12.734  -89.181  4.975 0.5000000000
129624  -11.410  -87.941  0.667 0.6000000238
129957  -13.126  -78.012  14.423 0.5000000000
131318  -9.785  -82.936  6.234 0.6999999881
131943  -18.814  -96.721  3.791 0.6000000238
132676  -7.240  -90.537  -0.252 0.6000000238
135134  -12.960  -88.337  1.403 0.5000000000
135576  -25.023  -94.636  6.782 0.3000000119
135630  -8.124  -87.398  2.616 0.5000000000
136270  -14.401  -87.559  2.922 0.6000000238
136276  -6.172  -95.925  1.862 0.6999999881
136843  -19.063  -98.504  10.614 0.3000000119
137028  -10.979  -84.255  12.712 0.8000000119
137152  -23.098  -96.338  9.168 0.4000000060
137881  -17.267  -98.899  1.345 0.6000000238
138590  -9.048  -84.778  8.635 0.6000000238
138615  -15.381  -81.573  6.399 0.5000000000
138670  -9.680  -86.028  15.270 0.6000000238
140537  -10.499  -89.200  -0.112 0.6000000238
141133  -8.182  -92.085  3.869 0.6999999881
141696  -18.893  -99.489  -2.987 0.4000000060
141767  -9.355  -90.217  3.462 0.6000000238
141811  -14.357  -96.129  -1.144 0.6000000238
141827  -11.198  -84.706  6.162 0.5000000000
142047  -9.822  -93.652  -2.793 0.5000000000
142165  -12.396  -88.889  3.344 0.5000000000
142535  -6.543  -82.909  9.585 0.6999999881
143729  -12.536  -82.197  5.956 0.5000000000
143991  -8.773  -96.173  -3.300 0.6000000238
144448  -15.317  -83.679  4.822 0.6000000238
144715  -7.073  -90.069  -0.594 0.6000000238
144895  -7.684  -88.058  14.709 0.6000000238
145079  -12.459  -80.344  14.323 0.6000000238
145302  -18.501  -96.348  3.615 0.5000000000
146031  -3.300  -94.471  1.737 0.6000000238
146493  -16.670  -97.630  2.260 0.5000000000
146654  -15.193  -85.733  3.133 0.6000000238
146910  -15.184  -84.294  3.812 0.6000000238
147179  -14.703  -87.228  3.119 0.6000000238
147401  -9.780  -85.052  12.325 0.5000000000
147688  -22.494  -91.424  10.475 0.3000000119
147775  -6.519  -92.123  2.027 0.6999999881
148014  -24.467  -92.777  7.156 0.3000000119
148207  -20.162  -96.948  4.134 0.6000000238
