#!ascii label  , from subject sub-01 vox2ras=TkReg
424
73666  -24.949  -21.072  17.985 0.0000000000
77145  -21.640  -17.722  16.294 0.0000000000
88681  -19.028  -4.562  15.797 0.0000000000
85148  -23.232  -8.261  16.957 0.0000000000
81613  -25.473  -13.275  17.567 0.0000000000
77979  -26.487  -15.923  16.294 0.0000000000
89466  -16.666  -3.180  17.620 0.0000000000
83428  -23.847  -10.591  17.553 0.0000000000
137513  -21.064  -12.682  16.139 0.0000000000
142119  -23.814  -19.863  15.947 0.0000000000
77148  -24.557  -17.408  15.514 0.0000000000
76263  -25.378  -18.507  16.857 0.0000000000
69173  -21.588  -26.748  17.824 0.0000000000
72825  -22.868  -22.048  15.843 0.0000000000
92879  -18.530  1.488  18.633 0.0000000000
92905  -19.459  0.243  17.421 0.0000000000
91234  -21.356  -1.369  17.624 0.0000000000
89469  -23.247  -2.831  18.170 0.0000000000
88631  -25.189  -4.781  18.571 0.0000000000
87814  -21.349  -6.098  16.411 0.0000000000
86892  -27.143  -6.867  18.855 0.0000000000
84274  -28.312  -9.247  18.030 0.0000000000
82555  -27.376  -11.768  16.060 0.0000000000
80732  -26.161  -14.063  13.949 0.0000000000
79756  -22.376  -15.020  17.241 0.0000000000
79758  -25.697  -15.395  14.925 0.0000000000
82570  -20.377  -11.617  15.099 0.0000000000
80731  -19.908  -13.121  14.959 0.0000000000
74510  -24.393  -20.199  16.471 0.0000000000
75366  -24.559  -19.409  16.284 0.0000000000
75356  -25.453  -19.703  17.774 0.0000000000
65486  -21.947  -30.613  20.254 0.0000000000
66440  -22.150  -29.760  20.045 0.0000000000
67391  -22.287  -28.725  19.642 0.0000000000
73690  -21.738  -20.879  15.654 0.0000000000
131608  -20.321  -22.266  15.502 0.0000000000
92071  -19.903  -0.713  17.588 0.0000000000
89480  -17.894  -3.819  16.604 0.0000000000
90364  -19.781  -2.939  16.843 0.0000000000
89484  -21.447  -3.862  16.981 0.0000000000
89455  -24.519  -3.977  18.598 0.0000000000
88643  -22.025  -4.693  17.173 0.0000000000
86082  -22.736  -7.325  16.931 0.0000000000
86907  -23.706  -6.739  17.485 0.0000000000
86064  -24.813  -7.434  17.851 0.0000000000
145599  -28.219  -8.005  18.273 0.0000000000
85129  -25.130  -8.227  17.930 0.0000000000
132056  -25.527  -12.465  18.017 0.0000000000
136173  -26.829  -11.383  17.835 0.0000000000
81635  -26.456  -12.790  16.916 0.0000000000
142695  -26.285  -13.054  14.571 0.0000000000
80682  -25.839  -13.745  15.882 0.0000000000
137821  -20.420  -15.983  16.010 0.0000000000
78888  -20.787  -15.299  16.174 0.0000000000
126005  -21.345  -16.126  16.455 0.0000000000
77150  -25.528  -17.093  15.089 0.0000000000
78868  -24.865  -16.497  14.911 0.0000000000
77998  -25.617  -16.250  14.888 0.0000000000
79760  -26.767  -15.242  15.070 0.0000000000
78857  -27.031  -15.201  16.550 0.0000000000
69159  -22.746  -26.225  19.216 0.0000000000
70134  -22.269  -25.399  17.496 0.0000000000
71010  -22.870  -25.018  18.098 0.0000000000
71027  -23.254  -24.191  17.792 0.0000000000
84321  -21.250  -9.531  15.830 0.0000000000
136294  -23.943  -9.707  17.504 0.0000000000
83448  -22.062  -10.331  16.533 0.0000000000
82553  -22.246  -11.210  16.773 0.0000000000
136794  -23.149  -12.916  17.456 0.0000000000
76291  -22.218  -18.866  16.157 0.0000000000
77147  -23.480  -17.571  16.370 0.0000000000
76276  -24.059  -18.235  16.084 0.0000000000
77167  -25.050  -17.793  15.346 0.0000000000
129747  -26.136  -17.009  16.824 0.0000000000
125641  -22.511  -27.150  19.488 0.0000000000
134054  -20.797  -18.898  15.536 0.0000000000
135859  -22.336  -19.742  16.092 0.0000000000
74521  -23.262  -20.620  15.942 0.0000000000
73664  -23.776  -21.764  16.656 0.0000000000
94523  -18.762  2.524  16.997 0.0000000000
92876  -16.894  0.458  19.702 0.0000000000
92888  -18.859  0.729  17.902 0.0000000000
92907  -21.343  1.041  17.763 0.0000000000
131832  -22.562  0.145  18.483 0.0000000000
91218  -23.919  -0.929  19.065 0.0000000000
90348  -19.355  -2.291  17.518 0.0000000000
90351  -21.875  -2.108  17.751 0.0000000000
136046  -24.781  -1.797  19.007 0.0000000000
90334  -26.339  -2.719  18.801 0.0000000000
89458  -27.770  -3.438  18.615 0.0000000000
88635  -28.874  -4.698  18.298 0.0000000000
140117  -20.882  -5.368  16.351 0.0000000000
87774  -23.011  -5.799  17.322 0.0000000000
87761  -26.450  -5.761  18.881 0.0000000000
87764  -29.363  -5.828  18.001 0.0000000000
86065  -29.455  -7.354  17.417 0.0000000000
84322  -28.879  -9.841  15.753 0.0000000000
83413  -26.567  -10.388  18.368 0.0000000000
83432  -27.983  -10.956  16.877 0.0000000000
134738  -20.526  -13.884  15.846 0.0000000000
80697  -21.874  -13.556  17.089 0.0000000000
80679  -23.933  -14.088  17.729 0.0000000000
146409  -23.389  -16.392  16.736 0.0000000000
78856  -24.533  -15.852  16.538 0.0000000000
79740  -25.365  -14.862  16.247 0.0000000000
80715  -25.930  -14.518  14.557 0.0000000000
80716  -27.014  -14.631  14.094 0.0000000000
71915  -22.407  -23.665  15.968 0.0000000000
72798  -23.446  -22.550  16.994 0.0000000000
73652  -24.724  -21.810  18.132 0.0000000000
146600  -24.399  -20.704  16.879 0.0000000000
74499  -24.856  -20.448  17.381 0.0000000000
74500  -25.416  -20.515  18.258 0.0000000000
65487  -22.629  -30.735  20.833 0.0000000000
130026  -22.539  -30.109  20.498 0.0000000000
65488  -23.204  -30.038  20.925 0.0000000000
148496  -18.991  -4.047  16.343 0.0000000000
134367  -19.295  -3.475  16.464 0.0000000000
89483  -20.841  -3.998  16.731 0.0000000000
147092  -22.524  -4.512  17.358 0.0000000000
88666  -20.483  -4.483  16.332 0.0000000000
85146  -22.471  -8.040  16.473 0.0000000000
137111  -21.742  -7.943  16.152 0.0000000000
135991  -23.164  -7.614  17.073 0.0000000000
86062  -23.404  -7.211  17.276 0.0000000000
147124  -24.405  -7.795  17.560 0.0000000000
85128  -24.446  -8.353  17.591 0.0000000000
81612  -24.553  -12.625  17.925 0.0000000000
81614  -26.095  -13.207  17.384 0.0000000000
80681  -25.518  -13.970  16.750 0.0000000000
78019  -20.678  -16.742  16.114 0.0000000000
77993  -21.488  -17.049  16.440 0.0000000000
77978  -26.078  -16.485  16.075 0.0000000000
78869  -26.298  -15.703  15.177 0.0000000000
138279  -27.073  -15.575  17.542 0.0000000000
70121  -23.173  -25.418  18.884 0.0000000000
84308  -21.924  -9.502  16.325 0.0000000000
83465  -21.447  -10.306  15.956 0.0000000000
138133  -21.108  -11.873  15.703 0.0000000000
82552  -21.602  -11.132  16.168 0.0000000000
81634  -21.783  -12.077  16.515 0.0000000000
81610  -22.595  -12.037  17.117 0.0000000000
137522  -22.240  -12.805  17.090 0.0000000000
76292  -23.233  -19.253  16.249 0.0000000000
76275  -22.876  -18.286  16.384 0.0000000000
126596  -23.993  -18.968  16.044 0.0000000000
75367  -25.037  -18.960  16.420 0.0000000000
76293  -24.757  -18.585  16.023 0.0000000000
76278  -25.111  -18.172  15.866 0.0000000000
77134  -25.565  -17.703  16.410 0.0000000000
77123  -26.257  -17.685  17.658 0.0000000000
76264  -25.802  -18.229  17.452 0.0000000000
64553  -21.395  -31.509  20.285 0.0000000000
63641  -21.308  -32.470  20.599 0.0000000000
68300  -22.430  -28.066  19.593 0.0000000000
69160  -23.084  -26.630  20.058 0.0000000000
75380  -21.545  -19.282  15.777 0.0000000000
73691  -22.487  -21.345  15.753 0.0000000000
73677  -23.413  -21.347  15.987 0.0000000000
92867  -18.323  1.639  19.442 0.0000000000
93735  -18.723  2.394  18.433 0.0000000000
93746  -18.604  1.800  17.195 0.0000000000
92053  -18.034  -0.405  18.288 0.0000000000
92886  -17.767  0.263  18.716 0.0000000000
92887  -18.471  0.157  18.403 0.0000000000
93766  -19.034  1.337  16.871 0.0000000000
92906  -19.802  0.868  17.044 0.0000000000
147325  -20.394  1.199  17.232 0.0000000000
92072  -20.726  -0.605  17.528 0.0000000000
92055  -21.818  0.227  18.023 0.0000000000
92073  -21.515  -0.532  17.767 0.0000000000
92057  -23.153  -0.332  18.774 0.0000000000
91235  -22.101  -1.275  17.938 0.0000000000
90346  -17.397  -2.508  17.582 0.0000000000
128708  -21.846  -2.747  17.349 0.0000000000
132621  -21.219  -2.283  17.434 0.0000000000
90331  -22.628  -2.053  18.248 0.0000000000
134779  -23.658  -1.922  18.557 0.0000000000
135414  -25.781  -2.042  19.060 0.0000000000
90332  -24.205  -2.813  18.560 0.0000000000
88629  -23.696  -4.496  17.940 0.0000000000
89456  -25.712  -3.763  18.765 0.0000000000
88632  -26.269  -4.534  18.761 0.0000000000
88634  -28.388  -4.075  18.576 0.0000000000
88633  -27.401  -4.419  18.832 0.0000000000
86941  -20.912  -6.663  16.047 0.0000000000
87812  -19.608  -5.889  15.205 0.0000000000
87796  -21.668  -5.676  16.706 0.0000000000
87798  -22.575  -6.287  17.064 0.0000000000
86891  -26.136  -6.481  18.794 0.0000000000
86890  -25.158  -6.256  18.320 0.0000000000
133969  -27.013  -6.156  18.988 0.0000000000
87763  -28.608  -5.512  18.525 0.0000000000
86894  -28.879  -6.410  18.372 0.0000000000
86909  -29.474  -6.575  17.682 0.0000000000
86047  -29.052  -7.082  18.024 0.0000000000
85110  -27.894  -8.618  18.337 0.0000000000
85130  -29.041  -8.523  17.513 0.0000000000
84295  -28.972  -9.076  17.111 0.0000000000
84312  -29.184  -9.101  16.280 0.0000000000
84311  -28.765  -9.702  16.655 0.0000000000
136790  -24.594  -9.694  17.743 0.0000000000
83430  -25.428  -10.249  18.159 0.0000000000
82535  -27.328  -11.584  17.182 0.0000000000
83431  -27.444  -10.808  17.825 0.0000000000
83451  -27.742  -11.123  15.541 0.0000000000
81669  -26.197  -13.275  13.885 0.0000000000
80733  -26.650  -14.110  13.796 0.0000000000
79801  -20.016  -14.032  15.260 0.0000000000
78865  -21.532  -15.226  16.763 0.0000000000
79755  -21.629  -14.345  16.974 0.0000000000
132701  -22.313  -14.220  17.306 0.0000000000
80678  -22.733  -13.663  17.411 0.0000000000
79737  -23.151  -14.618  17.440 0.0000000000
77994  -22.935  -16.851  16.718 0.0000000000
77995  -23.989  -17.008  16.148 0.0000000000
134123  -25.436  -16.264  14.889 0.0000000000
79757  -25.205  -15.875  15.517 0.0000000000
79739  -24.779  -14.994  17.107 0.0000000000
80698  -25.651  -14.679  15.421 0.0000000000
79782  -25.958  -14.940  14.515 0.0000000000
80699  -27.342  -14.740  14.958 0.0000000000
79784  -26.486  -14.957  14.356 0.0000000000
71889  -23.774  -23.426  18.086 0.0000000000
71903  -23.306  -23.347  17.296 0.0000000000
72783  -23.780  -22.834  17.667 0.0000000000
72799  -24.110  -22.178  17.502 0.0000000000
72784  -24.359  -22.699  18.352 0.0000000000
131079  -20.449  -10.836  15.067 0.0000000000
141687  -20.030  -12.311  14.898 0.0000000000
81651  -20.471  -12.588  15.406 0.0000000000
75365  -24.150  -19.827  16.030 0.0000000000
75381  -24.304  -19.204  16.068 0.0000000000
75355  -25.011  -19.716  17.074 0.0000000000
139707  -25.314  -19.165  17.138 0.0000000000
76253  -25.702  -18.899  17.670 0.0000000000
74491  -25.902  -19.915  18.606 0.0000000000
131911  -22.165  -31.298  20.665 0.0000000000
67390  -21.767  -28.403  19.177 0.0000000000
66457  -22.413  -29.173  19.905 0.0000000000
66442  -23.479  -29.186  20.680 0.0000000000
133430  -20.803  -20.707  15.560 0.0000000000
73688  -20.109  -21.578  15.545 0.0000000000
73689  -21.244  -21.683  15.547 0.0000000000
144584  -22.088  -22.284  15.712 0.0000000000
92866  -17.751  1.418  19.735 0.0000000000
139980  -20.136  0.041  17.271 0.0000000000
92070  -18.337  -0.931  17.683 0.0000000000
125671  -19.203  -1.177  17.878 0.0000000000
91232  -19.736  -1.760  17.850 0.0000000000
90363  -18.856  -2.767  16.654 0.0000000000
89467  -18.023  -3.225  17.307 0.0000000000
90365  -20.716  -3.209  16.945 0.0000000000
89468  -22.147  -3.570  17.201 0.0000000000
89454  -23.719  -3.579  18.247 0.0000000000
139667  -23.005  -3.777  17.588 0.0000000000
88630  -24.326  -5.062  18.007 0.0000000000
86924  -21.797  -6.715  16.561 0.0000000000
86906  -23.148  -6.695  17.296 0.0000000000
86083  -22.991  -7.095  17.207 0.0000000000
86908  -24.503  -6.841  17.844 0.0000000000
86044  -26.301  -7.293  18.664 0.0000000000
86045  -27.327  -7.782  18.587 0.0000000000
134948  -26.446  -7.939  18.502 0.0000000000
85109  -27.018  -8.582  18.531 0.0000000000
84273  -27.586  -9.329  18.287 0.0000000000
82532  -24.583  -11.520  17.960 0.0000000000
82533  -25.519  -11.436  18.179 0.0000000000
82534  -26.294  -12.118  17.754 0.0000000000
82554  -26.827  -12.229  16.470 0.0000000000
82572  -26.652  -12.365  15.295 0.0000000000
81652  -26.311  -13.026  15.673 0.0000000000
124448  -26.049  -13.874  14.474 0.0000000000
78887  -20.206  -15.323  15.659 0.0000000000
78866  -22.438  -15.991  16.930 0.0000000000
78020  -24.971  -17.318  14.659 0.0000000000
77996  -24.753  -16.961  14.869 0.0000000000
77997  -25.031  -16.936  14.578 0.0000000000
79759  -25.984  -15.323  14.703 0.0000000000
79741  -27.549  -14.472  16.442 0.0000000000
69174  -22.076  -26.710  18.552 0.0000000000
69184  -21.901  -26.139  17.737 0.0000000000
70120  -22.489  -25.805  18.352 0.0000000000
71026  -22.640  -24.718  17.334 0.0000000000
71902  -22.753  -24.057  16.740 0.0000000000
141041  -23.723  -23.981  18.522 0.0000000000
134257  -21.007  -8.827  15.775 0.0000000000
85147  -22.857  -8.511  16.730 0.0000000000
84289  -23.477  -8.847  17.264 0.0000000000
84309  -22.611  -9.426  16.751 0.0000000000
83450  -23.168  -9.761  17.297 0.0000000000
83449  -22.643  -10.445  17.028 0.0000000000
83427  -23.213  -10.702  17.335 0.0000000000
82531  -23.712  -11.481  17.599 0.0000000000
81611  -23.454  -12.197  17.557 0.0000000000
135024  -24.069  -13.158  17.854 0.0000000000
76274  -22.075  -18.153  16.322 0.0000000000
77146  -22.352  -17.472  16.544 0.0000000000
143064  -24.753  -17.725  15.427 0.0000000000
76277  -24.600  -18.379  15.920 0.0000000000
77149  -25.118  -17.481  14.912 0.0000000000
77968  -26.727  -16.300  17.405 0.0000000000
77967  -26.838  -17.080  17.975 0.0000000000
76254  -26.201  -18.485  18.338 0.0000000000
68299  -21.861  -27.595  18.989 0.0000000000
76290  -21.401  -18.357  15.874 0.0000000000
132724  -21.623  -20.150  15.778 0.0000000000
74520  -22.441  -20.507  15.879 0.0000000000
144100  -23.089  -20.105  16.027 0.0000000000
74509  -23.874  -20.457  15.973 0.0000000000
73678  -24.066  -20.961  16.347 0.0000000000
73665  -24.374  -21.268  17.298 0.0000000000
92865  -17.167  0.750  20.163 0.0000000000
92878  -18.272  0.828  18.913 0.0000000000
92877  -17.469  0.782  19.307 0.0000000000
93767  -19.541  1.820  16.786 0.0000000000
139758  -20.776  0.328  17.539 0.0000000000
92890  -23.135  0.507  18.718 0.0000000000
92058  -23.929  0.022  19.120 0.0000000000
145060  -24.299  -0.491  19.132 0.0000000000
91231  -18.881  -1.769  17.800 0.0000000000
91217  -22.946  -1.179  18.572 0.0000000000
142748  -25.808  -1.166  19.108 0.0000000000
144225  -27.528  -2.199  18.389 0.0000000000
90333  -25.236  -2.849  18.808 0.0000000000
90335  -27.257  -2.793  18.608 0.0000000000
87811  -18.971  -5.331  15.391 0.0000000000
143329  -19.947  -4.947  15.501 0.0000000000
88667  -21.367  -4.857  16.834 0.0000000000
88644  -22.544  -5.376  17.300 0.0000000000
88646  -23.579  -5.436  17.599 0.0000000000
87776  -24.186  -6.270  17.861 0.0000000000
87759  -24.713  -5.638  18.215 0.0000000000
87760  -25.731  -5.449  18.632 0.0000000000
87762  -27.489  -5.420  18.910 0.0000000000
148474  -29.258  -5.207  18.063 0.0000000000
86046  -28.906  -7.836  17.885 0.0000000000
138087  -29.362  -8.019  17.313 0.0000000000
84336  -29.322  -9.094  14.405 0.0000000000
84342  -28.864  -10.034  13.935 0.0000000000
84291  -24.883  -9.083  17.860 0.0000000000
84271  -25.740  -9.269  18.320 0.0000000000
84292  -27.291  -10.001  18.211 0.0000000000
82516  -26.229  -11.214  18.231 0.0000000000
84293  -27.982  -10.027  17.702 0.0000000000
83452  -28.448  -10.449  16.201 0.0000000000
82587  -26.368  -12.435  14.152 0.0000000000
80713  -20.284  -13.368  15.414 0.0000000000
80714  -20.622  -13.199  15.884 0.0000000000
79781  -20.950  -14.500  16.367 0.0000000000
80696  -21.115  -13.565  16.500 0.0000000000
138308  -21.566  -12.910  16.728 0.0000000000
80680  -24.968  -13.922  17.500 0.0000000000
143885  -22.109  -16.687  16.691 0.0000000000
78855  -23.485  -15.661  17.126 0.0000000000
78867  -24.330  -16.512  16.248 0.0000000000
79738  -24.082  -15.070  17.421 0.0000000000
127214  -26.055  -14.480  14.185 0.0000000000
79783  -26.128  -14.767  14.344 0.0000000000
79802  -26.278  -14.589  14.129 0.0000000000
71926  -21.992  -23.051  15.703 0.0000000000
72812  -22.748  -22.821  15.828 0.0000000000
71916  -23.068  -23.177  16.326 0.0000000000
72813  -23.237  -22.303  16.140 0.0000000000
67375  -22.911  -28.686  20.123 0.0000000000
79780  -20.417  -14.649  15.733 0.0000000000
82530  -22.926  -11.326  17.245 0.0000000000
82571  -20.946  -11.012  15.567 0.0000000000
83429  -24.642  -10.534  17.820 0.0000000000
83433  -28.450  -10.198  17.029 0.0000000000
83464  -20.787  -10.262  15.455 0.0000000000
84272  -26.707  -9.338  18.460 0.0000000000
84290  -24.148  -8.917  17.546 0.0000000000
84294  -28.549  -9.548  17.412 0.0000000000
84310  -23.081  -8.892  16.942 0.0000000000
84323  -29.306  -9.140  15.365 0.0000000000
85108  -26.081  -8.476  18.395 0.0000000000
85111  -28.581  -8.580  18.012 0.0000000000
85127  -23.762  -7.990  17.259 0.0000000000
85159  -21.759  -8.696  16.158 0.0000000000
86043  -25.365  -7.003  18.288 0.0000000000
86063  -24.047  -7.302  17.493 0.0000000000
86081  -22.175  -7.323  16.573 0.0000000000
86084  -29.661  -7.747  16.689 0.0000000000
86893  -27.922  -6.252  18.766 0.0000000000
86925  -22.433  -6.742  16.906 0.0000000000
86926  -22.790  -6.727  17.156 0.0000000000
86940  -20.087  -6.570  15.290 0.0000000000
87775  -23.449  -6.180  17.450 0.0000000000
87797  -22.104  -6.205  16.812 0.0000000000
87799  -22.922  -6.308  17.229 0.0000000000
87813  -20.473  -5.897  15.726 0.0000000000
88642  -17.237  -3.941  17.263 0.0000000000
88645  -23.014  -4.965  17.548 0.0000000000
88664  -18.402  -4.289  16.339 0.0000000000
88665  -19.635  -4.216  16.208 0.0000000000
88668  -22.199  -5.654  17.021 0.0000000000
89457  -26.798  -3.608  18.714 0.0000000000
89481  -18.576  -3.545  16.558 0.0000000000
89482  -20.142  -3.683  16.539 0.0000000000
90347  -18.391  -2.338  17.344 0.0000000000
90349  -20.360  -2.408  17.379 0.0000000000
90350  -21.428  -3.032  17.145 0.0000000000
91219  -24.805  -0.822  19.138 0.0000000000
91233  -20.613  -1.515  17.594 0.0000000000
92054  -18.927  -0.409  18.024 0.0000000000
92056  -22.354  -0.489  18.269 0.0000000000
92889  -22.322  0.852  18.326 0.0000000000
130950  -25.635  -7.680  18.261 0.0000000000
134243  -28.236  -7.178  18.447 0.0000000000
135685  -28.189  -4.817  18.696 0.0000000000
136355  -22.462  -2.831  17.608 0.0000000000
137596  -22.397  -8.804  16.458 0.0000000000
139654  -27.017  -2.226  18.772 0.0000000000
140026  -22.683  -5.962  17.141 0.0000000000
140416  -26.665  -5.110  18.906 0.0000000000
142637  -23.998  -5.767  17.804 0.0000000000
143301  -22.953  -7.926  16.813 0.0000000000
143599  -21.344  -8.368  16.024 0.0000000000
144380  -28.730  -9.010  17.686 0.0000000000
144860  -26.755  -11.978  17.307 0.0000000000
146213  -25.841  -5.987  18.677 0.0000000000
146953  -17.308  -3.261  17.354 0.0000000000
147584  -20.952  -2.728  17.216 0.0000000000
