#!ascii label  , from subject sub-01 vox2ras=TkReg
1147
96629  42.028  3.969  65.730 0.0000000000
95801  48.522  4.016  63.115 0.0000000000
97534  47.975  6.039  55.821 0.0000000000
88444  48.494  -4.139  49.001 0.0000000000
92917  45.129  0.544  72.088 0.0000000000
101443  53.593  10.647  56.930 0.0000000000
93075  46.135  -0.209  54.051 0.0000000000
96724  40.834  5.394  55.879 0.0000000000
99123  50.609  7.882  59.902 0.0000000000
126100  47.284  5.403  66.334 0.0000000000
95721  53.121  4.047  72.199 0.0000000000
100742  42.818  9.631  51.958 0.0000000000
95886  45.684  3.914  52.847 0.0000000000
95858  51.474  3.616  56.003 0.0000000000
95922  49.173  3.922  47.529 0.0000000000
99969  41.596  8.198  56.470 0.0000000000
98288  45.612  6.291  62.207 0.0000000000
96636  44.594  4.344  65.262 0.0000000000
148790  48.675  1.918  72.799 0.0000000000
100712  46.811  8.931  57.386 0.0000000000
101474  44.893  10.882  54.266 0.0000000000
133096  45.161  7.426  55.403 0.0000000000
140420  43.587  7.177  51.855 0.0000000000
98382  46.032  6.753  51.849 0.0000000000
97469  51.875  6.640  63.278 0.0000000000
97498  52.528  5.782  59.831 0.0000000000
95837  48.714  3.383  59.554 0.0000000000
91297  47.186  -1.763  50.419 0.0000000000
130905  47.645  1.881  50.722 0.0000000000
92238  48.089  -0.550  46.372 0.0000000000
93111  46.225  0.817  48.071 0.0000000000
89404  46.229  -3.647  48.707 0.0000000000
86623  43.613  -6.973  52.293 0.0000000000
93900  40.745  1.551  67.549 0.0000000000
93897  43.579  1.672  67.894 0.0000000000
99143  50.275  7.453  57.465 0.0000000000
93919  45.870  1.673  63.579 0.0000000000
93960  46.602  1.234  59.298 0.0000000000
91230  45.484  -1.373  58.494 0.0000000000
145785  47.666  -2.610  54.077 0.0000000000
102185  50.814  11.503  60.442 0.0000000000
100677  47.950  9.524  60.344 0.0000000000
141793  49.425  6.662  62.904 0.0000000000
98261  50.670  6.597  66.307 0.0000000000
95743  46.778  3.266  69.072 0.0000000000
96595  50.109  5.245  69.691 0.0000000000
96604  51.443  4.939  68.007 0.0000000000
94833  47.914  1.740  68.153 0.0000000000
93903  38.088  1.774  67.730 0.0000000000
134985  43.658  11.925  52.620 0.0000000000
101468  42.744  10.546  54.316 0.0000000000
99177  41.861  7.748  52.326 0.0000000000
96730  43.440  4.951  54.644 0.0000000000
94956  44.594  2.170  54.433 0.0000000000
100698  54.121  8.773  58.608 0.0000000000
98341  54.252  6.553  56.134 0.0000000000
97541  52.584  4.971  54.225 0.0000000000
94948  47.892  2.472  55.691 0.0000000000
95893  51.007  3.681  51.954 0.0000000000
98379  49.777  6.181  50.804 0.0000000000
96761  47.412  4.409  50.252 0.0000000000
94014  45.181  1.495  51.359 0.0000000000
99959  41.445  8.472  57.397 0.0000000000
150758  42.207  9.647  57.339 0.0000000000
97464  43.760  5.630  63.422 0.0000000000
142737  43.118  4.211  65.178 0.0000000000
98334  47.865  6.850  57.203 0.0000000000
99146  45.986  7.852  57.006 0.0000000000
98348  46.630  6.702  56.301 0.0000000000
98363  46.091  6.672  54.026 0.0000000000
98362  47.018  6.460  54.024 0.0000000000
96652  49.861  4.911  62.942 0.0000000000
96673  50.093  4.761  60.774 0.0000000000
131537  48.563  3.677  61.213 0.0000000000
128135  48.745  -2.862  48.870 0.0000000000
92230  48.143  -0.851  47.544 0.0000000000
89409  48.071  -2.971  46.888 0.0000000000
90364  46.745  -2.391  47.538 0.0000000000
88451  47.178  -4.254  48.195 0.0000000000
87536  45.926  -5.851  49.707 0.0000000000
87534  47.226  -5.538  50.159 0.0000000000
92956  41.291  0.436  69.780 0.0000000000
128347  49.985  8.924  57.760 0.0000000000
100707  52.246  9.362  57.290 0.0000000000
92998  45.402  0.089  63.739 0.0000000000
137884  45.521  -0.417  60.974 0.0000000000
91212  45.477  -1.923  60.489 0.0000000000
148669  47.758  -3.144  55.830 0.0000000000
90297  49.567  -2.533  53.546 0.0000000000
90324  49.151  -2.581  51.920 0.0000000000
140134  46.827  5.576  64.306 0.0000000000
98287  46.569  6.137  62.193 0.0000000000
97452  47.675  5.969  64.737 0.0000000000
98274  50.221  7.030  64.673 0.0000000000
97435  48.916  6.367  66.480 0.0000000000
92952  44.642  0.660  70.103 0.0000000000
94835  45.368  2.481  68.462 0.0000000000
93865  46.158  1.652  70.081 0.0000000000
95717  51.725  3.553  73.378 0.0000000000
95724  49.656  3.192  71.553 0.0000000000
96583  51.628  4.766  71.439 0.0000000000
97400  52.312  5.890  69.251 0.0000000000
95739  52.439  4.352  69.882 0.0000000000
95753  49.341  3.214  68.167 0.0000000000
94817  51.360  3.175  70.302 0.0000000000
92066  48.041  -0.044  68.039 0.0000000000
101475  44.064  10.517  53.174 0.0000000000
102247  44.340  11.681  52.551 0.0000000000
101483  43.072  10.741  52.305 0.0000000000
130164  42.907  11.134  53.344 0.0000000000
100743  42.664  9.899  52.137 0.0000000000
99981  42.112  8.845  53.361 0.0000000000
99995  42.365  8.355  51.688 0.0000000000
97559  44.789  5.877  52.727 0.0000000000
97560  43.859  6.434  52.609 0.0000000000
96738  44.765  4.779  53.580 0.0000000000
95866  44.309  3.092  54.903 0.0000000000
130654  44.841  2.876  53.934 0.0000000000
100687  50.390  9.635  59.409 0.0000000000
101425  51.817  10.801  59.212 0.0000000000
100685  52.276  8.882  59.058 0.0000000000
96693  52.053  4.940  57.919 0.0000000000
97504  53.580  5.824  58.085 0.0000000000
96703  53.593  5.063  56.088 0.0000000000
97521  53.514  5.799  55.352 0.0000000000
95863  52.966  4.466  54.734 0.0000000000
93056  46.072  0.617  57.031 0.0000000000
93980  47.204  1.887  57.047 0.0000000000
93994  46.670  1.339  54.672 0.0000000000
94020  48.898  2.614  48.648 0.0000000000
94968  48.991  3.241  51.378 0.0000000000
95900  50.327  4.253  49.882 0.0000000000
97576  51.289  5.012  50.984 0.0000000000
97591  49.501  5.072  49.006 0.0000000000
97578  48.128  5.963  50.232 0.0000000000
95917  48.417  3.970  47.799 0.0000000000
92224  44.971  -0.299  50.021 0.0000000000
134016  45.387  1.065  49.571 0.0000000000
92210  44.461  -0.243  51.381 0.0000000000
92202  44.419  -0.187  52.256 0.0000000000
102208  54.264  12.006  57.441 0.0000000000
99158  40.128  6.883  56.186 0.0000000000
99166  40.717  6.578  55.296 0.0000000000
99902  45.235  8.646  61.875 0.0000000000
99085  44.571  7.442  62.177 0.0000000000
125812  45.118  5.013  63.903 0.0000000000
96626  46.512  4.762  66.409 0.0000000000
93845  47.061  1.169  73.196 0.0000000000
101458  45.761  9.918  56.246 0.0000000000
100726  44.966  9.505  55.709 0.0000000000
99979  43.789  8.488  53.939 0.0000000000
99980  43.443  8.136  52.281 0.0000000000
99171  43.979  7.692  53.347 0.0000000000
98371  45.019  6.689  52.417 0.0000000000
97570  45.577  6.228  51.932 0.0000000000
98298  51.858  7.210  62.440 0.0000000000
99108  52.276  7.162  60.824 0.0000000000
97490  51.928  5.977  61.372 0.0000000000
96683  50.939  4.864  59.451 0.0000000000
95852  49.927  3.439  57.353 0.0000000000
137205  46.513  -1.052  51.696 0.0000000000
94006  46.761  1.034  52.325 0.0000000000
93098  46.856  0.130  50.178 0.0000000000
93103  47.782  0.749  48.382 0.0000000000
95011  48.288  2.136  46.580 0.0000000000
95006  47.612  2.644  46.856 0.0000000000
139315  46.981  0.103  46.551 0.0000000000
91303  45.692  -0.951  48.776 0.0000000000
90347  45.097  -2.913  49.984 0.0000000000
85746  44.608  -6.969  51.746 0.0000000000
149656  41.410  2.699  66.689 0.0000000000
94860  42.811  2.932  66.633 0.0000000000
93884  42.121  0.998  68.019 0.0000000000
92954  43.096  0.480  69.494 0.0000000000
129088  43.734  0.488  72.452 0.0000000000
101448  48.082  10.032  57.333 0.0000000000
99955  48.170  8.285  57.721 0.0000000000
98345  49.553  6.149  56.660 0.0000000000
94872  46.806  2.708  63.436 0.0000000000
94892  47.328  2.592  61.089 0.0000000000
93941  46.057  0.958  60.976 0.0000000000
93051  45.611  -0.347  58.449 0.0000000000
92180  45.596  -0.842  56.084 0.0000000000
90254  46.164  -2.736  58.215 0.0000000000
132239  46.159  -2.357  56.021 0.0000000000
140830  46.604  -1.806  53.536 0.0000000000
91289  47.323  -2.377  51.938 0.0000000000
131672  48.855  -2.603  50.318 0.0000000000
89388  49.721  -3.421  49.884 0.0000000000
87533  48.261  -4.950  50.473 0.0000000000
101416  49.456  10.722  60.253 0.0000000000
143238  49.255  8.834  59.645 0.0000000000
99913  46.442  8.512  61.000 0.0000000000
99111  47.811  7.376  60.691 0.0000000000
98312  49.932  7.179  60.998 0.0000000000
128805  51.127  7.099  63.632 0.0000000000
145189  51.502  6.618  64.008 0.0000000000
96634  50.789  5.903  64.947 0.0000000000
95770  44.658  3.263  67.139 0.0000000000
95769  45.465  3.536  67.395 0.0000000000
96607  46.831  4.228  68.055 0.0000000000
94811  47.688  2.412  70.708 0.0000000000
95741  48.395  3.988  69.783 0.0000000000
96605  48.660  5.202  68.700 0.0000000000
97413  50.967  6.491  68.383 0.0000000000
96623  51.332  6.111  66.760 0.0000000000
95793  48.696  4.162  64.959 0.0000000000
95778  47.883  3.221  66.247 0.0000000000
94859  46.588  1.895  66.315 0.0000000000
92984  46.002  0.607  65.913 0.0000000000
93864  48.798  1.238  69.239 0.0000000000
92076  46.820  -0.033  66.878 0.0000000000
94863  39.835  2.869  66.795 0.0000000000
93902  38.952  1.578  67.604 0.0000000000
92960  37.644  0.751  69.875 0.0000000000
103795  44.776  13.253  53.027 0.0000000000
102987  43.075  12.738  54.356 0.0000000000
100722  42.441  9.272  55.511 0.0000000000
99165  41.335  7.279  54.707 0.0000000000
97549  41.592  6.214  54.393 0.0000000000
98384  42.490  7.488  51.673 0.0000000000
98365  42.087  6.388  53.593 0.0000000000
97535  42.088  5.566  55.045 0.0000000000
100696  54.644  9.695  57.375 0.0000000000
99120  53.446  7.448  59.539 0.0000000000
99130  54.705  8.216  57.450 0.0000000000
99951  53.952  8.982  56.382 0.0000000000
98330  52.285  7.039  56.390 0.0000000000
98344  50.819  6.234  56.410 0.0000000000
97532  50.078  5.558  54.947 0.0000000000
94913  47.623  2.357  59.436 0.0000000000
94929  48.523  2.681  57.614 0.0000000000
94936  49.547  3.089  55.699 0.0000000000
144616  47.900  2.484  53.311 0.0000000000
133352  48.928  3.086  53.480 0.0000000000
95874  51.107  3.476  53.864 0.0000000000
96742  51.883  4.240  52.616 0.0000000000
145306  50.732  5.476  52.285 0.0000000000
97557  49.043  6.125  53.096 0.0000000000
146510  47.718  6.789  51.375 0.0000000000
148726  46.816  5.791  51.157 0.0000000000
95895  46.255  4.073  52.014 0.0000000000
94993  46.857  2.813  48.943 0.0000000000
94977  46.020  2.651  51.155 0.0000000000
94970  45.322  2.338  52.500 0.0000000000
142363  44.768  1.286  52.815 0.0000000000
87515  42.921  -5.806  53.208 0.0000000000
147419  41.957  10.096  57.909 0.0000000000
97446  42.073  5.103  64.943 0.0000000000
96646  42.832  4.764  64.746 0.0000000000
96638  42.399  4.424  65.262 0.0000000000
98347  47.480  6.487  56.531 0.0000000000
98335  46.970  6.966  57.031 0.0000000000
144657  47.133  6.345  55.778 0.0000000000
98354  46.979  6.362  54.956 0.0000000000
97545  47.902  6.101  54.743 0.0000000000
95811  48.740  4.007  62.125 0.0000000000
95802  47.818  3.482  62.313 0.0000000000
89394  48.293  -3.584  48.155 0.0000000000
90362  48.382  -2.771  47.214 0.0000000000
144131  48.241  -3.207  47.440 0.0000000000
89401  47.791  -3.546  47.557 0.0000000000
88450  47.766  -4.183  48.365 0.0000000000
88445  47.164  -4.914  48.824 0.0000000000
87541  47.821  -4.847  49.521 0.0000000000
133412  53.122  11.697  57.306 0.0000000000
101444  52.295  10.980  57.365 0.0000000000
135474  51.545  10.124  57.473 0.0000000000
145838  52.663  10.145  57.287 0.0000000000
92108  45.342  -0.672  63.077 0.0000000000
92114  45.367  -1.138  61.693 0.0000000000
132357  45.454  -1.933  61.938 0.0000000000
90282  49.820  -2.646  55.135 0.0000000000
131494  50.185  -2.526  54.167 0.0000000000
90312  50.047  -2.470  52.397 0.0000000000
96723  41.670  5.114  55.788 0.0000000000
97453  46.799  5.424  65.023 0.0000000000
125399  47.720  5.830  65.600 0.0000000000
97443  48.919  6.514  65.807 0.0000000000
97436  47.927  5.706  66.886 0.0000000000
92936  45.068  0.637  70.944 0.0000000000
93866  45.331  1.171  69.831 0.0000000000
92935  45.795  0.838  71.615 0.0000000000
95716  52.747  3.893  73.106 0.0000000000
95722  52.321  4.336  72.434 0.0000000000
96577  52.897  4.472  72.214 0.0000000000
96587  53.110  5.237  70.967 0.0000000000
95730  53.107  4.499  71.352 0.0000000000
95731  52.682  3.852  70.798 0.0000000000
100734  43.656  9.548  53.308 0.0000000000
100741  43.219  10.405  52.254 0.0000000000
138938  42.791  10.285  52.091 0.0000000000
148549  42.750  10.352  52.113 0.0000000000
99988  42.273  8.883  52.122 0.0000000000
100749  42.535  8.959  51.939 0.0000000000
96737  45.338  4.843  52.983 0.0000000000
95887  45.151  3.809  53.545 0.0000000000
99934  50.142  8.676  59.553 0.0000000000
99933  51.070  8.891  59.290 0.0000000000
139067  50.978  8.248  59.573 0.0000000000
139474  51.538  3.939  56.813 0.0000000000
96704  52.519  4.500  56.738 0.0000000000
95857  52.309  3.991  56.045 0.0000000000
96713  53.034  4.496  55.538 0.0000000000
129320  52.508  3.936  55.233 0.0000000000
93070  45.768  -0.068  55.683 0.0000000000
93988  46.654  1.309  55.677 0.0000000000
141311  46.240  0.502  54.557 0.0000000000
94991  49.271  3.454  47.821 0.0000000000
94983  49.366  3.338  48.989 0.0000000000
95916  49.539  4.006  48.354 0.0000000000
133789  49.831  4.498  49.103 0.0000000000
95915  49.343  4.308  48.262 0.0000000000
96768  49.271  4.651  48.456 0.0000000000
96774  49.067  4.254  47.740 0.0000000000
91298  44.719  -1.170  50.362 0.0000000000
92216  44.616  -0.311  50.684 0.0000000000
91291  44.334  -0.962  51.089 0.0000000000
91283  44.162  -0.981  51.807 0.0000000000
99147  40.902  7.708  56.824 0.0000000000
99157  41.064  7.345  55.814 0.0000000000
99904  43.935  7.908  62.598 0.0000000000
96644  44.210  4.618  64.511 0.0000000000
97455  44.335  4.999  63.937 0.0000000000
96643  45.152  4.750  64.708 0.0000000000
97445  45.719  4.538  65.732 0.0000000000
100718  47.166  9.748  57.187 0.0000000000
101457  46.725  10.257  56.558 0.0000000000
100719  46.286  9.433  56.907 0.0000000000
99155  45.536  7.595  56.330 0.0000000000
99967  45.398  8.277  56.533 0.0000000000
100721  44.873  8.699  55.900 0.0000000000
100727  44.370  9.079  54.905 0.0000000000
99973  44.506  8.408  55.188 0.0000000000
99164  44.470  7.859  54.792 0.0000000000
98370  45.548  6.821  52.518 0.0000000000
98364  45.167  6.956  53.242 0.0000000000
98383  45.329  6.596  52.185 0.0000000000
97468  52.156  7.098  62.885 0.0000000000
97467  52.168  7.074  62.507 0.0000000000
97480  51.773  6.159  62.614 0.0000000000
95836  49.293  4.003  60.088 0.0000000000
96684  50.092  4.453  59.788 0.0000000000
96695  50.260  4.226  58.770 0.0000000000
95844  49.705  3.598  58.272 0.0000000000
147687  46.723  -1.277  50.926 0.0000000000
92209  46.634  -0.464  50.969 0.0000000000
91302  46.850  -0.907  49.986 0.0000000000
140480  47.652  -0.108  48.277 0.0000000000
93110  48.190  0.431  47.262 0.0000000000
94035  48.465  1.629  47.463 0.0000000000
93117  48.134  0.429  46.618 0.0000000000
93124  47.810  1.142  46.515 0.0000000000
140096  47.610  0.186  46.411 0.0000000000
89403  46.794  -3.398  47.865 0.0000000000
146149  46.226  -1.762  48.439 0.0000000000
90365  46.299  -2.642  48.561 0.0000000000
139783  45.673  -1.821  49.122 0.0000000000
89395  45.590  -3.791  49.471 0.0000000000
88441  45.466  -4.784  49.718 0.0000000000
86627  45.876  -6.341  50.608 0.0000000000
86635  44.960  -6.452  50.744 0.0000000000
94851  41.148  2.164  67.066 0.0000000000
93899  41.668  1.562  67.472 0.0000000000
93885  41.232  1.005  68.095 0.0000000000
92955  42.162  0.417  69.508 0.0000000000
143948  42.452  0.610  71.615 0.0000000000
92938  43.251  0.405  70.647 0.0000000000
129538  42.887  0.640  72.387 0.0000000000
99954  50.658  8.245  57.608 0.0000000000
130549  49.129  8.609  57.778 0.0000000000
134134  49.797  8.135  57.746 0.0000000000
99144  49.156  7.570  57.631 0.0000000000
98332  49.900  6.736  57.216 0.0000000000
94873  46.253  2.173  63.903 0.0000000000
140676  46.359  2.125  62.296 0.0000000000
93928  45.780  1.435  62.806 0.0000000000
92153  45.453  -0.962  59.246 0.0000000000
93044  45.729  -0.063  59.408 0.0000000000
93057  45.655  -0.196  57.452 0.0000000000
91242  45.591  -1.659  57.300 0.0000000000
89329  46.555  -3.252  58.818 0.0000000000
89337  47.677  -3.457  57.531 0.0000000000
90298  47.982  -2.869  54.604 0.0000000000
90269  46.920  -2.946  56.064 0.0000000000
90299  47.156  -2.623  54.585 0.0000000000
91264  46.184  -1.988  55.264 0.0000000000
90315  47.076  -2.382  53.839 0.0000000000
91281  47.156  -2.316  52.946 0.0000000000
90335  49.551  -2.679  50.878 0.0000000000
90336  48.326  -2.593  51.417 0.0000000000
126268  49.896  -2.933  50.148 0.0000000000
90345  49.244  -2.922  49.513 0.0000000000
89387  50.518  -3.274  50.407 0.0000000000
88440  50.006  -3.948  50.164 0.0000000000
101407  48.393  10.795  61.341 0.0000000000
101406  49.151  11.014  61.045 0.0000000000
101417  48.624  10.372  60.459 0.0000000000
100676  48.771  9.525  59.841 0.0000000000
99099  45.122  7.858  61.744 0.0000000000
99914  45.768  8.104  61.352 0.0000000000
151257  45.564  7.577  61.540 0.0000000000
98286  47.785  6.339  62.403 0.0000000000
133121  47.074  6.589  61.530 0.0000000000
98301  48.689  6.691  61.804 0.0000000000
98313  48.740  6.964  60.961 0.0000000000
98300  50.039  7.029  61.727 0.0000000000
98266  50.743  6.680  65.514 0.0000000000
98279  51.305  7.010  64.250 0.0000000000
97451  51.170  6.665  64.486 0.0000000000
96641  50.935  5.833  64.269 0.0000000000
97442  50.899  6.558  65.287 0.0000000000
129731  43.167  2.361  67.223 0.0000000000
142975  43.727  3.073  66.919 0.0000000000
94849  44.115  2.564  67.516 0.0000000000
94834  46.115  2.860  68.743 0.0000000000
95768  46.229  3.963  67.636 0.0000000000
95755  46.458  3.621  68.348 0.0000000000
93844  47.838  1.515  72.721 0.0000000000
93852  47.377  1.685  71.381 0.0000000000
94802  48.186  2.087  71.739 0.0000000000
95732  50.208  4.049  70.991 0.0000000000
95733  48.961  3.568  70.601 0.0000000000
96590  49.498  4.399  70.136 0.0000000000
96597  47.949  4.466  69.064 0.0000000000
97403  49.560  5.479  69.075 0.0000000000
97414  49.706  5.986  68.393 0.0000000000
97402  50.795  6.052  69.188 0.0000000000
141684  52.097  5.671  68.615 0.0000000000
97411  51.998  6.148  68.603 0.0000000000
96616  50.932  5.227  67.178 0.0000000000
96624  50.754  5.463  66.381 0.0000000000
95776  49.918  4.438  66.847 0.0000000000
95789  48.749  3.991  65.751 0.0000000000
95777  48.846  3.779  66.565 0.0000000000
94845  48.360  2.594  67.803 0.0000000000
94858  47.250  2.433  66.677 0.0000000000
93905  46.832  1.725  66.938 0.0000000000
132729  46.150  1.364  65.968 0.0000000000
93906  46.439  1.089  66.672 0.0000000000
92951  49.325  0.823  69.576 0.0000000000
92075  47.478  -0.170  67.398 0.0000000000
92091  46.988  -0.867  66.148 0.0000000000
95785  39.443  3.629  66.586 0.0000000000
94854  38.571  2.385  67.346 0.0000000000
93888  38.503  1.083  68.217 0.0000000000
92972  38.951  0.611  68.896 0.0000000000
92973  38.061  0.769  69.011 0.0000000000
102254  43.966  12.034  52.399 0.0000000000
102252  44.989  12.244  52.675 0.0000000000
103796  43.957  12.630  52.911 0.0000000000
103789  43.531  13.130  54.003 0.0000000000
102986  43.458  12.278  53.314 0.0000000000
101459  42.629  10.587  56.070 0.0000000000
147928  42.477  9.607  56.474 0.0000000000
149862  42.623  9.903  55.422 0.0000000000
99989  41.812  8.215  52.681 0.0000000000
99982  41.721  8.054  54.023 0.0000000000
99172  41.646  7.481  53.504 0.0000000000
98357  41.341  6.844  54.353 0.0000000000
98366  41.709  6.937  53.355 0.0000000000
99175  43.673  7.439  52.004 0.0000000000
99176  43.113  7.702  51.554 0.0000000000
97547  43.617  5.653  53.753 0.0000000000
97561  42.941  6.372  53.058 0.0000000000
97548  42.730  5.709  54.268 0.0000000000
150822  42.052  5.949  54.328 0.0000000000
96731  42.837  5.083  55.066 0.0000000000
96721  43.244  4.414  55.361 0.0000000000
144690  51.850  11.779  60.212 0.0000000000
100699  52.759  10.115  58.583 0.0000000000
101424  53.037  11.219  58.796 0.0000000000
101436  53.971  10.782  58.489 0.0000000000
101435  54.541  10.902  58.112 0.0000000000
100697  54.607  9.283  58.099 0.0000000000
98311  52.563  6.862  60.643 0.0000000000
99107  52.879  7.164  60.188 0.0000000000
98319  53.311  6.820  59.745 0.0000000000
97512  54.148  6.206  57.557 0.0000000000
98324  54.397  6.836  58.107 0.0000000000
98323  54.570  7.329  57.356 0.0000000000
99964  54.541  8.487  56.800 0.0000000000
99152  54.128  7.320  56.105 0.0000000000
99966  53.764  8.053  56.196 0.0000000000
99153  53.546  7.184  55.962 0.0000000000
97530  53.116  5.206  54.775 0.0000000000
98343  52.173  6.375  55.977 0.0000000000
97522  52.197  5.722  55.267 0.0000000000
97523  50.468  5.722  55.745 0.0000000000
97531  51.494  5.434  54.764 0.0000000000
94905  46.917  1.949  60.602 0.0000000000
94904  47.493  2.443  60.244 0.0000000000
93966  47.198  1.781  58.946 0.0000000000
94938  47.815  2.406  56.549 0.0000000000
94930  47.825  2.383  57.366 0.0000000000
94937  48.596  2.749  56.096 0.0000000000
151263  49.231  2.925  56.436 0.0000000000
94947  48.804  2.854  55.247 0.0000000000
94013  46.968  1.087  51.355 0.0000000000
94005  47.257  1.762  52.755 0.0000000000
94012  47.474  1.815  51.765 0.0000000000
95894  49.987  3.533  51.622 0.0000000000
94961  48.922  3.114  52.488 0.0000000000
95885  49.954  3.450  52.723 0.0000000000
95875  49.973  3.381  53.705 0.0000000000
95884  51.091  3.525  52.978 0.0000000000
95883  51.907  3.717  53.324 0.0000000000
95892  51.673  3.921  52.463 0.0000000000
97577  50.612  5.542  50.410 0.0000000000
97566  51.463  4.862  52.048 0.0000000000
97556  50.260  5.634  53.073 0.0000000000
97567  49.652  6.160  51.984 0.0000000000
97568  48.282  6.618  52.113 0.0000000000
98380  48.672  6.632  51.128 0.0000000000
96760  48.287  5.139  49.555 0.0000000000
96751  47.489  5.442  50.550 0.0000000000
96752  46.889  4.733  51.177 0.0000000000
95902  46.611  3.550  50.998 0.0000000000
139713  46.544  1.512  47.611 0.0000000000
94999  47.204  2.722  47.715 0.0000000000
94037  46.090  1.445  48.554 0.0000000000
94022  45.272  1.308  50.445 0.0000000000
94986  45.611  1.994  50.759 0.0000000000
94978  45.548  2.277  51.756 0.0000000000
94007  45.107  1.704  52.193 0.0000000000
94971  45.022  2.064  52.915 0.0000000000
94008  44.818  1.083  51.864 0.0000000000
131742  44.285  -0.529  53.059 0.0000000000
93081  44.545  0.339  53.209 0.0000000000
144871  43.707  -5.269  51.661 0.0000000000
87521  43.238  -5.952  52.522 0.0000000000
99944  41.215  8.823  58.221 0.0000000000
99958  42.075  8.937  57.006 0.0000000000
98282  43.494  6.337  63.146 0.0000000000
97465  42.870  6.046  63.672 0.0000000000
97456  43.407  5.122  64.174 0.0000000000
96637  43.853  3.923  65.656 0.0000000000
99956  47.313  8.422  57.568 0.0000000000
137924  46.654  8.146  57.361 0.0000000000
149012  46.626  7.537  57.170 0.0000000000
99154  46.234  7.235  56.701 0.0000000000
98349  45.858  6.988  55.913 0.0000000000
98356  45.528  6.947  54.784 0.0000000000
98355  46.347  6.614  55.378 0.0000000000
98369  46.484  6.708  52.864 0.0000000000
96651  51.137  5.537  62.866 0.0000000000
96661  50.345  5.014  61.807 0.0000000000
96662  49.785  4.735  62.252 0.0000000000
95825  49.278  4.173  60.961 0.0000000000
95826  48.588  3.534  60.386 0.0000000000
90354  48.359  -2.326  48.678 0.0000000000
91301  47.562  -1.653  49.353 0.0000000000
132055  48.130  -1.712  48.250 0.0000000000
91309  48.460  -1.954  47.253 0.0000000000
90370  48.202  -2.252  46.581 0.0000000000
91321  47.795  -1.476  46.291 0.0000000000
90371  47.902  -2.525  46.556 0.0000000000
89411  47.232  -3.089  47.202 0.0000000000
88452  46.731  -4.177  48.304 0.0000000000
88447  46.068  -4.591  48.915 0.0000000000
88446  46.554  -4.889  48.733 0.0000000000
87535  46.324  -5.979  49.926 0.0000000000
87527  46.565  -5.992  50.771 0.0000000000
93886  40.305  0.964  68.115 0.0000000000
92970  40.781  0.585  68.832 0.0000000000
92957  40.320  0.549  69.708 0.0000000000
133214  50.238  10.036  57.587 0.0000000000
100708  51.030  9.170  57.630 0.0000000000
99953  51.792  8.442  57.267 0.0000000000
93920  45.532  1.049  63.681 0.0000000000
93021  45.590  0.653  62.152 0.0000000000
143800  45.426  -0.233  61.897 0.0000000000
92127  45.433  -1.279  60.706 0.0000000000
91222  45.509  -1.879  59.204 0.0000000000
89348  47.669  -3.279  56.538 0.0000000000
90268  49.059  -2.940  55.417 0.0000000000
128191  49.032  -2.717  54.609 0.0000000000
137786  48.464  -2.621  53.899 0.0000000000
90313  48.822  -2.547  52.980 0.0000000000
100667  47.291  9.902  61.007 0.0000000000
97471  46.031  5.678  62.740 0.0000000000
98302  46.098  6.602  61.748 0.0000000000
97461  46.441  5.522  63.564 0.0000000000
97460  47.458  5.930  63.845 0.0000000000
98281  48.338  6.391  63.352 0.0000000000
98280  49.986  6.817  63.871 0.0000000000
98268  48.885  6.580  65.069 0.0000000000
98262  49.997  6.720  66.009 0.0000000000
98256  49.899  6.648  66.708 0.0000000000
93867  44.513  0.971  69.351 0.0000000000
94836  44.535  2.088  68.173 0.0000000000
93882  44.965  1.663  68.903 0.0000000000
93881  45.750  2.053  69.229 0.0000000000
94821  46.483  2.460  69.525 0.0000000000
94800  50.349  2.940  72.867 0.0000000000
94801  49.139  2.485  72.206 0.0000000000
95723  50.972  3.853  72.162 0.0000000000
96589  50.801  5.068  70.516 0.0000000000
96594  51.264  5.649  69.926 0.0000000000
96588  52.311  5.520  70.633 0.0000000000
95750  52.802  5.346  69.759 0.0000000000
95751  52.032  4.673  68.928 0.0000000000
95765  50.175  4.192  67.661 0.0000000000
95752  50.611  3.893  68.496 0.0000000000
95740  50.957  3.581  69.439 0.0000000000
94831  49.722  2.863  68.986 0.0000000000
92065  48.969  -0.060  68.771 0.0000000000
92074  48.517  -0.411  67.833 0.0000000000
102241  44.608  11.317  53.032 0.0000000000
101482  43.681  11.047  52.539 0.0000000000
101490  43.702  11.493  52.538 0.0000000000
102248  43.272  11.379  52.775 0.0000000000
101484  42.915  10.722  52.412 0.0000000000
101476  42.738  10.490  52.556 0.0000000000
100735  42.472  9.747  52.908 0.0000000000
100728  42.461  9.502  54.378 0.0000000000
99996  42.004  8.237  51.858 0.0000000000
98372  44.544  6.854  52.452 0.0000000000
97546  44.299  5.546  53.419 0.0000000000
96729  44.151  4.830  54.181 0.0000000000
95877  43.920  4.115  54.872 0.0000000000
95876  44.577  3.895  54.246 0.0000000000
101426  50.729  10.546  59.514 0.0000000000
102195  51.184  11.254  59.773 0.0000000000
100686  51.411  9.820  59.090 0.0000000000
146344  53.346  9.164  58.703 0.0000000000
96682  51.773  5.238  59.061 0.0000000000
97497  53.238  6.112  59.325 0.0000000000
97505  52.715  5.514  58.612 0.0000000000
97513  53.942  5.657  56.791 0.0000000000
97520  53.977  5.821  55.818 0.0000000000
98342  53.972  6.459  55.743 0.0000000000
96712  53.417  5.107  55.125 0.0000000000
97540  53.051  4.790  54.592 0.0000000000
129318  45.979  0.607  57.954 0.0000000000
93974  46.574  1.312  57.526 0.0000000000
93981  46.618  1.303  56.604 0.0000000000
93987  47.236  1.885  56.133 0.0000000000
93993  47.283  1.965  55.230 0.0000000000
94984  48.560  2.589  49.903 0.0000000000
94976  48.282  2.588  51.058 0.0000000000
94975  49.186  3.309  50.192 0.0000000000
95901  49.999  3.715  50.488 0.0000000000
95899  50.848  4.038  50.785 0.0000000000
147624  51.291  4.142  51.546 0.0000000000
96759  50.597  4.707  49.923 0.0000000000
97583  50.423  5.333  49.769 0.0000000000
98389  49.900  6.039  49.936 0.0000000000
98390  49.020  6.386  50.321 0.0000000000
97585  48.973  5.687  49.492 0.0000000000
95909  47.897  4.357  49.011 0.0000000000
92223  45.320  -0.155  49.262 0.0000000000
93105  45.171  0.389  49.757 0.0000000000
93099  45.039  0.699  50.368 0.0000000000
93092  44.621  0.444  51.605 0.0000000000
93086  44.618  0.625  52.295 0.0000000000
92203  44.010  -1.059  52.577 0.0000000000
129829  54.069  11.443  56.976 0.0000000000
99960  40.728  8.094  57.711 0.0000000000
140483  40.426  6.069  55.355 0.0000000000
99903  44.582  8.296  62.221 0.0000000000
132590  44.764  6.619  62.372 0.0000000000
98289  44.211  6.112  62.847 0.0000000000
97472  45.087  5.865  62.728 0.0000000000
97454  46.010  5.088  64.286 0.0000000000
145560  46.119  4.863  65.123 0.0000000000
92916  46.391  0.991  72.340 0.0000000000
92899  46.271  0.765  73.467 0.0000000000
93827  47.156  0.959  74.143 0.0000000000
93837  48.707  1.600  73.833 0.0000000000
93836  49.745  1.692  74.081 0.0000000000
94783  50.950  2.520  74.005 0.0000000000
94793  52.134  3.052  73.920 0.0000000000
94798  53.195  3.044  72.780 0.0000000000
94799  52.691  2.517  72.117 0.0000000000
101465  46.290  10.750  55.805 0.0000000000
101466  45.306  10.386  55.367 0.0000000000
100720  45.462  9.072  56.497 0.0000000000
101467  44.505  9.952  54.580 0.0000000000
145233  43.275  8.957  52.377 0.0000000000
99170  44.444  7.097  52.338 0.0000000000
99163  44.701  7.283  54.093 0.0000000000
97571  45.091  6.409  52.320 0.0000000000
97558  45.253  5.783  52.364 0.0000000000
96745  45.815  5.045  52.368 0.0000000000
99095  51.184  7.279  61.414 0.0000000000
99122  51.640  7.693  59.988 0.0000000000
146922  52.018  7.113  61.849 0.0000000000
147200  52.290  6.930  61.443 0.0000000000
97499  51.808  5.491  60.264 0.0000000000
96660  51.323  5.574  61.643 0.0000000000
96672  50.972  5.182  60.554 0.0000000000
96694  51.142  4.563  58.407 0.0000000000
95843  50.654  3.944  57.714 0.0000000000
145667  50.735  3.633  56.854 0.0000000000
92201  46.409  -0.714  52.479 0.0000000000
93080  46.384  0.181  53.009 0.0000000000
93085  46.530  0.081  51.842 0.0000000000
93091  46.774  0.401  50.968 0.0000000000
93090  47.232  1.048  50.427 0.0000000000
92222  47.480  -0.877  48.835 0.0000000000
93104  47.250  -0.040  49.251 0.0000000000
93097  47.486  0.887  49.455 0.0000000000
94028  48.293  1.700  48.526 0.0000000000
94034  48.912  2.674  47.562 0.0000000000
95928  49.008  3.372  47.007 0.0000000000
95005  48.446  3.158  46.878 0.0000000000
95012  48.080  2.430  46.507 0.0000000000
94042  47.192  1.850  46.898 0.0000000000
93118  46.732  0.967  47.093 0.0000000000
92240  46.865  -0.882  46.667 0.0000000000
91311  46.437  -1.100  47.757 0.0000000000
92232  45.911  -0.088  48.407 0.0000000000
91304  45.222  -1.001  49.592 0.0000000000
90356  45.135  -1.950  49.811 0.0000000000
89381  44.279  -3.694  51.148 0.0000000000
87529  44.097  -5.950  51.387 0.0000000000
87537  45.364  -5.745  50.122 0.0000000000
144585  44.473  -6.443  51.197 0.0000000000
86630  44.063  -6.715  51.647 0.0000000000
137989  41.771  3.569  66.146 0.0000000000
95782  42.479  3.450  66.133 0.0000000000
94861  41.959  3.017  66.446 0.0000000000
93898  42.598  1.619  67.540 0.0000000000
136016  42.853  1.156  68.097 0.0000000000
92969  41.701  0.575  68.758 0.0000000000
92968  42.559  0.689  68.682 0.0000000000
93883  43.374  0.950  68.576 0.0000000000
92953  43.950  0.516  69.860 0.0000000000
92937  44.132  0.463  70.803 0.0000000000
148825  44.501  0.476  72.564 0.0000000000
101456  47.676  10.572  56.792 0.0000000000
100711  47.650  9.132  57.549 0.0000000000
100709  49.359  9.440  57.681 0.0000000000
100710  48.548  9.312  57.632 0.0000000000
99145  48.257  7.382  57.523 0.0000000000
98333  48.833  6.747  57.297 0.0000000000
98346  48.439  6.278  56.644 0.0000000000
95797  47.583  3.420  63.722 0.0000000000
150898  46.741  2.594  62.750 0.0000000000
94893  46.655  2.103  61.430 0.0000000000
93955  46.434  1.231  60.200 0.0000000000
149782  45.816  0.877  61.501 0.0000000000
93043  46.150  0.661  59.600 0.0000000000
93050  46.119  0.563  58.856 0.0000000000
93063  45.707  -0.112  56.538 0.0000000000
92185  45.727  -0.758  55.291 0.0000000000
89305  45.952  -3.017  60.312 0.0000000000
138489  45.918  -2.745  59.219 0.0000000000
90244  45.656  -2.170  58.425 0.0000000000
89349  46.903  -3.115  56.989 0.0000000000
131070  46.298  -2.758  57.351 0.0000000000
145576  45.716  -2.063  57.055 0.0000000000
91255  45.683  -1.742  56.538 0.0000000000
91272  45.967  -1.382  54.894 0.0000000000
92189  46.184  -1.193  54.143 0.0000000000
92195  46.312  -0.941  53.284 0.0000000000
91282  46.634  -1.667  52.467 0.0000000000
91296  47.650  -2.350  50.881 0.0000000000
90325  48.035  -2.562  52.460 0.0000000000
90346  48.152  -2.396  49.656 0.0000000000
89389  48.846  -3.407  49.075 0.0000000000
142387  48.992  -4.400  49.818 0.0000000000
88432  49.370  -4.484  50.703 0.0000000000
101415  50.239  11.024  59.968 0.0000000000
101427  49.858  10.326  59.720 0.0000000000
100688  49.546  9.543  59.597 0.0000000000
99921  49.549  8.085  59.870 0.0000000000
100658  46.227  9.839  62.028 0.0000000000
100668  46.615  9.425  61.281 0.0000000000
100678  47.198  8.869  60.566 0.0000000000
130868  46.138  7.223  61.352 0.0000000000
99924  47.044  7.892  60.626 0.0000000000
99923  47.809  8.074  60.263 0.0000000000
99922  48.522  8.548  59.925 0.0000000000
146738  48.872  7.595  60.400 0.0000000000
99110  50.226  7.546  60.427 0.0000000000
98299  50.985  7.256  61.865 0.0000000000
125299  51.532  7.228  62.580 0.0000000000
98284  51.779  7.068  63.219 0.0000000000
97459  51.644  6.849  63.742 0.0000000000
96648  51.384  5.961  63.662 0.0000000000
96649  49.909  5.014  63.728 0.0000000000
96642  49.876  4.968  64.632 0.0000000000
95781  43.357  3.461  66.252 0.0000000000
95780  44.310  3.601  66.495 0.0000000000
94848  45.020  2.855  67.748 0.0000000000
95779  45.182  3.776  66.797 0.0000000000
136374  45.806  4.010  67.104 0.0000000000
96619  46.366  4.448  67.055 0.0000000000
97437  47.045  5.022  66.948 0.0000000000
93853  46.525  1.274  71.158 0.0000000000
94812  46.905  2.030  70.388 0.0000000000
94820  47.244  2.803  69.820 0.0000000000
94810  48.547  2.803  71.110 0.0000000000
95734  47.994  3.207  70.218 0.0000000000
95742  47.536  3.632  69.437 0.0000000000
95754  47.168  3.999  68.646 0.0000000000
96606  47.672  4.863  68.119 0.0000000000
97429  48.262  5.622  67.545 0.0000000000
135710  49.256  6.135  67.678 0.0000000000
97428  49.826  6.534  67.249 0.0000000000
98255  50.595  6.633  67.023 0.0000000000
97412  51.723  6.221  68.872 0.0000000000
98254  51.202  6.519  67.597 0.0000000000
145977  51.145  6.285  66.569 0.0000000000
128531  50.745  5.698  65.639 0.0000000000
96635  49.836  4.828  65.300 0.0000000000
95794  47.696  3.461  64.575 0.0000000000
94869  46.876  2.765  64.226 0.0000000000
94866  46.987  2.700  65.052 0.0000000000
95766  49.036  3.537  67.358 0.0000000000
131933  47.066  2.642  65.892 0.0000000000
93913  45.805  1.520  64.276 0.0000000000
93914  45.572  0.775  64.465 0.0000000000
92991  45.548  0.180  64.636 0.0000000000
91168  45.541  -0.772  63.682 0.0000000000
94818  50.051  2.458  69.915 0.0000000000
94832  48.679  2.092  68.653 0.0000000000
92966  48.738  0.582  69.056 0.0000000000
93879  48.141  1.101  68.647 0.0000000000
93880  47.431  1.004  67.941 0.0000000000
92981  46.490  0.396  66.588 0.0000000000
91153  46.036  -0.897  64.811 0.0000000000
96639  41.519  4.685  65.472 0.0000000000
95783  41.142  3.371  66.398 0.0000000000
94862  40.675  2.787  66.748 0.0000000000
94852  40.276  2.178  67.133 0.0000000000
94864  38.986  2.997  66.890 0.0000000000
94853  39.413  2.241  67.199 0.0000000000
93901  39.843  1.527  67.571 0.0000000000
93887  39.390  0.937  68.113 0.0000000000
93869  37.203  1.050  69.145 0.0000000000
92942  38.115  0.964  70.792 0.0000000000
103782  42.608  13.348  55.070 0.0000000000
102242  43.099  11.960  53.942 0.0000000000
102980  42.630  12.529  54.992 0.0000000000
102981  42.036  13.079  55.714 0.0000000000
101449  42.321  10.334  57.163 0.0000000000
99968  42.207  8.728  56.053 0.0000000000
99974  42.149  8.704  54.842 0.0000000000
99975  41.701  7.998  55.363 0.0000000000
97550  41.151  6.404  54.747 0.0000000000
97536  41.040  5.793  55.211 0.0000000000
99987  42.755  8.512  51.656 0.0000000000
99182  42.590  7.927  51.472 0.0000000000
98375  42.066  7.478  52.111 0.0000000000
98373  42.986  6.917  51.859 0.0000000000
98374  42.277  6.940  52.401 0.0000000000
96722  42.513  4.753  55.650 0.0000000000
95867  43.609  3.568  55.532 0.0000000000
102194  52.343  11.539  59.553 0.0000000000
149844  54.508  11.624  58.180 0.0000000000
136066  54.450  11.125  57.203 0.0000000000
101442  54.259  10.602  56.874 0.0000000000
99121  52.581  7.699  59.725 0.0000000000
99932  53.386  8.265  59.150 0.0000000000
97496  53.900  6.469  58.774 0.0000000000
99119  54.124  7.911  58.946 0.0000000000
99943  54.568  8.450  58.257 0.0000000000
99942  54.729  8.915  57.678 0.0000000000
100717  54.363  9.190  56.716 0.0000000000
100705  54.081  9.861  56.657 0.0000000000
99952  53.040  8.715  56.706 0.0000000000
99141  52.640  7.823  56.584 0.0000000000
99142  51.382  7.587  57.145 0.0000000000
135624  53.314  6.548  55.708 0.0000000000
98331  51.036  6.864  56.857 0.0000000000
97524  49.087  5.762  55.818 0.0000000000
95812  47.846  3.290  61.558 0.0000000000
94903  48.075  2.927  59.900 0.0000000000
94912  48.238  2.814  59.106 0.0000000000
93973  47.292  1.914  58.015 0.0000000000
94920  48.426  2.742  58.339 0.0000000000
95845  48.931  3.222  58.719 0.0000000000
94919  49.142  3.077  57.898 0.0000000000
95859  50.191  3.333  56.309 0.0000000000
150736  50.982  3.485  55.681 0.0000000000
94000  46.672  1.113  53.141 0.0000000000
146267  46.989  1.663  53.696 0.0000000000
145390  48.183  2.687  54.091 0.0000000000
94969  48.109  2.520  52.165 0.0000000000
94954  48.927  3.072  54.365 0.0000000000
94946  49.988  3.296  54.698 0.0000000000
142330  50.565  3.387  55.340 0.0000000000
95864  51.666  3.579  55.025 0.0000000000
95872  52.546  3.963  54.375 0.0000000000
96728  52.557  4.397  54.108 0.0000000000
97554  52.225  4.677  53.473 0.0000000000
96743  51.479  4.465  51.748 0.0000000000
97555  51.397  5.084  52.928 0.0000000000
97542  51.133  5.272  53.929 0.0000000000
97543  49.664  5.672  54.040 0.0000000000
97544  48.640  5.928  54.017 0.0000000000
98361  47.757  6.424  53.267 0.0000000000
98381  47.109  6.864  52.008 0.0000000000
98391  47.993  6.579  50.700 0.0000000000
98392  47.008  6.665  51.348 0.0000000000
97569  46.434  6.325  51.503 0.0000000000
96744  46.308  5.438  51.689 0.0000000000
94998  48.063  3.431  47.109 0.0000000000
95918  47.564  3.648  48.690 0.0000000000
95910  47.192  3.500  49.809 0.0000000000
94030  45.918  1.868  49.564 0.0000000000
94985  46.403  2.643  50.279 0.0000000000
95903  46.032  3.087  51.732 0.0000000000
95896  45.697  3.084  52.394 0.0000000000
94962  45.255  2.892  53.120 0.0000000000
151384  44.974  2.433  53.398 0.0000000000
93995  44.654  1.248  53.927 0.0000000000
87526  47.476  -5.409  51.162 0.0000000000
85739  44.114  -7.194  51.959 0.0000000000
86628  45.190  -6.679  51.062 0.0000000000
86629  44.579  -6.754  51.437 0.0000000000
86634  45.603  -6.192  50.346 0.0000000000
87520  43.622  -6.048  51.896 0.0000000000
87542  46.957  -5.483  49.451 0.0000000000
87543  46.430  -5.452  49.294 0.0000000000
87544  45.955  -5.346  49.315 0.0000000000
88427  42.761  -4.977  52.850 0.0000000000
89338  46.768  -3.207  57.899 0.0000000000
89347  48.577  -3.227  56.075 0.0000000000
89402  47.271  -3.587  47.623 0.0000000000
89410  47.681  -3.052  46.984 0.0000000000
90225  45.638  -2.437  60.729 0.0000000000
90235  45.624  -2.318  59.974 0.0000000000
90255  45.786  -2.266  57.570 0.0000000000
90270  46.415  -2.730  56.647 0.0000000000
90271  45.942  -2.384  56.843 0.0000000000
90283  46.684  -2.511  55.290 0.0000000000
90300  46.493  -2.036  54.500 0.0000000000
90314  47.815  -2.543  53.393 0.0000000000
90353  48.602  -3.064  48.052 0.0000000000
90355  45.676  -2.786  49.310 0.0000000000
90363  48.487  -2.444  47.838 0.0000000000
90372  47.426  -2.435  46.724 0.0000000000
90376  47.938  -2.022  46.364 0.0000000000
90377  47.759  -2.062  46.411 0.0000000000
91176  45.509  -1.253  63.161 0.0000000000
91183  45.421  -1.292  62.544 0.0000000000
91198  45.432  -1.894  61.165 0.0000000000
91265  45.793  -1.537  55.654 0.0000000000
91290  46.892  -1.836  51.401 0.0000000000
91310  46.929  -1.717  46.841 0.0000000000
91315  48.297  -1.282  46.642 0.0000000000
91316  47.390  -1.599  46.442 0.0000000000
91320  48.036  -1.452  46.248 0.0000000000
92082  48.679  -0.723  67.069 0.0000000000
92083  47.183  -0.523  66.713 0.0000000000
92093  45.840  -0.168  65.287 0.0000000000
92101  45.642  -0.410  64.408 0.0000000000
92142  45.539  -0.632  60.078 0.0000000000
92164  45.481  -1.047  57.762 0.0000000000
92173  45.527  -0.930  56.947 0.0000000000
92190  45.909  -0.715  54.646 0.0000000000
92231  46.508  -0.005  47.410 0.0000000000
92239  48.276  -0.375  46.740 0.0000000000
92245  47.864  -0.683  46.231 0.0000000000
92246  47.434  -0.767  46.328 0.0000000000
92918  44.333  0.467  71.752 0.0000000000
92919  43.435  0.523  71.655 0.0000000000
92967  48.081  0.423  68.371 0.0000000000
92971  39.859  0.594  68.840 0.0000000000
92978  47.548  0.309  67.790 0.0000000000
92979  46.915  0.509  67.274 0.0000000000
93007  45.422  0.644  63.042 0.0000000000
93036  45.820  0.337  60.327 0.0000000000
93062  46.141  0.626  56.131 0.0000000000
93069  46.190  0.619  55.272 0.0000000000
93076  45.889  -0.087  54.900 0.0000000000
93100  44.689  0.316  50.910 0.0000000000
93106  44.868  0.192  50.360 0.0000000000
93112  45.523  0.655  48.934 0.0000000000
93123  47.949  0.287  46.432 0.0000000000
93125  47.376  1.066  46.649 0.0000000000
93838  47.815  1.282  74.037 0.0000000000
93854  45.806  1.075  70.682 0.0000000000
93863  49.534  1.413  69.804 0.0000000000
93868  43.852  0.779  69.112 0.0000000000
93889  37.635  1.353  68.372 0.0000000000
93896  46.893  1.238  67.324 0.0000000000
93908  45.859  1.279  65.181 0.0000000000
93909  45.676  0.536  65.128 0.0000000000
93940  46.034  1.428  61.711 0.0000000000
93954  47.067  1.818  59.779 0.0000000000
93967  46.592  1.272  58.439 0.0000000000
93999  47.451  2.137  54.328 0.0000000000
94015  44.889  0.900  51.083 0.0000000000
94021  47.974  1.815  49.650 0.0000000000
94029  46.483  2.142  48.422 0.0000000000
94036  46.760  2.091  47.579 0.0000000000
94040  48.667  2.483  46.954 0.0000000000
94041  48.351  1.464  46.804 0.0000000000
94046  48.075  1.285  46.538 0.0000000000
94047  47.757  1.863  46.441 0.0000000000
94791  53.113  3.717  72.864 0.0000000000
94792  52.869  3.135  73.501 0.0000000000
94794  49.600  2.174  73.544 0.0000000000
94807  52.935  3.465  71.791 0.0000000000
94808  51.837  2.635  71.248 0.0000000000
94819  49.236  2.001  69.327 0.0000000000
94846  47.424  1.986  67.481 0.0000000000
94847  45.781  3.250  68.043 0.0000000000
94850  42.128  2.251  66.893 0.0000000000
94867  46.405  2.008  65.538 0.0000000000
94870  46.297  2.085  64.703 0.0000000000
94879  47.075  2.820  62.022 0.0000000000
94880  46.275  2.123  63.136 0.0000000000
94921  47.759  2.348  58.650 0.0000000000
94928  49.280  2.942  57.095 0.0000000000
94955  48.013  2.593  54.843 0.0000000000
94963  44.792  1.998  53.566 0.0000000000
94992  47.604  3.367  47.978 0.0000000000
95004  48.531  2.792  46.808 0.0000000000
95013  47.678  2.252  46.583 0.0000000000
95729  53.069  4.724  71.736 0.0000000000
95738  53.114  4.815  70.514 0.0000000000
95767  48.026  2.995  67.071 0.0000000000
95790  47.774  3.369  65.418 0.0000000000
95791  42.880  3.827  65.639 0.0000000000
95796  48.766  4.319  64.132 0.0000000000
95810  49.268  4.256  61.651 0.0000000000
95827  47.953  3.072  60.716 0.0000000000
95865  51.083  3.486  54.582 0.0000000000
95873  51.915  3.664  54.077 0.0000000000
95882  52.392  3.955  53.647 0.0000000000
95891  52.203  3.944  53.081 0.0000000000
95908  49.811  3.959  49.422 0.0000000000
95923  48.836  3.806  47.122 0.0000000000
96576  52.971  4.335  72.303 0.0000000000
96581  53.037  4.830  71.763 0.0000000000
96582  52.805  4.981  71.637 0.0000000000
96596  48.933  4.778  69.386 0.0000000000
96615  51.637  5.859  67.585 0.0000000000
96617  47.492  5.177  67.409 0.0000000000
96618  46.907  4.609  67.533 0.0000000000
96625  49.849  4.626  66.043 0.0000000000
96627  45.768  4.251  66.563 0.0000000000
96628  44.942  4.008  66.092 0.0000000000
96630  41.290  4.039  65.998 0.0000000000
96645  43.657  4.404  64.848 0.0000000000
96692  53.198  5.204  57.305 0.0000000000
96705  51.532  4.345  57.526 0.0000000000
96736  52.324  4.174  53.307 0.0000000000
96750  51.130  4.599  50.847 0.0000000000
96758  50.964  5.019  50.285 0.0000000000
96767  49.574  4.685  48.775 0.0000000000
96769  48.797  4.601  48.470 0.0000000000
97395  52.693  5.645  70.047 0.0000000000
97401  52.006  5.906  69.603 0.0000000000
97415  48.642  5.585  68.083 0.0000000000
97425  51.794  6.244  67.957 0.0000000000
97426  51.393  6.299  67.174 0.0000000000
97427  50.300  6.520  67.709 0.0000000000
97433  50.920  6.354  66.051 0.0000000000
97434  51.076  6.307  66.107 0.0000000000
97444  46.695  5.130  65.750 0.0000000000
97462  45.521  5.360  63.388 0.0000000000
97463  44.627  5.449  63.314 0.0000000000
97470  47.056  5.862  62.934 0.0000000000
97478  52.245  6.797  61.905 0.0000000000
97479  52.107  6.589  62.311 0.0000000000
97488  52.800  6.429  60.163 0.0000000000
97489  52.337  6.369  60.914 0.0000000000
97519  54.222  6.142  56.552 0.0000000000
97533  48.948  5.717  54.869 0.0000000000
97565  51.947  4.518  52.880 0.0000000000
97579  47.250  6.278  50.926 0.0000000000
97584  49.744  5.565  49.462 0.0000000000
97590  50.069  4.992  49.204 0.0000000000
97592  49.054  5.061  48.938 0.0000000000
98246  51.604  6.339  68.288 0.0000000000
98260  51.065  6.450  66.754 0.0000000000
98267  50.168  6.950  65.327 0.0000000000
98273  50.960  6.888  64.867 0.0000000000
98275  48.728  6.520  64.262 0.0000000000
98285  50.579  7.058  62.688 0.0000000000
98290  43.827  6.966  62.647 0.0000000000
98318  54.084  7.143  59.052 0.0000000000
98329  54.390  6.642  56.999 0.0000000000
98397  49.288  6.052  49.803 0.0000000000
98398  48.672  6.187  50.093 0.0000000000
99096  47.773  6.885  61.116 0.0000000000
99097  46.991  7.221  60.983 0.0000000000
99098  45.362  7.047  61.799 0.0000000000
99109  51.429  7.408  60.728 0.0000000000
99131  54.514  7.623  58.298 0.0000000000
99139  54.491  7.796  56.671 0.0000000000
99140  54.396  7.102  56.546 0.0000000000
99156  44.895  8.002  55.841 0.0000000000
99183  42.149  7.919  51.657 0.0000000000
99950  54.676  8.905  57.147 0.0000000000
99957  46.042  8.608  57.047 0.0000000000
99965  54.186  8.301  56.399 0.0000000000
100669  45.925  9.008  61.580 0.0000000000
100706  53.407  9.631  56.809 0.0000000000
100713  41.792  9.264  57.784 0.0000000000
101418  47.899  10.336  60.872 0.0000000000
101428  49.179  10.155  59.862 0.0000000000
101434  54.666  10.653  57.568 0.0000000000
101454  54.358  9.997  56.907 0.0000000000
102201  54.580  11.601  57.803 0.0000000000
102253  44.207  11.954  52.395 0.0000000000
102955  54.428  12.323  58.396 0.0000000000
102960  54.445  12.620  57.903 0.0000000000
102994  44.636  12.451  52.633 0.0000000000
125552  48.973  6.217  67.102 0.0000000000
127102  47.423  -2.926  55.263 0.0000000000
129054  49.455  3.798  59.181 0.0000000000
129722  46.456  1.520  60.971 0.0000000000
129899  44.373  -1.678  50.868 0.0000000000
130122  54.185  9.839  58.354 0.0000000000
131242  44.164  1.311  68.606 0.0000000000
133201  46.475  0.775  53.872 0.0000000000
133710  46.431  7.768  61.009 0.0000000000
134986  51.682  8.280  59.492 0.0000000000
135641  45.567  -1.729  57.906 0.0000000000
136159  45.829  -0.995  64.163 0.0000000000
137014  45.312  -0.067  62.748 0.0000000000
138013  50.705  5.574  51.359 0.0000000000
138247  45.487  -1.507  59.935 0.0000000000
139296  44.631  -3.005  50.568 0.0000000000
140414  48.298  -3.043  55.287 0.0000000000
141534  42.954  7.465  51.530 0.0000000000
141618  54.602  10.074  57.923 0.0000000000
142070  47.378  3.156  62.883 0.0000000000
142344  49.895  5.004  64.195 0.0000000000
142447  47.379  7.621  57.466 0.0000000000
143116  48.023  1.864  46.330 0.0000000000
143271  42.405  0.398  70.412 0.0000000000
143451  48.378  -3.407  56.873 0.0000000000
144114  45.683  0.380  61.276 0.0000000000
144831  45.747  0.752  72.565 0.0000000000
144895  47.941  2.415  58.012 0.0000000000
145251  48.115  5.912  66.235 0.0000000000
145365  48.537  2.662  56.879 0.0000000000
145908  45.346  -0.695  62.430 0.0000000000
146676  49.348  -3.919  49.545 0.0000000000
146895  45.626  -2.361  61.358 0.0000000000
147051  47.060  1.238  72.077 0.0000000000
148003  52.536  5.355  54.646 0.0000000000
149615  54.501  10.448  57.131 0.0000000000
150273  47.498  6.207  55.375 0.0000000000
150462  47.828  8.745  60.227 0.0000000000
151638  48.463  5.861  55.362 0.0000000000
151699  41.863  0.410  70.158 0.0000000000
151735  47.806  -4.529  48.894 0.0000000000
