#!ascii label  , from subject sub-01 vox2ras=TkReg
991
140892  20.360  -46.464  85.796 0.0000000000
130301  31.599  -46.819  90.531 0.0000000000
125955  38.432  -23.896  74.660 0.0000000000
59029  28.816  -35.257  80.362 0.0000000000
148655  35.627  -39.457  84.509 0.0000000000
71799  51.668  -21.978  70.038 0.0000000000
68654  37.286  -25.089  78.765 0.0000000000
64743  34.354  -29.822  76.350 0.0000000000
46540  15.909  -47.116  85.921 0.0000000000
140048  24.411  -47.414  87.982 0.0000000000
48668  27.548  -44.783  87.320 0.0000000000
45505  22.157  -47.783  82.575 0.0000000000
74382  43.178  -19.135  71.919 0.0000000000
44337  21.808  -47.823  89.864 0.0000000000
149592  18.486  -45.314  91.222 0.0000000000
73475  42.269  -20.602  76.098 0.0000000000
45381  13.913  -48.222  91.081 0.0000000000
41418  11.855  -52.112  90.427 0.0000000000
61810  32.592  -30.946  80.956 0.0000000000
58109  31.569  -37.533  83.052 0.0000000000
52954  32.857  -41.780  79.657 0.0000000000
50669  30.891  -43.302  82.838 0.0000000000
67538  37.514  -26.898  80.678 0.0000000000
66641  35.002  -27.527  78.101 0.0000000000
64719  36.004  -29.835  78.939 0.0000000000
67536  39.747  -25.211  81.184 0.0000000000
47708  18.671  -46.282  83.438 0.0000000000
46573  16.614  -47.497  83.914 0.0000000000
133840  17.464  -45.535  85.941 0.0000000000
45441  21.889  -47.717  86.661 0.0000000000
45454  23.230  -47.392  85.385 0.0000000000
45491  21.248  -47.704  83.872 0.0000000000
128796  20.400  -48.207  81.392 0.0000000000
70844  39.369  -23.386  72.853 0.0000000000
69807  40.859  -24.314  76.165 0.0000000000
70826  41.624  -23.799  74.177 0.0000000000
71774  40.930  -22.175  72.788 0.0000000000
46410  17.928  -45.854  94.115 0.0000000000
142366  15.419  -45.938  91.288 0.0000000000
46412  14.784  -46.838  93.404 0.0000000000
40416  11.500  -52.328  93.789 0.0000000000
42360  12.435  -50.874  92.769 0.0000000000
40458  10.867  -52.709  91.523 0.0000000000
39523  9.471  -53.858  90.729 0.0000000000
38466  8.570  -54.668  93.185 0.0000000000
58063  32.223  -36.835  86.121 0.0000000000
125489  33.819  -38.505  84.140 0.0000000000
144051  33.491  -38.757  80.916 0.0000000000
52939  34.459  -41.205  81.124 0.0000000000
49645  25.500  -44.055  85.625 0.0000000000
49641  29.492  -43.340  84.990 0.0000000000
50672  27.284  -42.740  84.145 0.0000000000
51830  28.089  -42.199  81.371 0.0000000000
131662  30.159  -32.138  81.169 0.0000000000
62811  30.720  -31.593  78.131 0.0000000000
60888  28.551  -33.228  77.575 0.0000000000
74407  53.298  -20.399  69.516 0.0000000000
71806  52.926  -22.297  68.820 0.0000000000
126141  38.607  -24.339  76.665 0.0000000000
68683  35.185  -24.962  76.771 0.0000000000
69786  40.245  -23.856  78.511 0.0000000000
45416  28.130  -47.268  90.017 0.0000000000
47624  29.903  -45.199  88.613 0.0000000000
46525  25.918  -46.150  87.879 0.0000000000
47684  23.572  -46.222  84.699 0.0000000000
141499  22.960  -46.200  82.474 0.0000000000
132064  44.304  -17.565  75.763 0.0000000000
74366  45.990  -18.914  72.243 0.0000000000
73524  47.659  -19.672  71.155 0.0000000000
73542  49.604  -20.348  68.262 0.0000000000
45431  21.252  -47.140  88.204 0.0000000000
47604  19.099  -45.349  88.506 0.0000000000
46454  20.404  -46.593  90.502 0.0000000000
43360  22.894  -48.312  88.604 0.0000000000
74358  42.093  -19.402  74.411 0.0000000000
47605  17.208  -44.961  88.642 0.0000000000
46499  15.143  -47.247  88.394 0.0000000000
44368  14.092  -49.506  88.231 0.0000000000
44310  13.388  -48.898  93.323 0.0000000000
43312  12.970  -50.360  90.531 0.0000000000
130701  6.527  -55.669  93.829 0.0000000000
61820  35.336  -31.221  80.292 0.0000000000
60834  30.068  -33.232  82.865 0.0000000000
59896  30.569  -34.934  84.540 0.0000000000
58119  29.994  -36.273  82.128 0.0000000000
125797  30.788  -38.035  80.542 0.0000000000
54020  32.335  -40.201  79.252 0.0000000000
52983  29.562  -41.504  77.619 0.0000000000
48664  31.331  -43.832  87.503 0.0000000000
50637  32.703  -43.754  84.876 0.0000000000
51789  34.188  -42.634  82.854 0.0000000000
125412  31.673  -43.094  81.493 0.0000000000
52943  29.128  -42.104  80.307 0.0000000000
128205  33.638  -31.927  77.875 0.0000000000
62849  32.122  -31.433  75.718 0.0000000000
65666  37.408  -28.330  81.028 0.0000000000
65679  36.742  -28.391  80.116 0.0000000000
64708  36.758  -29.836  80.151 0.0000000000
145885  38.637  -26.890  81.341 0.0000000000
47686  19.456  -46.098  84.048 0.0000000000
47687  18.525  -45.784  84.258 0.0000000000
134558  18.923  -45.435  86.063 0.0000000000
46527  20.926  -46.968  86.415 0.0000000000
45475  21.443  -47.558  84.858 0.0000000000
46538  20.856  -47.113  85.318 0.0000000000
46554  20.062  -46.741  83.666 0.0000000000
69856  38.789  -23.529  73.104 0.0000000000
125742  39.797  -24.329  74.691 0.0000000000
69829  41.192  -24.353  74.564 0.0000000000
125445  40.002  -24.142  74.122 0.0000000000
70832  40.143  -23.738  73.601 0.0000000000
40427  11.059  -52.823  93.141 0.0000000000
40426  11.458  -52.385  92.568 0.0000000000
40440  10.920  -52.785  92.305 0.0000000000
39506  10.455  -53.076  91.127 0.0000000000
39488  9.979  -53.673  92.330 0.0000000000
39508  9.391  -53.952  91.790 0.0000000000
57097  33.590  -38.407  85.157 0.0000000000
56052  34.692  -38.723  83.695 0.0000000000
55033  34.544  -39.003  82.351 0.0000000000
53991  35.301  -40.298  82.922 0.0000000000
47577  32.011  -45.851  90.208 0.0000000000
139954  23.964  -43.888  83.885 0.0000000000
50654  26.686  -43.177  85.154 0.0000000000
51794  24.700  -42.615  83.037 0.0000000000
51813  26.153  -42.075  82.496 0.0000000000
60852  29.100  -33.572  80.953 0.0000000000
139494  28.925  -32.831  79.246 0.0000000000
72660  50.570  -21.296  70.964 0.0000000000
71781  51.159  -21.767  71.109 0.0000000000
71787  52.573  -22.421  70.549 0.0000000000
71797  52.779  -22.394  69.722 0.0000000000
129074  52.477  -22.298  69.242 0.0000000000
68668  37.879  -24.597  78.020 0.0000000000
143736  36.469  -24.328  76.676 0.0000000000
68670  36.139  -25.153  77.786 0.0000000000
146852  34.640  -28.814  77.211 0.0000000000
66653  33.940  -27.445  76.710 0.0000000000
64744  33.876  -29.068  75.859 0.0000000000
135626  38.921  -25.146  80.415 0.0000000000
69787  39.052  -24.280  78.482 0.0000000000
125746  39.508  -24.193  77.766 0.0000000000
47669  16.336  -46.808  85.198 0.0000000000
45443  15.181  -48.335  86.182 0.0000000000
144021  25.954  -46.954  88.781 0.0000000000
46511  27.246  -46.280  88.688 0.0000000000
45439  24.709  -46.547  87.277 0.0000000000
45488  22.842  -47.507  83.952 0.0000000000
46551  23.533  -46.389  85.043 0.0000000000
46567  23.220  -47.042  83.798 0.0000000000
47705  23.486  -46.064  84.078 0.0000000000
46582  22.904  -46.946  82.895 0.0000000000
45523  21.892  -47.828  81.385 0.0000000000
56096  29.819  -38.622  78.897 0.0000000000
75364  43.535  -18.580  73.704 0.0000000000
127183  45.209  -18.215  74.127 0.0000000000
74367  44.466  -18.729  72.785 0.0000000000
74397  46.248  -19.140  70.135 0.0000000000
73535  47.684  -19.407  69.430 0.0000000000
73534  48.566  -19.767  69.502 0.0000000000
44367  21.328  -47.388  88.670 0.0000000000
45419  20.818  -46.881  89.407 0.0000000000
44338  21.269  -47.324  90.247 0.0000000000
43329  22.363  -48.187  89.473 0.0000000000
139828  21.655  -47.780  88.424 0.0000000000
75350  42.464  -18.834  75.878 0.0000000000
136085  41.740  -20.167  74.686 0.0000000000
72654  40.928  -21.108  71.711 0.0000000000
47562  19.234  -45.525  90.648 0.0000000000
48639  18.383  -45.080  89.062 0.0000000000
47563  18.061  -45.196  90.508 0.0000000000
46436  14.752  -46.583  91.196 0.0000000000
47581  15.384  -46.251  89.620 0.0000000000
46478  14.626  -47.611  89.732 0.0000000000
134550  14.384  -48.749  88.495 0.0000000000
44353  13.910  -49.029  89.690 0.0000000000
44302  13.070  -49.510  93.741 0.0000000000
135009  12.048  -51.683  90.880 0.0000000000
42394  12.419  -51.067  90.954 0.0000000000
42395  12.296  -51.594  90.122 0.0000000000
42405  12.750  -51.186  89.394 0.0000000000
61782  30.560  -32.738  83.280 0.0000000000
58094  31.902  -36.987  84.769 0.0000000000
58977  31.394  -36.332  84.736 0.0000000000
58988  31.237  -36.653  84.200 0.0000000000
59001  30.492  -36.380  83.167 0.0000000000
58110  30.889  -37.148  82.889 0.0000000000
57138  30.715  -37.546  81.360 0.0000000000
57137  31.318  -37.752  81.814 0.0000000000
54010  33.553  -40.052  79.911 0.0000000000
55045  32.861  -39.578  79.664 0.0000000000
54021  32.463  -41.180  79.175 0.0000000000
52970  31.592  -41.513  78.851 0.0000000000
47644  28.611  -45.202  88.112 0.0000000000
138748  30.401  -44.951  88.589 0.0000000000
48666  29.701  -44.122  87.507 0.0000000000
49640  30.274  -43.400  84.306 0.0000000000
49639  31.014  -43.363  84.762 0.0000000000
50649  31.695  -43.497  83.864 0.0000000000
148690  32.787  -43.542  83.406 0.0000000000
50688  32.022  -43.335  82.624 0.0000000000
132485  32.987  -43.101  81.890 0.0000000000
142088  30.787  -43.268  82.035 0.0000000000
52945  27.368  -41.751  80.889 0.0000000000
51829  28.928  -42.390  81.081 0.0000000000
61821  34.431  -31.359  80.249 0.0000000000
61855  34.727  -31.904  78.726 0.0000000000
61842  33.357  -31.546  79.367 0.0000000000
61868  29.751  -32.063  76.904 0.0000000000
62838  31.528  -31.597  76.551 0.0000000000
74414  52.926  -19.736  68.720 0.0000000000
67552  37.838  -26.052  80.265 0.0000000000
67565  35.940  -26.513  79.056 0.0000000000
66626  36.087  -27.583  79.348 0.0000000000
65694  35.853  -28.453  78.867 0.0000000000
63822  34.782  -30.242  77.167 0.0000000000
67522  40.334  -26.015  82.057 0.0000000000
129940  38.937  -26.005  81.158 0.0000000000
46572  17.249  -46.824  83.549 0.0000000000
47668  16.968  -45.930  85.131 0.0000000000
47651  16.555  -46.107  86.083 0.0000000000
44419  22.932  -48.083  86.520 0.0000000000
44417  23.584  -47.197  86.212 0.0000000000
45455  22.840  -47.832  85.700 0.0000000000
45474  21.989  -47.846  84.459 0.0000000000
45490  21.646  -47.829  83.588 0.0000000000
45506  21.395  -47.943  81.884 0.0000000000
45507  20.998  -47.747  82.700 0.0000000000
46585  19.203  -47.408  82.121 0.0000000000
74412  42.725  -19.409  69.765 0.0000000000
44322  21.423  -47.592  91.783 0.0000000000
69804  43.349  -23.967  75.932 0.0000000000
70825  42.558  -23.671  74.765 0.0000000000
71764  41.927  -22.588  74.032 0.0000000000
72633  41.642  -21.676  73.686 0.0000000000
70842  40.957  -22.793  73.224 0.0000000000
70851  39.657  -22.785  72.216 0.0000000000
47551  17.775  -45.337  92.740 0.0000000000
48619  17.333  -45.259  91.227 0.0000000000
47552  16.530  -45.630  92.836 0.0000000000
47553  15.388  -46.017  92.745 0.0000000000
46423  14.083  -47.463  92.655 0.0000000000
42347  12.494  -50.803  93.636 0.0000000000
140087  12.195  -51.285  93.111 0.0000000000
41395  11.865  -51.979  92.089 0.0000000000
40457  11.527  -52.387  90.671 0.0000000000
39521  10.622  -53.347  90.336 0.0000000000
57098  32.690  -37.698  85.204 0.0000000000
57109  32.265  -37.880  83.291 0.0000000000
57122  32.238  -37.973  82.480 0.0000000000
56062  33.731  -38.370  82.449 0.0000000000
55039  33.938  -39.472  80.577 0.0000000000
54005  33.479  -41.294  79.971 0.0000000000
49630  26.887  -44.057  86.395 0.0000000000
49628  28.928  -43.512  86.142 0.0000000000
49643  27.410  -43.444  85.745 0.0000000000
50652  28.892  -43.209  84.374 0.0000000000
136905  29.116  -43.147  83.508 0.0000000000
147157  29.429  -42.970  82.082 0.0000000000
51791  27.712  -42.499  83.178 0.0000000000
145951  26.598  -41.979  81.887 0.0000000000
61824  30.746  -31.557  80.642 0.0000000000
62796  31.707  -31.368  79.492 0.0000000000
61843  29.628  -32.066  79.059 0.0000000000
62812  29.769  -31.970  77.950 0.0000000000
72668  53.317  -21.830  69.884 0.0000000000
72675  53.416  -21.746  68.791 0.0000000000
69820  38.279  -24.085  75.429 0.0000000000
125852  37.562  -23.560  74.238 0.0000000000
149055  36.974  -23.719  75.500 0.0000000000
67575  34.855  -26.591  77.871 0.0000000000
67592  33.738  -26.063  76.033 0.0000000000
69761  42.162  -23.890  80.516 0.0000000000
69773  42.267  -23.660  79.266 0.0000000000
69784  42.435  -23.872  78.252 0.0000000000
125958  41.233  -24.110  76.992 0.0000000000
69808  39.366  -24.388  76.379 0.0000000000
45414  29.821  -47.094  90.010 0.0000000000
46491  30.708  -46.329  89.843 0.0000000000
46510  28.970  -45.986  89.130 0.0000000000
47627  27.874  -45.747  88.359 0.0000000000
139432  26.856  -45.253  87.569 0.0000000000
45452  23.948  -46.444  86.311 0.0000000000
47664  24.430  -45.806  86.101 0.0000000000
47663  25.299  -45.303  86.683 0.0000000000
48692  24.871  -44.857  85.544 0.0000000000
48702  23.764  -45.313  84.194 0.0000000000
48716  22.962  -45.234  81.980 0.0000000000
127130  46.937  -18.404  73.751 0.0000000000
136146  45.969  -18.993  70.828 0.0000000000
74387  47.145  -19.358  71.553 0.0000000000
74378  47.663  -19.390  72.380 0.0000000000
73514  48.441  -19.909  71.573 0.0000000000
72661  49.725  -20.565  70.255 0.0000000000
72670  50.273  -20.762  69.237 0.0000000000
72677  50.968  -21.254  68.549 0.0000000000
147852  20.495  -46.527  86.729 0.0000000000
47648  19.362  -45.576  87.009 0.0000000000
136544  20.334  -46.316  88.292 0.0000000000
47578  20.117  -46.219  89.491 0.0000000000
46455  19.917  -46.208  91.146 0.0000000000
44309  20.856  -47.169  92.026 0.0000000000
46421  19.686  -45.912  92.756 0.0000000000
46409  19.199  -45.683  93.638 0.0000000000
45390  31.103  -48.148  90.839 0.0000000000
45403  29.358  -47.592  90.467 0.0000000000
44363  27.136  -47.768  90.250 0.0000000000
43342  25.570  -47.732  89.394 0.0000000000
43358  24.064  -48.135  88.994 0.0000000000
44379  23.843  -47.993  88.068 0.0000000000
44398  22.131  -47.991  87.315 0.0000000000
45442  21.425  -47.296  87.032 0.0000000000
76279  43.301  -17.664  76.886 0.0000000000
75356  43.196  -18.408  74.654 0.0000000000
74383  42.355  -19.428  72.445 0.0000000000
73498  41.322  -20.956  72.834 0.0000000000
73510  41.693  -20.033  72.148 0.0000000000
74390  42.357  -19.571  71.519 0.0000000000
47629  18.764  -45.168  87.566 0.0000000000
48654  17.813  -45.068  87.310 0.0000000000
148429  16.355  -45.732  87.627 0.0000000000
47580  15.902  -45.554  89.921 0.0000000000
47607  15.485  -46.327  88.779 0.0000000000
46517  15.411  -47.164  87.427 0.0000000000
45420  14.962  -47.854  87.786 0.0000000000
44385  14.276  -49.627  87.127 0.0000000000
46413  14.205  -47.708  93.429 0.0000000000
139611  13.736  -48.213  92.042 0.0000000000
44311  13.031  -49.591  91.906 0.0000000000
44339  13.751  -49.028  90.581 0.0000000000
43330  13.192  -50.437  89.526 0.0000000000
38467  7.782  -55.116  93.146 0.0000000000
62792  36.238  -30.652  80.588 0.0000000000
129930  32.308  -30.961  81.810 0.0000000000
137318  30.547  -32.025  81.897 0.0000000000
60842  29.878  -32.766  82.089 0.0000000000
59919  29.247  -34.500  81.472 0.0000000000
59905  30.209  -34.598  83.537 0.0000000000
59002  29.981  -35.609  82.663 0.0000000000
59016  29.213  -35.244  81.088 0.0000000000
58129  29.252  -36.632  80.607 0.0000000000
56088  30.022  -38.003  79.826 0.0000000000
56095  30.860  -38.657  79.649 0.0000000000
125990  32.181  -38.376  80.761 0.0000000000
55046  31.885  -39.298  79.477 0.0000000000
144710  31.366  -40.073  78.527 0.0000000000
54029  31.132  -40.778  78.182 0.0000000000
52997  30.081  -41.350  76.656 0.0000000000
53981  35.416  -40.428  84.860 0.0000000000
47601  31.110  -45.591  89.423 0.0000000000
48651  32.219  -44.320  88.465 0.0000000000
48662  32.777  -43.853  87.762 0.0000000000
48680  30.100  -43.560  86.536 0.0000000000
49615  31.612  -43.531  86.518 0.0000000000
50628  33.546  -43.501  86.149 0.0000000000
50635  33.935  -43.222  85.515 0.0000000000
51781  34.531  -42.243  84.542 0.0000000000
52917  35.076  -41.235  83.437 0.0000000000
51806  34.185  -42.389  81.974 0.0000000000
51826  32.783  -42.790  81.240 0.0000000000
132714  32.277  -42.449  80.209 0.0000000000
141747  29.613  -42.759  81.507 0.0000000000
51845  29.878  -42.452  80.848 0.0000000000
52956  31.224  -42.164  79.665 0.0000000000
139595  29.243  -41.609  78.521 0.0000000000
62806  35.500  -31.013  79.207 0.0000000000
62823  35.074  -31.296  78.017 0.0000000000
62835  34.267  -31.313  76.849 0.0000000000
62810  31.651  -31.690  77.847 0.0000000000
62837  32.489  -31.635  76.661 0.0000000000
63836  33.206  -30.879  75.547 0.0000000000
71807  52.343  -22.007  68.255 0.0000000000
64701  37.604  -29.160  81.141 0.0000000000
64702  37.025  -29.038  80.486 0.0000000000
64707  37.281  -29.741  80.781 0.0000000000
65665  38.122  -28.498  81.499 0.0000000000
47666  19.463  -45.769  85.194 0.0000000000
46539  20.225  -46.584  84.710 0.0000000000
69842  38.483  -23.646  73.731 0.0000000000
69831  39.265  -24.003  74.307 0.0000000000
69841  39.388  -23.785  73.670 0.0000000000
141086  10.838  -52.923  94.017 0.0000000000
40441  10.480  -53.299  92.734 0.0000000000
39469  9.948  -53.762  93.133 0.0000000000
56031  35.006  -38.873  85.210 0.0000000000
56043  35.252  -39.099  84.310 0.0000000000
55027  35.197  -39.237  83.100 0.0000000000
55026  35.533  -39.698  83.907 0.0000000000
46451  32.435  -46.542  90.806 0.0000000000
50676  23.666  -43.737  83.117 0.0000000000
50675  24.287  -43.244  83.573 0.0000000000
50691  23.934  -42.990  82.705 0.0000000000
59928  28.950  -34.503  80.666 0.0000000000
60853  28.809  -33.900  80.217 0.0000000000
71789  51.126  -21.663  70.527 0.0000000000
71798  52.237  -22.298  69.920 0.0000000000
68653  38.177  -24.701  78.913 0.0000000000
68669  37.050  -24.848  77.912 0.0000000000
137233  34.338  -28.992  76.574 0.0000000000
146164  33.754  -29.735  75.693 0.0000000000
64757  33.276  -29.198  75.094 0.0000000000
68639  38.235  -25.191  79.904 0.0000000000
68652  38.888  -24.557  79.495 0.0000000000
69788  38.639  -24.421  77.978 0.0000000000
45458  15.890  -47.804  85.156 0.0000000000
46541  15.608  -47.883  85.862 0.0000000000
46530  15.485  -47.540  86.523 0.0000000000
45430  25.321  -46.889  88.160 0.0000000000
44394  24.585  -46.943  87.586 0.0000000000
45489  22.281  -47.846  83.649 0.0000000000
46568  22.677  -47.452  83.236 0.0000000000
46583  22.430  -47.391  82.189 0.0000000000
56107  29.942  -38.931  77.805 0.0000000000
74368  43.167  -18.862  72.819 0.0000000000
134957  43.959  -18.900  72.155 0.0000000000
73544  48.190  -19.520  68.381 0.0000000000
44352  21.313  -47.379  89.395 0.0000000000
44366  21.735  -47.804  89.012 0.0000000000
72617  42.562  -21.590  75.758 0.0000000000
73470  42.349  -19.579  76.387 0.0000000000
73483  41.874  -20.824  75.279 0.0000000000
48628  18.613  -45.222  89.906 0.0000000000
46457  14.382  -47.469  90.640 0.0000000000
45394  14.167  -48.283  90.145 0.0000000000
43258  12.874  -50.099  94.286 0.0000000000
58101  31.659  -37.349  83.858 0.0000000000
58102  31.018  -36.957  83.500 0.0000000000
57123  31.480  -37.668  82.397 0.0000000000
146468  33.019  -40.634  79.517 0.0000000000
52955  32.119  -42.072  79.551 0.0000000000
146244  28.287  -44.817  87.597 0.0000000000
48667  28.975  -44.501  87.579 0.0000000000
50650  30.354  -43.327  83.482 0.0000000000
134056  30.987  -43.342  83.675 0.0000000000
50667  32.166  -43.459  83.227 0.0000000000
50668  31.540  -43.340  83.063 0.0000000000
50689  31.527  -43.309  82.318 0.0000000000
61822  33.485  -31.074  80.633 0.0000000000
127903  33.681  -31.415  79.948 0.0000000000
61823  32.841  -31.187  80.077 0.0000000000
67553  37.088  -26.540  80.082 0.0000000000
66613  36.610  -27.565  79.929 0.0000000000
137732  36.129  -29.135  79.014 0.0000000000
64720  35.678  -29.311  78.359 0.0000000000
64730  35.227  -29.844  77.741 0.0000000000
67521  41.280  -25.871  82.353 0.0000000000
66597  37.927  -27.468  81.188 0.0000000000
67537  38.191  -26.510  80.850 0.0000000000
68626  38.397  -25.753  80.517 0.0000000000
47667  18.107  -45.520  85.232 0.0000000000
47688  17.521  -46.058  84.342 0.0000000000
44420  22.460  -47.911  86.324 0.0000000000
46569  20.558  -47.333  83.203 0.0000000000
47707  19.366  -46.463  83.267 0.0000000000
46570  19.702  -46.926  82.749 0.0000000000
47727  18.880  -46.787  82.730 0.0000000000
128326  41.858  -24.292  76.205 0.0000000000
69828  42.049  -24.135  74.700 0.0000000000
149244  42.185  -23.783  74.432 0.0000000000
71758  42.583  -22.832  74.831 0.0000000000
70829  42.138  -23.327  74.322 0.0000000000
70830  41.573  -23.044  73.804 0.0000000000
70843  40.320  -23.234  72.985 0.0000000000
47544  17.212  -45.725  93.573 0.0000000000
47545  15.954  -46.175  93.637 0.0000000000
46422  14.574  -46.625  92.283 0.0000000000
132363  12.113  -51.483  93.943 0.0000000000
40439  11.377  -52.355  91.825 0.0000000000
41406  11.748  -52.037  91.240 0.0000000000
148050  11.316  -52.416  91.175 0.0000000000
40472  11.046  -52.811  90.664 0.0000000000
39507  9.966  -53.510  91.497 0.0000000000
142086  10.114  -53.473  90.742 0.0000000000
38475  8.736  -54.400  92.162 0.0000000000
136842  8.088  -54.763  92.479 0.0000000000
57078  33.297  -37.964  85.739 0.0000000000
143520  33.034  -38.214  84.506 0.0000000000
127754  32.378  -37.762  84.228 0.0000000000
56053  33.157  -38.212  83.504 0.0000000000
126222  32.912  -38.112  82.697 0.0000000000
54003  34.510  -39.915  81.358 0.0000000000
54004  34.092  -40.659  80.457 0.0000000000
49644  26.352  -43.750  85.902 0.0000000000
50673  26.151  -42.749  84.249 0.0000000000
50653  27.917  -42.984  84.851 0.0000000000
50671  28.282  -42.998  83.798 0.0000000000
50690  28.746  -42.840  82.766 0.0000000000
62782  30.963  -31.414  79.988 0.0000000000
61825  30.094  -31.882  80.113 0.0000000000
60875  28.517  -33.379  78.515 0.0000000000
61857  29.014  -32.606  78.289 0.0000000000
71805  53.139  -22.185  69.337 0.0000000000
129618  53.328  -21.876  68.351 0.0000000000
69809  38.052  -24.208  76.183 0.0000000000
69821  37.514  -23.967  75.817 0.0000000000
68682  35.888  -24.759  77.105 0.0000000000
69811  35.717  -24.384  76.491 0.0000000000
68695  34.853  -24.662  76.196 0.0000000000
68696  34.089  -25.173  75.715 0.0000000000
67566  35.323  -26.810  78.494 0.0000000000
67574  35.567  -25.938  78.308 0.0000000000
66654  33.603  -27.514  75.967 0.0000000000
67583  33.664  -26.836  76.239 0.0000000000
66662  33.030  -26.848  75.337 0.0000000000
68615  40.779  -25.140  81.621 0.0000000000
69745  41.924  -24.546  81.480 0.0000000000
69762  41.346  -24.435  81.063 0.0000000000
69775  40.375  -23.922  79.511 0.0000000000
69774  41.288  -23.810  79.976 0.0000000000
69785  41.294  -23.737  78.697 0.0000000000
69797  41.742  -23.896  77.708 0.0000000000
126457  40.746  -23.905  77.793 0.0000000000
69799  39.120  -24.335  77.271 0.0000000000
125957  38.816  -24.294  75.838 0.0000000000
45415  28.987  -47.169  90.008 0.0000000000
46493  29.414  -46.553  89.579 0.0000000000
46494  28.582  -46.661  89.536 0.0000000000
46512  26.402  -46.357  88.345 0.0000000000
46524  26.809  -45.829  88.030 0.0000000000
47646  25.845  -45.595  87.444 0.0000000000
45453  23.537  -47.085  85.966 0.0000000000
46537  23.864  -46.164  85.787 0.0000000000
47665  23.871  -45.792  85.208 0.0000000000
135921  24.864  -45.266  85.994 0.0000000000
47683  24.201  -45.630  85.318 0.0000000000
48703  23.304  -45.511  83.222 0.0000000000
49654  23.640  -44.572  83.593 0.0000000000
77247  44.603  -16.756  76.893 0.0000000000
75362  45.457  -18.613  73.162 0.0000000000
148993  45.463  -18.035  74.726 0.0000000000
140418  46.091  -18.066  74.313 0.0000000000
75346  46.780  -17.868  74.683 0.0000000000
143199  46.396  -18.837  72.779 0.0000000000
74410  44.445  -18.970  69.378 0.0000000000
149827  45.056  -18.863  70.698 0.0000000000
73536  47.217  -19.465  70.395 0.0000000000
73525  46.988  -19.344  71.085 0.0000000000
73516  47.595  -19.619  71.583 0.0000000000
73509  47.591  -19.554  71.853 0.0000000000
73515  47.965  -19.745  71.758 0.0000000000
136204  47.919  -19.778  71.542 0.0000000000
73533  49.385  -20.222  69.420 0.0000000000
73522  48.896  -20.045  70.380 0.0000000000
46514  21.009  -46.873  87.459 0.0000000000
46515  20.281  -46.262  87.450 0.0000000000
46496  20.828  -46.739  88.222 0.0000000000
45406  20.723  -46.780  90.008 0.0000000000
46475  20.501  -46.599  89.794 0.0000000000
46476  20.009  -46.183  90.225 0.0000000000
143648  20.259  -46.490  92.737 0.0000000000
46435  19.726  -46.076  91.975 0.0000000000
47543  18.527  -45.449  93.266 0.0000000000
45402  30.163  -47.559  90.439 0.0000000000
44364  26.459  -47.710  89.840 0.0000000000
43344  23.550  -48.371  89.245 0.0000000000
43359  23.455  -48.252  88.584 0.0000000000
44380  23.072  -48.305  87.945 0.0000000000
44381  22.401  -48.247  87.956 0.0000000000
44383  21.501  -47.539  88.099 0.0000000000
44399  21.685  -47.668  87.543 0.0000000000
145844  21.406  -47.304  87.750 0.0000000000
69832  36.734  -23.557  74.780 0.0000000000
75357  42.453  -18.774  74.973 0.0000000000
75349  42.948  -18.259  75.509 0.0000000000
75365  42.711  -18.816  74.104 0.0000000000
74369  42.331  -19.264  73.433 0.0000000000
71765  41.398  -22.147  73.275 0.0000000000
72634  41.089  -21.503  72.489 0.0000000000
73519  41.311  -20.443  71.272 0.0000000000
73511  41.345  -20.694  71.996 0.0000000000
147188  41.685  -20.087  71.567 0.0000000000
73518  41.866  -19.909  70.927 0.0000000000
47628  19.717  -45.747  87.940 0.0000000000
48653  18.061  -44.906  88.094 0.0000000000
47630  16.957  -45.214  87.643 0.0000000000
149507  16.595  -45.423  91.531 0.0000000000
47564  16.162  -45.518  90.948 0.0000000000
46477  15.101  -47.032  89.282 0.0000000000
46498  15.579  -46.485  88.064 0.0000000000
43361  13.859  -50.322  87.637 0.0000000000
44301  13.582  -48.935  94.178 0.0000000000
45355  13.924  -48.292  93.799 0.0000000000
45366  13.757  -48.271  92.955 0.0000000000
141385  13.383  -48.924  92.420 0.0000000000
43292  12.767  -50.327  91.441 0.0000000000
44325  13.262  -49.678  91.005 0.0000000000
44340  13.504  -49.726  90.087 0.0000000000
38453  8.130  -55.245  93.899 0.0000000000
37407  7.146  -55.640  94.109 0.0000000000
37406  7.562  -55.498  93.763 0.0000000000
61808  34.087  -30.949  81.287 0.0000000000
61795  32.057  -31.310  82.578 0.0000000000
61796  31.335  -31.540  82.138 0.0000000000
61797  30.546  -32.357  82.581 0.0000000000
60843  29.406  -33.624  81.809 0.0000000000
142371  29.716  -33.692  82.438 0.0000000000
139297  31.044  -35.657  84.946 0.0000000000
59904  30.406  -35.266  83.941 0.0000000000
58111  30.378  -36.562  82.693 0.0000000000
59015  29.595  -35.372  81.862 0.0000000000
58120  29.482  -36.045  81.417 0.0000000000
58128  29.986  -36.864  81.479 0.0000000000
57152  30.008  -37.392  80.648 0.0000000000
56063  33.075  -38.308  81.786 0.0000000000
57136  32.114  -38.099  81.624 0.0000000000
56073  32.827  -38.524  80.860 0.0000000000
52982  30.593  -41.232  77.904 0.0000000000
47602  30.409  -45.619  89.182 0.0000000000
47641  30.761  -44.418  88.212 0.0000000000
48652  31.420  -44.378  88.343 0.0000000000
48663  31.988  -43.932  87.837 0.0000000000
48681  29.302  -43.770  86.877 0.0000000000
49627  29.632  -43.460  85.950 0.0000000000
49638  31.958  -43.544  84.772 0.0000000000
49625  31.388  -43.428  85.732 0.0000000000
49624  32.201  -43.578  85.752 0.0000000000
49623  32.950  -43.641  85.891 0.0000000000
50636  33.373  -43.590  85.114 0.0000000000
50666  33.523  -43.241  83.317 0.0000000000
142053  34.325  -42.851  83.898 0.0000000000
51788  34.638  -42.129  83.556 0.0000000000
52918  34.700  -41.918  82.586 0.0000000000
52942  32.243  -42.720  80.849 0.0000000000
51810  28.796  -42.597  81.816 0.0000000000
51809  30.068  -43.118  81.885 0.0000000000
51844  30.850  -42.539  80.507 0.0000000000
52957  30.170  -42.214  79.961 0.0000000000
143696  29.305  -41.821  79.400 0.0000000000
148787  35.713  -30.966  80.217 0.0000000000
62793  35.728  -30.936  79.809 0.0000000000
61839  35.504  -31.226  79.868 0.0000000000
126583  34.409  -31.965  78.153 0.0000000000
62808  35.021  -31.779  78.254 0.0000000000
62824  34.493  -31.712  77.547 0.0000000000
63813  34.744  -30.993  77.313 0.0000000000
62836  33.531  -31.686  76.925 0.0000000000
136987  31.523  -31.541  78.640 0.0000000000
146671  31.175  -31.567  75.894 0.0000000000
62848  33.096  -31.445  76.070 0.0000000000
150288  32.823  -31.228  75.574 0.0000000000
75387  52.289  -18.908  68.759 0.0000000000
129459  52.532  -19.127  68.006 0.0000000000
76326  51.580  -17.471  68.248 0.0000000000
72684  51.487  -21.592  67.805 0.0000000000
66598  37.303  -27.630  80.856 0.0000000000
66612  36.978  -27.500  80.480 0.0000000000
65678  37.020  -28.178  80.625 0.0000000000
64709  36.464  -29.313  79.658 0.0000000000
63799  36.220  -30.141  79.515 0.0000000000
149574  18.172  -45.370  85.967 0.0000000000
45457  21.439  -47.440  85.976 0.0000000000
45456  22.008  -47.773  85.543 0.0000000000
46553  20.745  -47.290  84.270 0.0000000000
69818  40.491  -24.452  75.233 0.0000000000
69817  41.544  -24.385  75.352 0.0000000000
69830  40.452  -24.363  74.424 0.0000000000
69840  40.724  -24.067  74.105 0.0000000000
70831  40.935  -23.498  73.654 0.0000000000
46411  16.647  -46.348  94.365 0.0000000000
39487  10.428  -53.187  91.968 0.0000000000
39489  9.343  -54.108  92.706 0.0000000000
56032  34.353  -38.692  85.423 0.0000000000
56044  34.462  -38.751  84.671 0.0000000000
125469  34.215  -38.461  83.158 0.0000000000
148762  34.805  -38.753  82.989 0.0000000000
53992  35.009  -39.792  82.237 0.0000000000
53997  34.922  -40.665  81.888 0.0000000000
50656  24.623  -43.676  84.384 0.0000000000
50655  25.542  -43.473  84.915 0.0000000000
50674  25.105  -42.903  84.032 0.0000000000
51792  26.687  -42.350  83.382 0.0000000000
51793  25.634  -42.399  83.257 0.0000000000
51815  24.366  -42.537  82.230 0.0000000000
61826  29.500  -32.634  80.631 0.0000000000
61844  29.393  -32.485  79.854 0.0000000000
60866  29.003  -33.166  80.083 0.0000000000
60867  28.556  -33.767  79.416 0.0000000000
72652  50.006  -20.771  71.304 0.0000000000
72646  50.072  -20.739  71.822 0.0000000000
72651  50.615  -21.344  71.470 0.0000000000
71796  53.048  -22.282  70.236 0.0000000000
148305  38.421  -24.421  77.396 0.0000000000
69810  37.215  -24.229  76.482 0.0000000000
126385  37.721  -24.410  77.116 0.0000000000
69800  36.765  -24.568  77.190 0.0000000000
65708  34.792  -28.264  77.628 0.0000000000
66642  34.438  -27.416  77.452 0.0000000000
65721  34.313  -28.232  76.984 0.0000000000
65722  33.937  -28.273  76.209 0.0000000000
65734  33.307  -28.184  75.367 0.0000000000
69763  40.489  -24.395  80.631 0.0000000000
69776  39.576  -24.054  79.083 0.0000000000
138279  39.665  -24.055  78.307 0.0000000000
149608  40.025  -24.017  77.843 0.0000000000
148444  39.102  -24.322  77.848 0.0000000000
46556  16.298  -47.399  84.579 0.0000000000
44400  14.977  -49.116  85.689 0.0000000000
44384  14.696  -48.932  86.593 0.0000000000
45417  27.304  -47.368  89.792 0.0000000000
46495  27.671  -46.753  89.394 0.0000000000
45428  26.621  -46.798  89.003 0.0000000000
46513  25.667  -46.587  88.114 0.0000000000
45472  23.187  -47.240  84.482 0.0000000000
45471  23.470  -46.865  85.035 0.0000000000
46552  23.402  -46.726  84.467 0.0000000000
47685  23.383  -46.583  84.089 0.0000000000
47706  23.238  -46.471  83.489 0.0000000000
47726  22.658  -46.815  81.770 0.0000000000
125831  29.289  -38.012  79.229 0.0000000000
75355  44.127  -18.236  74.412 0.0000000000
76297  44.805  -17.967  75.055 0.0000000000
75363  44.513  -18.447  73.648 0.0000000000
134001  46.013  -19.082  69.086 0.0000000000
126127  48.029  -19.738  70.441 0.0000000000
73543  48.995  -19.889  68.614 0.0000000000
45418  20.992  -47.025  88.758 0.0000000000
147288  21.035  -47.129  89.154 0.0000000000
45405  21.012  -47.041  89.785 0.0000000000
45393  20.748  -46.936  90.591 0.0000000000
43346  22.204  -48.128  88.637 0.0000000000
75327  42.533  -18.825  76.668 0.0000000000
74349  42.034  -19.675  75.406 0.0000000000
128902  41.686  -20.030  73.893 0.0000000000
47579  19.423  -45.616  89.550 0.0000000000
48629  17.593  -45.028  89.623 0.0000000000
47565  15.349  -46.089  90.503 0.0000000000
46456  14.912  -46.844  90.152 0.0000000000
46500  14.783  -47.663  89.005 0.0000000000
45421  14.685  -48.085  88.424 0.0000000000
45407  14.363  -48.344  89.202 0.0000000000
133732  14.075  -49.061  88.952 0.0000000000
42379  12.165  -51.587  91.604 0.0000000000
42378  12.514  -51.017  91.929 0.0000000000
141326  12.684  -50.923  90.116 0.0000000000
139384  31.217  -31.981  82.958 0.0000000000
140681  31.090  -32.296  83.604 0.0000000000
60827  30.276  -33.697  83.455 0.0000000000
58961  31.666  -36.371  85.350 0.0000000000
58978  30.868  -35.921  84.378 0.0000000000
58989  30.667  -36.181  83.767 0.0000000000
144435  30.635  -37.187  82.215 0.0000000000
56074  31.502  -38.030  81.091 0.0000000000
126363  33.333  -39.047  80.148 0.0000000000
138848  31.947  -40.737  78.787 0.0000000000
52971  30.400  -41.735  78.860 0.0000000000
47625  29.217  -45.422  88.626 0.0000000000
47643  29.440  -44.842  88.109 0.0000000000
47642  30.153  -44.513  88.045 0.0000000000
48665  30.286  -43.867  87.383 0.0000000000
49626  30.189  -43.398  85.345 0.0000000000
50648  32.418  -43.719  83.975 0.0000000000
50647  33.159  -43.710  84.102 0.0000000000
51790  32.726  -43.296  82.645 0.0000000000
137867  33.538  -42.968  82.288 0.0000000000
51808  32.274  -43.236  82.012 0.0000000000
52944  28.195  -41.908  80.604 0.0000000000
52958  28.298  -41.586  79.776 0.0000000000
138922  28.347  -41.471  78.860 0.0000000000
52972  27.484  -41.386  79.203 0.0000000000
61840  35.090  -31.600  79.434 0.0000000000
61841  34.214  -31.728  79.414 0.0000000000
61856  33.861  -31.904  78.677 0.0000000000
62809  32.890  -31.725  78.595 0.0000000000
62827  30.359  -31.742  77.358 0.0000000000
62826  31.088  -31.611  77.273 0.0000000000
62839  30.571  -31.725  76.505 0.0000000000
73532  53.484  -21.286  69.191 0.0000000000
68640  37.549  -25.503  79.584 0.0000000000
67564  36.760  -25.897  79.366 0.0000000000
67554  36.478  -26.789  79.625 0.0000000000
66627  35.515  -27.575  78.769 0.0000000000
65707  35.331  -28.395  78.232 0.0000000000
137731  35.100  -29.049  77.709 0.0000000000
64731  34.724  -29.477  77.132 0.0000000000
67523  39.457  -26.748  81.885 0.0000000000
148176  39.594  -25.978  81.615 0.0000000000
47709  17.932  -46.268  83.639 0.0000000000
46555  16.742  -46.695  84.410 0.0000000000
44395  23.856  -47.386  87.128 0.0000000000
44418  23.269  -47.680  86.302 0.0000000000
134961  22.436  -47.822  85.269 0.0000000000
45473  22.668  -47.709  84.657 0.0000000000
137036  21.738  -47.823  82.909 0.0000000000
46584  20.034  -47.590  82.192 0.0000000000
74389  43.271  -19.094  71.136 0.0000000000
74388  44.148  -18.909  71.524 0.0000000000
74400  43.413  -19.086  70.362 0.0000000000
43311  21.787  -47.767  90.891 0.0000000000
43291  22.044  -48.015  91.741 0.0000000000
70820  43.969  -23.718  76.390 0.0000000000
70822  43.729  -23.430  75.832 0.0000000000
69816  42.559  -24.111  75.458 0.0000000000
70823  43.151  -23.502  75.350 0.0000000000
71757  43.417  -22.945  75.603 0.0000000000
72619  42.843  -22.346  75.457 0.0000000000
72620  42.197  -21.832  75.025 0.0000000000
72624  42.045  -22.071  74.335 0.0000000000
71775  40.465  -22.540  72.540 0.0000000000
71783  40.048  -22.217  71.660 0.0000000000
140235  18.183  -45.336  91.909 0.0000000000
127950  17.044  -45.367  92.049 0.0000000000
135320  16.005  -45.652  91.909 0.0000000000
47558  15.130  -46.075  91.894 0.0000000000
46437  14.138  -47.374  91.649 0.0000000000
42361  12.216  -51.486  92.384 0.0000000000
139254  11.037  -53.217  89.989 0.0000000000
58078  32.828  -37.456  85.913 0.0000000000
58079  32.254  -37.047  85.509 0.0000000000
55034  33.994  -38.845  81.475 0.0000000000
48683  27.468  -44.326  86.794 0.0000000000
48682  28.383  -44.186  86.994 0.0000000000
49629  27.955  -43.707  86.327 0.0000000000
49642  28.500  -43.266  85.458 0.0000000000
50651  29.702  -43.339  83.869 0.0000000000
50670  29.916  -43.183  82.747 0.0000000000
51811  27.970  -42.394  82.178 0.0000000000
51812  27.091  -42.167  82.494 0.0000000000
51831  27.299  -42.042  81.656 0.0000000000
52946  26.585  -41.749  81.162 0.0000000000
62781  31.730  -31.197  80.478 0.0000000000
151762  32.228  -31.237  79.863 0.0000000000
62797  30.668  -31.609  79.160 0.0000000000
150778  30.154  -31.748  78.595 0.0000000000
144698  53.499  -21.176  69.974 0.0000000000
144396  37.652  -23.806  75.106 0.0000000000
127108  36.532  -23.927  76.106 0.0000000000
68655  36.423  -25.470  78.598 0.0000000000
68671  35.078  -25.563  77.451 0.0000000000
67576  34.162  -26.433  77.037 0.0000000000
68684  34.452  -25.457  76.573 0.0000000000
69796  42.598  -24.110  77.509 0.0000000000
69806  42.223  -24.173  76.932 0.0000000000
69798  40.090  -24.199  77.023 0.0000000000
143758  40.053  -24.396  76.062 0.0000000000
69819  39.566  -24.381  75.512 0.0000000000
125956  39.025  -24.174  75.046 0.0000000000
46473  30.960  -46.993  90.352 0.0000000000
46490  31.299  -46.154  90.039 0.0000000000
46492  30.131  -46.438  89.674 0.0000000000
46509  29.709  -45.843  89.158 0.0000000000
132198  28.155  -46.094  89.019 0.0000000000
47645  27.699  -45.303  87.838 0.0000000000
45440  23.997  -46.792  86.712 0.0000000000
46536  24.431  -46.167  86.671 0.0000000000
140529  23.615  -46.488  85.517 0.0000000000
47647  25.002  -45.884  86.872 0.0000000000
48669  26.463  -44.782  87.010 0.0000000000
48684  25.659  -44.511  86.287 0.0000000000
49646  24.837  -44.316  84.975 0.0000000000
133275  23.826  -45.734  84.661 0.0000000000
48693  24.301  -45.116  84.850 0.0000000000
49653  24.157  -44.478  84.358 0.0000000000
49662  23.276  -44.462  82.595 0.0000000000
75345  47.595  -18.190  74.129 0.0000000000
74381  45.014  -18.915  71.888 0.0000000000
74380  46.269  -19.034  71.612 0.0000000000
73517  46.473  -19.085  71.302 0.0000000000
149921  46.955  -19.267  71.814 0.0000000000
74379  47.037  -19.206  72.265 0.0000000000
74357  47.776  -18.926  73.164 0.0000000000
73508  48.083  -19.683  72.003 0.0000000000
125391  48.515  -19.866  71.835 0.0000000000
72653  49.244  -20.264  71.064 0.0000000000
73523  48.323  -19.884  71.121 0.0000000000
151365  50.058  -20.788  70.822 0.0000000000
127848  50.463  -21.146  70.316 0.0000000000
72669  51.064  -21.487  69.676 0.0000000000
46528  19.885  -45.946  86.373 0.0000000000
47603  19.939  -46.020  88.807 0.0000000000
46497  20.553  -46.616  88.982 0.0000000000
47557  19.221  -45.584  91.600 0.0000000000
44323  21.041  -47.329  91.145 0.0000000000
147548  20.646  -46.945  91.369 0.0000000000
45365  20.535  -46.821  92.490 0.0000000000
45380  20.437  -46.739  91.859 0.0000000000
46434  20.143  -46.451  91.699 0.0000000000
47550  19.008  -45.428  92.385 0.0000000000
46402  18.630  -45.825  94.493 0.0000000000
46452  32.016  -47.534  90.911 0.0000000000
46453  31.354  -47.648  90.690 0.0000000000
45401  30.756  -47.580  90.506 0.0000000000
132022  28.512  -47.668  90.541 0.0000000000
45429  26.552  -47.348  89.463 0.0000000000
44377  25.851  -47.255  89.019 0.0000000000
44378  25.086  -47.301  88.445 0.0000000000
44365  24.626  -47.750  88.758 0.0000000000
44396  23.301  -48.065  87.177 0.0000000000
44397  22.686  -48.209  87.222 0.0000000000
44382  21.807  -47.972  87.980 0.0000000000
76278  44.016  -17.241  76.487 0.0000000000
75341  42.854  -18.242  76.382 0.0000000000
76293  43.457  -17.760  76.031 0.0000000000
75348  43.749  -17.988  75.227 0.0000000000
73491  41.662  -21.054  74.355 0.0000000000
135737  41.518  -20.726  73.518 0.0000000000
130212  41.674  -19.965  73.000 0.0000000000
74401  42.577  -19.456  70.633 0.0000000000
47649  18.242  -45.240  86.641 0.0000000000
47650  17.173  -45.390  86.741 0.0000000000
47631  16.453  -45.864  87.039 0.0000000000
46529  15.913  -46.679  86.737 0.0000000000
48623  16.860  -45.183  90.256 0.0000000000
48630  16.470  -45.227  89.284 0.0000000000
128323  15.774  -45.671  89.149 0.0000000000
47606  16.146  -45.608  88.313 0.0000000000
46516  15.946  -46.231  87.521 0.0000000000
45432  15.023  -48.075  87.022 0.0000000000
45433  14.591  -48.690  87.668 0.0000000000
137870  12.937  -49.523  92.837 0.0000000000
43276  12.679  -50.270  92.353 0.0000000000
44324  13.562  -49.002  91.510 0.0000000000
44354  13.689  -49.671  89.159 0.0000000000
128195  13.132  -50.877  88.797 0.0000000000
43347  13.542  -50.282  88.552 0.0000000000
38468  7.282  -55.496  92.958 0.0000000000
63776  37.421  -30.150  81.189 0.0000000000
142938  31.800  -31.106  81.381 0.0000000000
61811  31.005  -31.487  81.325 0.0000000000
61812  29.533  -32.891  81.366 0.0000000000
58990  30.225  -35.455  83.345 0.0000000000
59911  30.008  -34.394  82.946 0.0000000000
59918  29.609  -34.545  82.233 0.0000000000
143628  29.007  -35.861  80.785 0.0000000000
57153  29.286  -37.386  79.839 0.0000000000
55052  30.754  -39.332  78.685 0.0000000000
56087  31.687  -38.509  80.257 0.0000000000
56086  32.566  -38.811  80.087 0.0000000000
55063  30.500  -39.585  77.617 0.0000000000
54041  30.670  -40.267  77.447 0.0000000000
54030  30.460  -40.801  77.117 0.0000000000
55020  35.719  -39.847  84.781 0.0000000000
47600  31.844  -45.398  89.572 0.0000000000
48638  32.462  -44.780  89.064 0.0000000000
47623  30.913  -44.990  88.818 0.0000000000
47622  31.640  -44.928  88.972 0.0000000000
49612  33.721  -43.564  87.138 0.0000000000
48679  30.861  -43.620  86.738 0.0000000000
147751  30.685  -43.400  85.815 0.0000000000
49614  32.310  -43.582  86.891 0.0000000000
49613  33.217  -43.583  86.922 0.0000000000
50627  33.909  -43.230  86.525 0.0000000000
50646  33.863  -43.318  84.454 0.0000000000
127300  34.366  -42.872  84.948 0.0000000000
151810  34.754  -41.620  84.237 0.0000000000
52908  35.064  -40.977  84.529 0.0000000000
53982  35.425  -40.371  84.051 0.0000000000
52928  35.032  -41.172  82.437 0.0000000000
52929  34.632  -41.611  81.810 0.0000000000
52930  34.249  -42.116  81.262 0.0000000000
51807  33.607  -42.651  81.493 0.0000000000
52940  33.810  -42.044  80.653 0.0000000000
52941  32.989  -42.326  80.338 0.0000000000
51828  30.623  -42.894  81.306 0.0000000000
51827  31.543  -42.737  80.798 0.0000000000
145654  31.638  -42.469  80.166 0.0000000000
63788  36.369  -30.401  80.118 0.0000000000
63789  35.860  -30.633  79.499 0.0000000000
63800  35.684  -30.627  78.930 0.0000000000
61854  35.155  -31.649  78.764 0.0000000000
62807  35.258  -31.319  78.683 0.0000000000
63801  35.339  -30.875  78.397 0.0000000000
63812  35.154  -30.617  77.851 0.0000000000
63823  34.379  -30.667  76.596 0.0000000000
143644  32.164  -31.486  78.893 0.0000000000
149020  32.159  -31.712  78.317 0.0000000000
62825  32.597  -31.842  77.597 0.0000000000
128566  31.845  -31.699  77.185 0.0000000000
63824  33.802  -31.128  76.272 0.0000000000
63835  33.807  -30.382  75.971 0.0000000000
72676  51.805  -21.908  69.129 0.0000000000
71815  53.013  -21.999  67.515 0.0000000000
45404  27.775  -47.743  90.501 0.0000000000
46474  30.459  -47.047  90.167 0.0000000000
46526  25.220  -46.232  87.375 0.0000000000
47626  28.578  -45.654  88.633 0.0000000000
52899  34.718  -41.565  85.048 0.0000000000
57077  33.960  -38.381  85.889 0.0000000000
62794  35.342  -31.343  79.234 0.0000000000
62795  32.549  -31.377  79.393 0.0000000000
63777  36.827  -30.386  80.737 0.0000000000
63787  36.985  -30.144  80.562 0.0000000000
63811  35.578  -30.233  78.351 0.0000000000
65693  36.328  -28.468  79.490 0.0000000000
74365  47.062  -18.926  72.927 0.0000000000
75347  45.802  -17.764  75.174 0.0000000000
75361  46.217  -18.491  73.493 0.0000000000
126030  45.351  -18.897  71.256 0.0000000000
128144  30.652  -43.982  87.658 0.0000000000
136087  20.379  -46.656  91.198 0.0000000000
145747  42.900  -18.814  73.507 0.0000000000
149347  26.013  -43.589  85.503 0.0000000000
