#!ascii label  , from subject sub-01 vox2ras=TkReg
1053
47504  13.238  -46.591  98.603 0.0000000000
45460  10.724  -48.407  85.266 0.0000000000
39427  6.920  -53.316  98.009 0.0000000000
45335  4.123  -46.585  95.873 0.0000000000
52862  6.167  -42.401  90.170 0.0000000000
126933  9.019  -49.746  100.862 0.0000000000
47470  6.674  -47.299  100.533 0.0000000000
45283  15.471  -47.067  99.292 0.0000000000
41365  12.017  -51.348  98.610 0.0000000000
38415  8.336  -54.806  96.478 0.0000000000
53850  5.144  -41.235  98.875 0.0000000000
49571  4.062  -44.830  92.567 0.0000000000
54917  7.866  -39.791  96.102 0.0000000000
40420  5.192  -53.972  93.870 0.0000000000
42348  8.360  -50.717  94.272 0.0000000000
43227  5.718  -49.721  98.078 0.0000000000
49505  4.768  -43.886  100.330 0.0000000000
147815  8.910  -47.010  91.544 0.0000000000
47654  6.219  -45.908  86.480 0.0000000000
50680  4.015  -43.893  83.229 0.0000000000
52884  10.042  -41.439  87.144 0.0000000000
46330  10.862  -48.449  99.709 0.0000000000
46349  9.039  -48.193  99.772 0.0000000000
47472  14.339  -46.937  99.658 0.0000000000
43209  13.902  -49.226  99.022 0.0000000000
137538  12.230  -48.633  99.742 0.0000000000
41359  10.022  -51.135  100.257 0.0000000000
53858  6.458  -40.472  97.783 0.0000000000
40401  6.268  -53.677  96.115 0.0000000000
41378  6.966  -52.562  97.149 0.0000000000
42311  6.658  -51.112  98.648 0.0000000000
49504  7.137  -43.770  99.980 0.0000000000
136688  5.623  -45.445  100.445 0.0000000000
37365  7.476  -54.632  97.454 0.0000000000
135698  7.235  -55.568  95.807 0.0000000000
148932  6.282  -54.770  96.441 0.0000000000
38438  4.756  -54.895  94.226 0.0000000000
45330  7.405  -49.000  95.397 0.0000000000
44304  9.226  -49.251  93.175 0.0000000000
45369  6.274  -47.184  93.295 0.0000000000
51719  4.472  -43.020  91.051 0.0000000000
47587  5.052  -45.847  89.030 0.0000000000
49608  4.201  -44.648  87.609 0.0000000000
130517  5.314  -45.508  85.013 0.0000000000
51768  5.161  -43.371  86.327 0.0000000000
40384  7.547  -51.955  100.250 0.0000000000
43208  6.658  -50.284  100.398 0.0000000000
45269  7.732  -49.000  100.633 0.0000000000
147018  7.620  -45.806  99.499 0.0000000000
45310  15.858  -47.891  96.820 0.0000000000
44291  14.438  -48.460  95.570 0.0000000000
44258  14.773  -48.940  97.006 0.0000000000
42320  12.936  -50.526  96.406 0.0000000000
39428  10.559  -53.235  97.828 0.0000000000
39415  9.092  -53.031  99.816 0.0000000000
132463  4.135  -44.773  97.013 0.0000000000
46430  3.987  -45.983  93.787 0.0000000000
51669  4.488  -43.303  96.002 0.0000000000
52812  5.931  -42.154  94.439 0.0000000000
127543  6.917  -41.958  92.846 0.0000000000
49521  14.409  -45.866  98.191 0.0000000000
46395  18.745  -45.964  95.674 0.0000000000
46367  19.966  -45.819  97.286 0.0000000000
46342  16.774  -46.218  98.823 0.0000000000
49503  16.235  -45.413  98.688 0.0000000000
41397  4.824  -53.713  92.250 0.0000000000
42364  6.187  -52.862  91.875 0.0000000000
41389  6.126  -52.860  93.857 0.0000000000
43238  7.121  -50.482  97.085 0.0000000000
44272  4.894  -48.301  97.347 0.0000000000
44240  5.312  -48.706  99.647 0.0000000000
46363  4.725  -47.523  98.689 0.0000000000
48568  4.229  -45.753  97.910 0.0000000000
51644  4.497  -43.004  99.218 0.0000000000
43294  7.918  -51.025  91.303 0.0000000000
44355  9.496  -49.356  89.877 0.0000000000
46501  10.259  -47.581  88.378 0.0000000000
125848  5.956  -46.594  90.989 0.0000000000
131666  8.295  -46.075  88.868 0.0000000000
136787  9.630  -46.287  86.230 0.0000000000
47713  7.467  -45.851  83.279 0.0000000000
47748  5.961  -46.028  82.105 0.0000000000
55944  9.275  -38.823  94.708 0.0000000000
53923  8.894  -40.959  91.712 0.0000000000
53929  10.525  -40.149  90.183 0.0000000000
146716  8.344  -41.702  88.825 0.0000000000
150927  6.516  -42.668  85.128 0.0000000000
47492  11.819  -47.454  98.911 0.0000000000
143828  10.807  -47.626  99.039 0.0000000000
47512  12.265  -46.639  98.449 0.0000000000
47490  13.741  -46.829  99.104 0.0000000000
46327  13.678  -47.223  99.476 0.0000000000
46345  12.776  -47.275  99.029 0.0000000000
45276  11.206  -48.706  99.877 0.0000000000
44455  10.743  -49.725  84.047 0.0000000000
141390  11.033  -47.986  84.138 0.0000000000
133376  6.317  -53.782  96.699 0.0000000000
41374  6.815  -52.956  97.388 0.0000000000
137337  6.677  -51.718  98.936 0.0000000000
46404  16.144  -47.022  95.101 0.0000000000
38407  7.095  -53.456  98.471 0.0000000000
37366  6.910  -54.694  97.219 0.0000000000
39431  6.427  -54.043  97.170 0.0000000000
39440  5.911  -54.071  95.777 0.0000000000
44296  5.380  -48.059  95.191 0.0000000000
45345  6.748  -48.332  94.788 0.0000000000
125725  5.034  -47.560  94.480 0.0000000000
51726  5.319  -42.662  90.205 0.0000000000
50605  4.253  -43.628  89.584 0.0000000000
50604  4.597  -43.506  89.156 0.0000000000
50621  4.570  -43.884  87.450 0.0000000000
130589  5.260  -43.222  87.986 0.0000000000
142315  8.388  -51.331  100.768 0.0000000000
42291  7.953  -50.507  100.750 0.0000000000
45268  8.261  -49.195  100.611 0.0000000000
47493  8.562  -47.440  99.407 0.0000000000
49514  7.788  -44.272  98.988 0.0000000000
45292  16.065  -47.533  97.822 0.0000000000
44257  15.344  -48.392  96.793 0.0000000000
44248  15.433  -48.336  97.295 0.0000000000
42305  13.144  -50.478  98.234 0.0000000000
139154  13.387  -50.146  97.068 0.0000000000
138397  12.515  -51.181  97.229 0.0000000000
40393  11.397  -52.346  98.139 0.0000000000
42288  9.608  -50.936  100.704 0.0000000000
40380  9.504  -52.099  100.120 0.0000000000
40374  9.073  -51.663  100.581 0.0000000000
39416  8.438  -53.180  99.929 0.0000000000
135355  4.628  -42.885  98.209 0.0000000000
50548  4.270  -44.064  96.249 0.0000000000
131115  4.922  -42.538  97.656 0.0000000000
53867  6.710  -40.684  96.882 0.0000000000
142865  5.863  -41.729  96.040 0.0000000000
53900  6.818  -41.105  95.442 0.0000000000
52821  6.482  -42.077  93.634 0.0000000000
53899  7.558  -40.929  94.800 0.0000000000
131335  17.313  -46.476  98.094 0.0000000000
40429  4.672  -53.990  93.146 0.0000000000
126491  5.418  -53.432  92.714 0.0000000000
130498  5.842  -53.220  94.405 0.0000000000
42314  6.950  -51.107  97.966 0.0000000000
41377  7.282  -52.199  96.694 0.0000000000
43239  6.284  -50.107  97.692 0.0000000000
135186  5.698  -49.338  97.336 0.0000000000
44259  5.366  -49.050  97.865 0.0000000000
45271  6.806  -48.530  100.872 0.0000000000
42299  6.192  -49.866  100.111 0.0000000000
45272  6.065  -48.357  100.712 0.0000000000
48547  5.214  -44.509  100.441 0.0000000000
47496  4.944  -46.445  99.483 0.0000000000
125312  4.590  -45.731  99.209 0.0000000000
47516  4.277  -46.280  98.067 0.0000000000
48558  4.381  -44.930  99.190 0.0000000000
49516  4.398  -44.309  98.918 0.0000000000
50510  4.550  -43.318  100.157 0.0000000000
44281  13.816  -48.921  95.997 0.0000000000
45342  14.220  -48.339  94.654 0.0000000000
38435  8.850  -54.839  95.694 0.0000000000
38444  8.833  -54.918  94.952 0.0000000000
38436  8.330  -55.354  95.326 0.0000000000
37396  6.772  -55.619  95.338 0.0000000000
145736  6.767  -55.668  94.611 0.0000000000
39460  5.069  -54.431  94.201 0.0000000000
40430  4.554  -54.459  93.595 0.0000000000
141588  7.083  -51.942  93.266 0.0000000000
42381  6.756  -52.321  91.540 0.0000000000
43278  8.180  -50.876  92.340 0.0000000000
45367  9.413  -47.971  92.646 0.0000000000
44327  9.188  -49.632  91.326 0.0000000000
45396  9.655  -48.236  90.904 0.0000000000
45423  9.855  -48.938  89.179 0.0000000000
46479  9.893  -47.386  89.761 0.0000000000
48612  4.098  -45.206  93.457 0.0000000000
45372  4.698  -46.413  92.618 0.0000000000
46465  4.236  -45.789  91.467 0.0000000000
47634  5.571  -45.959  87.470 0.0000000000
47586  6.003  -46.361  88.836 0.0000000000
47633  7.289  -45.859  87.543 0.0000000000
126184  8.247  -45.719  87.264 0.0000000000
47652  7.937  -45.641  86.415 0.0000000000
142625  8.569  -45.902  84.755 0.0000000000
47672  7.007  -45.724  85.033 0.0000000000
48705  4.341  -44.868  83.917 0.0000000000
47715  5.943  -45.829  83.544 0.0000000000
130758  4.574  -45.352  82.695 0.0000000000
56983  9.372  -37.699  93.676 0.0000000000
53906  9.364  -40.370  93.186 0.0000000000
55962  10.114  -38.986  93.094 0.0000000000
54996  11.088  -39.752  87.959 0.0000000000
53953  10.606  -40.494  88.433 0.0000000000
52858  9.499  -41.136  89.259 0.0000000000
134838  8.872  -41.797  87.692 0.0000000000
51757  7.576  -42.320  87.075 0.0000000000
52902  8.969  -42.248  86.200 0.0000000000
45266  9.458  -49.358  100.660 0.0000000000
46332  9.141  -48.616  100.123 0.0000000000
46348  9.741  -48.345  99.781 0.0000000000
46344  15.141  -46.908  99.593 0.0000000000
44242  14.568  -48.741  98.660 0.0000000000
44230  13.732  -48.177  99.503 0.0000000000
44238  13.351  -48.920  99.601 0.0000000000
42294  12.089  -50.198  99.726 0.0000000000
41362  10.864  -51.372  99.583 0.0000000000
43207  10.900  -50.123  100.371 0.0000000000
43198  10.006  -49.830  100.703 0.0000000000
54862  5.018  -39.634  99.829 0.0000000000
53849  5.731  -41.016  98.183 0.0000000000
53848  6.101  -39.970  98.652 0.0000000000
54886  6.730  -39.502  98.127 0.0000000000
54885  7.272  -38.990  97.556 0.0000000000
40410  5.741  -53.779  95.173 0.0000000000
41384  6.026  -53.317  95.187 0.0000000000
147181  6.722  -52.987  96.896 0.0000000000
41373  7.021  -52.242  97.840 0.0000000000
42316  6.128  -50.210  98.485 0.0000000000
48532  6.851  -45.419  100.189 0.0000000000
47477  6.199  -46.422  100.407 0.0000000000
48533  6.269  -44.714  100.513 0.0000000000
49496  5.728  -43.975  100.706 0.0000000000
141564  5.239  -43.494  100.690 0.0000000000
50500  5.203  -42.704  100.916 0.0000000000
37372  8.150  -54.669  96.985 0.0000000000
37384  8.153  -55.348  95.828 0.0000000000
133402  7.328  -55.333  96.302 0.0000000000
37386  6.730  -55.430  95.914 0.0000000000
37397  6.070  -55.412  95.402 0.0000000000
37410  4.763  -55.017  94.313 0.0000000000
38428  5.684  -54.561  95.506 0.0000000000
131638  5.447  -54.290  95.007 0.0000000000
43249  8.408  -49.994  95.121 0.0000000000
43267  8.892  -50.021  93.858 0.0000000000
45343  8.508  -48.675  94.330 0.0000000000
46414  8.417  -47.771  93.614 0.0000000000
46426  7.837  -47.065  92.851 0.0000000000
135929  4.200  -43.608  91.529 0.0000000000
137463  4.003  -45.080  90.456 0.0000000000
49594  3.871  -44.232  89.828 0.0000000000
128252  4.287  -45.136  87.973 0.0000000000
47635  5.379  -45.737  86.781 0.0000000000
47674  5.973  -45.664  85.338 0.0000000000
48671  4.525  -45.106  86.203 0.0000000000
49647  4.303  -44.670  85.229 0.0000000000
50659  4.556  -43.671  84.775 0.0000000000
53969  10.786  -40.878  86.327 0.0000000000
51774  9.102  -42.323  85.309 0.0000000000
52910  10.639  -41.426  84.902 0.0000000000
39419  7.117  -52.486  99.505 0.0000000000
40392  6.830  -52.112  99.293 0.0000000000
42293  7.058  -50.821  100.555 0.0000000000
44227  7.474  -49.267  100.711 0.0000000000
46322  7.420  -48.426  100.624 0.0000000000
46333  8.335  -48.420  100.172 0.0000000000
47474  7.728  -47.844  100.110 0.0000000000
47495  7.231  -46.744  100.100 0.0000000000
48557  7.380  -44.696  99.574 0.0000000000
45317  16.414  -47.437  96.911 0.0000000000
45340  15.877  -47.701  95.622 0.0000000000
45319  15.354  -48.419  96.574 0.0000000000
43217  14.331  -49.328  97.186 0.0000000000
42313  13.425  -49.943  96.667 0.0000000000
42328  13.100  -50.171  95.739 0.0000000000
39438  9.855  -53.612  96.509 0.0000000000
39426  9.370  -53.856  97.547 0.0000000000
40391  10.546  -52.312  99.213 0.0000000000
39420  9.649  -53.128  98.951 0.0000000000
38408  8.929  -54.085  97.695 0.0000000000
38404  8.401  -53.926  98.666 0.0000000000
38400  7.933  -53.704  99.231 0.0000000000
128662  4.221  -46.049  96.337 0.0000000000
137215  4.187  -46.810  94.527 0.0000000000
49547  4.100  -45.277  95.888 0.0000000000
49556  4.080  -45.190  95.028 0.0000000000
50570  4.586  -43.735  94.267 0.0000000000
52783  5.036  -42.397  96.283 0.0000000000
51697  5.077  -42.787  94.965 0.0000000000
151258  4.723  -43.266  93.556 0.0000000000
51710  4.961  -42.757  92.470 0.0000000000
52840  6.096  -42.405  91.676 0.0000000000
52839  6.808  -42.169  91.284 0.0000000000
48561  13.847  -46.332  98.539 0.0000000000
127452  17.535  -46.603  95.961 0.0000000000
45307  21.935  -47.019  95.688 0.0000000000
46366  21.157  -46.180  96.917 0.0000000000
45301  20.854  -46.210  96.402 0.0000000000
130096  19.884  -45.940  96.371 0.0000000000
145278  18.801  -46.206  96.755 0.0000000000
46386  17.180  -46.825  96.767 0.0000000000
45302  16.540  -47.011  97.654 0.0000000000
45282  16.049  -46.605  98.873 0.0000000000
48542  16.843  -45.499  98.840 0.0000000000
47488  15.472  -46.575  99.151 0.0000000000
47489  14.979  -46.652  99.351 0.0000000000
48553  14.829  -46.233  98.615 0.0000000000
42350  6.416  -52.452  93.236 0.0000000000
42340  7.057  -52.188  94.118 0.0000000000
41383  6.999  -52.827  95.958 0.0000000000
147035  7.367  -52.097  95.269 0.0000000000
42331  7.912  -51.281  95.735 0.0000000000
44269  7.428  -49.848  96.285 0.0000000000
129328  5.570  -48.952  96.675 0.0000000000
45334  4.483  -47.599  96.666 0.0000000000
142245  6.322  -50.618  99.256 0.0000000000
42308  5.908  -49.955  99.143 0.0000000000
43219  5.359  -49.331  98.635 0.0000000000
46338  5.343  -47.251  99.839 0.0000000000
45285  5.042  -48.179  99.079 0.0000000000
44250  5.157  -48.904  98.423 0.0000000000
45311  4.555  -47.770  97.709 0.0000000000
45312  4.270  -47.130  97.244 0.0000000000
46388  4.154  -46.658  96.719 0.0000000000
49532  4.139  -45.068  97.244 0.0000000000
50531  4.398  -43.791  98.539 0.0000000000
51652  4.644  -42.522  98.974 0.0000000000
128895  4.800  -41.726  100.657 0.0000000000
52758  4.637  -41.389  100.134 0.0000000000
53845  4.857  -40.627  99.738 0.0000000000
38452  8.727  -54.828  94.140 0.0000000000
37394  7.886  -55.706  94.955 0.0000000000
43293  8.737  -50.247  91.846 0.0000000000
132740  8.620  -50.360  90.943 0.0000000000
45444  10.498  -48.356  86.788 0.0000000000
45361  4.583  -46.696  93.657 0.0000000000
46428  5.990  -46.758  92.562 0.0000000000
125287  6.780  -46.732  91.031 0.0000000000
46463  4.997  -46.354  90.439 0.0000000000
47568  7.083  -46.543  90.113 0.0000000000
47567  8.304  -46.635  90.180 0.0000000000
140029  9.251  -46.406  88.668 0.0000000000
47632  9.984  -46.596  87.134 0.0000000000
46531  10.603  -47.528  85.582 0.0000000000
47689  10.140  -46.574  84.495 0.0000000000
47693  6.497  -45.636  84.262 0.0000000000
47731  7.278  -46.126  82.609 0.0000000000
56950  7.470  -37.547  96.657 0.0000000000
56962  8.253  -37.669  95.472 0.0000000000
54916  8.452  -39.431  95.607 0.0000000000
53898  8.464  -40.508  94.481 0.0000000000
52830  8.031  -41.389  91.943 0.0000000000
137871  7.684  -41.610  90.807 0.0000000000
53921  10.383  -40.138  91.069 0.0000000000
52846  8.257  -41.363  90.306 0.0000000000
130798  6.834  -42.077  89.188 0.0000000000
51758  6.639  -42.602  87.264 0.0000000000
51767  5.955  -42.845  85.942 0.0000000000
50679  4.614  -43.107  83.826 0.0000000000
50678  6.103  -42.757  83.632 0.0000000000
127362  12.535  -46.983  98.753 0.0000000000
47503  13.780  -46.714  98.947 0.0000000000
47491  13.015  -47.063  98.890 0.0000000000
46346  11.857  -47.664  99.066 0.0000000000
44423  10.454  -49.324  85.427 0.0000000000
45478  10.818  -48.864  84.583 0.0000000000
45494  11.178  -48.736  83.792 0.0000000000
140115  10.805  -47.789  84.757 0.0000000000
40398  6.828  -53.137  97.611 0.0000000000
40395  6.945  -52.495  98.523 0.0000000000
46396  16.569  -47.215  95.761 0.0000000000
38411  6.734  -54.055  97.626 0.0000000000
45347  4.772  -47.691  95.173 0.0000000000
45348  4.268  -47.244  95.190 0.0000000000
125226  5.127  -43.046  89.447 0.0000000000
51748  4.933  -43.367  88.647 0.0000000000
51747  5.508  -42.890  88.829 0.0000000000
42290  8.680  -50.681  100.932 0.0000000000
43201  8.780  -49.974  100.805 0.0000000000
44225  8.584  -49.793  100.772 0.0000000000
141100  15.842  -47.235  98.567 0.0000000000
149050  15.603  -47.992  98.094 0.0000000000
42306  12.353  -50.948  98.819 0.0000000000
41364  12.751  -50.921  97.982 0.0000000000
41369  12.370  -51.337  97.853 0.0000000000
147231  12.112  -51.589  97.109 0.0000000000
41372  11.982  -51.774  97.672 0.0000000000
40389  11.730  -51.783  98.425 0.0000000000
127111  9.415  -50.377  100.845 0.0000000000
41353  9.260  -51.280  100.721 0.0000000000
42289  9.139  -50.803  100.942 0.0000000000
40375  8.752  -51.566  100.667 0.0000000000
52768  4.921  -42.104  98.548 0.0000000000
53866  7.328  -40.224  96.568 0.0000000000
138137  6.935  -40.743  96.175 0.0000000000
53883  7.483  -40.509  95.733 0.0000000000
41387  5.391  -53.546  93.554 0.0000000000
40419  5.506  -53.732  94.501 0.0000000000
43226  6.190  -50.192  98.059 0.0000000000
147210  6.871  -50.798  97.669 0.0000000000
43240  5.585  -49.529  97.827 0.0000000000
46324  6.761  -47.923  100.797 0.0000000000
44229  6.469  -48.881  100.763 0.0000000000
48548  4.741  -44.856  99.865 0.0000000000
49506  4.505  -44.105  99.734 0.0000000000
38426  8.848  -54.627  96.333 0.0000000000
38427  8.324  -55.148  95.931 0.0000000000
140225  6.025  -55.538  94.727 0.0000000000
130033  5.426  -53.939  94.481 0.0000000000
42349  7.730  -51.394  93.758 0.0000000000
42362  7.587  -51.482  92.825 0.0000000000
43268  8.347  -50.749  93.340 0.0000000000
46424  9.233  -47.433  92.106 0.0000000000
45382  9.609  -48.106  91.889 0.0000000000
46438  9.403  -47.490  91.327 0.0000000000
45395  10.017  -47.927  90.134 0.0000000000
46458  9.609  -47.474  90.529 0.0000000000
46445  4.156  -45.791  92.354 0.0000000000
48620  3.989  -45.165  92.111 0.0000000000
129233  6.001  -46.119  87.358 0.0000000000
151147  6.531  -45.980  87.211 0.0000000000
151656  7.547  -45.686  86.928 0.0000000000
126196  6.983  -45.820  86.584 0.0000000000
47653  7.235  -45.750  85.855 0.0000000000
132300  6.578  -45.773  85.797 0.0000000000
48704  4.806  -45.440  83.494 0.0000000000
131974  3.984  -44.717  82.995 0.0000000000
132885  8.736  -37.184  94.001 0.0000000000
151506  9.826  -38.208  93.220 0.0000000000
55970  10.069  -38.201  92.393 0.0000000000
53964  10.608  -41.042  87.124 0.0000000000
141779  10.756  -40.597  87.702 0.0000000000
52871  10.162  -41.179  87.907 0.0000000000
52885  9.482  -41.613  87.475 0.0000000000
52894  8.912  -41.970  87.003 0.0000000000
52893  9.613  -41.791  86.632 0.0000000000
45277  10.001  -48.892  100.274 0.0000000000
46331  9.943  -48.601  99.974 0.0000000000
47513  11.255  -46.780  98.319 0.0000000000
47471  15.115  -46.971  99.707 0.0000000000
45284  14.542  -47.529  99.499 0.0000000000
46326  14.417  -47.190  99.708 0.0000000000
45274  12.977  -47.955  99.508 0.0000000000
44231  12.966  -48.660  99.698 0.0000000000
43205  12.247  -49.452  99.827 0.0000000000
132765  11.550  -49.995  100.057 0.0000000000
43206  11.447  -49.638  100.123 0.0000000000
44222  10.610  -49.377  100.385 0.0000000000
140088  10.557  -49.040  100.262 0.0000000000
45265  10.073  -49.503  100.612 0.0000000000
54872  5.619  -39.314  99.315 0.0000000000
56936  6.185  -37.830  98.680 0.0000000000
55924  6.808  -38.426  98.181 0.0000000000
56943  6.644  -37.390  98.006 0.0000000000
40402  5.713  -53.949  95.288 0.0000000000
139092  6.993  -51.797  98.153 0.0000000000
42315  6.740  -51.020  98.387 0.0000000000
130983  6.959  -44.501  100.051 0.0000000000
134148  6.646  -45.792  100.318 0.0000000000
127933  6.615  -44.295  100.332 0.0000000000
49495  6.287  -43.677  100.689 0.0000000000
50499  5.814  -42.972  101.063 0.0000000000
51630  5.533  -42.151  101.328 0.0000000000
37364  7.989  -54.501  97.885 0.0000000000
37373  7.688  -54.902  96.832 0.0000000000
133212  6.680  -55.102  96.545 0.0000000000
37387  6.082  -55.033  95.988 0.0000000000
37398  5.570  -55.057  95.348 0.0000000000
44282  7.902  -49.648  95.600 0.0000000000
44295  8.214  -49.248  95.010 0.0000000000
45358  6.500  -47.723  93.996 0.0000000000
45357  7.583  -48.027  94.252 0.0000000000
46415  7.190  -47.434  93.475 0.0000000000
50595  3.993  -43.634  90.706 0.0000000000
50596  3.721  -44.118  90.490 0.0000000000
141838  4.196  -44.345  88.508 0.0000000000
149317  4.162  -44.684  88.385 0.0000000000
47636  4.765  -45.499  87.276 0.0000000000
48655  4.277  -45.142  87.003 0.0000000000
48670  4.895  -45.470  86.495 0.0000000000
50629  4.672  -43.816  86.459 0.0000000000
50630  4.444  -44.158  86.166 0.0000000000
50639  4.612  -43.797  85.553 0.0000000000
50640  4.397  -44.120  85.368 0.0000000000
50638  4.852  -43.521  85.614 0.0000000000
53963  11.219  -40.257  87.014 0.0000000000
53976  10.936  -40.824  85.505 0.0000000000
52900  10.301  -41.474  85.772 0.0000000000
40388  7.238  -52.219  99.909 0.0000000000
148245  6.989  -51.825  100.018 0.0000000000
40377  7.337  -51.380  100.489 0.0000000000
44226  7.716  -49.424  100.658 0.0000000000
142736  7.744  -50.084  100.659 0.0000000000
128182  7.384  -48.948  100.738 0.0000000000
142067  8.521  -48.846  100.456 0.0000000000
47494  7.684  -46.931  99.746 0.0000000000
147255  7.334  -47.531  100.345 0.0000000000
48546  7.229  -45.649  99.905 0.0000000000
45318  15.882  -47.959  96.707 0.0000000000
44268  14.817  -48.838  96.869 0.0000000000
137114  14.280  -49.009  96.844 0.0000000000
43213  14.413  -49.372  98.025 0.0000000000
41370  12.972  -50.561  96.814 0.0000000000
42319  13.272  -50.029  96.278 0.0000000000
129323  12.705  -50.672  95.889 0.0000000000
41380  12.318  -51.219  95.720 0.0000000000
40407  11.450  -52.200  95.450 0.0000000000
39429  9.929  -53.532  97.313 0.0000000000
39430  9.326  -54.024  96.799 0.0000000000
41358  10.452  -51.172  99.916 0.0000000000
40385  10.751  -51.817  99.439 0.0000000000
40378  10.417  -51.589  99.755 0.0000000000
39408  9.209  -52.574  100.048 0.0000000000
128764  9.408  -52.968  99.543 0.0000000000
39421  9.155  -53.311  99.217 0.0000000000
38402  9.334  -53.641  98.384 0.0000000000
38403  8.844  -53.776  98.555 0.0000000000
38409  8.515  -54.297  97.785 0.0000000000
38398  8.705  -53.402  99.470 0.0000000000
39411  8.231  -52.775  100.185 0.0000000000
39417  8.076  -53.184  99.938 0.0000000000
39412  7.759  -52.566  100.103 0.0000000000
39422  7.269  -53.021  99.227 0.0000000000
49540  4.069  -45.216  96.593 0.0000000000
48586  4.189  -45.729  96.096 0.0000000000
49539  4.115  -44.746  96.461 0.0000000000
49546  4.160  -44.667  95.658 0.0000000000
50560  4.438  -43.935  95.350 0.0000000000
49555  4.299  -44.527  94.701 0.0000000000
51684  4.768  -43.245  95.118 0.0000000000
52782  5.552  -41.744  97.345 0.0000000000
52797  5.602  -42.066  95.423 0.0000000000
52798  5.197  -42.392  95.609 0.0000000000
52813  5.423  -42.494  94.760 0.0000000000
51698  4.926  -43.109  94.237 0.0000000000
143147  5.222  -42.815  94.234 0.0000000000
51703  5.003  -42.859  93.415 0.0000000000
52823  5.508  -42.618  93.863 0.0000000000
52820  7.169  -41.499  93.803 0.0000000000
142999  6.137  -42.379  92.647 0.0000000000
52831  6.676  -42.251  92.070 0.0000000000
48570  13.514  -45.786  97.881 0.0000000000
142757  14.166  -45.238  97.723 0.0000000000
125468  19.328  -45.860  94.835 0.0000000000
126492  18.277  -46.024  95.235 0.0000000000
46358  20.360  -45.777  97.691 0.0000000000
46357  21.443  -46.151  97.362 0.0000000000
46375  19.633  -45.955  97.079 0.0000000000
46377  17.845  -46.462  97.178 0.0000000000
46360  17.355  -46.186  98.550 0.0000000000
45291  16.585  -46.696  98.367 0.0000000000
130617  17.073  -44.869  98.714 0.0000000000
47487  16.381  -46.190  98.877 0.0000000000
134675  16.053  -45.986  98.938 0.0000000000
48543  15.438  -46.196  98.834 0.0000000000
49513  15.033  -45.726  98.311 0.0000000000
144936  14.498  -46.289  98.625 0.0000000000
48554  14.057  -46.489  98.759 0.0000000000
131152  4.283  -54.038  91.846 0.0000000000
151013  5.895  -53.062  93.153 0.0000000000
41379  6.416  -53.408  96.074 0.0000000000
42321  7.522  -51.400  96.581 0.0000000000
41382  7.526  -52.022  96.093 0.0000000000
43237  7.665  -50.650  96.326 0.0000000000
43250  8.032  -50.349  95.729 0.0000000000
44271  5.330  -48.774  97.200 0.0000000000
44285  5.113  -48.373  96.044 0.0000000000
44286  4.844  -48.129  96.655 0.0000000000
42298  6.595  -50.804  100.148 0.0000000000
41367  6.567  -51.375  99.421 0.0000000000
42302  6.474  -50.928  99.731 0.0000000000
127204  5.728  -49.345  100.112 0.0000000000
43211  5.792  -49.693  99.503 0.0000000000
139864  5.442  -49.464  99.054 0.0000000000
43215  5.590  -49.620  98.800 0.0000000000
44239  5.313  -49.229  99.316 0.0000000000
47478  5.595  -46.264  100.305 0.0000000000
139492  5.606  -46.941  100.166 0.0000000000
47509  4.654  -46.665  98.894 0.0000000000
46351  4.983  -47.343  99.220 0.0000000000
45293  4.907  -48.350  98.640 0.0000000000
45304  4.775  -48.222  98.180 0.0000000000
46371  4.538  -47.556  98.193 0.0000000000
46372  4.294  -46.863  97.789 0.0000000000
133755  4.187  -46.771  97.272 0.0000000000
47522  4.114  -46.277  96.871 0.0000000000
48575  4.114  -45.731  97.294 0.0000000000
50520  4.478  -43.526  99.431 0.0000000000
143170  4.496  -43.188  98.602 0.0000000000
51643  4.532  -42.243  99.689 0.0000000000
51631  5.037  -42.001  101.070 0.0000000000
45329  15.287  -48.189  95.928 0.0000000000
45341  15.181  -47.778  95.082 0.0000000000
38445  8.286  -55.370  94.619 0.0000000000
37385  7.661  -55.486  95.917 0.0000000000
128460  7.948  -55.576  95.617 0.0000000000
37395  7.419  -55.681  95.348 0.0000000000
40442  4.362  -54.040  92.446 0.0000000000
141468  7.273  -51.858  91.160 0.0000000000
42397  6.776  -52.349  90.856 0.0000000000
42396  7.426  -51.645  90.470 0.0000000000
131489  9.033  -49.240  93.953 0.0000000000
43277  8.910  -50.109  92.842 0.0000000000
44341  9.519  -49.074  90.732 0.0000000000
44342  9.076  -49.800  90.479 0.0000000000
43313  8.487  -50.423  90.138 0.0000000000
150680  9.194  -49.922  88.915 0.0000000000
45422  10.158  -48.518  88.481 0.0000000000
44370  9.836  -49.363  88.375 0.0000000000
44369  10.163  -48.999  87.904 0.0000000000
44386  10.248  -49.070  87.215 0.0000000000
45434  10.388  -48.175  87.654 0.0000000000
46417  3.996  -46.334  94.694 0.0000000000
46416  4.139  -46.349  93.794 0.0000000000
45383  5.064  -46.538  92.144 0.0000000000
45370  5.515  -46.664  92.587 0.0000000000
46442  5.540  -46.583  91.730 0.0000000000
46441  6.327  -46.713  91.814 0.0000000000
47588  4.567  -45.696  89.733 0.0000000000
150498  4.508  -45.912  90.267 0.0000000000
46482  5.266  -46.236  89.614 0.0000000000
47585  6.746  -46.305  89.105 0.0000000000
46480  6.192  -46.457  89.640 0.0000000000
47584  7.715  -46.252  89.414 0.0000000000
47583  8.768  -46.456  89.471 0.0000000000
129497  9.066  -45.888  86.819 0.0000000000
142822  10.297  -46.973  86.308 0.0000000000
129727  10.080  -46.563  85.433 0.0000000000
46542  10.523  -47.057  84.865 0.0000000000
47691  8.036  -45.786  83.998 0.0000000000
125995  8.177  -46.252  82.739 0.0000000000
143612  5.860  -45.621  84.971 0.0000000000
47694  6.077  -45.641  84.653 0.0000000000
47733  6.002  -45.941  82.864 0.0000000000
47714  6.354  -45.794  83.250 0.0000000000
47732  6.570  -46.060  82.497 0.0000000000
145212  7.153  -46.356  81.922 0.0000000000
56974  7.881  -36.916  94.973 0.0000000000
55945  8.847  -38.179  95.137 0.0000000000
55934  8.472  -38.530  95.740 0.0000000000
143262  8.872  -38.955  95.273 0.0000000000
54928  8.904  -39.688  94.841 0.0000000000
53915  8.721  -40.949  92.620 0.0000000000
52837  8.207  -41.280  91.133 0.0000000000
54967  10.954  -39.265  89.662 0.0000000000
55978  10.712  -38.507  90.482 0.0000000000
54958  10.732  -39.421  90.703 0.0000000000
54951  10.511  -39.442  91.495 0.0000000000
52845  9.246  -40.976  89.984 0.0000000000
52859  8.744  -41.436  89.395 0.0000000000
52860  7.699  -41.761  89.537 0.0000000000
52874  7.555  -41.888  88.619 0.0000000000
52888  6.741  -42.239  88.324 0.0000000000
52887  7.492  -42.070  87.777 0.0000000000
51775  7.038  -42.586  85.568 0.0000000000
51785  5.813  -42.784  84.938 0.0000000000
50658  4.982  -43.026  84.955 0.0000000000
50657  5.442  -42.799  84.220 0.0000000000
51783  8.398  -42.537  84.661 0.0000000000
46347  10.693  -48.036  99.414 0.0000000000
47505  11.600  -47.203  98.727 0.0000000000
131890  14.257  -46.679  99.226 0.0000000000
47473  13.713  -47.186  99.455 0.0000000000
46328  12.898  -47.576  99.298 0.0000000000
45275  12.088  -48.284  99.560 0.0000000000
44233  11.448  -48.959  100.008 0.0000000000
46329  11.994  -47.960  99.333 0.0000000000
46574  11.111  -47.839  83.432 0.0000000000
139712  6.969  -52.175  98.251 0.0000000000
38410  7.149  -54.141  98.017 0.0000000000
139951  6.434  -54.532  96.887 0.0000000000
38416  6.137  -54.359  96.338 0.0000000000
45331  6.573  -48.791  95.413 0.0000000000
45332  6.001  -48.388  95.121 0.0000000000
45346  5.734  -47.810  94.451 0.0000000000
141713  5.835  -47.426  93.753 0.0000000000
140092  5.064  -42.552  90.918 0.0000000000
51728  4.289  -43.332  90.249 0.0000000000
51738  4.652  -43.140  89.875 0.0000000000
132229  4.266  -43.926  88.808 0.0000000000
50613  4.364  -44.181  87.937 0.0000000000
50622  4.364  -44.221  87.029 0.0000000000
50612  4.544  -43.777  88.323 0.0000000000
149724  4.800  -43.587  87.917 0.0000000000
150929  4.945  -43.500  87.198 0.0000000000
40376  7.919  -51.601  100.576 0.0000000000
149694  7.713  -51.206  100.687 0.0000000000
126631  8.315  -50.337  100.777 0.0000000000
126932  8.179  -49.896  100.708 0.0000000000
151259  8.045  -49.494  100.664 0.0000000000
47508  8.212  -46.427  99.118 0.0000000000
48556  7.924  -45.308  98.994 0.0000000000
45303  15.938  -47.722  97.148 0.0000000000
44249  14.874  -48.897  97.137 0.0000000000
43214  13.522  -49.886  98.557 0.0000000000
42304  13.795  -49.871  97.597 0.0000000000
42310  13.321  -50.306  97.397 0.0000000000
41368  12.903  -50.726  97.291 0.0000000000
41371  12.541  -51.119  96.722 0.0000000000
40397  11.015  -52.775  97.552 0.0000000000
40394  10.886  -52.800  98.187 0.0000000000
42297  10.029  -50.924  100.399 0.0000000000
40379  9.983  -51.844  99.965 0.0000000000
41352  9.596  -51.220  100.532 0.0000000000
40373  9.345  -51.641  100.451 0.0000000000
39409  8.941  -52.699  100.115 0.0000000000
131785  8.766  -53.085  99.955 0.0000000000
40382  8.845  -52.178  100.355 0.0000000000
40383  8.426  -52.085  100.409 0.0000000000
51653  4.364  -43.624  97.934 0.0000000000
50537  4.359  -44.134  97.088 0.0000000000
51661  4.569  -43.275  97.399 0.0000000000
144992  4.493  -43.535  96.710 0.0000000000
51668  4.764  -42.822  96.693 0.0000000000
53868  6.035  -41.356  97.005 0.0000000000
53884  6.369  -41.244  96.145 0.0000000000
52796  6.141  -41.646  95.330 0.0000000000
52811  6.634  -41.569  94.581 0.0000000000
46394  19.980  -45.944  95.155 0.0000000000
46369  18.005  -46.233  97.727 0.0000000000
47486  17.889  -45.644  98.717 0.0000000000
48552  15.492  -45.790  98.573 0.0000000000
41390  4.858  -53.748  92.789 0.0000000000
42322  7.182  -51.486  97.362 0.0000000000
148833  6.552  -49.870  100.456 0.0000000000
44234  6.371  -49.443  100.564 0.0000000000
44235  5.801  -48.871  100.423 0.0000000000
45280  5.546  -48.160  100.146 0.0000000000
138301  5.175  -45.445  100.131 0.0000000000
47479  5.205  -46.299  99.954 0.0000000000
48535  4.904  -45.683  99.745 0.0000000000
47515  4.427  -46.852  98.327 0.0000000000
147514  4.417  -46.213  98.588 0.0000000000
47510  4.342  -45.656  98.574 0.0000000000
48567  4.297  -45.071  98.415 0.0000000000
142721  4.234  -45.237  97.741 0.0000000000
51635  4.458  -42.773  99.920 0.0000000000
44292  13.741  -48.986  95.057 0.0000000000
39449  9.367  -54.357  95.349 0.0000000000
39450  5.085  -54.555  94.394 0.0000000000
39461  4.641  -54.733  93.940 0.0000000000
129125  4.043  -54.362  92.859 0.0000000000
42363  6.732  -52.229  92.440 0.0000000000
42380  7.400  -51.635  91.910 0.0000000000
44303  9.322  -48.471  93.045 0.0000000000
44313  9.288  -49.464  92.243 0.0000000000
44312  9.466  -48.691  92.453 0.0000000000
44326  9.534  -48.841  91.623 0.0000000000
45409  9.923  -48.528  90.067 0.0000000000
45408  10.198  -47.950  89.328 0.0000000000
46502  10.067  -47.037  88.982 0.0000000000
47554  4.019  -45.653  93.644 0.0000000000
46429  4.316  -46.234  92.929 0.0000000000
140701  4.048  -45.614  92.808 0.0000000000
147234  4.382  -46.109  92.169 0.0000000000
46443  4.965  -46.406  91.253 0.0000000000
47612  5.336  -45.984  88.174 0.0000000000
46503  5.532  -46.160  88.842 0.0000000000
47611  5.756  -46.208  88.127 0.0000000000
47610  6.458  -46.169  88.105 0.0000000000
47609  7.407  -46.043  88.545 0.0000000000
47608  8.286  -46.023  88.106 0.0000000000
135312  8.793  -45.783  86.089 0.0000000000
47670  9.144  -45.990  85.482 0.0000000000
47671  8.008  -45.718  85.464 0.0000000000
135215  7.706  -45.724  84.655 0.0000000000
47692  7.186  -45.648  84.085 0.0000000000
48694  5.065  -45.514  84.235 0.0000000000
47695  5.763  -45.710  84.303 0.0000000000
47716  5.490  -45.738  83.767 0.0000000000
47734  5.468  -45.752  83.152 0.0000000000
48717  5.376  -45.735  82.414 0.0000000000
56972  9.210  -37.924  94.449 0.0000000000
54927  9.430  -39.405  94.246 0.0000000000
55953  9.761  -38.648  93.945 0.0000000000
54945  9.961  -39.847  92.767 0.0000000000
53914  9.520  -40.504  92.279 0.0000000000
146629  10.902  -39.791  88.808 0.0000000000
53939  10.554  -40.291  89.289 0.0000000000
53940  10.016  -40.735  89.689 0.0000000000
52857  10.080  -40.991  88.862 0.0000000000
52872  9.242  -41.522  88.456 0.0000000000
52873  8.311  -41.792  88.109 0.0000000000
52886  8.244  -42.009  87.371 0.0000000000
51756  8.188  -42.258  86.604 0.0000000000
129601  8.072  -42.455  85.644 0.0000000000
44224  9.189  -49.872  100.854 0.0000000000
45267  8.815  -49.285  100.669 0.0000000000
45278  9.378  -48.971  100.432 0.0000000000
46361  10.054  -47.940  99.465 0.0000000000
46362  9.455  -47.653  99.282 0.0000000000
44236  15.064  -47.888  98.791 0.0000000000
44237  14.190  -48.377  99.268 0.0000000000
45273  14.043  -47.839  99.574 0.0000000000
43210  13.031  -49.738  99.431 0.0000000000
42300  12.707  -50.428  99.100 0.0000000000
41366  11.322  -51.611  99.126 0.0000000000
41361  11.514  -51.229  99.313 0.0000000000
41357  10.967  -50.966  99.755 0.0000000000
42296  10.484  -50.721  100.192 0.0000000000
43196  11.053  -49.541  100.280 0.0000000000
43197  10.440  -50.038  100.597 0.0000000000
42287  10.221  -50.326  100.542 0.0000000000
150060  10.051  -50.157  100.677 0.0000000000
44223  9.636  -49.865  100.815 0.0000000000
53844  5.357  -40.295  99.145 0.0000000000
55917  6.250  -38.903  98.785 0.0000000000
54900  7.087  -39.947  97.370 0.0000000000
54899  7.562  -39.423  96.828 0.0000000000
47476  6.784  -46.798  100.368 0.0000000000
48534  6.187  -45.579  100.461 0.0000000000
148192  5.753  -44.786  100.577 0.0000000000
49494  6.778  -43.547  100.434 0.0000000000
50509  4.870  -43.166  100.562 0.0000000000
137083  8.548  -54.416  97.121 0.0000000000
130174  7.847  -55.119  96.336 0.0000000000
37374  7.042  -55.023  97.027 0.0000000000
128140  5.398  -55.216  94.803 0.0000000000
38437  5.171  -54.930  94.773 0.0000000000
40411  5.418  -54.122  94.745 0.0000000000
42330  8.317  -50.681  95.074 0.0000000000
43259  8.562  -50.204  94.586 0.0000000000
44294  8.692  -49.599  94.498 0.0000000000
45344  7.746  -48.619  94.800 0.0000000000
45356  9.065  -48.518  93.634 0.0000000000
45368  9.116  -47.947  93.231 0.0000000000
46425  8.858  -47.422  92.837 0.0000000000
46439  8.440  -46.970  92.115 0.0000000000
49580  4.088  -44.217  91.992 0.0000000000
48624  3.793  -45.020  91.204 0.0000000000
150513  3.674  -44.517  90.971 0.0000000000
49587  3.801  -44.597  90.441 0.0000000000
47589  4.255  -45.202  89.704 0.0000000000
50606  3.916  -43.781  89.994 0.0000000000
48640  4.126  -44.911  88.920 0.0000000000
128366  4.522  -45.377  88.881 0.0000000000
47613  4.826  -45.640  88.111 0.0000000000
133784  5.775  -45.916  86.808 0.0000000000
136638  6.110  -45.755  85.739 0.0000000000
47655  5.800  -45.778  86.048 0.0000000000
47675  5.677  -45.636  85.525 0.0000000000
48686  4.661  -45.143  85.479 0.0000000000
49616  4.283  -44.637  86.648 0.0000000000
49631  4.388  -44.589  85.871 0.0000000000
48695  4.539  -45.124  84.761 0.0000000000
50660  4.304  -44.180  84.477 0.0000000000
142082  4.481  -43.516  83.850 0.0000000000
52892  10.227  -41.416  86.532 0.0000000000
135169  9.968  -41.705  86.204 0.0000000000
39423  6.999  -52.786  98.943 0.0000000000
150690  6.974  -52.166  99.661 0.0000000000
41363  6.727  -51.344  100.117 0.0000000000
42292  7.589  -50.488  100.686 0.0000000000
43204  7.293  -50.168  100.658 0.0000000000
139436  6.952  -49.763  100.673 0.0000000000
44228  7.074  -49.171  100.824 0.0000000000
45270  6.886  -48.500  100.871 0.0000000000
46323  6.962  -47.865  100.753 0.0000000000
45279  7.972  -48.649  100.429 0.0000000000
46350  8.096  -47.962  99.893 0.0000000000
143577  8.082  -48.400  100.245 0.0000000000
46334  7.641  -47.987  100.264 0.0000000000
46335  7.238  -47.657  100.496 0.0000000000
47475  7.054  -46.703  100.273 0.0000000000
46387  16.558  -47.379  96.471 0.0000000000
45328  15.952  -47.878  96.232 0.0000000000
44267  15.312  -48.434  96.719 0.0000000000
44280  14.531  -48.500  96.035 0.0000000000
43248  13.479  -49.497  96.003 0.0000000000
44241  15.122  -48.670  98.015 0.0000000000
43212  14.850  -48.938  97.287 0.0000000000
138055  14.388  -49.206  97.075 0.0000000000
42309  13.814  -49.695  97.134 0.0000000000
43225  13.994  -49.227  96.836 0.0000000000
43236  13.716  -49.379  96.534 0.0000000000
41381  11.906  -51.698  95.415 0.0000000000
135511  9.854  -53.760  95.771 0.0000000000
39439  9.401  -54.304  96.095 0.0000000000
143547  8.889  -54.276  96.935 0.0000000000
40390  11.123  -52.066  98.914 0.0000000000
142093  10.864  -52.459  98.662 0.0000000000
39424  10.359  -52.889  98.687 0.0000000000
40387  9.814  -52.274  99.842 0.0000000000
39413  9.920  -52.629  99.460 0.0000000000
39425  9.970  -53.523  98.168 0.0000000000
38405  8.018  -54.025  98.788 0.0000000000
38399  8.244  -53.544  99.425 0.0000000000
37362  7.640  -54.154  98.408 0.0000000000
38406  7.414  -53.592  98.851 0.0000000000
46397  4.184  -46.497  96.112 0.0000000000
45349  4.034  -46.713  95.281 0.0000000000
134133  4.188  -46.206  95.790 0.0000000000
47536  3.995  -46.176  95.171 0.0000000000
47546  3.952  -45.957  94.538 0.0000000000
48604  4.046  -45.520  94.352 0.0000000000
49564  4.168  -44.958  94.091 0.0000000000
132670  4.185  -44.744  93.308 0.0000000000
49570  4.228  -44.252  92.840 0.0000000000
52775  5.267  -41.824  97.977 0.0000000000
143098  5.215  -42.257  97.048 0.0000000000
127479  5.452  -42.015  96.376 0.0000000000
51683  4.817  -42.733  95.788 0.0000000000
50576  4.448  -43.688  93.239 0.0000000000
50581  4.365  -43.648  92.381 0.0000000000
51711  4.608  -43.090  91.973 0.0000000000
136315  4.947  -42.663  91.642 0.0000000000
52822  5.888  -42.406  93.484 0.0000000000
52841  5.507  -42.595  92.099 0.0000000000
51718  5.484  -42.492  91.410 0.0000000000
51717  5.921  -42.351  90.869 0.0000000000
52848  6.722  -42.170  90.590 0.0000000000
48562  12.918  -46.286  98.281 0.0000000000
45300  22.059  -46.749  96.270 0.0000000000
46384  19.348  -45.905  96.041 0.0000000000
46385  18.216  -46.343  96.473 0.0000000000
130279  18.177  -45.182  98.822 0.0000000000
134511  17.358  -45.649  98.814 0.0000000000
46343  15.786  -46.612  98.997 0.0000000000
48544  14.861  -46.376  98.808 0.0000000000
48545  14.147  -46.501  98.766 0.0000000000
42351  6.049  -52.949  92.587 0.0000000000
41386  6.493  -52.739  94.797 0.0000000000
41385  7.884  -51.412  94.741 0.0000000000
144250  7.439  -49.452  95.820 0.0000000000
44270  6.380  -49.497  96.801 0.0000000000
44283  6.879  -49.257  95.950 0.0000000000
44284  5.860  -48.894  95.797 0.0000000000
45333  4.567  -47.662  95.935 0.0000000000
136195  4.167  -47.090  95.933 0.0000000000
42307  6.461  -51.038  99.014 0.0000000000
42303  6.282  -50.308  99.717 0.0000000000
42312  6.103  -50.242  98.821 0.0000000000
43218  5.642  -49.671  98.532 0.0000000000
46336  6.157  -47.243  100.453 0.0000000000
46337  5.777  -47.667  100.439 0.0000000000
45281  5.264  -47.955  99.527 0.0000000000
137582  5.030  -48.787  99.076 0.0000000000
43216  5.020  -48.924  98.923 0.0000000000
43228  5.372  -49.227  98.258 0.0000000000
44260  4.958  -48.491  97.925 0.0000000000
46379  4.410  -47.360  97.711 0.0000000000
45320  4.522  -47.674  97.319 0.0000000000
45321  4.167  -47.031  96.596 0.0000000000
134462  4.208  -46.411  96.336 0.0000000000
48579  4.108  -45.663  96.746 0.0000000000
49524  4.289  -44.618  98.055 0.0000000000
49531  4.275  -44.374  97.633 0.0000000000
52762  4.772  -41.660  99.357 0.0000000000
51634  4.738  -42.540  100.546 0.0000000000
143746  4.535  -42.126  100.227 0.0000000000
52755  4.886  -40.899  100.727 0.0000000000
45354  14.614  -47.648  94.154 0.0000000000
150145  7.911  -55.562  94.376 0.0000000000
42382  6.268  -52.723  91.243 0.0000000000
141748  8.046  -50.879  90.526 0.0000000000
43314  7.896  -51.060  89.834 0.0000000000
135058  10.683  -48.433  85.991 0.0000000000
129852  4.556  -47.249  94.465 0.0000000000
45360  4.885  -47.157  93.919 0.0000000000
45359  5.338  -47.302  93.833 0.0000000000
45371  5.154  -46.752  93.179 0.0000000000
137940  5.686  -46.932  93.244 0.0000000000
46427  6.745  -46.954  92.661 0.0000000000
46440  7.323  -46.805  91.943 0.0000000000
46460  7.991  -46.766  91.116 0.0000000000
132125  4.003  -45.388  91.096 0.0000000000
46464  4.560  -46.104  90.788 0.0000000000
126240  5.347  -46.468  90.908 0.0000000000
46481  5.695  -46.349  89.391 0.0000000000
46462  5.622  -46.470  90.165 0.0000000000
46461  6.295  -46.581  90.363 0.0000000000
46459  9.008  -46.910  90.832 0.0000000000
47566  9.242  -46.900  90.054 0.0000000000
47582  9.516  -46.820  89.408 0.0000000000
127000  9.215  -46.232  87.685 0.0000000000
46519  9.971  -46.779  88.101 0.0000000000
46518  10.281  -47.270  87.657 0.0000000000
133850  10.425  -47.460  86.998 0.0000000000
149243  10.580  -47.721  86.349 0.0000000000
46557  10.755  -47.158  84.063 0.0000000000
47673  6.307  -45.653  85.135 0.0000000000
144247  6.152  -45.707  83.916 0.0000000000
127540  6.737  -45.702  83.527 0.0000000000
125994  7.726  -46.368  82.196 0.0000000000
56942  7.204  -37.957  97.464 0.0000000000
55927  7.608  -38.505  96.858 0.0000000000
55935  7.992  -38.049  96.214 0.0000000000
54898  8.093  -38.965  96.327 0.0000000000
53882  8.227  -40.235  95.332 0.0000000000
53908  7.894  -40.994  93.953 0.0000000000
53897  9.168  -40.122  94.023 0.0000000000
53907  8.592  -40.759  93.583 0.0000000000
53916  7.771  -41.402  92.984 0.0000000000
129529  7.293  -41.880  92.026 0.0000000000
151474  7.235  -41.948  90.879 0.0000000000
53913  10.174  -40.048  91.913 0.0000000000
53922  9.716  -40.572  91.401 0.0000000000
53930  9.896  -40.635  90.544 0.0000000000
52836  9.064  -40.976  90.851 0.0000000000
52847  7.393  -41.835  90.381 0.0000000000
149944  6.341  -42.327  89.620 0.0000000000
52875  6.118  -42.394  88.961 0.0000000000
51746  5.939  -42.727  88.109 0.0000000000
51759  5.623  -43.102  87.139 0.0000000000
51776  5.186  -43.231  85.670 0.0000000000
128019  4.674  -43.357  84.434 0.0000000000
131787  4.150  -43.345  82.951 0.0000000000
51799  6.394  -42.700  84.430 0.0000000000
138267  5.191  -42.848  83.466 0.0000000000
50698  3.779  -43.526  82.268 0.0000000000
38401  7.606  -53.236  99.467 0.0000000000
39410  8.615  -52.754  100.162 0.0000000000
39414  9.453  -52.629  99.828 0.0000000000
39418  7.498  -52.766  99.737 0.0000000000
40381  9.144  -52.147  100.280 0.0000000000
40386  10.263  -52.086  99.674 0.0000000000
41354  8.982  -51.212  100.881 0.0000000000
41355  8.195  -51.115  100.897 0.0000000000
41356  7.619  -50.920  100.726 0.0000000000
41360  9.732  -51.541  100.257 0.0000000000
42295  11.211  -50.482  99.956 0.0000000000
42301  11.781  -50.802  99.520 0.0000000000
43199  9.810  -50.160  100.772 0.0000000000
43200  9.180  -49.948  100.870 0.0000000000
43202  7.880  -49.858  100.659 0.0000000000
43203  7.505  -49.641  100.681 0.0000000000
44232  11.830  -49.148  99.963 0.0000000000
46325  6.304  -47.969  100.774 0.0000000000
46405  4.068  -46.402  95.482 0.0000000000
46444  4.618  -46.240  91.700 0.0000000000
46483  4.771  -46.091  89.984 0.0000000000
47519  4.168  -46.316  97.490 0.0000000000
47559  4.058  -45.418  91.813 0.0000000000
47569  4.269  -45.602  90.517 0.0000000000
47656  5.450  -45.663  86.084 0.0000000000
48595  4.050  -45.798  95.269 0.0000000000
48631  4.027  -44.700  89.735 0.0000000000
48685  5.133  -45.479  85.776 0.0000000000
49563  4.306  -44.331  93.717 0.0000000000
49581  3.839  -44.677  91.647 0.0000000000
49593  4.030  -44.035  89.292 0.0000000000
49600  4.060  -44.455  89.089 0.0000000000
50588  3.778  -44.113  91.196 0.0000000000
51704  4.645  -43.137  92.831 0.0000000000
51727  4.704  -42.867  90.442 0.0000000000
51766  7.250  -42.523  86.354 0.0000000000
52832  5.449  -42.582  92.964 0.0000000000
52838  7.527  -41.737  91.307 0.0000000000
52861  6.841  -42.104  89.942 0.0000000000
52876  5.764  -42.619  89.591 0.0000000000
52901  9.672  -41.993  85.875 0.0000000000
54936  9.711  -39.598  93.567 0.0000000000
126584  9.933  -50.455  100.641 0.0000000000
127084  9.042  -50.317  100.912 0.0000000000
127386  6.835  -45.895  83.006 0.0000000000
129280  5.185  -45.791  87.546 0.0000000000
129375  7.989  -52.249  100.335 0.0000000000
132474  6.844  -51.847  99.782 0.0000000000
143027  7.926  -51.144  100.879 0.0000000000
143346  8.631  -51.094  100.918 0.0000000000
143943  7.055  -49.034  100.882 0.0000000000
147254  4.032  -46.009  93.110 0.0000000000
148253  4.685  -43.466  85.020 0.0000000000
148521  6.378  -45.676  83.678 0.0000000000
149753  10.119  -51.427  100.023 0.0000000000
150057  5.028  -48.700  98.548 0.0000000000
150484  4.047  -45.331  92.884 0.0000000000
