#!ascii label  , from subject sub-01 vox2ras=TkReg
1398
35603  11.201  -58.323  90.978 0.0000000000
65754  41.168  -28.185  73.820 0.0000000000
44436  28.256  -49.685  84.134 0.0000000000
47620  37.611  -46.696  87.349 0.0000000000
129468  20.640  -52.497  85.212 0.0000000000
40425  18.395  -54.315  94.256 0.0000000000
66741  54.648  -27.577  69.164 0.0000000000
68664  51.832  -24.975  77.240 0.0000000000
56084  36.496  -38.331  80.430 0.0000000000
75404  56.687  -18.147  65.667 0.0000000000
40493  27.590  -54.025  88.004 0.0000000000
37430  14.734  -56.862  92.472 0.0000000000
67611  53.477  -26.733  73.605 0.0000000000
68747  47.307  -24.990  71.689 0.0000000000
61866  42.144  -31.665  76.877 0.0000000000
65677  44.778  -28.784  79.204 0.0000000000
60897  38.824  -33.609  76.311 0.0000000000
146309  33.140  -44.987  81.151 0.0000000000
45465  32.767  -48.135  84.707 0.0000000000
40481  23.511  -54.146  89.441 0.0000000000
39466  21.904  -54.509  94.030 0.0000000000
150707  19.122  -53.135  89.247 0.0000000000
38506  16.417  -55.330  87.840 0.0000000000
41507  25.092  -52.225  84.649 0.0000000000
70874  59.400  -22.837  68.912 0.0000000000
68712  58.913  -23.544  73.285 0.0000000000
66659  46.491  -27.582  75.504 0.0000000000
58999  38.813  -36.042  82.461 0.0000000000
50664  38.814  -43.536  83.063 0.0000000000
69948  56.043  -23.922  64.708 0.0000000000
72712  60.163  -21.314  65.013 0.0000000000
73598  60.002  -19.667  61.219 0.0000000000
39514  27.174  -54.858  90.706 0.0000000000
150442  12.923  -57.461  91.697 0.0000000000
37392  13.631  -56.920  95.505 0.0000000000
36467  11.732  -57.884  94.736 0.0000000000
126709  47.704  -25.921  69.320 0.0000000000
60871  43.325  -33.331  78.977 0.0000000000
150958  44.402  -32.529  78.999 0.0000000000
33634  6.776  -61.496  92.574 0.0000000000
61897  38.556  -32.195  74.264 0.0000000000
46579  28.214  -47.262  82.697 0.0000000000
47702  30.764  -46.575  83.028 0.0000000000
45451  30.483  -48.970  84.867 0.0000000000
40515  22.409  -53.419  87.313 0.0000000000
143942  21.637  -54.054  89.559 0.0000000000
41456  20.272  -52.852  86.599 0.0000000000
41509  23.266  -52.302  84.719 0.0000000000
147413  24.281  -53.084  86.349 0.0000000000
40422  19.553  -53.991  93.947 0.0000000000
67677  57.326  -26.161  69.185 0.0000000000
70858  59.197  -22.676  70.878 0.0000000000
143863  57.216  -24.911  71.339 0.0000000000
67587  52.784  -25.996  75.337 0.0000000000
125359  55.683  -24.430  75.591 0.0000000000
149049  41.927  -27.855  71.611 0.0000000000
66693  44.347  -27.404  72.525 0.0000000000
65738  44.158  -28.107  74.682 0.0000000000
151708  35.102  -36.147  79.193 0.0000000000
141959  36.844  -35.994  79.766 0.0000000000
57121  37.453  -36.589  81.875 0.0000000000
48691  35.755  -45.761  83.964 0.0000000000
49659  36.312  -44.298  82.548 0.0000000000
48688  38.216  -45.227  84.694 0.0000000000
68805  52.995  -25.869  66.951 0.0000000000
69940  53.539  -23.769  65.304 0.0000000000
135100  55.979  -25.812  66.557 0.0000000000
68813  58.317  -24.919  66.077 0.0000000000
77322  59.367  -16.505  62.059 0.0000000000
75407  59.680  -17.793  64.172 0.0000000000
129367  60.718  -20.659  63.746 0.0000000000
74450  58.056  -19.875  63.568 0.0000000000
41470  28.366  -52.702  86.364 0.0000000000
42431  29.999  -51.200  86.707 0.0000000000
41437  29.818  -53.243  88.039 0.0000000000
38450  16.915  -55.812  93.496 0.0000000000
39447  17.108  -55.275  95.887 0.0000000000
38425  15.101  -56.083  96.519 0.0000000000
67701  51.548  -27.058  68.404 0.0000000000
67661  53.990  -27.229  70.945 0.0000000000
126677  50.264  -26.944  70.436 0.0000000000
67634  50.289  -26.428  72.601 0.0000000000
68716  49.953  -25.674  74.270 0.0000000000
64742  41.585  -29.315  76.043 0.0000000000
65718  43.119  -27.998  76.707 0.0000000000
63798  43.666  -30.135  78.117 0.0000000000
54027  35.408  -40.244  78.472 0.0000000000
47617  40.375  -46.290  87.991 0.0000000000
35593  9.950  -59.222  90.830 0.0000000000
35571  9.996  -59.251  93.438 0.0000000000
33626  8.868  -60.899  93.276 0.0000000000
65757  38.866  -28.676  73.637 0.0000000000
63834  40.174  -30.454  74.850 0.0000000000
60895  40.861  -32.886  77.102 0.0000000000
59945  41.319  -34.396  78.883 0.0000000000
48723  30.699  -45.156  81.095 0.0000000000
47700  32.732  -46.370  83.458 0.0000000000
45447  34.734  -47.895  85.920 0.0000000000
43371  32.051  -50.101  86.824 0.0000000000
44374  34.468  -49.926  87.191 0.0000000000
39501  24.900  -54.630  91.793 0.0000000000
39452  24.398  -54.966  94.672 0.0000000000
39503  23.063  -54.292  91.904 0.0000000000
40452  19.955  -54.085  91.392 0.0000000000
40454  18.150  -53.762  91.438 0.0000000000
41478  18.280  -52.859  86.596 0.0000000000
41429  17.801  -53.152  88.731 0.0000000000
39520  17.378  -54.575  90.956 0.0000000000
37459  15.653  -56.526  90.448 0.0000000000
125680  14.133  -57.076  89.854 0.0000000000
36561  11.983  -57.517  88.981 0.0000000000
45504  26.911  -48.432  81.902 0.0000000000
43434  25.523  -50.304  81.980 0.0000000000
43401  26.869  -51.009  83.858 0.0000000000
40529  26.357  -53.413  86.583 0.0000000000
142918  25.297  -54.164  88.609 0.0000000000
67656  59.520  -26.848  70.795 0.0000000000
141710  56.703  -23.947  73.925 0.0000000000
68762  44.513  -25.582  70.549 0.0000000000
67617  46.812  -26.212  73.197 0.0000000000
68681  48.868  -25.202  76.048 0.0000000000
66638  45.499  -27.469  77.745 0.0000000000
134100  48.542  -26.307  78.058 0.0000000000
59973  36.661  -34.681  76.589 0.0000000000
59039  39.382  -35.548  79.065 0.0000000000
58998  41.034  -36.239  81.801 0.0000000000
51843  35.847  -42.675  80.312 0.0000000000
52937  38.404  -41.391  81.647 0.0000000000
49620  41.005  -44.806  85.083 0.0000000000
52915  40.770  -42.013  83.836 0.0000000000
55025  38.778  -39.335  83.289 0.0000000000
56041  39.118  -37.799  84.743 0.0000000000
58075  40.688  -37.141  85.705 0.0000000000
72715  56.315  -21.079  64.308 0.0000000000
70915  58.338  -23.010  64.122 0.0000000000
71828  59.783  -22.319  66.428 0.0000000000
39479  27.534  -55.800  92.048 0.0000000000
36505  11.843  -57.960  91.717 0.0000000000
36477  12.362  -57.700  93.547 0.0000000000
35580  11.447  -58.216  92.483 0.0000000000
60851  43.149  -34.145  80.200 0.0000000000
60850  43.810  -33.960  80.577 0.0000000000
33646  5.645  -60.539  92.021 0.0000000000
45487  28.419  -48.447  83.434 0.0000000000
45486  29.191  -48.186  83.822 0.0000000000
44435  29.043  -49.493  84.595 0.0000000000
125709  21.818  -52.907  86.161 0.0000000000
40516  21.641  -53.185  87.030 0.0000000000
41477  20.811  -52.711  85.985 0.0000000000
41519  22.766  -51.999  83.843 0.0000000000
41510  22.222  -52.301  84.616 0.0000000000
41476  22.787  -52.978  86.104 0.0000000000
40424  18.610  -54.129  93.886 0.0000000000
40415  18.413  -54.498  94.974 0.0000000000
67679  55.720  -27.253  69.123 0.0000000000
67657  57.242  -26.047  70.095 0.0000000000
130459  55.978  -27.123  69.926 0.0000000000
68690  52.176  -25.485  75.897 0.0000000000
150231  54.243  -24.863  76.289 0.0000000000
65773  41.364  -28.160  72.689 0.0000000000
143382  43.289  -28.086  73.313 0.0000000000
65752  42.922  -28.240  73.944 0.0000000000
56094  35.752  -37.921  79.535 0.0000000000
56085  36.176  -37.508  80.154 0.0000000000
58127  36.328  -36.454  80.010 0.0000000000
56072  36.715  -37.593  80.989 0.0000000000
47660  36.209  -46.355  85.500 0.0000000000
48690  36.537  -45.640  84.235 0.0000000000
48661  37.998  -46.184  85.853 0.0000000000
67712  53.495  -26.585  67.567 0.0000000000
68804  53.958  -25.956  66.930 0.0000000000
140514  55.431  -26.661  67.655 0.0000000000
67710  56.415  -26.578  67.759 0.0000000000
136558  58.284  -16.705  64.526 0.0000000000
75409  58.187  -17.651  64.792 0.0000000000
134726  58.778  -18.167  64.318 0.0000000000
74445  57.997  -18.773  64.123 0.0000000000
41454  27.892  -53.179  86.680 0.0000000000
41452  29.439  -52.889  87.331 0.0000000000
40492  28.466  -53.988  88.284 0.0000000000
37415  15.449  -56.696  93.133 0.0000000000
38443  15.819  -56.056  94.807 0.0000000000
37402  15.132  -56.650  94.188 0.0000000000
37383  12.813  -57.436  96.873 0.0000000000
37382  13.612  -56.929  96.760 0.0000000000
68787  49.521  -26.109  67.773 0.0000000000
67683  51.300  -27.468  69.123 0.0000000000
67703  49.361  -26.765  69.145 0.0000000000
68759  47.246  -24.906  70.945 0.0000000000
67666  48.611  -26.224  70.821 0.0000000000
68745  48.819  -25.620  72.366 0.0000000000
67614  50.082  -26.099  73.461 0.0000000000
68736  48.239  -25.065  72.900 0.0000000000
62832  42.337  -30.843  76.634 0.0000000000
63810  42.570  -30.077  76.944 0.0000000000
62821  43.463  -30.863  77.807 0.0000000000
68786  50.290  -26.031  67.477 0.0000000000
34559  9.602  -59.957  92.015 0.0000000000
33644  8.201  -60.575  91.471 0.0000000000
64775  38.532  -29.157  73.777 0.0000000000
64766  39.719  -29.422  74.719 0.0000000000
63846  38.871  -30.508  74.088 0.0000000000
60904  39.305  -32.932  75.759 0.0000000000
61883  39.819  -32.164  75.123 0.0000000000
60896  39.604  -33.267  76.494 0.0000000000
60874  40.948  -33.905  78.276 0.0000000000
59957  40.250  -34.127  78.023 0.0000000000
127612  30.008  -45.322  81.322 0.0000000000
46548  31.540  -47.687  84.042 0.0000000000
47701  31.511  -46.612  83.279 0.0000000000
46546  33.167  -47.388  84.381 0.0000000000
46545  33.881  -47.093  84.674 0.0000000000
45448  34.020  -48.358  85.502 0.0000000000
42420  31.187  -51.268  87.752 0.0000000000
43372  31.207  -50.399  86.668 0.0000000000
43340  31.829  -50.934  88.125 0.0000000000
43337  34.248  -50.421  88.689 0.0000000000
44372  35.948  -49.177  87.637 0.0000000000
39517  24.691  -54.491  90.884 0.0000000000
39502  24.189  -54.433  91.675 0.0000000000
40466  23.155  -54.193  90.223 0.0000000000
148937  20.353  -53.781  89.237 0.0000000000
40468  21.246  -54.167  90.310 0.0000000000
129629  19.187  -53.648  90.540 0.0000000000
40453  18.727  -53.730  91.417 0.0000000000
41415  18.261  -53.501  90.471 0.0000000000
42435  18.433  -52.503  85.970 0.0000000000
39562  16.753  -54.230  86.688 0.0000000000
40518  17.364  -53.567  87.209 0.0000000000
134798  17.231  -54.116  88.552 0.0000000000
132150  17.636  -53.791  89.755 0.0000000000
38489  16.835  -55.300  89.412 0.0000000000
38481  16.950  -55.408  90.448 0.0000000000
38490  16.091  -55.956  89.049 0.0000000000
36541  12.761  -57.480  89.647 0.0000000000
46581  26.897  -47.624  81.627 0.0000000000
45521  26.478  -48.233  81.201 0.0000000000
42477  24.395  -51.660  83.172 0.0000000000
42476  25.228  -51.551  83.331 0.0000000000
43413  26.504  -50.697  83.175 0.0000000000
42464  25.579  -51.769  84.101 0.0000000000
42448  26.896  -52.067  84.860 0.0000000000
41491  25.508  -52.634  85.296 0.0000000000
40495  24.398  -53.908  88.367 0.0000000000
130043  25.088  -53.742  87.774 0.0000000000
40480  24.475  -54.257  89.238 0.0000000000
39516  25.530  -54.581  90.391 0.0000000000
39453  23.648  -54.799  94.843 0.0000000000
34543  9.462  -59.808  94.719 0.0000000000
35551  10.254  -58.766  95.601 0.0000000000
70865  60.243  -23.088  69.396 0.0000000000
70849  58.995  -22.632  72.197 0.0000000000
69863  59.580  -23.647  71.540 0.0000000000
68742  59.519  -24.908  71.897 0.0000000000
68732  58.849  -25.791  73.061 0.0000000000
67644  53.736  -26.819  71.752 0.0000000000
67630  55.204  -26.221  72.332 0.0000000000
67609  55.054  -26.010  73.453 0.0000000000
69814  57.215  -23.974  75.809 0.0000000000
66678  45.397  -27.594  73.454 0.0000000000
67618  45.927  -26.826  72.997 0.0000000000
67603  47.108  -26.736  74.085 0.0000000000
67590  48.157  -25.402  74.900 0.0000000000
67591  47.890  -26.419  75.462 0.0000000000
65704  44.070  -27.961  77.843 0.0000000000
66640  43.872  -27.709  77.045 0.0000000000
66625  44.799  -27.757  78.233 0.0000000000
59080  35.936  -35.027  76.998 0.0000000000
149019  38.147  -36.204  81.085 0.0000000000
59041  37.729  -35.979  79.477 0.0000000000
142789  38.771  -36.159  80.910 0.0000000000
59010  40.297  -36.146  81.184 0.0000000000
134494  39.856  -36.389  82.173 0.0000000000
49678  32.707  -44.664  80.235 0.0000000000
49677  33.570  -44.466  80.436 0.0000000000
49658  37.056  -43.980  82.806 0.0000000000
50702  36.464  -43.372  81.509 0.0000000000
50701  37.264  -43.137  81.704 0.0000000000
51841  37.262  -42.152  80.855 0.0000000000
51804  38.781  -42.535  82.230 0.0000000000
48658  40.720  -45.651  86.386 0.0000000000
52896  41.410  -41.583  85.002 0.0000000000
53989  39.619  -40.742  83.374 0.0000000000
53980  39.887  -40.272  84.281 0.0000000000
55019  39.047  -38.755  84.127 0.0000000000
55010  40.045  -39.273  85.658 0.0000000000
69939  54.395  -24.017  65.184 0.0000000000
71857  56.472  -22.649  64.089 0.0000000000
71863  56.820  -21.848  63.783 0.0000000000
70916  57.543  -23.557  64.257 0.0000000000
146703  58.670  -24.074  67.378 0.0000000000
70893  58.855  -23.290  66.249 0.0000000000
70879  59.534  -22.746  67.959 0.0000000000
71812  60.062  -22.700  67.239 0.0000000000
75414  60.237  -17.998  61.554 0.0000000000
148318  60.482  -20.631  64.535 0.0000000000
70921  60.514  -22.594  64.304 0.0000000000
71853  60.384  -21.929  65.246 0.0000000000
39529  27.305  -54.602  89.480 0.0000000000
150380  28.157  -54.546  89.450 0.0000000000
126712  28.136  -55.206  91.159 0.0000000000
135271  13.842  -56.997  92.714 0.0000000000
135022  14.286  -56.853  94.090 0.0000000000
37418  13.023  -57.353  93.966 0.0000000000
36466  12.422  -57.682  94.398 0.0000000000
36452  11.594  -57.882  96.873 0.0000000000
69883  46.201  -24.790  69.751 0.0000000000
69873  46.211  -24.682  70.750 0.0000000000
132487  42.974  -32.747  78.304 0.0000000000
62805  43.432  -31.810  78.031 0.0000000000
61838  44.096  -33.120  79.264 0.0000000000
60849  44.673  -33.546  80.532 0.0000000000
145512  7.351  -60.528  91.306 0.0000000000
34572  6.452  -60.162  91.172 0.0000000000
33635  5.748  -61.261  92.449 0.0000000000
62873  38.432  -31.221  73.841 0.0000000000
60906  37.690  -33.724  75.326 0.0000000000
47738  29.223  -46.165  82.251 0.0000000000
47704  29.352  -46.721  82.778 0.0000000000
46549  30.632  -47.814  83.957 0.0000000000
45450  31.366  -48.879  85.033 0.0000000000
132320  23.009  -53.956  88.802 0.0000000000
40482  22.593  -54.087  89.506 0.0000000000
148871  21.548  -53.640  87.921 0.0000000000
40498  20.541  -53.585  88.152 0.0000000000
41438  19.657  -53.174  87.965 0.0000000000
38507  15.758  -55.766  87.353 0.0000000000
150206  15.002  -55.290  86.094 0.0000000000
42478  23.151  -51.771  83.213 0.0000000000
41508  24.219  -52.240  84.588 0.0000000000
41492  24.633  -52.585  85.231 0.0000000000
141722  24.127  -52.818  85.744 0.0000000000
40532  23.049  -53.252  86.744 0.0000000000
40421  21.000  -54.455  94.320 0.0000000000
68768  58.316  -24.435  69.041 0.0000000000
70867  59.218  -22.782  69.870 0.0000000000
69872  58.074  -23.714  70.521 0.0000000000
68743  57.783  -23.658  71.500 0.0000000000
69854  58.017  -23.133  72.683 0.0000000000
67598  53.289  -26.522  74.575 0.0000000000
67597  54.387  -26.217  74.347 0.0000000000
67586  53.974  -25.541  75.400 0.0000000000
139471  55.267  -24.737  76.558 0.0000000000
66721  43.561  -27.012  71.396 0.0000000000
66695  42.919  -27.680  71.846 0.0000000000
66679  44.553  -27.790  73.225 0.0000000000
126281  44.923  -27.991  74.721 0.0000000000
66611  45.713  -27.849  79.398 0.0000000000
132668  34.559  -35.397  78.663 0.0000000000
59052  36.233  -35.486  78.486 0.0000000000
59028  35.985  -36.153  79.718 0.0000000000
59014  37.068  -36.334  80.793 0.0000000000
58108  37.780  -36.380  82.526 0.0000000000
48701  34.372  -45.653  83.105 0.0000000000
49661  34.868  -44.885  82.016 0.0000000000
147232  35.641  -45.425  83.366 0.0000000000
48698  36.994  -45.031  83.866 0.0000000000
49636  38.765  -44.548  84.235 0.0000000000
150341  51.722  -24.572  65.987 0.0000000000
69941  52.768  -23.626  65.442 0.0000000000
68818  53.429  -25.223  66.299 0.0000000000
69921  54.650  -24.740  65.729 0.0000000000
68830  56.181  -25.235  65.838 0.0000000000
150025  57.357  -24.658  65.097 0.0000000000
68815  56.908  -25.720  66.306 0.0000000000
68801  57.958  -25.741  67.725 0.0000000000
77312  58.556  -16.514  63.692 0.0000000000
76359  59.771  -16.940  63.659 0.0000000000
134095  60.564  -18.594  63.363 0.0000000000
73583  60.357  -20.457  62.081 0.0000000000
74443  60.131  -18.706  64.238 0.0000000000
73575  60.068  -19.542  64.484 0.0000000000
137440  59.755  -20.301  64.560 0.0000000000
42446  28.478  -51.533  85.461 0.0000000000
43387  29.489  -50.357  85.479 0.0000000000
42432  29.432  -51.815  86.439 0.0000000000
41451  30.224  -52.506  87.638 0.0000000000
41424  30.961  -53.172  89.155 0.0000000000
135291  17.473  -55.163  93.280 0.0000000000
39446  17.847  -55.018  95.360 0.0000000000
39457  17.174  -55.217  95.273 0.0000000000
38424  15.870  -55.787  96.763 0.0000000000
37391  14.420  -56.683  96.041 0.0000000000
138602  14.746  -56.778  97.435 0.0000000000
67681  52.956  -27.535  68.690 0.0000000000
66718  54.308  -27.629  70.082 0.0000000000
66732  52.713  -27.677  69.523 0.0000000000
66720  52.334  -27.407  70.456 0.0000000000
67646  52.001  -26.849  71.977 0.0000000000
67686  48.884  -26.603  69.926 0.0000000000
126920  50.023  -26.634  71.330 0.0000000000
125973  51.818  -26.845  72.992 0.0000000000
128327  51.567  -26.761  73.932 0.0000000000
67600  51.272  -26.395  74.707 0.0000000000
68691  50.828  -25.338  75.990 0.0000000000
65733  40.986  -28.603  75.316 0.0000000000
135584  42.454  -28.159  75.359 0.0000000000
65720  41.813  -28.650  76.136 0.0000000000
64718  43.361  -29.241  77.918 0.0000000000
64706  44.464  -29.423  78.946 0.0000000000
62803  44.539  -31.131  78.806 0.0000000000
63786  44.760  -30.314  79.165 0.0000000000
64699  45.552  -29.573  80.061 0.0000000000
55050  36.243  -39.596  79.698 0.0000000000
47619  38.548  -46.551  87.572 0.0000000000
69925  51.060  -24.468  66.076 0.0000000000
68820  51.483  -25.205  66.494 0.0000000000
67714  51.781  -26.537  67.693 0.0000000000
76348  54.335  -17.457  65.203 0.0000000000
142701  55.472  -18.231  65.975 0.0000000000
35592  10.649  -58.795  91.335 0.0000000000
35581  10.809  -58.706  92.256 0.0000000000
35582  10.153  -59.336  91.900 0.0000000000
34551  9.552  -59.999  93.602 0.0000000000
34552  9.068  -60.667  94.298 0.0000000000
33627  7.822  -61.512  93.034 0.0000000000
65774  40.426  -28.271  72.627 0.0000000000
65775  39.606  -28.384  72.712 0.0000000000
65755  40.202  -28.259  74.038 0.0000000000
64765  40.307  -28.910  75.125 0.0000000000
63833  40.832  -30.266  75.230 0.0000000000
62846  41.247  -31.098  75.403 0.0000000000
62863  39.137  -31.302  74.232 0.0000000000
61882  40.671  -31.868  75.417 0.0000000000
61874  41.447  -32.117  76.554 0.0000000000
61853  42.095  -32.949  78.053 0.0000000000
60865  42.032  -34.170  79.107 0.0000000000
59926  42.530  -34.602  80.263 0.0000000000
48732  32.109  -45.099  80.909 0.0000000000
47723  30.749  -45.950  82.361 0.0000000000
48712  32.244  -45.627  82.284 0.0000000000
47720  32.946  -45.795  82.809 0.0000000000
47698  34.293  -46.136  83.805 0.0000000000
47661  35.353  -46.502  85.277 0.0000000000
46522  35.978  -47.012  86.781 0.0000000000
44415  30.157  -49.959  85.515 0.0000000000
44392  31.477  -49.881  86.109 0.0000000000
44412  32.672  -49.260  85.720 0.0000000000
43339  32.589  -50.741  88.374 0.0000000000
44375  33.602  -50.087  87.119 0.0000000000
44411  33.595  -49.176  85.844 0.0000000000
45438  34.488  -48.880  86.072 0.0000000000
45427  35.933  -48.393  87.221 0.0000000000
46489  36.943  -47.655  88.289 0.0000000000
38463  25.980  -55.310  93.029 0.0000000000
39482  24.605  -54.613  92.624 0.0000000000
39464  23.714  -54.470  93.277 0.0000000000
39485  22.043  -54.381  92.895 0.0000000000
40467  22.204  -54.177  90.285 0.0000000000
40450  21.760  -54.300  91.063 0.0000000000
40434  20.954  -54.365  93.171 0.0000000000
40435  19.893  -54.048  93.107 0.0000000000
40436  19.041  -53.819  93.140 0.0000000000
126707  18.209  -54.065  92.270 0.0000000000
125395  19.398  -52.640  86.341 0.0000000000
125561  18.583  -52.774  86.927 0.0000000000
41440  18.270  -52.819  88.282 0.0000000000
41479  18.077  -52.728  86.140 0.0000000000
41441  18.168  -52.926  88.317 0.0000000000
41428  17.977  -53.058  89.121 0.0000000000
41416  17.993  -53.467  89.840 0.0000000000
40456  17.655  -54.008  91.267 0.0000000000
39486  17.710  -54.614  92.608 0.0000000000
38464  17.125  -55.541  92.448 0.0000000000
38465  16.451  -56.231  91.830 0.0000000000
37444  15.707  -56.572  91.313 0.0000000000
37489  15.521  -56.301  88.627 0.0000000000
37460  14.894  -56.862  90.153 0.0000000000
37461  14.209  -56.963  90.843 0.0000000000
36503  13.274  -57.288  91.229 0.0000000000
36522  12.660  -57.563  90.497 0.0000000000
136463  11.839  -57.883  90.611 0.0000000000
36543  10.714  -58.247  89.453 0.0000000000
35613  9.952  -58.515  89.355 0.0000000000
47725  27.854  -46.706  82.164 0.0000000000
46580  27.501  -47.618  82.220 0.0000000000
44462  27.466  -49.265  83.036 0.0000000000
125345  26.077  -49.719  81.927 0.0000000000
44450  26.913  -49.930  83.085 0.0000000000
43400  27.680  -50.524  84.175 0.0000000000
42447  27.710  -51.852  85.099 0.0000000000
41471  27.613  -52.844  86.147 0.0000000000
146532  26.785  -53.846  87.344 0.0000000000
40530  25.582  -53.304  86.506 0.0000000000
143249  26.016  -53.972  87.989 0.0000000000
40494  26.788  -54.139  88.160 0.0000000000
39530  26.339  -54.642  89.913 0.0000000000
39500  25.641  -54.728  91.440 0.0000000000
35559  10.506  -58.640  94.754 0.0000000000
36460  10.822  -58.419  95.618 0.0000000000
70856  60.265  -23.481  70.156 0.0000000000
67642  55.465  -26.558  71.423 0.0000000000
129364  56.619  -24.785  72.438 0.0000000000
69838  58.113  -23.035  73.597 0.0000000000
68702  56.234  -24.110  75.091 0.0000000000
69826  57.609  -23.840  74.884 0.0000000000
69825  58.406  -23.767  74.019 0.0000000000
69875  45.051  -25.202  70.011 0.0000000000
69866  46.180  -24.848  71.404 0.0000000000
67651  44.395  -26.353  71.485 0.0000000000
68739  46.076  -25.401  71.970 0.0000000000
68737  47.487  -25.178  72.529 0.0000000000
68706  47.987  -25.133  74.190 0.0000000000
68693  49.335  -25.007  75.498 0.0000000000
68679  50.426  -24.994  76.488 0.0000000000
143843  43.688  -27.987  75.404 0.0000000000
66651  44.767  -27.721  76.365 0.0000000000
66649  46.427  -27.536  76.360 0.0000000000
66623  46.358  -27.345  78.854 0.0000000000
66636  47.167  -27.034  78.142 0.0000000000
67573  47.664  -26.827  77.113 0.0000000000
68667  48.995  -25.683  77.501 0.0000000000
68666  49.637  -25.090  77.740 0.0000000000
60907  36.854  -34.046  75.077 0.0000000000
59971  38.368  -34.234  76.828 0.0000000000
59066  37.247  -35.208  78.044 0.0000000000
59065  38.180  -35.070  78.120 0.0000000000
59959  38.690  -34.546  77.567 0.0000000000
59939  40.184  -35.214  79.032 0.0000000000
59009  41.671  -35.660  81.167 0.0000000000
59008  42.090  -35.744  81.942 0.0000000000
49675  35.032  -43.970  80.948 0.0000000000
52968  36.318  -41.253  79.725 0.0000000000
136956  36.920  -41.024  80.341 0.0000000000
55043  37.075  -39.605  80.758 0.0000000000
48660  38.912  -46.013  86.048 0.0000000000
49621  40.086  -44.933  84.946 0.0000000000
49635  39.773  -44.468  84.316 0.0000000000
50643  41.217  -43.692  84.380 0.0000000000
50662  40.214  -43.263  83.569 0.0000000000
52926  39.490  -41.413  82.804 0.0000000000
54001  38.581  -40.724  82.015 0.0000000000
55032  37.617  -39.028  81.847 0.0000000000
131477  37.616  -37.967  82.217 0.0000000000
131679  38.403  -37.227  83.632 0.0000000000
58093  39.166  -36.833  84.335 0.0000000000
56015  40.659  -37.980  86.538 0.0000000000
57075  39.855  -37.310  85.394 0.0000000000
58976  39.728  -36.489  83.699 0.0000000000
58974  41.391  -36.732  84.367 0.0000000000
74435  56.147  -18.772  65.991 0.0000000000
145027  56.492  -19.528  65.336 0.0000000000
72719  57.354  -20.756  63.660 0.0000000000
72718  58.133  -20.806  63.513 0.0000000000
71855  58.771  -21.777  64.191 0.0000000000
69947  58.057  -24.146  64.731 0.0000000000
71847  59.027  -22.260  65.022 0.0000000000
71846  59.639  -21.915  65.843 0.0000000000
71827  60.190  -22.516  66.427 0.0000000000
144345  26.306  -55.712  93.199 0.0000000000
38462  26.853  -55.931  92.688 0.0000000000
35591  11.222  -58.435  91.761 0.0000000000
59925  43.077  -34.556  80.865 0.0000000000
59916  43.661  -34.465  81.459 0.0000000000
45470  28.026  -49.126  83.589 0.0000000000
45469  28.750  -48.997  83.939 0.0000000000
41495  21.555  -52.547  85.346 0.0000000000
40414  18.804  -54.173  94.613 0.0000000000
66717  55.242  -27.468  69.961 0.0000000000
68677  52.502  -25.106  76.590 0.0000000000
68663  52.895  -25.068  77.588 0.0000000000
149105  41.941  -28.130  73.229 0.0000000000
65753  42.089  -28.192  73.927 0.0000000000
56093  36.107  -38.667  79.813 0.0000000000
56083  36.864  -38.701  80.896 0.0000000000
47639  36.452  -46.607  86.312 0.0000000000
47659  37.082  -46.252  85.692 0.0000000000
47638  37.344  -46.512  86.493 0.0000000000
67699  53.897  -27.287  68.350 0.0000000000
67711  54.465  -26.645  67.611 0.0000000000
67680  55.000  -27.177  68.319 0.0000000000
67698  55.817  -26.956  68.289 0.0000000000
75403  57.334  -17.530  65.141 0.0000000000
74440  57.370  -18.158  65.259 0.0000000000
40510  28.271  -53.738  87.642 0.0000000000
37416  14.538  -56.858  93.357 0.0000000000
68809  48.706  -25.762  67.637 0.0000000000
143749  49.006  -26.387  68.405 0.0000000000
68758  47.859  -25.428  71.091 0.0000000000
68746  47.979  -25.290  72.100 0.0000000000
62822  42.866  -31.100  77.281 0.0000000000
34583  8.618  -60.040  90.829 0.0000000000
139335  37.561  -28.878  72.845 0.0000000000
64776  37.801  -29.322  73.308 0.0000000000
64767  38.970  -29.659  74.241 0.0000000000
140967  38.202  -30.087  73.711 0.0000000000
60886  40.040  -33.587  77.235 0.0000000000
60887  39.163  -33.950  77.030 0.0000000000
45466  31.897  -48.292  84.558 0.0000000000
46547  32.385  -47.568  84.193 0.0000000000
46535  33.571  -47.861  84.944 0.0000000000
132470  33.180  -48.658  85.252 0.0000000000
42412  31.587  -51.614  88.430 0.0000000000
39533  24.066  -54.291  90.110 0.0000000000
39518  23.733  -54.340  90.913 0.0000000000
40484  19.750  -53.667  89.656 0.0000000000
41414  18.721  -53.282  89.772 0.0000000000
39553  16.928  -54.400  87.679 0.0000000000
39544  16.873  -54.865  88.552 0.0000000000
39534  17.272  -54.328  89.247 0.0000000000
38497  16.460  -55.507  88.609 0.0000000000
42465  24.701  -51.868  83.957 0.0000000000
42488  24.842  -51.319  82.711 0.0000000000
41506  25.988  -52.139  84.763 0.0000000000
128715  23.783  -54.012  88.809 0.0000000000
39532  24.842  -54.421  90.003 0.0000000000
39454  22.706  -54.744  94.892 0.0000000000
34533  8.818  -60.286  96.389 0.0000000000
34532  9.475  -59.773  95.801 0.0000000000
70873  59.955  -22.801  68.777 0.0000000000
70866  59.798  -22.698  69.506 0.0000000000
69853  58.916  -22.892  72.783 0.0000000000
69852  59.267  -23.582  72.485 0.0000000000
68731  59.195  -24.643  72.825 0.0000000000
136621  59.197  -25.785  72.308 0.0000000000
147515  58.837  -24.466  73.497 0.0000000000
67632  53.557  -26.708  72.604 0.0000000000
67631  54.410  -26.542  72.489 0.0000000000
67610  54.212  -26.541  73.325 0.0000000000
66668  46.468  -27.511  74.586 0.0000000000
66677  46.303  -27.249  73.718 0.0000000000
66667  47.237  -27.050  74.976 0.0000000000
65691  44.346  -28.487  78.578 0.0000000000
65690  45.000  -28.106  79.020 0.0000000000
59974  35.199  -34.933  76.916 0.0000000000
59012  38.241  -36.104  81.737 0.0000000000
59011  39.259  -36.215  81.525 0.0000000000
58986  39.333  -36.184  83.115 0.0000000000
49670  33.937  -44.654  81.082 0.0000000000
50665  37.918  -43.761  82.968 0.0000000000
50686  37.577  -43.454  82.321 0.0000000000
50685  38.391  -43.226  82.494 0.0000000000
51805  38.031  -42.851  81.946 0.0000000000
139132  41.888  -42.024  85.407 0.0000000000
149751  40.495  -40.821  84.536 0.0000000000
53972  40.342  -40.197  85.200 0.0000000000
53973  39.752  -39.641  84.959 0.0000000000
53966  40.685  -39.759  86.107 0.0000000000
70908  55.078  -23.548  64.757 0.0000000000
70918  55.803  -23.076  64.419 0.0000000000
70917  56.680  -23.381  64.299 0.0000000000
69937  57.020  -24.147  64.631 0.0000000000
69907  58.887  -23.210  68.136 0.0000000000
136781  58.915  -23.157  67.268 0.0000000000
74454  60.165  -18.853  61.374 0.0000000000
74471  59.539  -20.183  60.330 0.0000000000
130193  60.307  -20.413  64.671 0.0000000000
148068  60.488  -21.485  64.711 0.0000000000
72706  60.094  -21.770  65.616 0.0000000000
141507  28.067  -54.790  90.224 0.0000000000
36487  13.307  -57.388  92.098 0.0000000000
37431  13.002  -57.411  92.955 0.0000000000
150165  11.872  -57.869  94.005 0.0000000000
36458  12.341  -57.685  95.317 0.0000000000
36459  11.521  -57.947  95.760 0.0000000000
69884  45.463  -24.934  69.468 0.0000000000
146347  28.637  -46.656  82.465 0.0000000000
151531  28.828  -47.104  82.938 0.0000000000
45468  30.028  -48.477  84.277 0.0000000000
46550  29.882  -47.804  83.836 0.0000000000
45467  30.975  -48.381  84.454 0.0000000000
40497  22.639  -53.703  88.077 0.0000000000
40517  20.610  -53.231  87.339 0.0000000000
41518  23.747  -51.901  83.806 0.0000000000
150638  23.922  -52.524  85.168 0.0000000000
41493  23.376  -52.703  85.551 0.0000000000
40533  22.337  -53.143  86.679 0.0000000000
40514  23.283  -53.513  87.434 0.0000000000
151137  20.312  -54.203  93.854 0.0000000000
40412  20.163  -54.168  94.745 0.0000000000
68785  57.959  -25.490  68.672 0.0000000000
69881  58.456  -23.544  69.768 0.0000000000
68769  57.897  -25.019  69.717 0.0000000000
68757  56.953  -25.824  70.876 0.0000000000
68756  57.522  -24.982  70.659 0.0000000000
69864  57.182  -24.216  72.146 0.0000000000
135600  41.854  -27.436  70.769 0.0000000000
66722  42.621  -27.262  71.027 0.0000000000
65751  43.844  -28.190  73.816 0.0000000000
66670  44.762  -28.016  73.996 0.0000000000
59054  34.015  -35.655  79.029 0.0000000000
59044  34.760  -35.878  79.103 0.0000000000
59053  35.355  -35.692  78.915 0.0000000000
59043  35.437  -36.067  79.372 0.0000000000
57135  36.964  -36.767  81.228 0.0000000000
58126  36.865  -36.520  80.623 0.0000000000
58118  37.294  -36.436  81.281 0.0000000000
58117  37.667  -36.236  81.902 0.0000000000
48700  35.040  -45.749  83.574 0.0000000000
48709  35.147  -45.257  82.790 0.0000000000
48689  37.353  -45.452  84.483 0.0000000000
49637  37.811  -44.729  84.132 0.0000000000
68819  52.410  -25.070  66.271 0.0000000000
68803  55.040  -25.974  66.935 0.0000000000
68817  54.362  -25.307  66.290 0.0000000000
68816  55.256  -25.274  66.119 0.0000000000
67696  57.322  -26.293  68.259 0.0000000000
147590  57.232  -26.223  67.530 0.0000000000
76343  59.219  -17.036  64.424 0.0000000000
76352  58.839  -16.706  64.404 0.0000000000
146919  59.621  -17.151  64.099 0.0000000000
76351  60.023  -17.459  63.795 0.0000000000
75410  60.289  -18.221  63.887 0.0000000000
129675  58.905  -19.064  63.995 0.0000000000
74444  59.630  -18.493  64.230 0.0000000000
73576  58.863  -20.004  63.826 0.0000000000
42433  28.840  -52.045  86.035 0.0000000000
41436  30.616  -52.871  88.347 0.0000000000
39468  17.440  -55.251  94.176 0.0000000000
38442  16.688  -55.767  94.476 0.0000000000
38433  15.749  -55.808  95.867 0.0000000000
38413  15.883  -56.034  97.158 0.0000000000
38414  15.177  -56.099  97.224 0.0000000000
37404  13.638  -56.954  94.475 0.0000000000
37403  14.363  -56.722  94.917 0.0000000000
67682  52.114  -27.538  68.891 0.0000000000
142720  51.217  -27.359  70.177 0.0000000000
150293  52.406  -26.983  71.282 0.0000000000
67663  51.702  -26.978  71.085 0.0000000000
136104  48.460  -26.436  69.196 0.0000000000
68770  48.096  -26.099  70.038 0.0000000000
67648  49.179  -26.243  71.552 0.0000000000
67647  50.568  -26.630  71.838 0.0000000000
67633  51.168  -26.704  72.332 0.0000000000
67613  50.937  -26.601  73.212 0.0000000000
126890  50.708  -26.376  74.067 0.0000000000
67601  50.546  -25.968  74.723 0.0000000000
67589  50.834  -25.791  75.378 0.0000000000
68704  49.975  -25.326  75.051 0.0000000000
144439  41.334  -28.837  75.781 0.0000000000
63809  43.167  -30.105  77.536 0.0000000000
64728  42.813  -29.208  77.332 0.0000000000
64717  43.907  -29.319  78.442 0.0000000000
61850  44.208  -31.908  78.568 0.0000000000
61837  44.830  -31.976  79.069 0.0000000000
62791  45.137  -31.203  79.307 0.0000000000
63785  45.365  -30.379  79.671 0.0000000000
64705  44.962  -29.484  79.543 0.0000000000
64698  46.200  -29.682  80.599 0.0000000000
55061  35.376  -39.463  78.576 0.0000000000
150549  35.934  -39.241  79.431 0.0000000000
55051  35.848  -39.791  79.075 0.0000000000
127557  50.311  -24.159  66.147 0.0000000000
68821  50.497  -25.180  66.654 0.0000000000
67715  50.939  -26.551  67.942 0.0000000000
68807  51.175  -25.919  67.192 0.0000000000
67700  52.343  -27.080  68.223 0.0000000000
76347  55.209  -17.627  65.426 0.0000000000
33625  9.312  -60.369  92.585 0.0000000000
127532  7.593  -61.048  92.029 0.0000000000
65791  40.104  -28.276  71.835 0.0000000000
65776  38.737  -28.531  72.862 0.0000000000
142044  39.280  -28.479  73.417 0.0000000000
130867  39.893  -28.311  73.416 0.0000000000
65756  39.488  -28.493  73.937 0.0000000000
65743  39.858  -28.662  74.514 0.0000000000
64756  40.357  -29.606  75.109 0.0000000000
141395  40.744  -31.067  75.020 0.0000000000
61896  39.296  -31.962  74.600 0.0000000000
61876  40.064  -32.605  75.946 0.0000000000
61875  40.766  -32.415  76.239 0.0000000000
61867  41.724  -32.499  77.327 0.0000000000
60884  41.301  -33.220  77.837 0.0000000000
60873  41.700  -33.700  78.467 0.0000000000
59936  42.132  -34.539  79.723 0.0000000000
59937  41.627  -34.704  79.472 0.0000000000
48733  31.171  -44.930  80.460 0.0000000000
48722  31.343  -45.261  81.321 0.0000000000
47724  30.018  -46.339  82.572 0.0000000000
48715  29.966  -45.750  82.014 0.0000000000
126977  32.022  -46.381  83.253 0.0000000000
47722  31.567  -46.070  82.756 0.0000000000
47721  32.284  -45.989  82.949 0.0000000000
47699  33.590  -45.986  83.336 0.0000000000
47681  33.512  -46.613  84.028 0.0000000000
46534  34.303  -47.493  85.282 0.0000000000
47662  34.580  -46.759  85.012 0.0000000000
46533  34.940  -47.048  85.724 0.0000000000
47640  35.670  -46.766  86.044 0.0000000000
46523  35.404  -47.423  86.321 0.0000000000
43374  30.017  -50.556  86.057 0.0000000000
43356  31.559  -50.697  87.354 0.0000000000
44413  31.791  -49.317  85.617 0.0000000000
134442  32.189  -49.684  86.129 0.0000000000
44362  34.794  -50.101  87.967 0.0000000000
43353  33.964  -50.286  87.854 0.0000000000
44391  34.045  -49.637  86.479 0.0000000000
44390  34.900  -49.327  86.716 0.0000000000
46507  36.409  -47.516  87.440 0.0000000000
39481  25.439  -54.853  92.443 0.0000000000
39462  25.275  -55.006  93.398 0.0000000000
148661  23.503  -54.331  91.573 0.0000000000
39483  23.734  -54.395  92.368 0.0000000000
39484  22.971  -54.362  92.676 0.0000000000
129148  20.881  -54.237  90.995 0.0000000000
40451  21.153  -54.401  91.932 0.0000000000
129793  20.280  -54.202  92.326 0.0000000000
130055  19.346  -53.941  92.272 0.0000000000
127705  18.532  -53.913  92.278 0.0000000000
126350  18.554  -54.015  93.145 0.0000000000
126148  18.688  -52.810  87.791 0.0000000000
41458  18.296  -52.900  87.606 0.0000000000
41480  17.265  -52.786  85.537 0.0000000000
41460  17.771  -53.076  86.698 0.0000000000
40500  17.497  -53.523  88.233 0.0000000000
41442  17.858  -53.081  87.848 0.0000000000
41417  17.796  -53.410  89.421 0.0000000000
142101  17.357  -54.531  90.081 0.0000000000
140560  17.637  -53.923  90.517 0.0000000000
40438  17.864  -54.151  91.970 0.0000000000
39505  17.488  -54.645  91.769 0.0000000000
38474  16.412  -56.116  90.892 0.0000000000
38499  15.269  -56.253  87.891 0.0000000000
136147  14.036  -56.877  89.032 0.0000000000
37474  14.675  -56.844  89.415 0.0000000000
36521  13.425  -57.323  90.249 0.0000000000
136786  12.164  -57.752  89.871 0.0000000000
35604  10.522  -58.742  90.230 0.0000000000
45503  27.469  -48.587  82.552 0.0000000000
145301  27.873  -48.681  83.122 0.0000000000
44471  25.537  -49.663  81.222 0.0000000000
43412  27.112  -50.409  83.581 0.0000000000
42462  27.301  -51.389  84.486 0.0000000000
41472  26.810  -52.955  86.032 0.0000000000
41489  27.274  -52.463  85.511 0.0000000000
40528  27.200  -53.376  86.640 0.0000000000
41474  24.981  -52.955  86.000 0.0000000000
140388  24.825  -53.376  86.889 0.0000000000
39543  26.342  -54.379  88.876 0.0000000000
128547  26.122  -55.003  92.262 0.0000000000
39451  24.919  -55.255  94.117 0.0000000000
39436  17.517  -55.299  95.692 0.0000000000
141701  10.338  -58.965  92.884 0.0000000000
138421  10.980  -58.443  93.133 0.0000000000
35570  10.517  -58.796  93.759 0.0000000000
35542  9.819  -58.994  96.328 0.0000000000
135686  10.478  -58.670  96.226 0.0000000000
36453  10.981  -58.263  96.532 0.0000000000
35532  10.768  -58.791  97.460 0.0000000000
70857  59.755  -22.838  70.305 0.0000000000
69870  59.860  -23.232  70.804 0.0000000000
137126  59.761  -25.519  71.119 0.0000000000
67660  54.882  -27.126  70.763 0.0000000000
68734  55.674  -25.588  72.973 0.0000000000
67629  56.016  -25.732  72.136 0.0000000000
68733  56.312  -24.766  73.112 0.0000000000
69855  57.225  -23.735  73.276 0.0000000000
68703  54.864  -25.232  75.156 0.0000000000
67596  55.335  -25.228  74.573 0.0000000000
69827  57.078  -23.765  75.263 0.0000000000
149830  58.049  -23.660  74.533 0.0000000000
68700  58.088  -24.445  74.702 0.0000000000
68713  58.526  -25.079  73.916 0.0000000000
68771  44.288  -25.405  69.702 0.0000000000
68761  45.277  -25.134  70.767 0.0000000000
66704  44.132  -27.029  71.966 0.0000000000
67637  44.751  -26.707  72.172 0.0000000000
67636  45.545  -26.364  72.358 0.0000000000
67635  46.271  -26.058  72.559 0.0000000000
68720  47.362  -25.401  73.067 0.0000000000
68719  47.837  -25.023  73.392 0.0000000000
67616  47.497  -25.663  73.759 0.0000000000
137497  48.403  -25.569  75.550 0.0000000000
68694  48.660  -24.965  75.162 0.0000000000
68680  49.634  -24.992  76.314 0.0000000000
65731  42.221  -28.245  75.887 0.0000000000
65730  42.924  -27.994  75.870 0.0000000000
66639  44.704  -27.620  77.391 0.0000000000
66650  45.547  -27.569  76.880 0.0000000000
130488  45.774  -27.699  76.079 0.0000000000
67563  47.838  -26.666  78.605 0.0000000000
141376  47.938  -26.660  77.825 0.0000000000
67572  48.452  -26.316  77.247 0.0000000000
59986  36.364  -34.381  75.710 0.0000000000
59985  37.177  -34.173  75.930 0.0000000000
59972  37.565  -34.456  76.657 0.0000000000
125704  36.966  -35.777  78.966 0.0000000000
59040  38.610  -35.925  79.527 0.0000000000
59050  38.476  -35.598  78.812 0.0000000000
59948  39.023  -34.986  78.297 0.0000000000
59947  39.842  -34.844  78.451 0.0000000000
59038  40.056  -35.691  79.692 0.0000000000
59023  40.676  -35.745  80.301 0.0000000000
59022  41.095  -35.810  80.922 0.0000000000
49660  35.589  -44.609  82.297 0.0000000000
49669  34.601  -44.542  81.337 0.0000000000
49668  35.304  -44.291  81.618 0.0000000000
50714  36.124  -43.006  80.943 0.0000000000
50715  35.417  -43.309  80.629 0.0000000000
51855  35.665  -42.194  79.571 0.0000000000
51854  36.242  -42.078  80.114 0.0000000000
52938  37.891  -41.738  81.232 0.0000000000
52952  37.396  -41.340  80.778 0.0000000000
54008  37.300  -40.477  80.756 0.0000000000
54002  37.935  -40.773  81.352 0.0000000000
47618  39.475  -46.377  87.807 0.0000000000
48648  39.202  -46.229  86.888 0.0000000000
48647  40.092  -45.991  87.106 0.0000000000
48673  41.354  -45.201  85.769 0.0000000000
48674  40.400  -45.308  85.625 0.0000000000
49634  40.689  -44.369  84.510 0.0000000000
52906  41.489  -42.303  84.528 0.0000000000
51779  41.629  -43.106  84.505 0.0000000000
51787  40.239  -42.537  83.424 0.0000000000
51803  39.520  -42.263  82.768 0.0000000000
52916  40.028  -41.679  83.316 0.0000000000
53990  39.061  -40.151  83.143 0.0000000000
53996  39.097  -40.756  82.651 0.0000000000
135028  38.625  -39.983  82.614 0.0000000000
55031  38.080  -39.895  81.967 0.0000000000
56061  38.187  -38.877  82.622 0.0000000000
56042  38.813  -37.785  84.050 0.0000000000
58100  38.601  -36.618  83.598 0.0000000000
57096  38.864  -37.150  84.283 0.0000000000
54998  41.120  -39.426  86.938 0.0000000000
54985  41.148  -38.505  87.144 0.0000000000
57059  40.865  -37.537  86.486 0.0000000000
58076  40.068  -37.113  85.233 0.0000000000
58092  39.748  -36.761  84.405 0.0000000000
58091  40.557  -36.881  84.875 0.0000000000
58975  40.498  -36.622  84.010 0.0000000000
75397  55.569  -18.787  66.164 0.0000000000
72708  55.793  -20.400  65.454 0.0000000000
73577  56.767  -20.076  64.393 0.0000000000
70922  58.157  -22.240  63.660 0.0000000000
71862  57.699  -21.683  63.513 0.0000000000
71861  58.288  -21.535  63.629 0.0000000000
68828  57.936  -24.868  65.463 0.0000000000
69936  58.463  -24.282  65.561 0.0000000000
70907  58.688  -23.353  65.095 0.0000000000
71829  59.208  -22.418  66.047 0.0000000000
72694  59.989  -21.956  65.982 0.0000000000
70892  60.472  -23.017  66.910 0.0000000000
76360  58.689  -16.585  62.418 0.0000000000
76368  58.891  -16.739  61.293 0.0000000000
77321  59.652  -16.751  61.302 0.0000000000
73581  60.679  -19.952  63.167 0.0000000000
39480  26.723  -55.499  92.491 0.0000000000
36504  12.514  -57.608  91.318 0.0000000000
36488  12.633  -57.635  92.093 0.0000000000
36489  12.131  -57.778  92.692 0.0000000000
143121  11.631  -57.960  93.318 0.0000000000
60863  43.591  -33.694  79.710 0.0000000000
46565  28.673  -47.722  83.190 0.0000000000
131715  29.396  -48.894  84.235 0.0000000000
44434  29.778  -49.146  84.710 0.0000000000
41455  21.052  -52.965  86.632 0.0000000000
41494  22.525  -52.605  85.408 0.0000000000
40423  18.920  -53.959  93.938 0.0000000000
40413  19.331  -54.080  94.653 0.0000000000
151575  19.168  -54.195  94.936 0.0000000000
40406  18.982  -54.369  95.105 0.0000000000
39435  19.015  -54.882  95.500 0.0000000000
67697  56.564  -26.772  68.688 0.0000000000
67678  56.609  -26.768  69.582 0.0000000000
67658  56.515  -26.606  70.382 0.0000000000
68689  53.194  -25.176  76.017 0.0000000000
68676  53.543  -24.959  76.786 0.0000000000
65772  42.350  -27.996  72.514 0.0000000000
142104  42.640  -28.113  73.247 0.0000000000
57166  35.633  -37.035  79.632 0.0000000000
58137  35.688  -36.375  79.534 0.0000000000
57151  36.016  -36.745  80.017 0.0000000000
57150  36.510  -36.847  80.514 0.0000000000
57134  37.210  -37.262  81.767 0.0000000000
47678  35.950  -46.082  84.710 0.0000000000
48678  36.821  -45.971  84.929 0.0000000000
48677  37.689  -45.827  85.140 0.0000000000
142037  55.891  -26.289  67.162 0.0000000000
76344  58.403  -16.974  64.735 0.0000000000
75408  58.997  -17.542  64.397 0.0000000000
41469  29.088  -52.485  86.687 0.0000000000
41453  28.551  -53.212  87.073 0.0000000000
40509  28.985  -53.518  87.795 0.0000000000
40491  29.307  -53.829  88.558 0.0000000000
38451  16.348  -56.337  92.812 0.0000000000
133174  16.105  -56.322  93.801 0.0000000000
38434  15.067  -56.325  95.376 0.0000000000
37393  12.961  -57.365  95.934 0.0000000000
67702  50.021  -26.649  68.346 0.0000000000
132251  50.829  -26.989  68.614 0.0000000000
67684  50.347  -27.119  69.359 0.0000000000
67685  49.639  -26.868  69.880 0.0000000000
141728  47.415  -25.440  70.182 0.0000000000
67649  48.469  -25.764  71.640 0.0000000000
125444  49.705  -26.240  72.112 0.0000000000
67615  49.455  -25.861  72.891 0.0000000000
68735  48.844  -25.225  73.111 0.0000000000
68717  49.258  -25.342  73.735 0.0000000000
63820  42.006  -30.104  76.319 0.0000000000
61836  45.464  -31.998  79.438 0.0000000000
34582  9.216  -59.544  90.404 0.0000000000
34569  9.496  -59.851  91.231 0.0000000000
34570  9.006  -60.347  91.714 0.0000000000
33633  8.517  -60.872  92.304 0.0000000000
65758  38.224  -28.814  73.251 0.0000000000
64774  39.177  -28.894  74.236 0.0000000000
63845  39.479  -30.412  74.431 0.0000000000
61884  38.969  -32.632  75.013 0.0000000000
134776  40.257  -32.956  76.612 0.0000000000
60885  40.666  -33.532  77.696 0.0000000000
59946  40.593  -34.641  78.652 0.0000000000
46562  31.153  -47.153  83.563 0.0000000000
46561  32.014  -46.932  83.712 0.0000000000
47682  32.750  -46.923  84.006 0.0000000000
42421  30.538  -51.688  87.334 0.0000000000
43373  30.555  -50.649  86.530 0.0000000000
43357  30.824  -50.951  87.088 0.0000000000
43355  32.315  -50.514  87.608 0.0000000000
43336  35.112  -50.253  88.799 0.0000000000
44373  35.263  -49.628  87.386 0.0000000000
39519  22.814  -54.288  91.106 0.0000000000
40483  20.714  -53.962  89.660 0.0000000000
40469  20.288  -54.004  90.409 0.0000000000
40534  16.862  -53.550  85.999 0.0000000000
40485  17.535  -53.573  89.037 0.0000000000
38482  16.295  -56.037  89.948 0.0000000000
147791  13.417  -56.982  88.685 0.0000000000
37475  13.424  -57.142  89.399 0.0000000000
37476  12.799  -57.199  88.815 0.0000000000
43424  25.640  -50.963  82.719 0.0000000000
42475  26.066  -51.312  83.545 0.0000000000
42463  26.458  -51.624  84.258 0.0000000000
41490  26.424  -52.589  85.368 0.0000000000
41473  25.949  -52.978  85.965 0.0000000000
40513  24.166  -53.593  87.578 0.0000000000
39531  25.469  -54.437  89.481 0.0000000000
35560  9.931  -59.196  94.236 0.0000000000
35552  9.780  -59.012  95.217 0.0000000000
132407  59.037  -22.611  71.640 0.0000000000
70848  59.249  -22.811  71.349 0.0000000000
150405  59.772  -24.628  71.318 0.0000000000
67640  59.405  -26.319  71.617 0.0000000000
66690  58.929  -26.911  72.175 0.0000000000
67643  54.616  -26.742  71.607 0.0000000000
68715  55.955  -24.820  73.964 0.0000000000
69803  56.499  -24.240  76.481 0.0000000000
69815  56.612  -23.942  76.048 0.0000000000
68763  43.738  -25.872  70.139 0.0000000000
66692  45.093  -27.178  72.766 0.0000000000
67602  47.713  -26.098  74.556 0.0000000000
65705  43.325  -28.361  77.476 0.0000000000
68651  49.142  -25.710  78.391 0.0000000000
127295  35.829  -34.651  76.289 0.0000000000
59026  37.259  -36.174  80.368 0.0000000000
59025  38.176  -36.178  80.373 0.0000000000
59024  39.156  -36.010  80.001 0.0000000000
126551  39.727  -36.054  80.588 0.0000000000
58985  40.485  -36.588  82.966 0.0000000000
49667  36.001  -43.967  81.908 0.0000000000
50687  36.767  -43.696  82.126 0.0000000000
51825  36.933  -42.800  81.122 0.0000000000
51842  36.554  -42.430  80.605 0.0000000000
51824  37.668  -42.509  81.381 0.0000000000
51823  38.379  -42.126  81.681 0.0000000000
48646  41.061  -45.975  87.217 0.0000000000
48657  41.745  -45.662  86.488 0.0000000000
49611  42.329  -45.162  86.017 0.0000000000
53988  40.333  -41.153  83.901 0.0000000000
55024  39.283  -39.813  83.771 0.0000000000
143222  39.444  -39.475  84.445 0.0000000000
55011  39.475  -38.731  85.092 0.0000000000
70909  54.107  -23.069  64.850 0.0000000000
139513  55.816  -22.052  64.386 0.0000000000
71856  57.389  -22.699  63.785 0.0000000000
68800  58.356  -25.142  66.956 0.0000000000
69920  58.638  -24.233  66.533 0.0000000000
71813  59.465  -22.702  66.925 0.0000000000
76367  60.153  -17.259  61.817 0.0000000000
77329  59.915  -16.927  61.073 0.0000000000
75420  59.955  -18.105  60.582 0.0000000000
71860  60.629  -21.490  64.020 0.0000000000
39541  27.906  -54.354  88.789 0.0000000000
132569  28.137  -55.590  91.630 0.0000000000
37446  14.040  -57.067  91.833 0.0000000000
37417  13.687  -56.986  93.579 0.0000000000
37405  12.992  -57.275  94.914 0.0000000000
36451  12.253  -57.701  96.298 0.0000000000
143870  12.197  -57.697  97.117 0.0000000000
69897  46.566  -25.035  68.694 0.0000000000
69882  46.985  -25.251  69.494 0.0000000000
68760  46.775  -24.847  70.432 0.0000000000
69865  46.727  -24.767  71.249 0.0000000000
61852  42.582  -32.154  77.570 0.0000000000
61851  43.792  -32.623  78.631 0.0000000000
60862  44.258  -33.463  79.905 0.0000000000
61819  44.957  -32.819  79.663 0.0000000000
33652  7.860  -60.219  90.874 0.0000000000
34571  7.258  -60.044  90.749 0.0000000000
33645  6.590  -60.893  91.841 0.0000000000
32543  5.966  -61.875  93.107 0.0000000000
60916  38.177  -33.089  74.781 0.0000000000
60905  38.530  -33.345  75.542 0.0000000000
47703  29.973  -46.801  83.071 0.0000000000
46564  29.434  -47.356  83.335 0.0000000000
46563  30.299  -47.255  83.488 0.0000000000
45449  32.287  -48.790  85.124 0.0000000000
132756  22.060  -53.945  88.776 0.0000000000
135824  20.970  -53.853  88.858 0.0000000000
40499  19.884  -53.501  88.806 0.0000000000
41439  18.789  -52.887  88.637 0.0000000000
39554  16.226  -55.069  86.769 0.0000000000
38520  15.350  -55.505  86.537 0.0000000000
125442  23.709  -51.677  83.000 0.0000000000
41475  23.589  -53.023  86.213 0.0000000000
40531  23.878  -53.282  86.870 0.0000000000
40496  23.537  -53.768  88.178 0.0000000000
69896  58.743  -23.352  68.985 0.0000000000
69871  58.728  -22.909  70.473 0.0000000000
70859  58.647  -22.835  71.210 0.0000000000
70850  58.686  -22.772  72.081 0.0000000000
70841  58.692  -22.888  72.826 0.0000000000
126981  55.005  -24.684  75.941 0.0000000000
68688  55.983  -24.302  76.329 0.0000000000
66694  43.672  -27.538  72.196 0.0000000000
65771  43.147  -27.921  72.641 0.0000000000
66680  43.825  -27.866  72.936 0.0000000000
66669  45.599  -27.809  74.262 0.0000000000
65676  45.324  -28.653  79.739 0.0000000000
59962  34.468  -34.973  77.788 0.0000000000
59068  35.457  -35.217  77.924 0.0000000000
59042  36.086  -35.886  79.465 0.0000000000
59027  36.579  -36.238  80.144 0.0000000000
59013  37.615  -36.254  81.165 0.0000000000
59000  38.067  -36.006  82.542 0.0000000000
48710  34.451  -45.318  82.431 0.0000000000
48720  34.015  -45.119  81.770 0.0000000000
48708  35.934  -44.940  82.947 0.0000000000
48699  36.272  -45.308  83.568 0.0000000000
49652  36.645  -44.651  83.202 0.0000000000
49651  37.420  -44.332  83.483 0.0000000000
49650  38.320  -44.057  83.665 0.0000000000
69924  52.218  -24.182  65.650 0.0000000000
69923  53.017  -24.433  65.716 0.0000000000
69922  53.882  -24.596  65.722 0.0000000000
69938  55.412  -24.507  65.318 0.0000000000
130286  56.497  -24.659  65.168 0.0000000000
68829  57.140  -25.192  65.624 0.0000000000
68814  57.818  -25.424  66.170 0.0000000000
68802  56.659  -26.141  67.020 0.0000000000
128289  57.579  -25.879  66.915 0.0000000000
68784  58.452  -24.581  68.102 0.0000000000
76361  57.636  -17.104  62.637 0.0000000000
147529  59.185  -16.367  63.097 0.0000000000
77316  59.638  -16.608  63.037 0.0000000000
76358  60.106  -17.108  62.936 0.0000000000
132758  60.499  -18.544  62.461 0.0000000000
136488  60.430  -19.555  62.137 0.0000000000
150138  60.238  -20.011  61.688 0.0000000000
74452  60.646  -19.189  63.017 0.0000000000
73579  60.590  -19.934  64.259 0.0000000000
150239  60.124  -19.102  64.337 0.0000000000
73574  60.413  -19.983  64.499 0.0000000000
72713  59.809  -21.012  64.925 0.0000000000
43399  28.488  -50.238  84.699 0.0000000000
44416  29.084  -50.090  85.021 0.0000000000
43388  28.800  -50.706  85.266 0.0000000000
43375  29.296  -51.160  85.923 0.0000000000
42422  29.821  -52.118  86.987 0.0000000000
42413  30.978  -52.087  87.980 0.0000000000
40479  28.721  -54.288  89.047 0.0000000000
40478  29.592  -54.083  89.587 0.0000000000
41425  30.142  -53.510  88.874 0.0000000000
39467  17.945  -54.520  93.611 0.0000000000
39456  17.932  -54.703  94.731 0.0000000000
144306  16.373  -55.621  95.344 0.0000000000
38432  16.492  -55.452  96.087 0.0000000000
38423  16.607  -55.671  96.463 0.0000000000
38412  16.308  -56.035  96.826 0.0000000000
37381  14.535  -56.584  97.050 0.0000000000
66731  53.648  -27.701  69.318 0.0000000000
66719  53.346  -27.594  70.261 0.0000000000
66733  51.928  -27.574  69.612 0.0000000000
67662  53.100  -27.126  71.102 0.0000000000
67645  52.903  -26.811  71.880 0.0000000000
126458  52.702  -26.818  72.775 0.0000000000
68788  48.125  -26.076  68.487 0.0000000000
67665  49.436  -26.655  70.680 0.0000000000
67664  50.860  -26.871  71.092 0.0000000000
144946  51.274  -26.812  71.647 0.0000000000
67612  52.520  -26.870  73.789 0.0000000000
67599  52.208  -26.628  74.664 0.0000000000
67588  51.762  -26.136  75.349 0.0000000000
142333  51.398  -25.610  75.801 0.0000000000
68678  51.423  -25.164  76.419 0.0000000000
65741  41.444  -28.238  74.710 0.0000000000
65732  41.736  -28.350  75.465 0.0000000000
65719  42.449  -28.380  76.413 0.0000000000
64729  42.180  -29.134  76.679 0.0000000000
65706  42.704  -28.549  77.001 0.0000000000
65692  43.741  -28.598  78.109 0.0000000000
62804  43.943  -31.040  78.295 0.0000000000
63797  44.221  -30.231  78.618 0.0000000000
65664  45.893  -28.954  80.295 0.0000000000
56105  35.583  -38.807  79.125 0.0000000000
55044  36.574  -39.206  80.298 0.0000000000
47598  37.935  -46.783  88.250 0.0000000000
47597  38.863  -46.647  88.512 0.0000000000
68806  52.076  -25.858  67.027 0.0000000000
67713  52.619  -26.528  67.567 0.0000000000
135473  53.058  -27.039  68.086 0.0000000000
76338  55.749  -17.872  65.695 0.0000000000
75405  56.098  -18.219  65.879 0.0000000000
141837  9.841  -59.652  92.732 0.0000000000
34544  8.969  -60.450  95.317 0.0000000000
128747  8.341  -61.415  94.085 0.0000000000
33617  8.553  -61.095  94.909 0.0000000000
33610  8.356  -61.149  95.818 0.0000000000
65790  40.962  -28.147  71.770 0.0000000000
133653  40.607  -28.224  73.343 0.0000000000
65742  40.595  -28.396  74.680 0.0000000000
64755  40.961  -29.333  75.477 0.0000000000
63821  41.452  -30.184  75.700 0.0000000000
62833  41.786  -31.150  76.108 0.0000000000
62862  39.788  -31.330  74.582 0.0000000000
62847  40.293  -31.420  74.916 0.0000000000
62834  41.226  -31.787  75.898 0.0000000000
60872  42.504  -33.522  78.700 0.0000000000
60864  42.760  -34.005  79.522 0.0000000000
126236  42.889  -34.968  81.713 0.0000000000
49679  31.930  -44.762  80.065 0.0000000000
48721  32.514  -45.323  81.604 0.0000000000
48714  30.701  -45.471  81.720 0.0000000000
48713  31.419  -45.586  82.038 0.0000000000
129865  31.928  -45.383  81.636 0.0000000000
131809  33.117  -45.437  82.026 0.0000000000
48711  33.755  -45.563  82.586 0.0000000000
47679  35.004  -46.185  84.418 0.0000000000
47680  34.244  -46.559  84.386 0.0000000000
47621  36.744  -46.826  87.103 0.0000000000
137686  29.620  -49.722  85.062 0.0000000000
150813  30.170  -49.433  85.116 0.0000000000
44393  30.728  -50.173  86.044 0.0000000000
44414  30.880  -49.514  85.463 0.0000000000
43354  33.128  -50.415  87.774 0.0000000000
44376  32.807  -50.176  87.159 0.0000000000
134897  33.014  -49.800  86.416 0.0000000000
142299  35.568  -49.063  87.019 0.0000000000
45437  35.288  -48.387  86.559 0.0000000000
46508  35.803  -47.689  86.863 0.0000000000
46506  37.083  -46.971  87.944 0.0000000000
39463  24.495  -54.726  93.696 0.0000000000
149236  24.143  -54.517  92.985 0.0000000000
149632  23.905  -54.618  94.131 0.0000000000
39465  23.012  -54.439  93.849 0.0000000000
39504  22.292  -54.351  91.897 0.0000000000
125559  18.369  -54.192  93.299 0.0000000000
144569  19.999  -52.567  85.741 0.0000000000
148160  20.157  -52.672  86.173 0.0000000000
41457  19.485  -52.912  87.147 0.0000000000
41459  18.260  -52.968  87.279 0.0000000000
130151  18.219  -52.880  88.855 0.0000000000
41426  18.500  -52.957  89.212 0.0000000000
41427  18.186  -53.165  89.494 0.0000000000
40455  17.877  -53.715  90.739 0.0000000000
40470  17.852  -53.687  90.031 0.0000000000
145961  17.914  -53.898  91.513 0.0000000000
40437  18.080  -54.239  92.695 0.0000000000
38473  17.006  -55.479  91.393 0.0000000000
37429  15.613  -56.630  92.191 0.0000000000
37445  14.898  -56.829  91.600 0.0000000000
38498  15.939  -55.891  88.218 0.0000000000
37473  15.439  -56.525  89.455 0.0000000000
37490  14.784  -56.664  88.567 0.0000000000
133254  15.080  -56.784  90.883 0.0000000000
36542  11.461  -57.924  89.621 0.0000000000
36523  11.175  -58.268  90.169 0.0000000000
35605  9.603  -58.995  89.936 0.0000000000
35606  8.842  -59.059  89.804 0.0000000000
46593  27.195  -46.823  81.694 0.0000000000
46566  28.005  -48.014  82.908 0.0000000000
44470  26.326  -49.088  81.522 0.0000000000
44463  26.817  -49.356  82.323 0.0000000000
43423  26.251  -50.193  82.518 0.0000000000
44449  27.581  -49.830  83.607 0.0000000000
43389  28.037  -51.012  84.908 0.0000000000
42434  28.066  -52.266  85.742 0.0000000000
40511  27.719  -53.644  87.199 0.0000000000
40512  25.785  -53.654  87.156 0.0000000000
39542  27.185  -54.348  88.641 0.0000000000
39515  26.249  -54.736  90.785 0.0000000000
39499  26.594  -54.961  91.616 0.0000000000
39445  18.486  -54.787  95.330 0.0000000000
36478  11.215  -58.245  94.087 0.0000000000
36468  11.140  -58.180  94.967 0.0000000000
67659  55.725  -26.911  70.586 0.0000000000
67641  56.248  -26.256  71.164 0.0000000000
68744  56.704  -25.381  71.656 0.0000000000
69837  58.484  -23.137  73.447 0.0000000000
68714  56.709  -23.843  74.604 0.0000000000
69839  57.500  -23.535  74.371 0.0000000000
138477  58.041  -23.312  74.201 0.0000000000
69885  44.788  -25.114  69.177 0.0000000000
69874  45.693  -24.824  70.328 0.0000000000
67667  43.955  -26.214  70.862 0.0000000000
148580  44.408  -25.916  71.037 0.0000000000
67650  45.196  -25.914  71.749 0.0000000000
68750  44.869  -25.623  71.179 0.0000000000
68749  45.581  -25.173  71.354 0.0000000000
68748  46.773  -24.983  71.911 0.0000000000
68718  48.521  -25.000  73.710 0.0000000000
149302  48.856  -24.983  74.113 0.0000000000
68705  48.522  -24.944  74.450 0.0000000000
145137  49.195  -25.047  74.592 0.0000000000
68692  50.135  -25.154  75.800 0.0000000000
125499  50.877  -24.800  77.117 0.0000000000
65740  42.314  -28.186  74.690 0.0000000000
65739  43.196  -28.170  74.806 0.0000000000
66652  43.754  -27.823  76.194 0.0000000000
66661  44.458  -27.924  75.453 0.0000000000
66660  45.516  -27.841  75.281 0.0000000000
66624  45.575  -27.590  78.566 0.0000000000
147511  46.285  -27.302  78.010 0.0000000000
66622  47.120  -27.054  79.171 0.0000000000
66637  46.295  -27.406  77.203 0.0000000000
66648  47.068  -27.263  76.691 0.0000000000
66658  47.215  -27.279  75.854 0.0000000000
67582  47.670  -26.869  76.267 0.0000000000
67581  48.338  -26.202  76.319 0.0000000000
147043  48.810  -25.678  76.787 0.0000000000
131375  49.353  -25.139  76.885 0.0000000000
129013  50.062  -24.747  77.141 0.0000000000
146105  50.583  -24.666  77.570 0.0000000000
69794  52.136  -24.875  78.014 0.0000000000
60898  38.019  -33.927  76.110 0.0000000000
59067  36.474  -35.109  77.515 0.0000000000
59961  37.195  -34.864  77.201 0.0000000000
59051  37.740  -35.590  78.647 0.0000000000
59960  37.893  -34.723  77.389 0.0000000000
59958  39.492  -34.335  77.770 0.0000000000
59938  40.901  -35.122  79.444 0.0000000000
59927  41.644  -35.182  80.275 0.0000000000
59917  42.320  -35.111  81.033 0.0000000000
49676  34.345  -44.229  80.651 0.0000000000
50703  35.696  -43.628  81.285 0.0000000000
50716  34.745  -43.630  80.274 0.0000000000
54019  35.846  -40.728  79.018 0.0000000000
52953  36.786  -41.735  80.401 0.0000000000
54018  36.235  -40.331  79.495 0.0000000000
54009  36.681  -40.221  80.144 0.0000000000
47637  38.284  -46.421  86.675 0.0000000000
48676  38.588  -45.677  85.323 0.0000000000
48659  39.799  -45.784  86.242 0.0000000000
48675  39.490  -45.495  85.477 0.0000000000
49622  39.127  -45.038  84.844 0.0000000000
50645  39.440  -43.862  83.676 0.0000000000
49619  41.929  -44.529  85.324 0.0000000000
50632  42.468  -43.803  85.487 0.0000000000
50633  41.864  -43.704  84.864 0.0000000000
49633  41.382  -44.238  84.766 0.0000000000
50644  40.421  -43.791  84.018 0.0000000000
50663  39.615  -43.088  83.161 0.0000000000
50684  39.085  -42.974  82.683 0.0000000000
52927  38.944  -41.586  82.211 0.0000000000
55038  37.564  -39.835  81.313 0.0000000000
139561  37.260  -39.116  81.271 0.0000000000
56071  37.172  -38.272  81.531 0.0000000000
57120  37.576  -36.952  82.491 0.0000000000
56051  38.575  -38.241  83.430 0.0000000000
57119  37.958  -37.576  82.993 0.0000000000
57108  37.943  -36.674  83.121 0.0000000000
58107  38.099  -36.241  83.048 0.0000000000
58987  38.593  -36.081  83.153 0.0000000000
54999  40.553  -38.826  86.426 0.0000000000
55000  40.005  -38.314  85.913 0.0000000000
57060  40.214  -37.563  85.977 0.0000000000
56029  39.620  -37.720  85.392 0.0000000000
128211  39.572  -37.043  84.893 0.0000000000
58099  39.155  -36.453  83.708 0.0000000000
58984  41.420  -36.609  83.421 0.0000000000
58996  42.216  -36.194  82.901 0.0000000000
73563  55.990  -19.517  65.888 0.0000000000
74441  56.665  -18.767  65.666 0.0000000000
74446  57.210  -19.134  64.772 0.0000000000
147327  57.541  -19.744  63.833 0.0000000000
72714  58.885  -20.868  63.941 0.0000000000
71854  59.551  -21.567  65.245 0.0000000000
72707  59.947  -21.584  65.558 0.0000000000
71845  60.253  -22.242  65.801 0.0000000000
70906  60.559  -23.022  66.053 0.0000000000
39444  19.344  -54.586  95.340 0.0000000000
51780  40.954  -42.952  83.958 0.0000000000
52897  40.898  -41.005  85.126 0.0000000000
52907  40.942  -41.484  84.441 0.0000000000
57074  40.409  -37.393  85.879 0.0000000000
57095  39.322  -37.247  84.873 0.0000000000
58997  41.490  -36.390  82.570 0.0000000000
68738  46.839  -25.423  72.528 0.0000000000
69867  45.812  -24.779  70.958 0.0000000000
70840  59.131  -22.897  72.126 0.0000000000
74449  60.536  -19.133  63.885 0.0000000000
75411  60.464  -17.856  63.224 0.0000000000
76376  60.044  -17.396  60.818 0.0000000000
77311  59.353  -16.627  63.927 0.0000000000
77315  59.817  -16.778  62.068 0.0000000000
128795  60.363  -19.462  64.384 0.0000000000
143938  60.365  -17.703  62.429 0.0000000000
150789  46.924  -27.217  77.432 0.0000000000
