#!ascii label  , from subject sub-01 vox2ras=TkReg
958
50784  29.090  -43.137  76.717 0.0000000000
131527  42.828  -22.761  67.006 0.0000000000
141212  34.566  -32.116  72.041 0.0000000000
42439  13.637  -51.738  86.606 0.0000000000
50692  23.414  -43.564  82.120 0.0000000000
146785  33.005  -26.239  73.608 0.0000000000
45527  18.396  -48.585  81.857 0.0000000000
42452  16.962  -51.663  84.394 0.0000000000
44482  22.222  -50.085  79.849 0.0000000000
68810  47.853  -25.592  67.870 0.0000000000
55063  30.500  -39.585  77.617 0.0000000000
57196  31.835  -36.674  77.041 0.0000000000
51885  34.341  -41.977  77.781 0.0000000000
73555  47.486  -19.728  67.190 0.0000000000
70894  51.329  -22.989  65.770 0.0000000000
71791  39.151  -22.535  70.098 0.0000000000
67688  42.163  -26.284  69.422 0.0000000000
67671  37.402  -26.344  69.935 0.0000000000
64776  37.801  -29.322  73.308 0.0000000000
48736  28.565  -45.386  80.992 0.0000000000
142197  12.838  -56.551  87.172 0.0000000000
38501  9.038  -55.829  88.582 0.0000000000
37432  7.430  -55.230  92.117 0.0000000000
52974  25.867  -41.671  79.699 0.0000000000
46603  25.874  -47.426  79.812 0.0000000000
61886  30.100  -32.755  75.120 0.0000000000
59975  34.297  -34.700  76.662 0.0000000000
72683  53.745  -21.463  67.693 0.0000000000
141705  45.762  -23.803  66.979 0.0000000000
69899  45.167  -24.754  68.571 0.0000000000
53008  30.391  -41.756  75.913 0.0000000000
54066  31.711  -40.132  75.466 0.0000000000
50781  31.730  -42.982  76.326 0.0000000000
73546  42.371  -19.972  68.378 0.0000000000
138641  45.335  -18.966  69.272 0.0000000000
73570  44.744  -20.628  66.623 0.0000000000
131043  47.733  -23.083  66.289 0.0000000000
34586  6.094  -59.258  90.984 0.0000000000
69888  38.201  -24.666  69.698 0.0000000000
69868  36.940  -23.992  71.163 0.0000000000
127967  33.651  -28.891  72.229 0.0000000000
65778  35.316  -28.264  71.885 0.0000000000
62886  36.083  -31.196  72.462 0.0000000000
60929  36.991  -33.258  73.946 0.0000000000
41498  15.401  -52.189  84.751 0.0000000000
40534  16.862  -53.550  85.999 0.0000000000
39572  14.998  -54.165  85.561 0.0000000000
38508  14.916  -55.956  87.107 0.0000000000
39565  13.349  -54.819  86.413 0.0000000000
141851  10.619  -53.626  89.542 0.0000000000
38485  8.147  -54.876  90.224 0.0000000000
51847  24.489  -42.311  80.469 0.0000000000
49696  24.873  -43.813  79.478 0.0000000000
48754  23.300  -45.193  79.038 0.0000000000
143085  21.471  -51.506  81.943 0.0000000000
42489  24.029  -51.313  82.362 0.0000000000
133973  34.617  -38.010  78.329 0.0000000000
130907  32.375  -35.418  78.029 0.0000000000
69833  35.575  -23.687  74.414 0.0000000000
65734  33.307  -28.184  75.367 0.0000000000
63847  32.725  -30.184  73.734 0.0000000000
42494  19.106  -51.373  82.804 0.0000000000
42449  18.662  -52.143  85.198 0.0000000000
43415  17.473  -50.315  83.423 0.0000000000
44439  15.894  -49.234  84.367 0.0000000000
44384  14.696  -48.932  86.593 0.0000000000
47754  22.691  -46.406  79.445 0.0000000000
45543  21.772  -48.008  80.200 0.0000000000
43437  20.485  -50.514  81.002 0.0000000000
57153  29.286  -37.386  79.839 0.0000000000
148662  27.760  -36.009  77.056 0.0000000000
56136  29.871  -38.141  76.456 0.0000000000
55084  33.550  -39.385  76.360 0.0000000000
72697  51.103  -21.724  66.749 0.0000000000
143614  49.521  -22.099  66.359 0.0000000000
69926  49.612  -24.653  66.577 0.0000000000
71808  40.619  -21.882  68.170 0.0000000000
69902  42.730  -24.685  68.119 0.0000000000
69904  40.363  -24.411  68.246 0.0000000000
67691  39.420  -26.620  69.522 0.0000000000
65792  39.231  -28.341  71.890 0.0000000000
67653  35.100  -26.320  71.289 0.0000000000
65794  37.434  -28.330  71.904 0.0000000000
49706  29.296  -44.458  78.369 0.0000000000
49704  31.454  -44.440  78.542 0.0000000000
73527  41.351  -20.281  70.417 0.0000000000
41443  12.812  -51.534  88.460 0.0000000000
40521  11.688  -53.898  87.238 0.0000000000
37513  10.478  -55.842  87.605 0.0000000000
134325  10.178  -58.023  88.867 0.0000000000
36545  8.465  -57.744  88.984 0.0000000000
36524  6.929  -57.143  89.922 0.0000000000
36506  5.888  -57.225  91.163 0.0000000000
37436  4.474  -56.352  92.768 0.0000000000
51874  27.255  -42.153  77.882 0.0000000000
49694  27.152  -44.285  79.511 0.0000000000
47741  27.074  -46.207  81.042 0.0000000000
44490  23.894  -49.066  79.096 0.0000000000
60935  31.658  -32.910  73.298 0.0000000000
129744  29.505  -34.722  75.801 0.0000000000
59990  32.122  -34.785  75.329 0.0000000000
60015  34.132  -34.394  73.889 0.0000000000
50733  33.726  -43.618  79.160 0.0000000000
151451  55.011  -20.185  66.478 0.0000000000
71849  53.080  -22.479  65.630 0.0000000000
71858  55.022  -21.690  64.982 0.0000000000
71818  44.300  -23.015  66.682 0.0000000000
69911  44.835  -24.310  67.784 0.0000000000
69912  44.029  -24.333  67.593 0.0000000000
53009  29.793  -41.939  76.207 0.0000000000
129901  30.841  -42.086  75.726 0.0000000000
50782  30.858  -42.944  76.100 0.0000000000
72688  42.340  -21.139  67.373 0.0000000000
146519  43.376  -20.159  67.438 0.0000000000
71841  43.946  -21.359  66.731 0.0000000000
71839  45.118  -22.510  66.474 0.0000000000
142222  5.460  -58.996  91.619 0.0000000000
70846  37.621  -23.508  71.732 0.0000000000
127556  37.336  -23.479  73.188 0.0000000000
63869  33.833  -30.672  71.970 0.0000000000
63868  34.686  -30.593  71.903 0.0000000000
62887  35.194  -31.489  72.044 0.0000000000
61910  36.418  -32.413  72.982 0.0000000000
60942  35.707  -32.805  72.747 0.0000000000
41499  14.499  -52.394  85.343 0.0000000000
40547  15.150  -53.181  85.189 0.0000000000
40548  14.322  -53.299  85.702 0.0000000000
40536  14.031  -54.251  86.079 0.0000000000
131208  13.535  -53.274  86.316 0.0000000000
50704  23.833  -42.887  81.699 0.0000000000
50718  23.585  -43.439  79.996 0.0000000000
49681  22.984  -44.089  80.274 0.0000000000
41520  21.769  -52.139  83.745 0.0000000000
60867  28.556  -33.767  79.416 0.0000000000
57167  35.089  -36.612  79.182 0.0000000000
64768  32.861  -29.372  74.085 0.0000000000
128881  33.157  -30.070  75.040 0.0000000000
132827  18.608  -50.182  82.085 0.0000000000
43414  18.060  -50.721  83.372 0.0000000000
44451  17.995  -50.129  82.784 0.0000000000
45476  16.163  -48.270  84.288 0.0000000000
45458  15.890  -47.804  85.156 0.0000000000
44400  14.977  -49.116  85.689 0.0000000000
46595  22.262  -47.373  80.947 0.0000000000
45526  19.060  -48.756  81.447 0.0000000000
45525  19.781  -48.880  81.134 0.0000000000
138106  19.445  -49.521  81.302 0.0000000000
43438  19.891  -50.718  81.567 0.0000000000
57185  28.586  -37.996  77.951 0.0000000000
56118  30.160  -38.900  76.767 0.0000000000
53006  33.134  -41.166  76.069 0.0000000000
55085  32.784  -39.390  75.726 0.0000000000
54050  33.882  -40.081  76.601 0.0000000000
55062  34.913  -39.662  77.883 0.0000000000
135797  35.295  -41.160  78.458 0.0000000000
74416  46.278  -19.184  68.259 0.0000000000
73554  49.576  -20.670  67.160 0.0000000000
73566  48.858  -20.920  66.552 0.0000000000
69928  47.879  -23.975  66.538 0.0000000000
70897  48.554  -23.352  66.315 0.0000000000
69908  48.947  -25.062  66.984 0.0000000000
134009  39.918  -22.080  68.801 0.0000000000
70875  40.519  -23.544  67.913 0.0000000000
71801  39.462  -22.822  69.114 0.0000000000
68778  37.808  -25.416  69.713 0.0000000000
68777  38.588  -25.395  69.402 0.0000000000
67670  38.473  -26.783  69.731 0.0000000000
66725  39.447  -27.658  70.388 0.0000000000
66726  38.561  -27.552  70.335 0.0000000000
68721  33.929  -24.656  73.675 0.0000000000
69861  34.602  -24.396  72.843 0.0000000000
143858  33.783  -25.892  72.404 0.0000000000
64789  36.924  -28.863  72.532 0.0000000000
66696  35.796  -27.921  71.769 0.0000000000
139335  37.561  -28.878  72.845 0.0000000000
65777  37.892  -28.650  72.605 0.0000000000
48749  28.599  -45.002  80.198 0.0000000000
48748  29.610  -44.884  79.910 0.0000000000
71783  40.048  -22.217  71.660 0.0000000000
72663  40.269  -21.373  70.217 0.0000000000
72671  40.824  -20.744  69.786 0.0000000000
42450  18.039  -51.979  85.167 0.0000000000
42436  18.111  -52.405  85.619 0.0000000000
37511  13.582  -56.578  87.355 0.0000000000
37490  14.784  -56.664  88.567 0.0000000000
147791  13.417  -56.982  88.685 0.0000000000
37492  12.266  -57.187  88.192 0.0000000000
42406  12.370  -51.724  89.264 0.0000000000
41462  12.025  -52.945  87.700 0.0000000000
40501  11.575  -52.698  88.888 0.0000000000
39536  9.932  -54.279  88.932 0.0000000000
39546  10.260  -54.662  87.884 0.0000000000
140292  9.772  -56.339  88.078 0.0000000000
136534  10.610  -56.976  87.904 0.0000000000
37494  9.246  -56.724  88.361 0.0000000000
36544  9.423  -57.939  88.839 0.0000000000
37495  8.628  -56.728  88.674 0.0000000000
37447  7.463  -55.359  90.847 0.0000000000
37478  7.381  -56.726  89.588 0.0000000000
37448  6.834  -55.876  91.252 0.0000000000
37464  6.460  -56.724  90.663 0.0000000000
37449  6.150  -56.346  91.544 0.0000000000
52959  27.424  -41.447  80.070 0.0000000000
138922  28.347  -41.471  78.860 0.0000000000
51875  26.799  -41.878  78.348 0.0000000000
50752  27.390  -43.004  77.927 0.0000000000
50735  25.858  -42.575  78.972 0.0000000000
132983  24.969  -45.630  79.023 0.0000000000
48738  26.690  -45.529  80.206 0.0000000000
47753  26.346  -46.342  80.210 0.0000000000
45562  22.377  -48.858  79.190 0.0000000000
45561  23.456  -48.272  78.713 0.0000000000
43458  22.881  -50.105  79.733 0.0000000000
43425  24.839  -50.882  82.088 0.0000000000
68773  42.649  -25.727  69.069 0.0000000000
68772  43.511  -25.577  69.351 0.0000000000
68763  43.738  -25.872  70.139 0.0000000000
62851  30.547  -31.984  75.518 0.0000000000
62865  31.434  -31.963  74.380 0.0000000000
61900  31.155  -32.657  73.972 0.0000000000
58179  29.847  -36.444  76.309 0.0000000000
59083  28.475  -35.324  76.519 0.0000000000
58178  30.831  -35.916  76.634 0.0000000000
59963  33.586  -34.799  77.673 0.0000000000
129668  32.494  -34.796  76.588 0.0000000000
130487  33.842  -34.646  75.930 0.0000000000
60004  33.445  -34.626  74.544 0.0000000000
59988  34.449  -34.630  75.608 0.0000000000
142131  35.691  -34.507  75.580 0.0000000000
49702  32.958  -43.939  78.695 0.0000000000
73565  54.665  -20.691  66.649 0.0000000000
71834  50.742  -22.403  66.193 0.0000000000
71816  52.015  -21.755  66.971 0.0000000000
71850  52.192  -22.651  65.710 0.0000000000
70909  54.107  -23.069  64.850 0.0000000000
70919  54.989  -22.612  64.659 0.0000000000
46586  18.329  -47.561  82.289 0.0000000000
46587  17.512  -47.537  82.832 0.0000000000
70880  46.349  -24.066  67.048 0.0000000000
68789  47.369  -25.570  68.616 0.0000000000
69897  46.566  -25.035  68.694 0.0000000000
151780  30.568  -40.428  76.600 0.0000000000
54054  30.762  -40.144  76.032 0.0000000000
54053  31.202  -40.690  75.649 0.0000000000
146712  32.166  -42.024  75.889 0.0000000000
51886  33.632  -42.235  77.092 0.0000000000
74399  44.322  -18.888  70.186 0.0000000000
74419  43.728  -19.296  68.608 0.0000000000
74431  44.877  -19.383  67.601 0.0000000000
73568  46.149  -20.671  66.363 0.0000000000
149894  47.388  -21.161  66.250 0.0000000000
141089  46.544  -22.007  66.217 0.0000000000
70899  46.284  -23.327  66.583 0.0000000000
34585  6.896  -59.511  90.464 0.0000000000
71784  39.212  -22.522  71.161 0.0000000000
136774  38.910  -23.194  69.719 0.0000000000
70853  38.030  -23.333  71.288 0.0000000000
69877  37.190  -24.385  70.487 0.0000000000
69878  36.444  -24.680  70.701 0.0000000000
65780  33.424  -27.823  72.518 0.0000000000
66698  34.075  -27.326  71.982 0.0000000000
137467  34.675  -28.867  71.910 0.0000000000
64791  35.153  -29.645  72.019 0.0000000000
63854  36.527  -30.300  72.646 0.0000000000
140169  37.076  -31.875  73.122 0.0000000000
61898  37.671  -32.826  74.100 0.0000000000
47739  28.355  -46.077  82.007 0.0000000000
41513  16.027  -51.610  84.417 0.0000000000
41480  17.265  -52.786  85.537 0.0000000000
40546  16.193  -53.022  85.062 0.0000000000
40535  15.850  -53.831  85.455 0.0000000000
39554  16.226  -55.069  86.769 0.0000000000
38522  13.669  -55.495  86.537 0.0000000000
38523  12.858  -55.440  86.628 0.0000000000
40486  11.044  -53.242  89.237 0.0000000000
39522  10.073  -53.830  90.022 0.0000000000
38483  9.422  -54.347  89.731 0.0000000000
38492  8.310  -55.865  89.176 0.0000000000
132526  8.792  -54.293  91.146 0.0000000000
38476  8.073  -54.707  91.525 0.0000000000
136842  8.088  -54.763  92.479 0.0000000000
51846  25.135  -41.902  80.119 0.0000000000
50736  25.099  -42.899  79.507 0.0000000000
50737  24.245  -43.338  79.678 0.0000000000
49697  23.959  -44.328  79.230 0.0000000000
47765  24.663  -46.339  78.765 0.0000000000
126675  22.199  -51.213  81.276 0.0000000000
42505  22.711  -50.911  80.865 0.0000000000
42491  22.490  -51.509  81.997 0.0000000000
135600  41.854  -27.436  70.769 0.0000000000
61878  29.203  -32.726  76.412 0.0000000000
132876  32.573  -36.761  77.664 0.0000000000
58166  32.139  -36.063  77.806 0.0000000000
58165  32.810  -36.054  78.454 0.0000000000
59054  34.015  -35.655  79.029 0.0000000000
129618  53.328  -21.876  68.351 0.0000000000
141378  3.757  -57.955  92.431 0.0000000000
69822  35.473  -24.041  75.870 0.0000000000
68697  33.342  -25.698  75.156 0.0000000000
66671  32.712  -26.965  74.102 0.0000000000
127141  32.719  -27.896  73.468 0.0000000000
64778  32.896  -29.379  72.882 0.0000000000
63870  33.196  -30.782  72.433 0.0000000000
42466  19.944  -52.192  83.992 0.0000000000
41496  19.688  -52.378  84.984 0.0000000000
42467  19.058  -51.980  84.299 0.0000000000
43402  17.845  -50.976  83.999 0.0000000000
43403  17.160  -50.643  83.865 0.0000000000
44453  16.958  -48.999  83.443 0.0000000000
44438  16.502  -49.100  83.884 0.0000000000
43404  16.360  -50.065  84.018 0.0000000000
43391  15.433  -50.133  84.529 0.0000000000
43392  14.768  -50.567  85.079 0.0000000000
132844  14.099  -50.486  86.712 0.0000000000
48726  22.792  -44.987  80.749 0.0000000000
47743  22.569  -46.684  80.515 0.0000000000
134124  22.040  -48.384  79.500 0.0000000000
44493  21.820  -49.233  79.626 0.0000000000
45524  21.140  -48.407  80.663 0.0000000000
45545  20.510  -49.035  80.705 0.0000000000
146694  21.203  -50.471  80.586 0.0000000000
42507  20.557  -51.170  81.566 0.0000000000
42492  20.488  -51.550  82.289 0.0000000000
58130  28.574  -36.043  80.143 0.0000000000
59045  27.792  -35.490  78.733 0.0000000000
57186  28.017  -37.277  78.034 0.0000000000
57209  29.237  -37.649  76.650 0.0000000000
132181  30.576  -37.909  76.141 0.0000000000
55096  31.917  -39.434  75.486 0.0000000000
56133  32.243  -38.718  75.746 0.0000000000
57205  32.408  -38.049  76.280 0.0000000000
56117  33.801  -38.593  76.985 0.0000000000
56106  35.061  -38.734  78.400 0.0000000000
72678  50.246  -20.839  67.919 0.0000000000
72698  50.201  -21.792  66.565 0.0000000000
70895  50.425  -23.232  65.995 0.0000000000
71836  48.317  -22.503  66.217 0.0000000000
70896  49.533  -23.576  66.253 0.0000000000
71820  42.148  -22.083  67.247 0.0000000000
70884  42.754  -23.517  67.240 0.0000000000
70885  41.317  -23.334  67.579 0.0000000000
69903  41.230  -24.176  67.935 0.0000000000
68774  41.711  -25.856  68.928 0.0000000000
69887  38.886  -24.629  69.258 0.0000000000
68776  39.798  -25.976  69.106 0.0000000000
67689  41.294  -26.601  69.525 0.0000000000
66724  40.399  -27.646  70.458 0.0000000000
142128  40.509  -28.070  71.150 0.0000000000
69859  36.259  -23.752  72.617 0.0000000000
151439  35.315  -24.729  71.547 0.0000000000
67672  36.369  -26.167  70.393 0.0000000000
66712  34.598  -26.814  71.661 0.0000000000
66710  36.159  -27.553  71.299 0.0000000000
66709  37.007  -27.790  71.206 0.0000000000
65793  38.305  -28.397  71.922 0.0000000000
142102  29.071  -43.698  77.214 0.0000000000
49718  30.349  -44.207  77.465 0.0000000000
49705  30.089  -44.484  78.215 0.0000000000
150620  31.346  -44.657  79.485 0.0000000000
73538  41.480  -20.215  69.458 0.0000000000
72689  41.519  -21.436  67.761 0.0000000000
43362  13.634  -51.020  87.127 0.0000000000
128292  13.396  -50.951  88.010 0.0000000000
42423  13.216  -51.642  87.452 0.0000000000
40519  12.853  -53.078  87.015 0.0000000000
39566  12.425  -54.589  86.712 0.0000000000
38524  12.139  -55.402  86.813 0.0000000000
39535  10.639  -53.883  88.529 0.0000000000
39556  10.871  -55.074  87.331 0.0000000000
38511  11.499  -55.851  87.112 0.0000000000
37493  11.508  -57.203  88.056 0.0000000000
36562  10.910  -57.721  88.661 0.0000000000
34594  8.107  -59.048  89.774 0.0000000000
37477  7.929  -56.774  89.095 0.0000000000
36546  7.577  -57.495  89.401 0.0000000000
35607  7.332  -58.942  89.915 0.0000000000
35608  6.589  -58.655  90.367 0.0000000000
35609  5.804  -58.254  91.117 0.0000000000
36507  5.224  -57.577  91.796 0.0000000000
37434  6.008  -56.061  92.424 0.0000000000
37450  5.475  -56.746  91.904 0.0000000000
36508  4.443  -57.760  92.268 0.0000000000
139934  29.277  -41.851  76.738 0.0000000000
52984  28.456  -41.601  77.954 0.0000000000
51888  28.589  -42.358  76.985 0.0000000000
149287  28.069  -43.719  77.943 0.0000000000
49708  27.565  -43.885  78.647 0.0000000000
48750  27.670  -44.839  80.071 0.0000000000
49695  25.693  -43.513  79.374 0.0000000000
49680  26.934  -44.926  80.141 0.0000000000
47752  27.527  -45.851  81.149 0.0000000000
47767  22.970  -46.047  78.884 0.0000000000
45578  23.948  -47.655  78.600 0.0000000000
45542  24.805  -48.899  79.522 0.0000000000
43447  24.174  -50.362  80.694 0.0000000000
44472  24.806  -49.892  80.708 0.0000000000
45522  25.881  -48.838  80.784 0.0000000000
69901  43.634  -24.768  68.191 0.0000000000
63848  32.472  -30.948  73.992 0.0000000000
62876  32.283  -31.527  73.365 0.0000000000
60945  33.050  -32.904  72.513 0.0000000000
59965  27.871  -34.752  77.278 0.0000000000
59978  28.697  -34.424  76.217 0.0000000000
59993  29.285  -33.927  75.554 0.0000000000
59072  31.558  -35.502  77.051 0.0000000000
59991  30.919  -34.703  75.171 0.0000000000
60007  30.696  -33.933  74.429 0.0000000000
60006  31.609  -34.069  73.840 0.0000000000
60933  33.086  -33.753  72.845 0.0000000000
60943  34.593  -33.508  72.744 0.0000000000
60919  35.646  -33.881  73.888 0.0000000000
49716  32.057  -43.817  77.383 0.0000000000
50751  32.746  -43.633  77.786 0.0000000000
50749  34.180  -42.981  78.794 0.0000000000
50731  35.184  -42.994  79.912 0.0000000000
51871  35.213  -41.955  78.813 0.0000000000
75398  54.659  -18.629  66.264 0.0000000000
71815  53.013  -21.999  67.515 0.0000000000
71830  54.119  -21.590  66.784 0.0000000000
70910  53.261  -23.050  65.223 0.0000000000
125373  53.890  -21.972  65.713 0.0000000000
72710  54.599  -21.383  65.905 0.0000000000
72695  54.948  -20.751  66.205 0.0000000000
72708  55.793  -20.400  65.454 0.0000000000
135550  43.634  -22.422  66.781 0.0000000000
70882  44.439  -23.796  67.016 0.0000000000
70883  43.549  -23.526  66.961 0.0000000000
51887  29.430  -42.462  76.435 0.0000000000
51903  30.167  -42.404  76.019 0.0000000000
50783  29.937  -43.137  76.359 0.0000000000
71819  42.964  -21.747  66.943 0.0000000000
35594  5.002  -58.396  91.996 0.0000000000
138535  34.244  -31.466  71.949 0.0000000000
61923  35.164  -32.416  72.265 0.0000000000
42438  14.089  -51.704  85.818 0.0000000000
41481  13.814  -52.491  86.006 0.0000000000
50705  23.341  -43.414  80.967 0.0000000000
41511  21.251  -52.360  84.571 0.0000000000
59929  28.609  -34.567  79.900 0.0000000000
44464  17.993  -49.303  82.241 0.0000000000
44474  18.753  -49.435  81.659 0.0000000000
43439  19.273  -50.189  81.609 0.0000000000
56107  29.942  -38.931  77.805 0.0000000000
52996  33.548  -41.563  76.596 0.0000000000
54040  33.756  -40.838  76.574 0.0000000000
52995  34.118  -41.420  77.158 0.0000000000
54039  34.428  -40.473  77.262 0.0000000000
52981  34.684  -41.237  77.822 0.0000000000
74430  46.618  -19.450  67.468 0.0000000000
74415  47.227  -19.218  68.325 0.0000000000
145101  48.759  -20.069  67.433 0.0000000000
73567  47.943  -20.590  66.536 0.0000000000
127339  48.057  -24.943  67.131 0.0000000000
68809  48.706  -25.762  67.637 0.0000000000
68787  49.521  -26.109  67.773 0.0000000000
144557  8.538  -59.537  90.163 0.0000000000
71800  39.722  -21.964  69.632 0.0000000000
67692  38.246  -26.042  69.561 0.0000000000
66727  37.629  -27.328  70.361 0.0000000000
68722  33.487  -25.582  73.160 0.0000000000
68741  34.013  -25.123  72.553 0.0000000000
64777  37.081  -29.431  72.820 0.0000000000
48735  29.361  -45.185  80.774 0.0000000000
71790  39.771  -22.002  70.651 0.0000000000
72655  40.394  -21.535  71.224 0.0000000000
42451  17.742  -51.911  84.711 0.0000000000
38510  13.207  -56.079  86.818 0.0000000000
137238  12.995  -56.980  87.903 0.0000000000
37512  12.095  -56.712  87.473 0.0000000000
133301  9.344  -54.957  88.929 0.0000000000
38500  9.681  -55.242  88.235 0.0000000000
36564  9.103  -57.304  88.582 0.0000000000
37463  7.027  -56.216  90.241 0.0000000000
37433  6.723  -55.748  92.249 0.0000000000
52960  26.587  -41.520  80.309 0.0000000000
52973  26.654  -41.462  79.428 0.0000000000
52986  26.836  -41.570  78.739 0.0000000000
51857  26.192  -41.869  78.873 0.0000000000
50753  26.633  -42.360  78.390 0.0000000000
47764  25.547  -46.396  79.347 0.0000000000
46594  26.561  -47.195  80.951 0.0000000000
45540  26.121  -48.069  80.517 0.0000000000
44492  22.540  -49.510  79.374 0.0000000000
67687  42.930  -26.167  69.763 0.0000000000
61877  29.848  -32.316  75.959 0.0000000000
61885  30.761  -32.355  74.702 0.0000000000
60921  30.554  -33.095  74.431 0.0000000000
57207  30.804  -36.813  76.545 0.0000000000
59962  34.468  -34.973  77.788 0.0000000000
59976  33.343  -34.637  76.703 0.0000000000
149638  33.868  -34.680  75.248 0.0000000000
59987  35.109  -34.629  76.023 0.0000000000
73552  54.151  -21.058  67.368 0.0000000000
71833  51.625  -22.212  66.158 0.0000000000
69942  52.084  -23.347  65.547 0.0000000000
47727  18.880  -46.787  82.730 0.0000000000
46571  18.059  -46.759  82.998 0.0000000000
46585  19.203  -47.408  82.121 0.0000000000
125523  46.419  -24.615  67.803 0.0000000000
69898  45.841  -24.728  68.721 0.0000000000
127841  30.614  -40.998  76.100 0.0000000000
51902  31.554  -42.384  75.901 0.0000000000
51901  32.298  -42.571  76.309 0.0000000000
51900  32.934  -42.004  76.264 0.0000000000
148645  32.938  -42.655  76.761 0.0000000000
74420  42.891  -19.489  68.884 0.0000000000
74411  43.546  -19.146  69.523 0.0000000000
73545  43.121  -19.732  68.044 0.0000000000
73558  43.967  -20.333  66.969 0.0000000000
74432  44.021  -19.602  67.613 0.0000000000
73557  44.775  -19.843  66.985 0.0000000000
73569  45.526  -20.176  66.646 0.0000000000
134650  45.429  -20.879  66.393 0.0000000000
70900  45.540  -23.244  66.611 0.0000000000
71838  46.042  -22.563  66.369 0.0000000000
70852  38.730  -22.938  71.794 0.0000000000
70860  38.511  -23.110  70.580 0.0000000000
69858  37.008  -23.644  72.098 0.0000000000
70854  37.516  -23.799  70.954 0.0000000000
63867  35.623  -30.453  72.230 0.0000000000
62875  36.875  -31.081  72.871 0.0000000000
142425  36.473  -31.745  72.749 0.0000000000
61909  37.050  -32.641  73.511 0.0000000000
60917  37.337  -33.524  74.557 0.0000000000
70851  39.657  -22.785  72.216 0.0000000000
42453  15.320  -51.140  84.660 0.0000000000
151673  15.636  -54.364  85.696 0.0000000000
147795  16.205  -54.409  85.994 0.0000000000
39563  15.457  -54.920  85.962 0.0000000000
38520  15.350  -55.505  86.537 0.0000000000
133703  14.036  -55.020  86.225 0.0000000000
39523  9.471  -53.858  90.729 0.0000000000
38484  8.912  -54.398  90.231 0.0000000000
51814  25.129  -42.147  82.170 0.0000000000
51832  25.862  -41.857  81.574 0.0000000000
52947  25.817  -41.716  80.627 0.0000000000
51833  25.073  -41.919  81.038 0.0000000000
51859  24.713  -42.512  79.847 0.0000000000
49698  23.382  -44.273  79.561 0.0000000000
50738  23.760  -43.846  79.580 0.0000000000
48753  24.035  -45.420  78.717 0.0000000000
47777  23.852  -46.363  78.553 0.0000000000
61869  29.102  -32.552  77.304 0.0000000000
136708  28.675  -33.142  76.799 0.0000000000
57194  33.972  -37.828  77.830 0.0000000000
57184  33.362  -36.921  78.205 0.0000000000
58150  34.450  -36.151  79.064 0.0000000000
69823  34.624  -24.449  75.407 0.0000000000
149446  32.743  -27.693  74.571 0.0000000000
63855  32.908  -30.202  72.749 0.0000000000
63856  32.638  -30.837  73.067 0.0000000000
42482  19.432  -51.820  83.359 0.0000000000
42469  17.663  -51.497  84.342 0.0000000000
144242  16.971  -47.681  83.312 0.0000000000
45510  17.198  -48.451  82.989 0.0000000000
45492  16.684  -48.324  83.611 0.0000000000
44422  14.909  -49.801  85.118 0.0000000000
44401  14.530  -49.904  85.997 0.0000000000
43376  14.352  -50.895  85.856 0.0000000000
47742  22.808  -46.006  81.272 0.0000000000
143246  21.482  -48.629  79.923 0.0000000000
44473  20.117  -49.655  80.949 0.0000000000
44484  20.785  -49.820  80.507 0.0000000000
42506  21.287  -51.043  81.065 0.0000000000
43426  19.297  -50.904  82.134 0.0000000000
42508  19.973  -51.204  81.966 0.0000000000
42493  19.723  -51.520  82.547 0.0000000000
42481  20.242  -51.915  83.113 0.0000000000
58138  28.616  -36.777  79.648 0.0000000000
57169  28.157  -36.856  78.862 0.0000000000
57168  28.620  -37.560  78.909 0.0000000000
56119  29.293  -38.228  77.221 0.0000000000
57197  28.496  -37.356  77.134 0.0000000000
57208  29.806  -37.374  76.328 0.0000000000
55086  31.178  -39.710  75.623 0.0000000000
55087  30.594  -39.278  75.999 0.0000000000
56132  33.064  -38.604  76.237 0.0000000000
57195  33.128  -37.706  77.093 0.0000000000
54027  35.408  -40.244  78.472 0.0000000000
74398  45.250  -18.916  70.145 0.0000000000
72670  50.273  -20.762  69.237 0.0000000000
72699  49.507  -21.429  66.577 0.0000000000
72686  50.079  -21.117  67.032 0.0000000000
71835  49.924  -22.615  66.232 0.0000000000
72701  47.228  -21.843  66.173 0.0000000000
72700  48.043  -21.603  66.205 0.0000000000
137625  47.656  -22.345  66.190 0.0000000000
127557  50.311  -24.159  66.147 0.0000000000
71821  41.374  -22.423  67.553 0.0000000000
138209  42.092  -23.034  67.315 0.0000000000
70886  40.715  -22.803  67.751 0.0000000000
68792  41.177  -25.109  68.412 0.0000000000
68793  40.124  -25.257  68.649 0.0000000000
70869  38.546  -23.878  69.762 0.0000000000
140702  38.985  -26.066  69.340 0.0000000000
68794  39.338  -25.359  69.030 0.0000000000
68775  40.718  -25.920  68.956 0.0000000000
67690  40.300  -26.568  69.442 0.0000000000
66734  40.643  -27.056  69.880 0.0000000000
66706  39.783  -28.130  71.057 0.0000000000
69843  36.480  -23.498  73.770 0.0000000000
69844  35.465  -23.858  73.253 0.0000000000
68740  34.672  -24.867  71.942 0.0000000000
68752  35.081  -25.400  71.357 0.0000000000
67673  35.640  -25.838  70.822 0.0000000000
66697  34.930  -27.622  71.719 0.0000000000
65795  36.614  -28.162  71.850 0.0000000000
66708  37.918  -28.000  71.113 0.0000000000
49720  28.766  -44.030  77.755 0.0000000000
49719  29.545  -44.181  77.621 0.0000000000
48734  30.234  -44.991  80.558 0.0000000000
48747  30.490  -44.778  79.719 0.0000000000
73526  41.976  -19.768  70.068 0.0000000000
72679  41.119  -20.838  68.652 0.0000000000
144569  19.999  -52.567  85.741 0.0000000000
144971  19.186  -52.418  85.702 0.0000000000
38499  15.269  -56.253  87.891 0.0000000000
43361  13.859  -50.322  87.637 0.0000000000
128195  13.132  -50.877  88.797 0.0000000000
41482  13.273  -52.423  86.858 0.0000000000
41461  12.694  -52.261  87.666 0.0000000000
40520  12.400  -53.658  86.977 0.0000000000
39555  11.539  -54.845  87.005 0.0000000000
151407  11.232  -56.589  87.567 0.0000000000
36563  9.874  -57.368  88.353 0.0000000000
35614  9.110  -58.545  89.272 0.0000000000
35615  8.448  -58.555  89.419 0.0000000000
37462  7.715  -55.981  89.811 0.0000000000
36547  7.096  -58.070  89.850 0.0000000000
36525  6.453  -57.692  90.452 0.0000000000
37419  6.793  -55.730  93.216 0.0000000000
37435  5.246  -56.285  92.605 0.0000000000
36490  4.756  -56.979  92.289 0.0000000000
52985  27.481  -41.616  78.253 0.0000000000
52998  27.966  -41.979  77.579 0.0000000000
130860  28.688  -41.835  77.294 0.0000000000
51889  27.873  -42.508  77.504 0.0000000000
50770  28.319  -43.230  77.303 0.0000000000
50734  26.580  -43.344  78.839 0.0000000000
127976  28.075  -44.535  79.395 0.0000000000
48751  25.883  -44.564  79.604 0.0000000000
136847  27.213  -45.618  80.689 0.0000000000
47740  27.616  -46.227  81.635 0.0000000000
48755  22.873  -45.599  79.295 0.0000000000
46618  22.811  -46.957  78.949 0.0000000000
46617  23.203  -47.403  78.664 0.0000000000
45560  24.377  -48.339  78.903 0.0000000000
42504  23.169  -51.227  81.575 0.0000000000
43436  23.412  -50.731  80.805 0.0000000000
42503  24.082  -50.838  81.473 0.0000000000
43435  24.841  -50.359  81.352 0.0000000000
44480  25.189  -49.298  80.324 0.0000000000
69914  42.187  -23.962  67.660 0.0000000000
69913  43.149  -24.201  67.561 0.0000000000
63837  32.503  -31.119  74.971 0.0000000000
61899  31.777  -32.173  73.608 0.0000000000
61911  32.364  -32.369  72.851 0.0000000000
59056  27.644  -35.635  77.644 0.0000000000
59949  27.835  -34.747  78.199 0.0000000000
142820  27.880  -35.484  76.901 0.0000000000
134976  29.113  -35.179  76.139 0.0000000000
59979  28.160  -34.765  76.738 0.0000000000
141683  31.926  -35.597  77.620 0.0000000000
59071  32.073  -35.042  77.354 0.0000000000
59081  31.539  -35.061  76.356 0.0000000000
130840  31.533  -34.455  74.538 0.0000000000
60005  32.438  -34.472  74.223 0.0000000000
60016  33.230  -34.321  73.557 0.0000000000
60932  33.952  -34.033  73.035 0.0000000000
60931  34.781  -33.983  73.453 0.0000000000
59986  36.364  -34.381  75.710 0.0000000000
141518  30.789  -44.425  78.095 0.0000000000
49717  31.305  -44.147  77.529 0.0000000000
49703  32.178  -44.168  78.147 0.0000000000
50750  33.486  -43.331  78.304 0.0000000000
51856  34.895  -42.651  79.187 0.0000000000
52969  35.692  -41.470  79.105 0.0000000000
74438  54.069  -19.449  66.743 0.0000000000
74437  54.934  -19.559  66.455 0.0000000000
74436  55.541  -19.545  66.211 0.0000000000
72684  51.487  -21.592  67.805 0.0000000000
71832  52.542  -22.082  66.234 0.0000000000
71831  53.461  -21.871  66.455 0.0000000000
71848  54.338  -22.149  65.069 0.0000000000
125540  53.721  -22.553  65.208 0.0000000000
72709  55.179  -21.027  65.562 0.0000000000
71817  44.903  -23.294  66.682 0.0000000000
70881  45.178  -23.812  67.106 0.0000000000
69900  44.464  -24.803  68.375 0.0000000000
73559  42.678  -20.371  67.674 0.0000000000
72687  43.176  -20.822  67.104 0.0000000000
72702  44.903  -21.518  66.474 0.0000000000
71840  44.379  -22.168  66.619 0.0000000000
70845  38.380  -23.216  72.327 0.0000000000
69857  37.972  -23.389  72.730 0.0000000000
64793  33.450  -29.940  72.262 0.0000000000
64792  34.176  -29.741  71.873 0.0000000000
61922  35.862  -32.037  72.453 0.0000000000
60930  36.264  -33.229  73.453 0.0000000000
42454  14.638  -51.494  85.112 0.0000000000
39564  14.665  -54.924  85.946 0.0000000000
39508  9.391  -53.952  91.790 0.0000000000
51834  24.388  -42.324  81.389 0.0000000000
50717  23.852  -42.774  80.689 0.0000000000
42480  21.177  -51.862  82.936 0.0000000000
42479  22.308  -51.760  82.874 0.0000000000
60875  28.517  -33.379  78.515 0.0000000000
57182  35.195  -37.699  78.961 0.0000000000
57183  34.307  -37.020  78.716 0.0000000000
65744  32.841  -28.540  74.363 0.0000000000
64757  33.276  -29.198  75.094 0.0000000000
133315  18.599  -50.849  82.715 0.0000000000
44452  17.406  -49.404  83.012 0.0000000000
46573  16.614  -47.497  83.914 0.0000000000
46556  16.298  -47.399  84.579 0.0000000000
45477  15.717  -48.614  84.809 0.0000000000
44421  15.340  -49.239  84.928 0.0000000000
45523  21.892  -47.828  81.385 0.0000000000
45508  19.489  -48.137  81.567 0.0000000000
137707  19.812  -50.153  81.250 0.0000000000
56097  29.009  -38.207  78.603 0.0000000000
56108  29.221  -38.475  78.080 0.0000000000
56135  30.445  -38.582  76.118 0.0000000000
126731  32.652  -40.756  75.692 0.0000000000
54052  32.392  -40.113  75.523 0.0000000000
54051  33.227  -40.248  75.964 0.0000000000
55074  34.231  -39.472  77.090 0.0000000000
54028  34.973  -40.564  77.970 0.0000000000
74417  45.445  -19.146  68.259 0.0000000000
74409  46.788  -19.177  69.333 0.0000000000
73542  49.604  -20.348  68.262 0.0000000000
69927  48.770  -24.277  66.579 0.0000000000
68821  50.497  -25.180  66.654 0.0000000000
68808  49.590  -25.515  67.141 0.0000000000
71809  40.089  -22.784  68.255 0.0000000000
70876  39.775  -23.688  68.415 0.0000000000
69889  37.586  -24.726  69.993 0.0000000000
66735  39.887  -27.149  69.863 0.0000000000
66736  39.141  -27.191  69.854 0.0000000000
66707  38.872  -28.089  71.064 0.0000000000
69845  34.728  -24.016  73.734 0.0000000000
68753  34.371  -25.828  71.803 0.0000000000
141194  36.278  -28.516  72.168 0.0000000000
142242  37.153  -28.626  72.337 0.0000000000
49693  29.009  -44.702  79.219 0.0000000000
49692  29.864  -44.658  79.037 0.0000000000
71782  40.663  -21.851  72.105 0.0000000000
72662  40.786  -20.836  70.818 0.0000000000
72672  40.297  -21.376  69.152 0.0000000000
42435  18.433  -52.503  85.970 0.0000000000
37510  14.450  -56.485  87.617 0.0000000000
37491  13.905  -56.861  88.133 0.0000000000
41444  12.191  -52.169  88.585 0.0000000000
40502  11.216  -53.409  88.113 0.0000000000
48752  24.851  -44.745  79.201 0.0000000000
48739  25.784  -45.470  79.591 0.0000000000
46593  27.195  -46.823  81.694 0.0000000000
129645  22.673  -48.061  78.982 0.0000000000
128036  22.936  -48.976  78.883 0.0000000000
44491  23.343  -49.686  79.445 0.0000000000
42488  24.842  -51.319  82.711 0.0000000000
68791  42.250  -25.232  68.509 0.0000000000
68790  43.166  -25.205  68.669 0.0000000000
146671  31.175  -31.567  75.894 0.0000000000
62850  31.283  -31.707  75.161 0.0000000000
139234  31.905  -31.506  74.895 0.0000000000
58181  28.248  -36.282  76.715 0.0000000000
129351  29.086  -35.951  76.290 0.0000000000
140785  29.985  -35.562  76.075 0.0000000000
59964  32.779  -34.827  77.547 0.0000000000
59989  33.147  -34.735  75.570 0.0000000000
150710  32.813  -34.716  74.881 0.0000000000
60003  34.349  -34.587  74.758 0.0000000000
60014  34.985  -34.295  74.325 0.0000000000
128999  35.113  -34.552  75.150 0.0000000000
49690  32.278  -44.431  79.244 0.0000000000
49689  33.230  -44.218  79.601 0.0000000000
49688  34.026  -43.927  79.942 0.0000000000
74427  54.420  -20.360  66.960 0.0000000000
139513  55.816  -22.052  64.386 0.0000000000
45509  17.756  -48.377  82.405 0.0000000000
46584  20.034  -47.590  82.192 0.0000000000
46596  18.842  -48.065  81.759 0.0000000000
69909  47.139  -24.431  67.033 0.0000000000
140237  47.190  -25.096  67.807 0.0000000000
69910  45.612  -24.317  67.750 0.0000000000
55075  30.507  -39.760  76.672 0.0000000000
129131  30.910  -41.460  75.734 0.0000000000
53007  31.542  -41.547  75.659 0.0000000000
53017  31.979  -40.782  75.522 0.0000000000
128483  32.421  -41.409  75.779 0.0000000000
74410  44.445  -18.970  69.378 0.0000000000
74418  44.608  -19.134  68.397 0.0000000000
147870  45.682  -19.515  67.304 0.0000000000
73556  46.415  -19.933  66.778 0.0000000000
134717  47.014  -20.496  66.457 0.0000000000
137050  46.681  -21.303  66.217 0.0000000000
139177  45.832  -21.626  66.287 0.0000000000
71837  46.939  -22.676  66.298 0.0000000000
70898  47.056  -23.604  66.559 0.0000000000
34584  7.780  -59.692  90.279 0.0000000000
69876  37.942  -23.992  70.381 0.0000000000
68764  36.942  -25.278  70.128 0.0000000000
66681  32.974  -27.051  73.052 0.0000000000
67619  33.393  -26.398  72.728 0.0000000000
66699  33.534  -27.041  72.440 0.0000000000
65779  34.341  -28.101  71.966 0.0000000000
143932  35.553  -28.868  72.113 0.0000000000
64790  36.173  -29.384  72.415 0.0000000000
63853  37.352  -30.191  73.138 0.0000000000
62874  37.662  -31.102  73.346 0.0000000000
61908  37.809  -32.036  73.607 0.0000000000
61897  38.556  -32.195  74.264 0.0000000000
48725  28.112  -45.760  81.407 0.0000000000
48724  29.060  -45.629  81.583 0.0000000000
47738  29.223  -46.165  82.251 0.0000000000
41497  16.592  -52.280  84.672 0.0000000000
38521  14.517  -55.487  86.430 0.0000000000
38509  14.059  -56.056  86.909 0.0000000000
38491  8.844  -55.033  89.449 0.0000000000
51858  25.454  -42.164  79.478 0.0000000000
141397  24.092  -42.802  80.036 0.0000000000
46616  25.146  -47.205  78.976 0.0000000000
144614  21.970  -50.689  80.509 0.0000000000
43449  22.786  -50.534  80.257 0.0000000000
42490  23.155  -51.553  82.499 0.0000000000
125442  23.709  -51.677  83.000 0.0000000000
67669  42.208  -26.864  70.132 0.0000000000
67668  43.171  -26.575  70.545 0.0000000000
60909  29.471  -33.141  75.636 0.0000000000
58167  31.533  -36.040  77.218 0.0000000000
58151  33.652  -36.192  78.837 0.0000000000
59070  33.015  -35.176  78.385 0.0000000000
59069  33.781  -35.139  78.553 0.0000000000
143837  51.520  -23.866  65.691 0.0000000000
35595  4.212  -58.611  92.509 0.0000000000
127319  36.098  -23.702  75.382 0.0000000000
138356  35.259  -23.998  75.168 0.0000000000
69834  34.569  -24.188  74.560 0.0000000000
68707  33.847  -24.839  74.820 0.0000000000
68708  33.290  -25.455  74.186 0.0000000000
137058  32.920  -26.193  74.531 0.0000000000
65759  33.052  -28.537  72.841 0.0000000000
144918  32.811  -28.758  73.487 0.0000000000
62888  33.488  -31.502  72.182 0.0000000000
41512  20.465  -52.363  84.540 0.0000000000
42483  18.575  -51.408  83.596 0.0000000000
42468  18.179  -51.670  84.552 0.0000000000
43390  17.037  -51.103  84.199 0.0000000000
150891  17.567  -48.885  82.655 0.0000000000
44437  16.932  -49.755  83.569 0.0000000000
147850  16.101  -50.881  84.276 0.0000000000
147702  13.987  -51.178  86.448 0.0000000000
49671  23.004  -44.234  81.436 0.0000000000
48741  22.699  -45.743  80.084 0.0000000000
46604  22.362  -47.429  79.665 0.0000000000
45544  21.112  -49.183  80.121 0.0000000000
44483  21.484  -49.964  80.118 0.0000000000
41521  20.796  -52.213  83.804 0.0000000000
59030  28.282  -35.365  79.626 0.0000000000
58139  28.062  -36.181  79.298 0.0000000000
58152  27.767  -36.380  78.345 0.0000000000
58168  27.851  -36.566  77.425 0.0000000000
58180  28.983  -36.941  76.375 0.0000000000
56134  31.247  -38.681  75.731 0.0000000000
150678  31.871  -38.291  75.912 0.0000000000
57206  31.570  -37.683  76.303 0.0000000000
133872  32.321  -37.339  76.856 0.0000000000
56116  34.493  -38.708  77.705 0.0000000000
72677  50.968  -21.254  68.549 0.0000000000
72685  50.703  -21.281  67.377 0.0000000000
134276  48.897  -21.882  66.295 0.0000000000
133311  49.124  -22.686  66.260 0.0000000000
146027  50.907  -23.731  65.855 0.0000000000
139991  41.925  -24.644  68.110 0.0000000000
70868  39.153  -23.806  69.116 0.0000000000
69905  39.570  -24.570  68.684 0.0000000000
66723  41.275  -27.269  70.251 0.0000000000
66705  41.180  -27.812  70.947 0.0000000000
69860  35.335  -24.268  72.223 0.0000000000
126071  36.073  -24.233  71.516 0.0000000000
68751  35.670  -24.988  70.940 0.0000000000
68765  36.197  -25.366  70.554 0.0000000000
67638  33.910  -26.558  72.085 0.0000000000
66711  35.380  -27.221  71.418 0.0000000000
67652  35.804  -26.757  70.868 0.0000000000
66728  36.646  -27.072  70.575 0.0000000000
50769  29.731  -43.763  76.911 0.0000000000
49691  30.680  -44.579  78.850 0.0000000000
73537  42.132  -19.748  69.170 0.0000000000
145874  41.757  -20.225  68.694 0.0000000000
73547  41.899  -20.599  68.023 0.0000000000
42437  17.594  -52.249  85.147 0.0000000000
44385  14.276  -49.627  87.127 0.0000000000
40537  13.117  -53.964  86.559 0.0000000000
142307  12.424  -56.065  86.899 0.0000000000
39545  10.952  -54.249  87.577 0.0000000000
36561  11.983  -57.517  88.981 0.0000000000
36542  11.461  -57.924  89.621 0.0000000000
35616  7.827  -58.330  89.520 0.0000000000
38468  7.282  -55.496  92.958 0.0000000000
52997  30.081  -41.350  76.656 0.0000000000
49707  28.482  -44.274  78.525 0.0000000000
48737  27.757  -45.369  80.724 0.0000000000
134081  26.384  -44.157  79.525 0.0000000000
48740  22.891  -44.892  79.686 0.0000000000
148038  23.406  -45.888  78.704 0.0000000000
47766  23.234  -46.582  78.662 0.0000000000
46635  24.351  -47.068  78.637 0.0000000000
144229  24.647  -47.711  78.823 0.0000000000
45559  25.148  -48.065  79.256 0.0000000000
43448  23.498  -50.265  80.095 0.0000000000
44481  24.291  -49.724  79.923 0.0000000000
45541  25.564  -48.488  79.985 0.0000000000
69886  44.036  -25.170  68.899 0.0000000000
69885  44.788  -25.114  69.177 0.0000000000
63836  33.206  -30.879  75.547 0.0000000000
130209  32.744  -30.587  74.707 0.0000000000
62864  32.027  -31.477  74.203 0.0000000000
62889  32.805  -31.530  72.637 0.0000000000
141352  33.092  -32.150  72.387 0.0000000000
61925  33.794  -32.340  72.153 0.0000000000
59940  28.148  -34.650  79.105 0.0000000000
60876  28.208  -34.022  77.826 0.0000000000
60889  28.283  -33.926  76.865 0.0000000000
60899  28.812  -33.504  76.175 0.0000000000
60908  29.936  -33.535  74.971 0.0000000000
59082  30.953  -35.445  76.421 0.0000000000
59977  30.401  -35.041  75.757 0.0000000000
59992  30.005  -34.274  75.191 0.0000000000
60920  31.164  -33.366  73.801 0.0000000000
60018  31.771  -33.586  73.347 0.0000000000
60017  32.368  -34.030  73.337 0.0000000000
60934  32.312  -33.313  72.904 0.0000000000
60944  33.806  -33.285  72.482 0.0000000000
61924  34.510  -32.825  72.292 0.0000000000
146284  35.083  -33.052  72.544 0.0000000000
138199  35.363  -33.466  73.081 0.0000000000
60918  36.516  -33.773  74.273 0.0000000000
60002  35.916  -34.305  74.817 0.0000000000
50768  30.605  -43.720  76.741 0.0000000000
50767  31.512  -43.559  76.748 0.0000000000
50766  32.398  -43.237  76.910 0.0000000000
50765  33.231  -43.007  77.434 0.0000000000
51873  33.940  -42.670  77.966 0.0000000000
50716  34.745  -43.630  80.274 0.0000000000
50732  34.476  -43.322  79.542 0.0000000000
51872  34.588  -42.344  78.468 0.0000000000
143580  34.831  -41.745  78.281 0.0000000000
71814  53.633  -21.697  67.441 0.0000000000
70911  52.644  -22.980  65.439 0.0000000000
72696  54.396  -21.170  66.853 0.0000000000
73564  55.288  -20.219  66.205 0.0000000000
46636  23.688  -47.015  78.548 0.0000000000
52972  27.484  -41.386  79.203 0.0000000000
59055  33.387  -35.624  78.816 0.0000000000
137915  28.248  -34.108  78.622 0.0000000000
143785  44.249  -18.880  70.878 0.0000000000
