#!ascii label  , from subject sub-01 vox2ras=TkReg
1969
33511  38.496  -61.135  16.593 0.6000000238
32440  38.427  -62.756  17.506 0.5000000000
36352  38.389  -58.723  17.250 0.6999999881
35446  38.711  -59.095  16.456 0.6000000238
36358  38.739  -58.168  16.633 0.6000000238
37288  38.708  -57.427  16.788 0.6000000238
34433  38.379  -60.392  17.082 0.6999999881
136998  38.551  -59.848  16.573 0.5000000000
35454  38.804  -59.776  15.949 0.5000000000
35453  39.307  -59.716  15.301 0.5000000000
36357  39.115  -58.456  15.911 0.6000000238
38317  38.896  -56.770  16.565 0.6000000238
33498  38.338  -61.249  17.449 0.5000000000
138655  38.444  -62.037  16.897 0.5000000000
137857  38.703  -60.995  15.915 0.6000000238
38316  39.376  -56.664  15.887 0.6000000238
30384  38.750  -64.142  17.643 0.5000000000
30383  39.006  -64.824  18.137 0.5000000000
39299  37.720  -55.285  19.253 0.6000000238
40283  38.036  -54.820  18.478 0.6999999881
37268  37.750  -57.877  18.835 0.6000000238
36343  38.018  -58.418  18.092 0.6999999881
38289  38.166  -56.531  18.236 0.6000000238
38303  38.480  -56.877  17.377 0.6000000238
39324  38.453  -55.988  17.635 0.6000000238
34411  37.980  -59.916  18.260 0.6000000238
35424  38.132  -59.296  17.812 0.6999999881
39334  38.748  -55.501  17.057 0.6000000238
33485  38.169  -61.338  18.310 0.5000000000
34412  37.721  -59.801  18.883 0.5000000000
140731  39.171  -55.938  16.394 0.6000000238
32431  38.347  -62.720  18.350 0.5000000000
39346  39.528  -55.218  15.814 0.6000000238
31373  38.448  -63.410  18.809 0.5000000000
39345  39.913  -55.742  15.216 0.6000000238
41295  39.989  -53.539  15.394 0.6999999881
40313  40.086  -54.910  15.019 0.6000000238
42237  40.326  -52.886  15.286 0.6999999881
137982  40.608  -54.332  14.496 0.6000000238
136131  40.635  -53.409  14.749 0.6000000238
41318  42.087  -53.650  12.729 0.6000000238
41308  41.300  -53.738  13.801 0.6000000238
43175  40.670  -50.684  10.535 0.5000000000
44204  38.087  -51.464  11.160 0.6999999881
43176  39.911  -50.937  10.638 0.6000000238
44193  37.434  -51.127  11.904 0.8000000119
43177  38.782  -51.572  10.869 0.6999999881
40284  37.604  -54.341  19.047 0.6000000238
147894  37.701  -56.707  19.525 0.6999999881
133811  37.912  -56.226  19.029 0.6999999881
40292  38.394  -55.140  17.749 0.6999999881
41256  37.625  -53.560  18.815 0.6999999881
36335  37.568  -58.394  19.496 0.6000000238
37262  37.600  -57.465  19.707 0.6000000238
41255  37.975  -53.530  18.135 0.8000000119
129474  37.510  -59.072  20.086 0.5000000000
132507  37.596  -59.190  19.226 0.5000000000
41262  38.383  -53.588  17.397 0.8000000119
40303  38.670  -54.537  17.054 0.6000000238
33471  37.793  -61.015  19.708 0.5000000000
145894  37.892  -60.608  18.828 0.5000000000
42209  38.670  -52.767  17.042 0.8000000119
40302  39.184  -54.419  16.246 0.6000000238
137607  38.567  -64.034  19.157 0.5000000000
42224  39.207  -52.821  16.332 0.8000000119
42223  39.768  -52.851  15.732 0.8000000119
41277  39.396  -53.602  15.953 0.6999999881
42236  40.828  -52.459  14.921 0.6999999881
43142  40.318  -52.099  15.502 0.6999999881
43140  41.271  -51.168  14.826 0.6999999881
131735  40.956  -51.757  15.085 0.6999999881
44163  41.380  -50.540  14.394 0.6000000238
42247  41.499  -51.987  13.756 0.6000000238
42248  41.212  -52.689  14.151 0.6000000238
44181  41.286  -50.241  12.866 0.6999999881
134757  41.942  -51.175  12.260 0.6999999881
133272  41.793  -51.591  13.058 0.6000000238
44190  40.362  -50.021  11.596 0.6999999881
44200  41.519  -50.653  10.868 0.6000000238
44203  39.210  -50.795  11.072 0.8000000119
44191  39.545  -50.061  11.709 0.8000000119
44201  40.850  -50.411  10.833 0.6000000238
44183  36.933  -50.582  12.641 0.8999999762
129611  36.663  -52.440  10.848 0.6999999881
43178  37.549  -52.155  10.800 0.6999999881
42175  37.610  -52.934  20.172 0.6000000238
42186  37.585  -52.844  19.294 0.6999999881
43098  38.165  -51.336  20.534 0.6999999881
40269  37.482  -54.488  19.867 0.6000000238
42185  37.748  -51.961  19.786 0.6000000238
40256  38.314  -54.762  22.230 0.4000000060
38276  37.495  -56.023  20.620 0.6000000238
40261  37.574  -54.534  20.762 0.6000000238
42195  37.769  -52.817  18.517 0.6999999881
137532  37.709  -56.038  21.448 0.6000000238
147355  37.752  -52.202  18.948 0.8000000119
36313  37.573  -58.018  21.383 0.4000000060
37248  37.664  -57.261  21.362 0.5000000000
37254  37.553  -57.390  20.659 0.6000000238
42194  38.083  -52.063  18.285 0.8000000119
35408  37.475  -59.761  20.703 0.5000000000
43119  38.600  -51.963  17.561 0.8000000119
34393  37.591  -60.618  20.465 0.4000000060
146562  39.671  -52.199  16.049 0.8000000119
32401  37.945  -62.840  20.145 0.5000000000
44151  40.583  -50.497  16.095 0.8000000119
45210  40.711  -49.743  15.421 0.8000000119
44164  41.095  -50.512  15.201 0.6999999881
43128  40.091  -51.438  16.119 0.8000000119
45224  40.717  -49.624  14.296 0.8000000119
46294  39.200  -48.884  14.106 0.8999999762
45233  39.972  -49.244  13.662 0.8999999762
45209  41.122  -50.052  14.667 0.6999999881
45244  39.917  -49.496  12.556 0.8999999762
45223  41.241  -50.040  13.896 0.6999999881
45243  40.709  -49.884  12.387 0.6000000238
44182  37.906  -50.272  12.913 0.8999999762
45245  38.957  -49.685  12.581 0.8999999762
44206  34.950  -51.071  11.253 0.8000000119
43180  35.260  -51.840  11.237 0.8000000119
126076  35.611  -51.625  11.202 0.8000000119
43179  35.962  -52.272  10.989 0.8000000119
45246  35.951  -50.455  12.223 0.8000000119
44194  36.242  -51.172  11.608 0.6999999881
43083  38.408  -51.520  21.382 0.6999999881
44096  38.469  -50.809  21.033 0.6000000238
133617  37.725  -53.164  20.898 0.6000000238
42158  38.491  -52.309  21.786 0.5000000000
44110  38.533  -50.485  20.321 0.6999999881
41219  38.386  -53.937  22.046 0.4000000060
42145  38.789  -53.074  22.177 0.5000000000
41230  38.118  -53.088  21.545 0.6000000238
125629  38.080  -51.465  18.905 0.6999999881
40247  38.926  -54.570  22.652 0.5000000000
43108  38.582  -51.282  18.154 0.6999999881
38254  38.612  -56.321  22.821 0.5000000000
38268  38.123  -56.126  22.200 0.6000000238
37221  38.577  -57.307  23.021 0.4000000060
38255  38.246  -56.886  22.455 0.4000000060
45179  39.597  -49.257  18.511 0.8000000119
43107  39.207  -51.143  17.500 0.8000000119
135903  37.526  -58.808  21.977 0.4000000060
44143  40.299  -50.029  16.934 0.8000000119
44144  39.730  -50.311  17.555 0.8000000119
42208  39.345  -51.885  16.803 0.8000000119
140625  37.531  -61.151  21.028 0.3000000119
46260  38.982  -48.428  16.591 0.8000000119
45197  40.196  -49.418  16.759 0.8000000119
46272  38.753  -48.293  15.711 0.8000000119
45196  40.532  -49.832  16.328 0.8000000119
46286  38.459  -48.481  14.493 0.8999999762
46285  39.217  -48.650  15.021 0.8999999762
47436  37.577  -48.021  14.942 0.8999999762
46295  38.468  -48.940  13.837 0.8999999762
149091  36.711  -48.089  14.980 0.8999999762
46287  37.656  -48.709  14.229 0.8999999762
45235  37.616  -49.559  13.639 0.8999999762
44207  34.455  -50.565  11.446 0.8000000119
43169  34.746  -51.590  11.647 0.8000000119
149453  37.282  -50.172  13.271 0.8999999762
45236  36.591  -49.981  13.349 0.8999999762
145082  35.239  -50.003  11.642 0.8000000119
45237  35.700  -49.699  12.673 0.8000000119
44078  39.443  -50.927  22.351 0.6000000238
44095  38.790  -50.794  21.681 0.6000000238
45138  39.609  -49.339  22.208 0.6000000238
44077  40.241  -50.828  22.769 0.6000000238
41207  40.488  -52.999  22.616 0.4000000060
134347  39.619  -53.040  22.497 0.4000000060
126860  39.935  -52.314  22.604 0.4000000060
42157  39.150  -52.335  22.327 0.5000000000
44118  38.732  -50.252  19.555 0.6999999881
41209  39.254  -53.779  22.531 0.4000000060
45160  38.992  -49.602  20.029 0.6999999881
40245  40.633  -54.397  22.829 0.5000000000
40246  39.757  -54.441  22.882 0.4000000060
44117  39.224  -49.747  19.072 0.6999999881
39275  40.262  -55.099  23.174 0.5000000000
47388  38.936  -48.361  18.634 0.8000000119
44127  39.508  -49.976  18.285 0.8000000119
47413  38.433  -48.000  17.037 0.8000000119
46251  39.488  -48.711  18.004 0.8000000119
126588  37.786  -47.457  15.958 0.8000000119
48487  36.707  -46.961  15.761 0.8999999762
146153  38.431  -48.162  15.065 0.8999999762
131419  36.705  -47.609  15.314 0.8999999762
46288  36.587  -48.606  14.512 0.8999999762
46289  35.595  -48.560  14.154 1.0000000000
46310  34.476  -48.638  11.330 0.8000000119
47446  35.138  -48.223  13.401 1.0000000000
46309  34.732  -49.337  11.239 0.8000000119
46296  35.443  -48.961  13.067 1.0000000000
46302  35.197  -49.222  11.771 0.8000000119
46303  34.906  -48.408  11.577 0.8000000119
137872  39.187  -50.052  21.940 0.6000000238
46197  40.025  -48.634  22.415 0.6000000238
144966  40.759  -50.277  23.044 0.6000000238
46211  39.544  -48.561  21.796 0.6999999881
127687  41.752  -52.181  22.707 0.4000000060
127017  40.801  -52.216  22.743 0.4000000060
43063  40.153  -51.545  22.709 0.4000000060
42144  41.366  -52.961  22.585 0.4000000060
129560  39.314  -48.804  20.098 0.6999999881
40244  41.474  -54.409  22.543 0.5000000000
42143  42.178  -52.937  22.347 0.4000000060
45168  39.410  -49.068  19.303 0.8000000119
47389  38.208  -47.833  18.490 0.8000000119
47374  38.629  -47.662  19.889 0.8000000119
48457  36.991  -46.998  17.939 0.8000000119
131943  38.657  -48.182  17.866 0.8000000119
48468  36.613  -46.294  17.358 0.8000000119
47415  37.811  -47.443  16.617 0.8000000119
48476  37.292  -47.028  16.160 0.8999999762
47423  35.705  -47.296  15.415 0.8999999762
48488  35.188  -46.583  15.659 0.8999999762
47424  34.873  -47.124  15.152 1.0000000000
143659  34.700  -47.102  14.585 1.0000000000
47439  34.833  -47.437  13.634 1.0000000000
147415  34.726  -48.080  11.531 0.8000000119
44208  33.827  -50.175  11.544 0.8000000119
48505  34.861  -46.863  12.671 1.0000000000
48512  35.048  -46.881  11.746 0.8000000119
47447  35.047  -47.705  12.220 0.8000000119
45136  41.266  -49.518  23.224 0.6000000238
138978  39.861  -50.122  22.539 0.6000000238
46196  40.790  -48.695  22.973 0.6000000238
46217  39.275  -48.473  20.965 0.6999999881
47354  39.510  -47.051  21.880 0.6999999881
43061  42.232  -51.390  22.791 0.4000000060
125707  42.730  -50.760  22.756 0.5000000000
44076  41.879  -50.402  23.127 0.5000000000
47362  38.963  -47.597  20.720 0.8000000119
47355  38.821  -46.835  21.314 0.8000000119
42142  42.655  -52.217  22.399 0.4000000060
46218  39.168  -48.189  20.215 0.8000000119
43080  44.234  -52.062  21.235 0.4000000060
43081  43.936  -51.367  21.823 0.4000000060
140062  38.558  -47.977  19.139 0.8000000119
47390  37.507  -47.392  18.426 0.8000000119
47404  37.253  -46.857  16.960 0.8000000119
48478  35.694  -46.089  16.291 0.8999999762
49441  35.386  -45.406  16.661 0.8000000119
47425  34.481  -46.427  15.106 1.0000000000
140792  34.183  -45.426  15.442 1.0000000000
129447  34.221  -45.725  14.421 1.0000000000
50478  35.348  -45.201  12.055 1.0000000000
144537  34.949  -46.826  11.582 0.8999999762
46304  33.689  -48.669  11.606 0.8000000119
140769  33.921  -47.139  11.621 0.8999999762
49475  35.220  -46.141  11.882 1.0000000000
49474  35.197  -45.320  11.547 1.0000000000
49480  35.063  -45.452  11.417 1.0000000000
51586  36.161  -43.671  11.826 1.0000000000
52724  36.582  -43.215  11.594 1.0000000000
51597  36.469  -43.677  11.115 1.0000000000
51607  36.622  -43.421  10.783 1.0000000000
53793  36.945  -41.807  11.968 1.0000000000
53804  37.019  -42.739  11.320 1.0000000000
139590  40.481  -47.932  22.571 0.6999999881
47340  40.197  -47.189  22.293 0.6999999881
48411  40.637  -46.548  22.509 0.6999999881
47337  42.712  -47.864  23.049 0.6000000238
137328  41.293  -47.969  23.034 0.6000000238
45135  42.197  -49.453  23.194 0.6000000238
44074  44.089  -49.819  22.226 0.5000000000
48425  38.521  -45.952  21.672 0.8000000119
44094  44.348  -50.542  21.722 0.4000000060
47363  38.279  -46.995  20.580 0.8000000119
48431  37.218  -46.773  19.631 0.8000000119
48458  36.517  -46.314  18.338 0.8000000119
48444  36.597  -46.271  19.265 0.8000000119
49433  35.725  -45.056  17.324 0.6999999881
49432  36.165  -45.582  17.776 0.8000000119
50436  34.613  -43.974  17.139 0.8000000119
49442  34.566  -45.094  16.299 0.8999999762
50446  34.406  -44.387  16.551 1.0000000000
50457  33.935  -44.529  15.847 1.0000000000
49452  33.877  -44.702  14.788 1.0000000000
51564  33.668  -43.753  15.432 1.0000000000
52704  33.587  -42.924  15.154 1.0000000000
50463  34.240  -44.518  13.800 1.0000000000
149682  34.278  -41.616  14.714 1.0000000000
52711  34.057  -42.875  14.281 1.0000000000
53795  35.354  -42.386  13.284 1.0000000000
52717  35.836  -43.097  12.576 1.0000000000
50484  35.326  -44.731  11.305 1.0000000000
137770  34.719  -45.205  11.341 1.0000000000
53794  36.288  -42.353  12.553 1.0000000000
139011  36.027  -44.153  11.015 1.0000000000
130763  35.682  -43.970  10.888 1.0000000000
52731  36.907  -43.001  10.557 1.0000000000
54815  37.393  -41.242  11.400 1.0000000000
53811  37.148  -42.489  10.669 1.0000000000
145436  41.320  -46.642  22.721 0.6999999881
48412  39.885  -46.446  22.261 0.6999999881
47336  43.586  -47.615  22.664 0.5000000000
47338  41.955  -47.189  23.016 0.6999999881
48424  39.193  -46.279  21.949 0.6999999881
46193  43.305  -48.502  22.850 0.6000000238
45149  44.444  -49.094  22.108 0.5000000000
45133  43.772  -49.150  22.582 0.5000000000
48426  37.988  -46.330  21.129 0.8000000119
49393  37.394  -45.888  20.995 0.8000000119
49394  36.863  -45.736  20.545 0.6999999881
49402  36.344  -45.613  19.861 0.8000000119
50418  35.670  -44.653  18.949 0.8000000119
50403  35.852  -44.828  19.703 0.8000000119
50435  35.279  -44.351  17.647 0.6999999881
50434  35.785  -44.813  18.130 0.6999999881
51543  34.204  -43.171  17.286 0.8999999762
53751  34.495  -41.820  17.985 0.8000000119
54759  34.495  -40.912  17.883 0.8000000119
55802  35.060  -39.414  18.144 0.8000000119
52695  33.715  -42.721  16.672 0.8999999762
52683  34.083  -42.312  17.362 0.8000000119
54767  34.322  -40.685  17.034 0.8000000119
51554  33.584  -43.035  15.922 1.0000000000
135424  33.732  -41.965  16.781 0.8999999762
55819  34.680  -39.960  16.716 0.8999999762
55808  35.092  -39.389  17.207 0.8000000119
139979  33.953  -41.306  16.456 0.8999999762
53777  34.143  -41.258  15.391 1.0000000000
53786  34.520  -42.026  14.038 1.0000000000
52718  34.893  -42.942  13.428 1.0000000000
54806  36.326  -41.298  13.103 1.0000000000
54805  37.109  -40.852  12.494 1.0000000000
53812  36.455  -42.423  10.507 1.0000000000
54794  36.528  -40.412  13.580 1.0000000000
54804  37.740  -40.308  11.740 1.0000000000
53820  36.789  -41.707  10.507 1.0000000000
55854  37.388  -40.019  12.925 1.0000000000
55853  38.171  -39.537  12.082 1.0000000000
55872  37.988  -39.982  10.808 1.0000000000
49372  43.224  -45.937  22.404 0.6999999881
49373  42.448  -45.690  22.575 0.6999999881
49374  41.704  -45.498  22.594 0.6999999881
133885  41.059  -45.355  22.541 0.6999999881
50371  39.788  -45.119  22.285 0.6999999881
48408  43.937  -46.306  22.115 0.6000000238
49386  39.087  -45.487  22.068 0.6999999881
47335  44.389  -47.633  22.182 0.5000000000
49387  38.457  -45.083  21.859 0.6999999881
46210  44.708  -48.356  21.888 0.5000000000
49388  37.824  -45.525  21.464 0.8000000119
50390  37.102  -45.172  21.155 0.6999999881
50392  35.820  -44.108  20.262 0.6999999881
50391  36.355  -44.856  20.575 0.6999999881
145270  35.556  -44.067  19.455 0.6999999881
149896  35.336  -43.448  19.174 0.6999999881
51542  34.811  -43.581  17.892 0.6999999881
51528  35.011  -43.141  18.610 0.6999999881
53750  34.809  -41.306  18.694 0.8000000119
54746  35.299  -40.134  19.609 0.8000000119
56808  35.778  -38.853  19.392 0.8000000119
54758  34.881  -40.282  18.641 0.8000000119
56824  35.586  -38.775  18.544 0.8000000119
56831  35.558  -38.765  17.636 0.8000000119
55834  34.841  -39.877  15.908 1.0000000000
55818  35.298  -39.418  16.285 0.8999999762
56830  36.199  -38.247  17.107 0.8000000119
56855  36.039  -39.027  15.801 1.0000000000
56838  35.728  -38.835  16.699 0.8000000119
54796  34.765  -41.201  14.454 1.0000000000
54788  34.946  -40.360  15.095 1.0000000000
54795  35.622  -40.768  14.068 1.0000000000
55844  36.805  -39.635  13.974 1.0000000000
55843  37.597  -39.220  13.270 1.0000000000
54824  36.365  -40.899  10.691 1.0000000000
54825  35.562  -41.366  10.871 1.0000000000
56877  38.334  -38.759  12.453 1.0000000000
56886  38.667  -38.922  11.399 1.0000000000
55863  38.308  -39.739  11.126 1.0000000000
54829  37.202  -40.893  10.649 1.0000000000
56885  38.633  -37.949  11.104 1.0000000000
146341  42.222  -45.044  22.419 0.6999999881
50369  41.522  -44.709  22.385 0.6999999881
50382  40.041  -44.180  22.133 0.6000000238
50383  39.164  -44.664  22.085 0.6000000238
50384  38.570  -44.322  21.878 0.6000000238
129797  37.754  -44.510  21.620 0.6999999881
51494  36.623  -43.478  21.154 0.6999999881
51493  37.403  -43.588  21.454 0.6999999881
51500  35.996  -43.398  20.683 0.6999999881
51501  35.555  -43.279  19.947 0.6999999881
53715  35.446  -40.879  20.276 0.8000000119
51513  35.255  -42.723  19.317 0.6999999881
52656  35.196  -41.762  19.548 0.8000000119
143086  36.112  -38.228  18.920 0.8000000119
57804  36.546  -37.786  18.447 0.8000000119
56837  36.471  -38.441  16.206 0.8000000119
57826  36.854  -37.816  16.588 0.8000000119
55832  36.429  -39.352  14.952 1.0000000000
56854  36.800  -38.707  15.324 1.0000000000
140521  37.370  -37.397  16.004 0.6999999881
56853  37.384  -38.287  14.746 1.0000000000
57840  37.451  -37.627  15.099 0.8999999762
56866  37.785  -38.491  13.635 1.0000000000
57871  38.322  -37.259  12.861 1.0000000000
54817  34.608  -40.726  11.845 1.0000000000
129339  38.321  -38.015  12.826 1.0000000000
58791  38.815  -36.913  11.725 1.0000000000
56895  38.094  -39.063  10.632 1.0000000000
55874  36.612  -40.214  10.896 1.0000000000
54816  35.563  -40.432  11.334 1.0000000000
56894  38.412  -38.202  10.899 1.0000000000
135908  40.936  -44.159  22.222 0.6999999881
147658  37.805  -42.913  21.484 0.6000000238
52625  37.085  -42.796  21.361 0.6999999881
146512  36.039  -42.113  20.952 0.6999999881
52626  36.343  -42.734  21.067 0.6999999881
52639  35.460  -42.461  19.968 0.6999999881
54727  36.103  -40.462  20.950 0.8000000119
55788  36.056  -39.088  20.178 0.6999999881
56807  36.366  -38.362  19.738 0.6999999881
57803  37.105  -37.223  18.440 0.6999999881
57818  37.257  -37.029  17.594 0.6999999881
58737  37.363  -36.297  17.130 0.6999999881
139522  37.416  -36.563  16.213 0.8000000119
59679  37.358  -35.835  16.404 0.6999999881
149910  37.592  -37.246  14.618 0.8999999762
58781  37.779  -36.776  13.932 1.0000000000
148725  37.373  -35.452  14.107 1.0000000000
55866  34.892  -39.992  12.178 1.0000000000
58792  38.340  -36.375  12.511 1.0000000000
56887  37.282  -38.434  11.022 1.0000000000
57893  38.632  -37.402  10.776 1.0000000000
51490  40.762  -43.390  21.806 0.6000000238
141113  39.875  -43.404  21.757 0.6000000238
130775  39.222  -43.033  21.569 0.6000000238
52623  39.246  -42.309  21.256 0.6000000238
51492  38.346  -43.527  21.673 0.6000000238
151525  38.793  -42.034  21.267 0.6000000238
53698  38.337  -41.666  21.354 0.6000000238
53699  37.481  -41.383  21.435 0.6000000238
54710  36.705  -40.982  21.329 0.6000000238
148721  36.776  -40.252  21.288 0.6999999881
56797  36.760  -38.638  20.511 0.6999999881
57790  37.336  -37.208  19.475 0.6999999881
57791  36.696  -37.712  19.216 0.6999999881
140421  37.524  -36.580  18.902 0.6999999881
147297  37.591  -35.852  18.454 0.6999999881
149585  37.439  -35.796  17.736 0.6999999881
67232  42.677  -27.660  20.138 0.3000000119
59660  37.337  -35.254  17.043 0.6999999881
68275  42.653  -26.595  20.205 0.3000000119
60617  37.171  -35.193  15.974 0.8000000119
51577  31.268  -43.280  14.120 0.8999999762
59708  37.414  -36.009  14.547 1.0000000000
53796  33.046  -41.231  12.965 1.0000000000
54807  34.100  -40.341  12.669 1.0000000000
54808  33.446  -40.635  13.112 1.0000000000
134814  38.335  -35.387  12.064 1.0000000000
146160  38.815  -36.778  10.576 1.0000000000
58802  39.117  -36.744  11.075 1.0000000000
132129  38.214  -37.909  10.776 1.0000000000
55865  35.828  -39.647  11.584 1.0000000000
57894  38.345  -36.954  10.602 1.0000000000
52621  40.929  -42.637  21.236 0.6000000238
52622  40.054  -42.681  21.353 0.6000000238
53713  40.288  -41.604  20.543 0.6000000238
54726  39.571  -41.075  20.830 0.6000000238
55767  39.818  -40.313  20.931 0.6000000238
54707  39.156  -40.314  21.224 0.6999999881
55750  38.851  -39.573  21.350 0.6999999881
133308  38.049  -40.964  21.442 0.6000000238
55751  38.068  -39.320  21.362 0.6999999881
58722  43.609  -36.845  18.720 0.3000000119
58712  43.199  -36.662  19.417 0.3000000119
55768  37.336  -38.987  21.101 0.6999999881
56806  37.046  -37.872  20.036 0.6999999881
58715  37.882  -35.908  19.248 0.6999999881
66298  42.183  -28.479  20.261 0.3000000119
67215  41.868  -27.807  20.405 0.4000000060
68259  41.890  -27.006  20.451 0.4000000060
68260  41.048  -26.574  20.422 0.4000000060
51578  30.601  -43.730  14.544 0.6999999881
52713  30.772  -43.198  14.750 0.6999999881
149223  41.540  -21.516  19.214 0.3000000119
69421  42.192  -25.006  20.284 0.3000000119
129972  37.005  -34.304  16.436 0.6999999881
53788  31.978  -41.867  14.001 0.8999999762
72301  41.777  -22.080  19.591 0.3000000119
70448  41.821  -24.422  20.291 0.3000000119
133519  36.866  -34.571  15.362 0.8000000119
53797  32.555  -41.311  13.657 0.8999999762
71404  41.871  -23.651  20.148 0.3000000119
70464  41.346  -24.253  20.125 0.3000000119
151057  36.986  -34.662  14.586 0.8000000119
60637  37.410  -34.744  13.445 1.0000000000
55856  34.513  -39.670  13.043 1.0000000000
60652  38.235  -34.446  11.568 1.0000000000
56888  36.119  -38.799  11.738 1.0000000000
55855  35.245  -39.234  12.469 1.0000000000
146187  38.951  -36.100  11.231 1.0000000000
57882  37.360  -37.316  11.230 1.0000000000
59744  38.168  -35.598  10.526 1.0000000000
59735  37.420  -35.601  11.081 1.0000000000
55748  40.430  -39.757  20.860 0.6999999881
56780  39.302  -39.102  21.286 0.6999999881
56804  43.403  -38.158  19.127 0.3000000119
57788  43.321  -37.435  19.256 0.4000000060
56781  38.683  -38.856  21.264 0.6999999881
56795  38.493  -38.082  20.938 0.6999999881
56796  37.567  -38.259  20.684 0.6999999881
58713  42.432  -36.012  20.190 0.4000000060
58708  37.880  -36.638  19.746 0.6999999881
59633  42.657  -35.343  19.947 0.3000000119
59624  42.105  -35.314  20.414 0.5000000000
58714  38.323  -35.953  19.989 0.6999999881
59634  38.128  -35.188  19.630 0.6999999881
61503  42.071  -33.924  20.272 0.5000000000
59635  37.641  -35.126  18.870 0.6999999881
63462  41.370  -31.573  20.490 0.4000000060
63463  40.498  -31.852  20.683 0.6000000238
133899  40.646  -30.199  20.604 0.5000000000
60587  37.459  -34.272  18.483 0.6999999881
132997  41.997  -29.908  20.267 0.3000000119
61531  37.284  -33.627  17.882 0.6999999881
70503  39.896  -24.053  17.102 0.4000000060
66300  40.405  -28.556  20.511 0.4000000060
61541  37.124  -33.696  17.104 0.6999999881
52705  30.540  -42.875  15.410 0.6999999881
72322  40.449  -22.630  17.184 0.4000000060
67216  41.199  -27.471  20.489 0.4000000060
67217  40.407  -27.180  20.283 0.4000000060
51565  30.140  -43.519  15.181 0.6000000238
72302  41.085  -22.183  19.058 0.3000000119
72303  40.864  -23.031  19.182 0.3000000119
72313  40.574  -22.729  18.322 0.4000000060
69422  40.766  -25.610  20.182 0.4000000060
68261  40.399  -26.380  20.114 0.4000000060
136830  36.705  -33.177  16.341 0.6999999881
151550  36.853  -32.475  16.992 0.6999999881
52712  31.340  -42.545  14.639 0.6999999881
71414  40.457  -23.690  18.789 0.4000000060
69438  40.296  -25.209  19.584 0.4000000060
135785  40.034  -25.883  19.690 0.4000000060
61556  36.711  -33.873  15.586 0.8000000119
126767  41.430  -22.895  19.669 0.3000000119
70465  40.762  -24.621  19.828 0.3000000119
61564  36.659  -33.218  15.064 0.8000000119
55857  33.792  -40.001  13.444 1.0000000000
61572  37.085  -33.302  13.834 0.8999999762
61581  37.702  -33.637  12.436 1.0000000000
57883  36.334  -37.914  12.027 1.0000000000
133927  37.804  -34.910  10.735 1.0000000000
59743  38.620  -35.786  10.733 1.0000000000
125535  38.628  -35.114  11.020 1.0000000000
58793  36.819  -36.409  11.640 1.0000000000
57872  36.295  -37.112  12.497 1.0000000000
59736  36.779  -34.907  11.691 1.0000000000
58794  36.090  -36.340  12.947 1.0000000000
55766  41.312  -39.435  20.610 0.6000000238
56792  41.536  -38.564  20.705 0.6000000238
130327  41.029  -38.086  21.014 0.6000000238
57774  40.202  -38.074  21.225 0.6999999881
56791  42.215  -38.303  20.344 0.5000000000
57781  41.666  -37.639  20.681 0.6000000238
57783  39.336  -37.662  21.066 0.6999999881
57789  42.827  -37.186  19.882 0.5000000000
58703  42.213  -36.825  20.387 0.4000000060
149172  38.679  -37.335  20.698 0.6999999881
58707  38.473  -36.699  20.361 0.6999999881
149166  41.019  -36.039  20.779 0.6000000238
130916  38.912  -36.003  20.536 0.6999999881
132834  41.323  -35.355  20.654 0.6000000238
59627  38.667  -35.244  20.277 0.6999999881
61504  41.337  -33.849  20.560 0.6000000238
135627  41.070  -33.193  20.611 0.6000000238
60575  38.403  -34.454  20.033 0.6999999881
131304  38.108  -33.676  19.689 0.6999999881
62480  41.213  -32.451  20.558 0.5000000000
133627  40.124  -30.974  20.601 0.6000000238
62483  38.943  -32.189  20.359 0.6000000238
140144  37.694  -32.990  19.134 0.6000000238
70517  39.740  -24.840  15.673 0.4000000060
65393  40.890  -29.252  20.611 0.4000000060
65394  39.927  -29.399  20.495 0.4000000060
64424  39.267  -30.825  20.380 0.5000000000
63465  38.772  -31.464  20.192 0.6000000238
62505  37.443  -32.174  18.682 0.6999999881
141050  40.021  -24.087  16.115 0.4000000060
66301  39.654  -28.567  20.291 0.5000000000
139276  37.368  -32.917  18.223 0.6999999881
71426  40.192  -23.406  17.689 0.4000000060
70504  39.687  -24.776  16.638 0.5000000000
132395  40.035  -27.907  20.326 0.4000000060
67233  39.327  -27.348  19.537 0.4000000060
62533  37.127  -33.020  17.374 0.6999999881
137104  31.965  -41.209  15.391 0.8999999762
53780  31.042  -42.184  15.657 0.6999999881
148359  40.609  -24.165  19.355 0.4000000060
68277  39.483  -26.158  19.116 0.4000000060
143268  36.779  -31.746  15.426 0.6999999881
62545  36.671  -32.171  16.330 0.6999999881
70476  40.200  -24.599  18.987 0.4000000060
54798  32.749  -40.744  14.238 0.8999999762
55847  33.544  -39.654  14.290 0.8999999762
56878  35.573  -38.426  12.753 1.0000000000
55846  34.172  -39.277  13.862 1.0000000000
56879  34.909  -38.885  13.390 1.0000000000
60662  38.318  -34.321  10.911 1.0000000000
147746  35.765  -37.703  12.989 1.0000000000
56868  35.350  -38.080  13.743 1.0000000000
60669  38.048  -34.262  10.738 1.0000000000
62567  35.983  -32.392  11.647 0.8999999762
61589  36.346  -33.188  11.677 1.0000000000
60664  36.588  -34.014  11.735 1.0000000000
59726  35.825  -35.466  13.105 1.0000000000
57861  35.547  -37.098  13.690 1.0000000000
60653  35.758  -34.522  12.732 1.0000000000
59727  35.032  -34.895  13.713 0.8999999762
144511  35.504  -33.717  12.538 1.0000000000
61582  34.808  -34.137  13.270 0.8999999762
57782  40.765  -37.378  21.024 0.6000000238
58705  40.332  -36.527  20.956 0.6999999881
131212  39.617  -36.028  20.801 0.6999999881
59625  40.340  -35.501  20.782 0.6999999881
59626  39.386  -35.325  20.630 0.6999999881
134286  40.858  -34.603  20.703 0.6000000238
61505  40.435  -33.757  20.685 0.6000000238
60568  39.078  -34.547  20.506 0.6999999881
61506  39.700  -33.244  20.618 0.6999999881
133685  39.089  -32.856  20.450 0.6000000238
61516  38.386  -32.781  19.965 0.6000000238
62495  37.867  -32.131  19.459 0.6000000238
71466  40.736  -23.582  14.496 0.3000000119
62481  40.473  -32.824  20.662 0.6000000238
62482  39.715  -32.432  20.620 0.6000000238
63478  37.650  -31.464  19.040 0.6000000238
69487  39.852  -24.982  14.701 0.4000000060
70528  40.491  -24.445  14.112 0.4000000060
65395  39.069  -29.938  20.187 0.6000000238
63477  38.193  -31.435  19.643 0.6000000238
65412  38.715  -29.267  19.660 0.5000000000
149642  37.628  -30.888  18.661 0.6000000238
67234  38.892  -27.943  19.401 0.4000000060
63488  37.322  -31.411  18.152 0.6000000238
69474  39.491  -25.530  16.227 0.5000000000
68290  39.089  -26.563  18.477 0.4000000060
145578  39.274  -26.808  19.168 0.4000000060
64466  37.080  -31.035  17.276 0.6000000238
69465  39.403  -25.460  17.285 0.5000000000
130201  39.343  -25.785  18.307 0.4000000060
64480  37.169  -30.508  16.367 0.6000000238
68291  38.680  -27.049  17.876 0.4000000060
53787  32.253  -41.265  14.563 0.8999999762
63524  37.156  -31.327  14.405 0.8999999762
62554  36.950  -32.341  14.323 0.8000000119
55848  32.980  -40.045  14.745 0.8999999762
56870  33.883  -38.864  14.760 0.8999999762
56856  34.235  -38.010  15.172 0.8999999762
56869  34.628  -38.474  14.318 0.8999999762
61587  38.292  -33.600  11.104 1.0000000000
61588  37.539  -33.583  10.977 1.0000000000
58782  35.432  -36.191  13.904 0.8999999762
149110  34.585  -33.541  12.974 1.0000000000
137477  33.917  -33.817  13.362 1.0000000000
131934  34.364  -35.306  14.496 0.8999999762
62560  34.078  -32.470  12.864 1.0000000000
61584  33.306  -33.505  13.440 0.8999999762
60567  39.926  -34.620  20.696 0.6999999881
71476  41.157  -23.917  13.482 0.3000000119
69498  40.249  -25.328  13.732 0.3000000119
64439  38.010  -30.798  19.265 0.6000000238
69499  39.674  -25.809  14.329 0.5000000000
65426  38.198  -29.353  18.745 0.5000000000
150468  38.573  -28.034  18.802 0.5000000000
66329  38.324  -28.535  18.363 0.5000000000
65427  37.698  -29.779  17.986 0.5000000000
69488  39.508  -25.590  15.280 0.5000000000
67249  38.467  -27.807  18.111 0.5000000000
65440  37.973  -29.045  17.810 0.5000000000
68311  39.190  -26.126  15.756 0.5000000000
67259  38.466  -27.619  17.222 0.5000000000
142402  39.121  -26.165  16.639 0.5000000000
68303  38.764  -26.883  16.941 0.5000000000
64487  37.004  -30.900  15.457 0.6999999881
67275  38.585  -27.317  15.276 0.5000000000
67265  38.496  -27.454  16.300 0.5000000000
149228  37.333  -30.601  14.625 0.6000000238
63529  37.604  -31.735  13.061 0.8999999762
140230  38.201  -32.121  11.643 0.8999999762
62559  37.642  -32.657  12.764 0.8999999762
147841  38.236  -32.390  10.997 0.8999999762
63549  36.365  -31.434  11.342 0.8999999762
61595  37.208  -32.751  11.000 0.8999999762
62573  38.005  -32.293  10.817 0.8999999762
62572  38.184  -32.984  10.942 1.0000000000
58783  34.960  -36.679  14.575 0.8999999762
57862  34.942  -37.595  14.575 0.8999999762
149301  34.861  -35.958  14.484 0.8999999762
62568  34.892  -32.019  12.356 0.8000000119
58784  34.276  -36.140  15.012 0.8999999762
60638  34.153  -34.433  13.998 0.8999999762
70541  41.525  -24.197  12.662 0.3000000119
69507  41.681  -24.823  12.251 0.4000000060
69522  42.096  -24.978  11.411 0.3000000119
69518  41.202  -25.414  12.280 0.3000000119
69517  41.487  -25.519  11.853 0.4000000060
69508  40.658  -25.798  12.734 0.4000000060
64452  37.842  -30.223  18.715 0.6000000238
68335  39.491  -26.620  13.927 0.5000000000
66342  37.800  -28.837  16.927 0.5000000000
138113  37.399  -30.149  17.222 0.5000000000
68336  38.957  -26.931  14.515 0.5000000000
65456  37.480  -29.562  16.351 0.5000000000
66364  38.257  -28.043  15.673 0.5000000000
66365  38.081  -28.612  14.944 0.5000000000
65462  37.646  -29.326  15.201 0.5000000000
127644  38.575  -28.492  13.776 0.5000000000
65469  38.110  -29.257  14.014 0.6000000238
64493  37.700  -29.998  14.307 0.6000000238
65478  38.637  -29.265  12.670 0.6999999881
64505  38.489  -30.627  12.101 0.6999999881
64510  38.855  -30.016  11.583 0.6999999881
64511  38.574  -30.754  11.202 0.8000000119
63539  38.317  -31.327  11.910 0.8000000119
58762  34.310  -37.047  15.250 0.8999999762
63547  38.163  -31.554  10.851 0.8999999762
63543  38.370  -31.673  11.037 0.8999999762
63544  35.706  -31.674  11.713 0.6999999881
59710  33.495  -35.576  15.055 0.8999999762
60639  33.386  -34.777  14.458 0.8999999762
62561  33.137  -32.713  13.612 1.0000000000
147073  40.564  -24.534  10.632 0.3000000119
150379  41.002  -26.036  10.677 0.4000000060
70557  40.115  -24.386  10.983 0.3000000119
68349  41.069  -26.024  11.855 0.4000000060
69528  40.328  -26.010  10.714 0.3000000119
68344  39.792  -27.088  12.790 0.4000000060
68353  40.883  -26.901  11.039 0.4000000060
68358  40.569  -26.638  10.859 0.4000000060
67284  38.770  -27.681  14.208 0.4000000060
68350  40.219  -27.546  11.782 0.4000000060
67298  40.217  -27.383  11.305 0.4000000060
67291  39.025  -28.029  13.198 0.4000000060
67290  39.708  -28.035  12.270 0.4000000060
66376  39.119  -28.639  12.396 0.5000000000
64513  38.808  -30.105  11.096 0.6000000238
137653  38.424  -31.145  10.969 0.8000000119
63548  37.350  -31.542  10.932 0.6999999881
63545  34.987  -31.294  12.428 0.6999999881
60654  33.172  -34.085  13.802 0.8999999762
60640  32.328  -34.447  14.060 0.8999999762
63541  33.486  -31.813  14.171 0.8999999762
62562  32.097  -33.294  13.757 0.8000000119
149695  32.519  -34.056  13.695 0.8000000119
63531  32.827  -31.957  14.398 0.6999999881
64497  32.314  -31.400  14.756 0.8000000119
70550  39.432  -24.305  11.698 0.3000000119
131839  39.800  -25.094  11.116 0.3000000119
69524  39.839  -25.987  11.059 0.3000000119
144609  38.608  -25.590  11.964 0.4000000060
68354  39.708  -26.916  11.235 0.4000000060
69525  39.047  -26.181  11.457 0.4000000060
132975  39.236  -27.630  11.324 0.5000000000
67299  39.813  -27.948  11.541 0.5000000000
68356  38.312  -27.213  11.618 0.5000000000
66383  38.999  -29.124  11.376 0.5000000000
67304  38.669  -28.218  11.398 0.5000000000
127177  38.935  -29.277  11.296 0.5000000000
65488  38.985  -29.940  11.105 0.6000000238
64515  37.707  -30.871  10.919 0.6999999881
65490  37.422  -29.910  11.173 0.6999999881
65487  35.709  -29.837  12.268 0.6999999881
64506  35.278  -30.216  13.253 0.6999999881
64507  34.677  -30.931  13.251 0.6999999881
64494  35.354  -29.843  14.031 0.6999999881
63530  34.112  -31.223  14.272 0.8000000119
134686  34.107  -30.682  14.877 0.6999999881
71494  40.102  -23.407  11.386 0.3000000119
71487  38.996  -23.955  12.520 0.3000000119
70543  38.541  -24.612  12.891 0.4000000060
70551  38.772  -24.864  12.230 0.3000000119
69510  38.321  -25.414  12.526 0.4000000060
69519  38.273  -26.241  11.994 0.4000000060
68351  37.687  -26.746  12.420 0.3000000119
67300  37.630  -27.693  12.002 0.5000000000
66386  37.992  -28.653  11.452 0.6000000238
67292  37.139  -27.252  13.031 0.3000000119
67301  36.991  -27.868  12.563 0.5000000000
66387  36.991  -28.918  11.596 0.6999999881
129794  36.559  -28.374  12.475 0.6000000238
141849  36.357  -29.484  11.712 0.6999999881
65491  36.473  -30.205  11.454 0.6999999881
65480  36.066  -29.014  12.355 0.6999999881
65481  35.681  -29.432  13.230 0.6000000238
69500  38.183  -25.230  13.255 0.3000000119
69511  37.827  -25.907  12.784 0.3000000119
68345  37.464  -26.446  13.267 0.3000000119
69501  37.841  -25.837  13.752 0.3000000119
68337  37.458  -26.433  14.311 0.3000000119
68325  37.148  -26.432  15.376 0.3000000119
67285  37.203  -26.933  13.851 0.3000000119
68338  36.982  -27.043  14.751 0.4000000060
66377  36.133  -28.667  13.245 0.5000000000
138835  36.788  -27.522  14.010 0.5000000000
67286  36.523  -27.818  15.056 0.5000000000
125671  36.368  -28.291  14.176 0.6000000238
65470  35.731  -29.112  14.414 0.6000000238
72366  38.829  -22.919  14.537 0.4000000060
71455  38.567  -23.324  15.327 0.3000000119
70529  38.451  -24.447  13.808 0.3000000119
70518  38.305  -24.301  15.104 0.3000000119
70530  38.116  -25.146  14.339 0.3000000119
135941  37.886  -24.520  16.091 0.3000000119
69489  37.658  -25.817  14.898 0.3000000119
137865  37.411  -25.065  16.472 0.3000000119
68313  36.736  -26.276  16.116 0.3000000119
68326  36.494  -27.022  15.772 0.4000000060
68314  36.165  -26.437  16.404 0.4000000060
66372  36.130  -28.467  14.969 0.6000000238
67276  36.107  -27.693  15.776 0.4000000060
67266  35.816  -27.193  16.176 0.4000000060
67277  35.453  -27.946  15.829 0.5000000000
66367  35.563  -28.648  15.327 0.6000000238
64490  32.807  -30.527  15.163 0.6999999881
63532  31.661  -32.051  14.419 0.8000000119
72351  38.885  -22.540  15.235 0.4000000060
72337  38.581  -22.798  16.241 0.3000000119
70505  38.179  -23.727  16.318 0.3000000119
70506  37.605  -24.294  16.805 0.3000000119
70507  36.982  -24.722  17.072 0.3000000119
69476  36.662  -25.600  16.630 0.4000000060
69477  35.798  -25.794  16.794 0.4000000060
68316  34.717  -26.613  16.360 0.4000000060
67267  35.065  -27.239  16.200 0.4000000060
141105  34.824  -28.656  15.589 0.5000000000
68327  34.195  -27.094  16.099 0.4000000060
65463  35.046  -29.365  15.278 0.6000000238
67278  34.558  -27.888  15.907 0.4000000060
65465  33.208  -29.694  15.330 0.6999999881
66368  33.970  -28.518  15.658 0.4000000060
129016  32.952  -28.219  15.397 0.4000000060
137746  33.426  -28.992  15.438 0.6000000238
66369  32.560  -28.925  15.209 0.5000000000
65466  32.184  -29.714  15.167 0.6000000238
64498  31.700  -30.541  14.999 0.6999999881
73199  39.156  -21.418  16.541 0.3000000119
71444  38.192  -23.032  17.041 0.3000000119
70491  37.809  -23.651  17.062 0.3000000119
70492  37.252  -23.912  17.256 0.3000000119
70493  36.511  -24.126  17.351 0.3000000119
131993  36.223  -25.010  17.108 0.4000000060
132802  35.350  -25.098  17.019 0.3000000119
70509  34.455  -24.881  16.560 0.3000000119
69478  34.800  -25.852  16.629 0.3000000119
69479  33.869  -25.471  16.154 0.3000000119
67279  33.553  -27.627  15.745 0.4000000060
68317  34.014  -26.297  16.179 0.3000000119
69490  33.278  -25.904  15.675 0.3000000119
68328  33.322  -26.726  15.716 0.3000000119
68329  32.564  -26.220  15.209 0.3000000119
67280  32.461  -27.189  15.228 0.3000000119
68339  31.911  -26.469  14.746 0.4000000060
142810  31.835  -28.036  14.874 0.5000000000
66370  31.690  -28.917  14.876 0.5000000000
65472  31.007  -29.553  14.782 0.5000000000
73200  38.612  -22.046  17.102 0.3000000119
71427  38.046  -22.613  17.482 0.3000000119
71429  36.972  -23.507  17.520 0.3000000119
149344  35.770  -24.479  17.220 0.3000000119
70520  34.225  -23.954  16.315 0.3000000119
70521  33.590  -24.569  15.843 0.3000000119
70522  32.886  -24.743  15.146 0.3000000119
69491  32.694  -25.450  15.146 0.3000000119
67287  31.517  -27.073  14.526 0.4000000060
128279  30.832  -28.446  14.431 0.5000000000
132944  31.026  -27.616  14.313 0.5000000000
73184  37.918  -22.013  17.786 0.3000000119
73185  36.939  -22.122  17.932 0.3000000119
146018  36.349  -22.640  17.665 0.3000000119
72338  35.538  -22.783  17.261 0.3000000119
71446  34.825  -23.329  16.743 0.3000000119
133797  33.612  -23.744  15.713 0.3000000119
70531  33.097  -24.006  15.131 0.3000000119
69502  31.986  -25.676  14.494 0.4000000060
68340  31.378  -26.301  14.123 0.4000000060
136771  30.775  -26.905  13.808 0.4000000060
67294  30.339  -26.338  13.285 0.4000000060
66373  29.990  -28.367  13.957 0.5000000000
66378  29.504  -27.961  13.695 0.4000000060
74049  38.676  -20.268  17.720 0.3000000119
140243  38.347  -21.184  17.716 0.3000000119
73186  35.825  -21.943  17.536 0.3000000119
148081  35.248  -22.161  17.079 0.3000000119
72339  34.675  -22.310  16.570 0.3000000119
71456  33.930  -22.973  15.987 0.3000000119
72353  33.480  -22.417  15.172 0.3000000119
71468  32.764  -23.505  14.457 0.3000000119
131819  32.393  -24.992  14.590 0.3000000119
70533  31.830  -24.808  13.875 0.4000000060
68346  30.963  -26.167  13.538 0.3000000119
74050  37.942  -20.363  18.102 0.3000000119
74051  37.089  -20.483  18.056 0.3000000119
74933  36.886  -19.692  18.082 0.3000000119
133845  36.477  -21.179  17.822 0.3000000119
130391  35.464  -21.024  17.304 0.3000000119
73201  35.031  -21.627  16.918 0.3000000119
73202  34.408  -21.398  16.186 0.3000000119
72352  33.944  -21.997  15.740 0.3000000119
74052  36.013  -20.212  17.622 0.3000000119
74934  36.090  -19.403  17.629 0.3000000119
74949  35.319  -19.443  17.134 0.3000000119
74069  34.975  -20.246  16.938 0.3000000119
149530  33.582  -21.832  15.171 0.3000000119
73220  33.227  -21.794  14.449 0.3000000119
72367  32.952  -22.708  14.390 0.3000000119
137855  36.513  -19.008  17.946 0.3000000119
75880  35.752  -18.657  17.382 0.3000000119
75895  35.021  -18.737  16.562 0.3000000119
74950  34.715  -19.534  16.342 0.3000000119
74070  34.410  -20.424  15.922 0.3000000119
73219  33.750  -21.185  15.230 0.3000000119
75896  34.636  -18.912  15.845 0.4000000060
74965  34.287  -19.512  15.414 0.4000000060
129422  35.348  -17.958  16.709 0.3000000119
75911  34.738  -18.055  15.810 0.4000000060
136042  34.585  -45.934  13.085 1.0000000000
50469  35.074  -44.483  12.732 1.0000000000
63540  34.081  -31.779  13.177 0.6999999881
64496  33.388  -31.180  14.805 0.8000000119
64489  33.737  -30.302  15.184 0.8000000119
37267  38.084  -57.413  18.117 0.6000000238
37276  38.402  -57.834  17.377 0.6000000238
131759  38.238  -54.300  17.882 0.6000000238
133977  38.142  -62.054  18.665 0.5000000000
32417  38.164  -62.646  19.225 0.5000000000
38283  37.575  -56.054  19.791 0.6000000238
40257  37.867  -54.600  21.596 0.5000000000
36300  37.751  -58.174  22.207 0.4000000060
38269  37.828  -56.742  21.755 0.5000000000
129135  37.429  -59.604  21.644 0.4000000060
142440  39.992  -49.188  15.475 0.8999999762
45150  39.273  -49.295  21.490 0.6999999881
39277  38.619  -55.454  22.663 0.5000000000
39262  39.930  -55.841  23.423 0.5000000000
46226  39.134  -48.444  19.444 0.8000000119
34384  37.437  -60.397  21.305 0.4000000060
46259  39.718  -48.854  17.128 0.8000000119
143178  39.166  -49.213  20.757 0.6999999881
41206  41.810  -53.677  22.366 0.4000000060
48477  36.578  -46.456  16.440 0.8000000119
47459  34.316  -47.804  11.507 0.8000000119
45137  40.332  -49.425  22.772 0.6000000238
43060  43.146  -51.444  22.394 0.4000000060
41218  42.858  -52.941  21.912 0.4000000060
142639  37.853  -47.093  19.965 0.8000000119
49460  34.195  -45.221  13.894 1.0000000000
44075  43.534  -50.536  22.379 0.5000000000
134259  42.801  -50.030  22.866 0.5000000000
51598  35.786  -44.225  11.660 1.0000000000
150432  42.866  -47.168  22.859 0.6999999881
51576  33.827  -43.751  14.550 1.0000000000
51575  34.524  -43.714  13.590 1.0000000000
54823  37.447  -40.879  10.837 1.0000000000
54814  37.692  -40.591  11.016 1.0000000000
52674  34.882  -42.249  18.694 0.8000000119
56823  36.085  -38.209  18.044 0.8000000119
55833  35.569  -39.628  15.427 1.0000000000
55845  35.965  -39.994  14.533 1.0000000000
55769  36.514  -39.544  20.926 0.6999999881
59690  37.337  -35.934  15.557 0.8000000119
59724  37.660  -35.811  13.430 1.0000000000
133828  36.848  -34.053  14.537 1.0000000000
132587  38.745  -40.983  21.244 0.6000000238
54709  37.424  -40.589  21.435 0.6999999881
62479  41.903  -32.142  20.203 0.4000000060
52720  31.841  -42.565  13.698 1.0000000000
54809  33.003  -40.868  13.519 1.0000000000
137156  41.365  -29.845  20.509 0.4000000060
60663  37.483  -34.309  11.043 1.0000000000
61515  42.312  -33.391  19.953 0.4000000060
127784  40.861  -31.056  20.622 0.5000000000
128929  41.754  -33.094  20.301 0.5000000000
70490  39.657  -24.678  17.459 0.4000000060
70477  39.617  -24.979  18.215 0.4000000060
66315  39.037  -28.556  19.829 0.5000000000
68323  39.231  -26.245  14.867 0.5000000000
66356  38.167  -28.157  16.606 0.5000000000
133115  37.719  -30.765  13.329 0.6999999881
65479  38.176  -29.959  12.966 0.6000000238
127297  39.083  -29.282  11.573 0.5000000000
67303  39.828  -27.593  11.371 0.5000000000
64495  34.747  -30.443  14.327 0.6999999881
65471  35.125  -29.823  14.735 0.6999999881
65464  34.156  -29.410  15.393 0.6000000238
70508  35.030  -24.260  16.931 0.3000000119
42255  41.837  -52.612  13.145 0.5000000000
128234  42.249  -51.834  12.163 0.5000000000
127348  41.632  -50.695  11.944 0.5000000000
40348  42.386  -54.505  12.289 0.5000000000
41326  42.638  -53.643  11.624 0.5000000000
38356  41.590  -56.126  13.176 0.5000000000
40339  41.685  -54.580  13.198 0.5000000000
38340  41.092  -56.011  13.802 0.5000000000
37299  40.232  -56.915  14.598 0.4000000060
39363  40.844  -55.506  14.130 0.5000000000
39364  40.360  -55.596  14.661 0.5000000000
134892  39.486  -58.006  15.435 0.5000000000
47449  31.853  -47.009  14.162 0.6999999881
46291  31.891  -47.806  15.218 0.6999999881
48506  32.416  -46.934  12.973 0.8000000119
48514  33.130  -46.856  12.262 0.8000000119
47455  32.718  -47.635  12.691 0.8000000119
48513  33.937  -46.373  11.568 0.8999999762
48499  31.352  -46.441  14.514 0.6999999881
49477  33.104  -45.885  12.138 0.8999999762
49468  32.444  -45.317  12.828 0.8999999762
49476  33.903  -45.544  11.514 0.8999999762
49470  31.303  -45.027  13.927 0.6000000238
49469  31.827  -45.609  13.614 0.8000000119
50480  33.074  -45.023  12.121 0.8999999762
51599  33.615  -43.692  11.738 0.8999999762
51608  34.608  -43.662  11.213 0.8999999762
52732  36.189  -43.148  10.631 0.8999999762
51499  42.650  -42.732  20.157 0.5000000000
51488  42.272  -42.916  20.972 0.5000000000
51489  41.636  -43.133  21.477 0.5000000000
50379  43.108  -44.235  21.685 0.6000000238
50380  42.426  -43.608  21.608 0.5000000000
50381  41.644  -43.843  22.033 0.5000000000
146748  43.570  -44.844  21.669 0.6000000238
49462  30.670  -44.901  14.339 0.6000000238
50471  31.889  -44.656  13.443 0.8999999762
50470  32.523  -44.578  12.762 0.8999999762
51600  32.972  -44.181  12.272 0.8999999762
52725  33.907  -42.816  11.659 0.8999999762
53813  35.270  -42.269  10.922 0.8999999762
53735  41.484  -41.441  19.512 0.5000000000
53712  40.891  -41.314  20.051 0.5000000000
52673  41.847  -41.777  19.081 0.5000000000
52620  41.540  -42.612  20.941 0.5000000000
52635  40.973  -42.153  20.506 0.5000000000
52672  42.126  -42.114  18.465 0.5000000000
52634  41.773  -42.405  20.286 0.5000000000
136475  31.839  -43.240  13.526 0.8999999762
50472  31.135  -44.434  13.979 0.6999999881
51588  32.286  -43.803  13.081 0.8999999762
52726  33.011  -42.703  12.382 0.8999999762
53806  33.467  -41.849  12.242 0.8999999762
53805  34.400  -41.495  11.623 0.8999999762
54745  41.422  -40.810  19.671 0.5000000000
54725  40.321  -40.740  20.544 0.5000000000
54757  41.862  -41.198  19.072 0.5000000000
53749  42.014  -41.650  18.309 0.5000000000
53798  32.450  -41.954  13.052 0.8999999762
54818  33.745  -40.989  12.398 0.8999999762
54724  41.035  -40.339  20.328 0.5000000000
55786  42.464  -39.586  19.760 0.5000000000
55765  42.035  -39.128  20.330 0.5000000000
55801  42.885  -40.084  19.090 0.5000000000
140422  42.564  -38.810  19.945 0.4000000060
53772  30.684  -41.634  16.425 0.6000000238
127756  29.817  -41.704  16.816 0.6000000238
53771  31.450  -41.487  15.906 0.8000000119
149088  31.123  -41.036  16.504 0.6999999881
129118  30.268  -39.799  17.107 0.6999999881
54780  29.506  -40.190  17.324 0.6999999881
55810  28.802  -39.556  17.189 0.6999999881
55837  31.999  -39.985  16.330 0.8000000119
54789  32.406  -40.558  15.325 0.8000000119
55821  31.038  -39.174  16.870 0.6999999881
55823  29.046  -38.868  16.830 0.6999999881
56841  30.333  -38.162  16.804 0.6999999881
56842  29.372  -38.144  16.613 0.6999999881
56858  32.740  -38.738  15.912 0.8000000119
56839  32.127  -38.143  16.384 0.8000000119
55835  33.252  -39.261  15.204 0.8000000119
57828  30.664  -37.451  16.470 0.6999999881
57827  31.540  -37.474  16.467 0.6999999881
58747  31.921  -36.850  16.209 0.8000000119
57842  33.540  -37.446  15.740 0.8000000119
58748  31.007  -36.779  16.115 0.6999999881
58765  31.444  -36.203  15.656 0.8000000119
141645  30.266  -35.392  14.685 0.6000000238
58763  33.400  -36.430  15.611 0.8000000119
58764  32.383  -36.309  15.799 0.8000000119
59713  30.855  -35.007  14.368 0.6000000238
60641  30.205  -34.632  14.137 0.6000000238
59712  31.640  -35.037  14.516 0.8000000119
133790  31.240  -34.409  13.956 0.6000000238
129569  30.588  -34.013  13.858 0.6000000238
59691  32.774  -35.787  15.399 0.8000000119
61574  29.784  -33.770  14.028 0.6000000238
132050  31.355  -32.856  14.072 0.6000000238
63533  31.169  -31.315  14.677 0.6999999881
143428  30.512  -32.144  14.300 0.6000000238
136293  30.480  -33.220  14.037 0.6000000238
64499  30.620  -30.483  14.729 0.6000000238
62555  32.232  -32.540  14.168 0.6999999881
36370  39.573  -58.814  15.192 0.4000000060
37300  39.665  -57.257  15.321 0.5000000000
137533  39.578  -56.012  15.733 0.5000000000
40329  41.064  -54.776  13.957 0.5000000000
129699  34.733  -44.454  11.218 0.8999999762
55785  43.147  -39.018  19.344 0.3000000119
55836  32.635  -39.634  15.685 0.8000000119
39385  41.973  -55.340  12.727 0.5000000000
38357  40.969  -56.793  13.734 0.5000000000
48507  31.976  -46.508  13.684 0.8000000119
51487  43.195  -43.481  20.911 0.5000000000
55820  32.025  -38.991  16.383 0.8000000119
129984  32.831  -37.855  16.107 0.8000000119
57844  30.142  -36.807  15.948 0.6999999881
59693  31.071  -35.517  15.028 0.6999999881
45158  45.351  -49.581  20.832 0.4000000060
139554  45.758  -48.946  20.286 0.4000000060
46209  45.212  -48.312  21.274 0.4000000060
137709  45.403  -48.828  20.912 0.4000000060
48422  45.213  -47.115  21.056 0.5000000000
46225  45.972  -48.244  20.044 0.4000000060
46224  46.347  -48.471  19.374 0.4000000060
49384  44.393  -45.926  21.507 0.5000000000
49385  43.733  -45.515  21.897 0.5000000000
137223  45.415  -46.708  20.519 0.5000000000
48442  45.785  -46.659  19.769 0.4000000060
47352  45.366  -47.757  21.006 0.4000000060
47372  46.493  -47.761  18.837 0.4000000060
48441  46.261  -46.960  18.977 0.4000000060
46216  45.589  -48.261  20.662 0.4000000060
128325  46.768  -47.897  18.200 0.4000000060
131621  43.784  -44.367  21.137 0.5000000000
48430  44.997  -46.336  21.019 0.5000000000
48455  46.329  -46.373  18.325 0.4000000060
47387  46.606  -47.176  18.191 0.4000000060
49449  47.399  -45.475  14.909 0.4000000060
48486  47.178  -46.001  15.961 0.4000000060
47402  47.048  -47.585  17.468 0.4000000060
48485  47.533  -46.238  15.292 0.4000000060
48474  47.341  -46.660  16.011 0.4000000060
50388  44.417  -44.761  20.631 0.5000000000
49401  44.970  -45.229  20.095 0.5000000000
129312  45.542  -45.675  19.448 0.4000000060
53817  44.891  -42.045  9.688 0.3000000119
48456  46.018  -46.255  19.040 0.4000000060
52737  45.105  -42.698  9.965 0.3000000119
128558  46.498  -45.674  16.993 0.4000000060
51613  46.007  -43.059  10.258 0.3000000119
51604  45.792  -43.208  11.158 0.3000000119
51581  46.818  -43.665  12.796 0.3000000119
127159  46.782  -43.947  13.730 0.3000000119
127885  46.905  -44.800  15.034 0.4000000060
49450  47.084  -45.454  15.575 0.4000000060
48475  46.939  -46.224  16.550 0.4000000060
50476  47.526  -44.139  12.285 0.3000000119
50468  47.495  -44.443  13.224 0.3000000119
49459  47.399  -44.876  14.214 0.4000000060
50402  44.179  -43.757  19.403 0.4000000060
50401  44.632  -44.480  19.835 0.4000000060
125296  45.717  -45.161  18.034 0.4000000060
50400  45.125  -44.942  19.441 0.4000000060
53818  44.418  -41.850  10.151 0.3000000119
125330  43.730  -42.987  11.705 0.3000000119
52738  44.419  -42.605  10.375 0.3000000119
51605  44.543  -43.255  11.498 0.3000000119
51595  44.641  -43.308  12.473 0.3000000119
50462  45.975  -43.603  14.133 0.4000000060
135957  46.757  -45.506  16.260 0.4000000060
51594  45.808  -43.309  12.183 0.3000000119
51582  45.865  -43.409  13.188 0.3000000119
150521  46.683  -44.232  14.468 0.3000000119
50389  44.002  -43.970  20.342 0.4000000060
53792  43.771  -42.159  13.555 0.3000000119
52710  43.578  -42.563  14.502 0.3000000119
51562  44.408  -43.121  15.781 0.4000000060
51563  43.758  -42.510  15.764 0.4000000060
51551  44.477  -43.312  16.717 0.4000000060
50417  44.895  -44.097  18.021 0.4000000060
134790  44.048  -42.150  11.595 0.3000000119
52716  43.648  -42.750  13.596 0.3000000119
51585  43.778  -43.039  14.207 0.3000000119
51573  44.371  -43.201  14.837 0.4000000060
51550  45.335  -43.771  16.322 0.4000000060
51539  45.087  -43.920  17.205 0.4000000060
52715  43.828  -43.040  12.627 0.3000000119
133283  44.258  -43.251  14.084 0.3000000119
51572  45.163  -43.408  14.546 0.4000000060
131392  45.926  -44.008  15.814 0.4000000060
129877  45.767  -44.416  16.912 0.4000000060
51606  43.881  -43.246  11.926 0.3000000119
51583  44.746  -43.306  13.513 0.3000000119
49439  46.328  -44.934  16.625 0.4000000060
54766  42.412  -41.412  17.775 0.4000000060
53759  42.693  -41.752  17.061 0.4000000060
52653  42.759  -42.605  19.136 0.4000000060
130509  43.451  -43.225  19.844 0.4000000060
151686  43.508  -41.680  16.156 0.3000000119
52694  42.694  -42.035  16.938 0.4000000060
51541  43.559  -42.997  17.859 0.4000000060
51512  43.495  -43.127  18.808 0.4000000060
52703  43.595  -42.321  15.264 0.4000000060
52693  43.293  -42.268  16.480 0.4000000060
51540  44.364  -43.452  17.565 0.4000000060
51527  44.279  -43.596  18.456 0.4000000060
57845  29.372  -36.823  15.803 0.6000000238
57830  28.802  -37.421  16.072 0.6000000238
59694  29.645  -35.851  14.991 0.5000000000
135275  29.733  -36.368  15.476 0.5000000000
59714  29.483  -35.203  14.457 0.5000000000
60642  29.211  -34.403  14.157 0.5000000000
137387  29.442  -32.693  14.122 0.5000000000
139045  30.096  -31.179  14.587 0.5000000000
146433  30.100  -29.788  14.463 0.4000000060
73233  32.887  -21.400  13.557 0.3000000119
74108  32.887  -20.084  12.464 0.3000000119
127502  32.364  -20.703  12.237 0.3000000119
74085  33.779  -20.189  14.794 0.3000000119
74100  33.350  -20.871  14.096 0.3000000119
74980  33.425  -19.973  13.501 0.3000000119
74113  32.356  -20.033  11.834 0.3000000119
127238  31.650  -20.557  11.741 0.3000000119
129995  31.909  -19.844  11.480 0.3000000119
132922  34.249  -18.691  15.114 0.3000000119
74979  33.807  -19.310  14.437 0.3000000119
75927  33.463  -18.962  13.345 0.3000000119
74988  33.131  -19.518  12.694 0.3000000119
75945  32.625  -18.666  11.878 0.3000000119
149053  32.305  -19.652  11.634 0.3000000119
75003  31.370  -19.471  11.422 0.3000000119
74989  30.770  -19.260  12.308 0.3000000119
75926  33.865  -18.555  14.275 0.3000000119
76896  33.631  -17.948  13.627 0.3000000119
75938  33.059  -18.305  12.619 0.3000000119
76915  32.691  -17.819  11.917 0.3000000119
74995  32.102  -19.164  11.411 0.3000000119
74996  30.890  -19.107  11.666 0.3000000119
76884  34.728  -17.165  15.339 0.3000000119
76885  34.310  -17.007  14.508 0.3000000119
76895  33.672  -16.995  13.555 0.3000000119
76908  33.147  -17.483  12.661 0.3000000119
125239  32.805  -17.040  11.961 0.3000000119
75946  32.117  -18.195  11.446 0.3000000119
149924  31.861  -17.026  11.336 0.3000000119
77853  34.646  -16.470  15.018 0.3000000119
77865  34.273  -16.135  14.161 0.3000000119
145879  33.249  -16.815  12.566 0.3000000119
77892  32.095  -16.491  11.257 0.3000000119
78790  33.921  -15.519  13.500 0.3000000119
78791  33.538  -15.595  12.614 0.3000000119
78798  33.231  -15.727  11.890 0.3000000119
79763  33.925  -14.743  13.322 0.3000000119
80712  34.188  -13.697  13.470 0.3000000119
133179  47.372  -47.741  16.710 0.4000000060
44108  45.031  -50.454  21.030 0.4000000060
45166  46.157  -49.283  19.622 0.4000000060
46249  47.354  -48.426  17.092 0.4000000060
45178  46.546  -49.170  18.904 0.4000000060
147096  47.927  -46.966  14.689 0.4000000060
137831  47.650  -47.147  15.429 0.4000000060
141041  47.470  -47.437  16.083 0.4000000060
52745  46.254  -42.482  9.627 0.3000000119
51621  46.731  -43.078  9.796 0.3000000119
51603  46.884  -43.465  10.762 0.3000000119
50475  47.984  -44.577  11.779 0.3000000119
49473  48.056  -44.868  12.540 0.3000000119
48504  47.905  -45.996  14.307 0.3000000119
52746  45.492  -42.422  9.669 0.3000000119
144438  44.357  -41.543  10.685 0.3000000119
54813  44.493  -41.412  12.562 0.3000000119
55871  44.753  -40.535  10.586 0.3000000119
54755  43.063  -40.529  18.236 0.4000000060
54765  43.200  -40.924  17.380 0.4000000060
54777  43.516  -41.288  16.597 0.4000000060
53776  43.946  -41.529  15.336 0.3000000119
53783  44.085  -41.436  14.722 0.3000000119
56843  28.465  -38.232  16.429 0.6000000238
77852  35.052  -16.412  15.752 0.3000000119
78762  34.853  -15.650  15.174 0.3000000119
78775  34.493  -15.096  14.365 0.3000000119
79744  34.987  -14.503  14.951 0.3000000119
54836  45.239  -40.178  9.666 0.3000000119
45159  44.720  -49.755  21.577 0.4000000060
48423  44.589  -46.843  21.705 0.5000000000
49415  46.249  -45.736  17.775 0.4000000060
53810  44.066  -42.538  10.878 0.3000000119
52671  42.714  -42.512  18.094 0.4000000060
75912  34.236  -17.835  14.722 0.3000000119
75955  31.452  -18.649  11.381 0.3000000119
132423  32.735  -16.059  11.490 0.3000000119
79745  34.491  -14.149  14.286 0.3000000119
135057  44.615  -51.257  21.130 0.3000000119
44107  45.529  -50.318  20.282 0.3000000119
42271  36.319  -52.793  11.036 0.6000000238
42272  35.709  -52.407  11.181 0.6999999881
42256  35.911  -52.794  11.667 0.6999999881
44115  46.361  -49.810  19.093 0.3000000119
36283  37.841  -58.698  22.971 0.3000000119
37220  39.277  -57.337  23.653 0.3000000119
43156  34.585  -51.250  13.386 0.6999999881
42173  43.888  -52.695  21.200 0.3000000119
43162  35.061  -51.877  12.727 0.6999999881
42257  35.693  -52.628  12.687 0.6999999881
43102  45.433  -51.891  19.709 0.3000000119
43096  45.692  -50.911  19.625 0.3000000119
42262  35.295  -52.270  11.604 0.6999999881
142773  45.922  -51.464  18.991 0.3000000119
44150  47.032  -50.850  17.231 0.3000000119
44142  46.628  -50.692  18.051 0.3000000119
44126  46.232  -50.585  18.878 0.3000000119
137984  47.614  -49.915  16.169 0.3000000119
45195  47.514  -49.186  16.628 0.3000000119
44141  46.909  -50.141  17.622 0.3000000119
38239  39.645  -56.597  23.578 0.3000000119
40243  42.218  -54.416  22.067 0.4000000060
44185  33.590  -50.124  13.332 0.6999999881
41229  43.879  -53.311  20.841 0.3000000119
147294  42.961  -53.523  21.563 0.3000000119
44184  33.956  -50.800  12.720 0.6999999881
43163  34.398  -51.315  12.285 0.6999999881
42184  44.936  -52.706  20.004 0.3000000119
42192  46.234  -52.041  18.401 0.3000000119
43118  46.661  -51.479  17.815 0.3000000119
45189  46.637  -49.829  18.331 0.3000000119
44175  48.136  -50.685  15.027 0.3000000119
39261  40.769  -55.776  23.327 0.4000000060
45228  33.307  -49.229  14.116 0.6999999881
130819  43.820  -54.075  20.525 0.3000000119
41217  43.345  -53.805  21.121 0.3000000119
41243  45.395  -52.802  19.230 0.3000000119
41228  44.445  -53.494  20.163 0.3000000119
44196  33.507  -50.294  12.233 0.6999999881
41253  46.251  -52.911  18.199 0.3000000119
43170  34.130  -50.909  11.782 0.6999999881
46258  47.583  -48.318  16.152 0.3000000119
45222  48.125  -49.156  14.899 0.3000000119
46270  47.902  -48.435  15.287 0.3000000119
45239  32.938  -48.931  13.052 0.6999999881
133937  44.706  -53.946  19.463 0.3000000119
46305  33.030  -48.509  12.387 0.6999999881
41261  46.083  -53.811  18.075 0.3000000119
41254  45.694  -53.282  18.629 0.3000000119
45247  33.310  -49.499  12.019 0.6999999881
46284  48.162  -48.424  14.509 0.3000000119
40282  45.052  -54.318  18.899 0.3000000119
47454  33.403  -47.797  11.912 0.6999999881
47435  47.937  -47.752  14.938 0.3000000119
54764  44.079  -40.348  17.026 0.3000000119
42269  38.284  -52.407  11.031 0.5000000000
41319  37.142  -53.691  12.891 0.6999999881
145046  36.929  -53.158  11.175 0.6000000238
40351  37.850  -54.097  12.887 0.6000000238
42270  37.111  -52.771  10.898 0.6000000238
43143  34.685  -51.271  14.746 0.6999999881
44177  34.250  -50.595  14.020 0.6999999881
38238  40.443  -56.508  23.612 0.3000000119
44178  33.854  -49.949  14.670 0.6999999881
138063  41.607  -55.769  22.997 0.4000000060
46290  32.622  -48.316  14.374 0.6999999881
39288  42.582  -55.538  22.010 0.4000000060
149000  42.310  -54.998  21.973 0.4000000060
47448  32.277  -47.312  13.499 0.6999999881
40260  43.869  -54.852  20.309 0.3000000119
39298  44.119  -55.527  20.096 0.3000000119
39297  44.520  -55.533  19.414 0.3000000119
43097  45.220  -51.141  20.402 0.3000000119
46298  32.581  -48.092  13.321 0.6999999881
41330  36.626  -53.148  11.794 0.6000000238
39310  44.936  -55.108  18.781 0.3000000119
39287  43.109  -55.504  21.318 0.3000000119
41325  42.687  -52.837  10.836 0.5000000000
140188  41.479  -51.791  10.054 0.5000000000
133045  41.857  -52.604  9.834 0.5000000000
42260  42.543  -51.992  11.056 0.4000000060
35477  37.863  -59.700  13.502 0.4000000060
131812  37.180  -60.432  13.745 0.5000000000
43174  41.937  -51.064  10.213 0.4000000060
43167  42.375  -51.589  10.231 0.5000000000
143160  40.652  -51.923  10.463 0.5000000000
32474  35.559  -62.317  12.662 0.4000000060
31431  35.102  -62.659  11.673 0.4000000060
128794  39.362  -52.648  11.382 0.4000000060
33562  34.865  -61.805  12.139 0.4000000060
140878  35.114  -63.263  10.740 0.4000000060
33551  35.627  -61.563  13.222 0.4000000060
35478  37.230  -59.638  13.995 0.5000000000
35479  36.472  -59.947  14.156 0.4000000060
36398  38.046  -57.904  13.878 0.5000000000
39378  38.119  -55.621  13.680 0.4000000060
41337  37.648  -53.095  11.359 0.5000000000
40340  38.311  -54.938  13.234 0.4000000060
41328  38.192  -53.614  12.309 0.4000000060
32495  34.563  -62.532  10.652 0.4000000060
34492  32.786  -60.943  11.095 0.4000000060
34466  35.199  -60.738  13.454 0.4000000060
36423  32.958  -59.018  11.565 0.4000000060
35465  36.842  -59.130  14.405 0.5000000000
35466  35.880  -59.407  14.437 0.4000000060
36413  33.204  -58.674  12.123 0.4000000060
36382  37.249  -58.229  14.498 0.5000000000
147613  32.570  -56.195  14.439 0.4000000060
38360  32.535  -56.734  13.784 0.4000000060
37309  37.514  -57.205  14.422 0.5000000000
38342  37.237  -56.365  14.606 0.5000000000
39368  32.328  -55.623  14.686 0.4000000060
39369  31.572  -55.379  14.313 0.4000000060
38359  37.896  -56.367  14.058 0.5000000000
39365  37.411  -55.606  14.296 0.6000000238
40341  37.606  -54.701  13.650 0.6000000238
34500  33.434  -61.267  10.739 0.4000000060
35506  33.293  -59.646  11.269 0.4000000060
33563  34.437  -61.080  11.361 0.4000000060
35493  33.536  -59.357  11.667 0.4000000060
36383  36.204  -58.482  14.825 0.5000000000
36384  35.102  -58.935  14.540 0.4000000060
36412  33.763  -59.166  12.508 0.4000000060
37310  36.722  -57.610  14.955 0.5000000000
36386  33.598  -57.772  14.320 0.4000000060
37326  32.967  -57.531  13.473 0.4000000060
138522  36.870  -56.899  14.958 0.5000000000
39366  36.634  -55.375  14.837 0.5000000000
40333  32.044  -54.972  15.036 0.4000000060
40330  37.052  -54.850  14.301 0.6000000238
40342  36.925  -54.066  13.822 0.6000000238
35505  33.852  -59.943  11.276 0.4000000060
35467  34.940  -59.625  13.997 0.4000000060
145193  34.104  -60.133  11.341 0.4000000060
35492  34.085  -59.820  11.909 0.4000000060
36385  34.268  -58.410  14.408 0.4000000060
37301  36.218  -57.042  15.316 0.5000000000
38344  33.761  -57.065  14.916 0.4000000060
38345  33.108  -56.579  14.675 0.4000000060
38343  36.530  -56.233  15.114 0.5000000000
39351  32.834  -55.252  15.429 0.4000000060
41320  36.394  -53.272  12.916 0.6000000238
41309  36.393  -53.634  14.220 0.6000000238
40331  36.520  -54.476  14.631 0.6000000238
32496  34.203  -61.936  10.651 0.4000000060
34476  34.325  -60.435  11.698 0.4000000060
35468  34.237  -59.065  13.638 0.4000000060
36399  33.504  -58.382  13.242 0.4000000060
37311  36.001  -57.731  15.216 0.5000000000
145537  35.234  -58.140  15.033 0.5000000000
37312  34.435  -57.638  15.039 0.5000000000
38329  34.621  -56.777  15.461 0.5000000000
38330  33.806  -56.311  15.367 0.5000000000
39347  36.064  -55.678  15.366 0.5000000000
38328  35.602  -56.359  15.546 0.5000000000
39349  34.702  -55.824  15.828 0.5000000000
40315  35.903  -54.874  15.323 0.6000000238
40318  33.484  -54.745  15.993 0.5000000000
40319  32.612  -54.544  15.694 0.4000000060
41321  36.036  -53.008  13.765 0.6000000238
41310  35.936  -53.193  14.823 0.6000000238
40316  35.274  -54.023  15.758 0.6000000238
129816  35.191  -55.046  15.824 0.5000000000
39350  33.688  -55.539  15.740 0.5000000000
40332  36.066  -54.025  15.029 0.6000000238
41296  34.648  -53.363  16.096 0.6000000238
40317  34.419  -54.915  16.073 0.5000000000
42238  35.187  -51.936  14.926 0.6000000238
42249  35.548  -52.396  14.122 0.6000000238
45199  32.428  -49.505  16.285 0.5000000000
45198  33.067  -49.715  16.167 0.6000000238
141256  32.752  -50.833  16.554 0.5000000000
44166  33.687  -50.250  15.721 0.6000000238
140025  33.409  -50.958  16.324 0.6000000238
43131  32.698  -51.558  16.595 0.5000000000
42226  32.748  -52.432  16.492 0.5000000000
42239  35.253  -52.716  15.472 0.6000000238
41280  33.900  -53.321  16.369 0.5000000000
41281  32.988  -53.228  16.375 0.5000000000
41282  31.962  -53.099  16.190 0.5000000000
46273  32.336  -48.442  15.592 0.5000000000
46274  31.458  -48.309  15.987 0.5000000000
45212  33.374  -49.422  15.413 0.6000000238
43129  34.233  -51.972  16.189 0.6000000238
42225  33.683  -52.566  16.412 0.5000000000
44165  34.243  -50.571  15.030 0.6000000238
43144  34.193  -51.180  15.790 0.6000000238
41334  40.571  -53.562  11.050 0.4000000060
41336  38.712  -53.105  11.852 0.4000000060
42268  39.729  -51.769  10.790 0.4000000060
139377  34.755  -51.917  15.643 0.6000000238
42266  42.635  -52.192  10.216 0.5000000000
41343  41.464  -53.533  10.171 0.5000000000
42277  42.445  -52.056  9.921 0.5000000000
42267  41.012  -52.642  10.378 0.5000000000
133637  37.768  -58.888  13.867 0.5000000000
34475  34.740  -61.037  12.483 0.4000000060
37338  32.760  -58.023  12.645 0.4000000060
38346  31.943  -56.073  13.989 0.4000000060
34467  34.539  -60.344  12.745 0.4000000060
34490  34.103  -60.555  11.055 0.4000000060
41279  34.478  -52.628  16.139 0.6000000238
142265  32.744  -59.448  11.429 0.3000000119
37327  32.290  -57.276  12.936 0.3000000119
36414  32.506  -58.481  12.072 0.3000000119
38373  31.687  -57.220  12.678 0.3000000119
38361  31.660  -56.584  13.154 0.3000000119
38374  31.079  -56.950  12.713 0.3000000119
30372  38.671  -64.122  18.468 0.5000000000
31384  38.527  -63.439  17.992 0.5000000000
32418  37.853  -61.937  19.795 0.5000000000
33454  37.697  -61.358  20.380 0.4000000060
33470  37.951  -61.511  19.075 0.5000000000
33525  38.679  -61.700  16.002 0.6000000238
33550  36.800  -61.390  13.556 0.5000000000
33573  34.516  -61.819  11.051 0.4000000060
33574  34.185  -61.295  10.814 0.4000000060
33583  33.303  -61.968  10.670 0.4000000060
34421  38.187  -60.577  17.934 0.5000000000
34445  38.609  -60.431  16.259 0.5000000000
34456  35.590  -60.140  14.018 0.4000000060
34465  36.133  -60.781  13.871 0.4000000060
34491  33.550  -60.410  10.937 0.4000000060
34499  33.965  -61.004  10.767 0.4000000060
34501  32.858  -61.799  11.015 0.4000000060
35386  37.501  -59.548  22.595 0.3000000119
35416  37.611  -60.020  19.688 0.5000000000
35425  37.821  -59.211  18.500 0.6000000238
35435  38.384  -59.551  17.136 0.6999999881
35445  39.086  -59.163  15.745 0.5000000000
35480  34.871  -60.147  13.542 0.4000000060
35481  34.311  -59.728  13.084 0.4000000060
36299  38.144  -57.868  22.713 0.4000000060
36323  37.488  -58.194  20.389 0.5000000000
36344  37.699  -58.614  18.812 0.6000000238
37236  37.847  -57.471  22.063 0.4000000060
37287  39.136  -57.532  16.071 0.6000000238
37302  35.381  -57.304  15.395 0.5000000000
37308  39.995  -57.968  14.719 0.5000000000
37339  32.057  -57.803  12.406 0.3000000119
37340  31.311  -57.690  12.591 0.3000000119
38240  38.965  -56.719  23.253 0.5000000000
38253  39.178  -55.996  23.229 0.5000000000
38290  37.883  -57.031  18.907 0.6999999881
38326  40.184  -56.187  14.817 0.5000000000
38327  39.814  -56.468  15.260 0.5000000000
38341  40.619  -56.174  14.309 0.5000000000
39273  41.945  -55.143  22.458 0.4000000060
39274  41.124  -55.083  22.934 0.5000000000
39276  39.433  -55.212  23.083 0.5000000000
39289  37.962  -55.362  21.927 0.5000000000
39290  37.602  -55.298  21.113 0.6000000238
39293  43.598  -55.499  20.658 0.3000000119
39294  37.484  -55.284  20.224 0.6000000238
39311  38.150  -55.670  18.408 0.6000000238
39348  35.512  -55.555  15.650 0.5000000000
39367  33.033  -55.930  15.087 0.4000000060
39376  41.381  -55.402  13.530 0.5000000000
39384  42.588  -55.287  11.790 0.5000000000
40254  43.282  -54.686  20.971 0.3000000119
40255  42.802  -54.162  21.519 0.3000000119
40267  44.301  -54.346  19.950 0.3000000119
40268  44.287  -54.989  19.827 0.3000000119
40281  45.558  -54.661  18.272 0.3000000119
40314  39.696  -54.308  15.561 0.6999999881
40320  31.852  -54.374  15.397 0.4000000060
41205  42.454  -53.603  21.941 0.5000000000
41208  40.134  -53.716  22.685 0.4000000060
41220  37.783  -53.826  21.259 0.6000000238
41231  37.568  -53.760  20.438 0.6000000238
41244  44.925  -53.313  19.572 0.3000000119
41245  37.508  -53.661  19.589 0.6000000238
41278  38.833  -53.625  16.624 0.8000000119
41297  33.260  -53.970  16.179 0.5000000000
41298  32.305  -53.855  15.939 0.4000000060
41329  37.383  -53.389  12.108 0.6000000238
41333  42.710  -52.921  9.962 0.5000000000
42156  43.485  -52.278  21.812 0.4000000060
42172  44.383  -52.706  20.671 0.3000000119
42174  37.915  -52.303  20.921 0.6999999881
42193  45.765  -52.165  19.001 0.3000000119
42207  46.735  -52.363  17.586 0.3000000119
42235  41.239  -51.860  14.467 0.6999999881
42261  42.481  -52.752  12.006 0.5000000000
42278  42.103  -51.882  9.789 0.5000000000
43062  41.124  -51.271  22.909 0.4000000060
43064  39.480  -51.730  22.441 0.6000000238
43082  38.899  -51.587  22.053 0.5000000000
43103  44.814  -51.958  20.527 0.3000000119
43104  38.260  -50.979  19.633 0.6999999881
43106  46.328  -51.249  18.423 0.3000000119
43127  47.006  -51.666  17.168 0.3000000119
43130  33.557  -51.759  16.411 0.5000000000
43141  40.774  -51.223  15.485 0.8000000119
43154  41.575  -51.182  13.929 0.6000000238
43155  35.080  -51.717  14.062 0.6000000238
43161  41.702  -50.829  12.979 0.6999999881
43168  42.118  -51.179  11.148 0.5000000000
43181  34.698  -51.230  11.439 0.8000000119
43185  42.185  -51.499  9.937 0.4000000060
43186  41.305  -50.798  10.323 0.6000000238
43187  40.836  -51.154  10.278 0.5000000000
44109  38.799  -49.999  21.083 0.6999999881
44116  45.993  -50.108  19.621 0.4000000060
44128  38.744  -50.576  18.779 0.6999999881
44152  39.898  -50.850  16.843 0.8000000119
44153  33.120  -50.359  16.316 0.5000000000
44154  32.372  -50.232  16.478 0.5000000000
44176  41.517  -50.502  13.643 0.6000000238
44189  41.092  -50.258  11.693 0.6000000238
44192  38.549  -50.613  11.933 0.8000000119
44195  35.309  -50.783  11.365 0.8000000119
44202  40.116  -50.372  10.915 0.5000000000
44205  36.750  -51.883  11.073 0.6999999881
45134  43.012  -49.264  22.900 0.5000000000
45148  45.008  -48.999  21.464 0.4000000060
45167  45.765  -49.658  20.128 0.4000000060
45188  47.097  -49.306  17.557 0.3000000119
45208  47.816  -49.147  15.731 0.3000000119
45211  40.274  -49.460  16.071 0.8000000119
45213  32.810  -49.034  15.984 0.5000000000
45225  39.991  -49.195  14.663 0.8999999762
45226  36.866  -49.251  13.969 0.8999999762
45227  36.028  -49.266  13.757 1.0000000000
45229  32.973  -48.795  15.181 0.6000000238
45232  40.719  -49.672  13.283 0.8999999762
45234  38.463  -49.479  13.307 0.8999999762
45238  33.254  -49.670  12.813 0.6999999881
45251  34.803  -50.138  11.315 0.8000000119
45252  34.361  -49.913  11.293 0.8000000119
45253  33.996  -49.427  11.278 0.8000000119
46192  44.100  -48.396  22.472 0.5000000000
46194  42.492  -48.658  23.134 0.6000000238
46195  41.676  -48.737  23.233 0.6000000238
46236  46.663  -48.480  18.586 0.4000000060
46237  39.369  -48.795  18.771 0.8000000119
46250  46.975  -48.463  17.877 0.4000000060
46261  31.984  -48.972  16.208 0.5000000000
46271  39.611  -48.921  16.122 0.8000000119
46297  35.196  -48.533  12.281 0.8000000119
47339  40.969  -47.246  22.680 0.6999999881
47353  44.944  -47.661  21.540 0.5000000000
47360  45.668  -47.472  20.391 0.4000000060
47361  39.380  -47.696  21.420 0.6999999881
47373  46.145  -47.588  19.596 0.4000000060
47375  37.813  -47.427  19.207 0.8000000119
47403  37.809  -47.547  17.617 0.8000000119
47412  47.197  -46.992  16.709 0.4000000060
47414  38.323  -47.836  16.179 0.8000000119
47420  47.697  -47.820  15.563 0.4000000060
47421  38.076  -47.763  15.499 0.8999999762
47422  37.389  -47.440  15.599 0.8999999762
47437  35.966  -48.108  14.976 0.8999999762
47438  35.119  -47.765  14.564 1.0000000000
47440  32.169  -47.571  14.252 0.6999999881
47453  34.857  -47.472  11.631 0.8000000119
48407  44.049  -47.010  22.331 0.6000000238
48409  42.629  -46.482  22.742 0.6999999881
48410  41.858  -46.237  22.787 0.6999999881
48432  36.834  -46.218  19.986 0.8000000119
48443  36.985  -46.967  18.809 0.8000000119
48467  46.687  -46.530  17.415 0.4000000060
48498  34.526  -46.626  13.996 1.0000000000
48519  35.038  -46.174  11.570 0.8999999762
48520  34.675  -46.818  11.531 1.0000000000
49375  40.369  -45.736  22.459 0.6999999881
49376  39.624  -45.817  22.257 0.6999999881
49391  45.290  -46.006  20.309 0.5000000000
49392  44.735  -45.549  20.837 0.5000000000
49416  45.934  -45.691  18.569 0.4000000060
49417  36.076  -45.466  18.861 0.8000000119
49431  46.052  -45.074  17.320 0.4000000060
49440  36.113  -45.747  16.946 0.6999999881
49451  34.820  -45.896  15.995 0.8999999762
49467  47.995  -45.356  13.427 0.3000000119
49481  34.697  -45.941  11.415 1.0000000000
50367  42.986  -45.056  22.187 0.6000000238
50368  42.358  -44.372  22.137 0.5000000000
50370  40.612  -44.865  22.386 0.6999999881
50378  44.159  -45.125  21.327 0.5000000000
50385  36.860  -44.292  21.208 0.6999999881
50416  45.453  -45.055  18.802 0.4000000060
50419  35.354  -44.011  18.541 0.6999999881
50433  45.473  -44.563  17.626 0.4000000060
50444  46.038  -44.333  16.325 0.4000000060
50445  35.074  -44.689  16.942 0.8000000119
50455  46.518  -44.693  15.839 0.4000000060
50456  46.141  -43.967  15.070 0.4000000060
50464  30.539  -44.301  14.435 0.6000000238
50477  35.472  -44.607  11.395 1.0000000000
50479  33.818  -44.712  11.543 0.8999999762
50483  47.508  -44.100  11.296 0.3000000119
51491  39.200  -43.844  21.884 0.6000000238
51552  43.680  -42.878  17.007 0.4000000060
51553  33.928  -43.657  16.426 1.0000000000
51561  45.267  -43.553  15.418 0.4000000060
51574  43.823  -42.824  15.003 0.3000000119
51584  43.932  -43.112  13.427 0.3000000119
51587  35.431  -43.737  12.628 1.0000000000
51589  31.532  -43.871  13.676 0.8999999762
51590  30.975  -43.917  14.100 0.6000000238
51593  46.813  -43.532  11.787 0.3000000119
51596  44.052  -43.206  12.732 0.3000000119
51612  47.198  -43.541  10.073 0.3000000119
51614  44.776  -43.027  10.636 0.3000000119
52624  38.495  -42.522  21.427 0.6000000238
52636  40.391  -42.229  20.887 0.6000000238
52637  39.738  -41.955  20.881 0.6000000238
52638  35.797  -42.649  20.543 0.6999999881
52654  42.042  -42.228  19.439 0.5000000000
52655  41.388  -41.947  19.719 0.5000000000
52675  34.563  -42.721  17.985 0.8000000119
52682  42.887  -42.395  17.257 0.4000000060
52719  32.318  -42.875  13.042 0.8999999762
52723  36.960  -43.203  10.851 1.0000000000
52729  43.982  -43.073  11.106 0.3000000119
52730  37.040  -42.944  10.648 1.0000000000
52733  34.996  -43.044  11.083 0.8999999762
52736  45.849  -42.704  9.855 0.3000000119
52739  37.071  -42.536  10.551 1.0000000000
53697  39.076  -41.658  21.130 0.6000000238
53700  36.722  -41.933  21.318 0.6999999881
53714  35.985  -41.360  21.002 0.8000000119
53760  34.127  -41.478  17.273 0.8000000119
53769  43.152  -41.927  16.399 0.3000000119
53770  33.644  -42.155  15.912 1.0000000000
53778  33.854  -42.094  14.895 1.0000000000
53779  31.685  -41.772  14.997 0.8999999762
53784  43.601  -42.092  14.198 0.3000000119
53785  35.418  -41.625  13.588 1.0000000000
53791  44.151  -41.461  13.958 0.3000000119
53801  43.895  -42.484  12.694 0.3000000119
53802  37.341  -41.612  10.833 1.0000000000
53803  37.293  -42.252  10.984 1.0000000000
53814  34.314  -42.235  11.498 0.8999999762
53819  37.197  -41.812  10.671 1.0000000000
53826  46.805  -41.874  9.581 0.3000000119
53827  45.797  -41.894  9.508 0.3000000119
53828  44.804  -41.076  9.775 0.3000000119
54708  38.243  -40.214  21.461 0.6000000238
54744  42.125  -40.452  19.410 0.5000000000
54756  42.272  -40.937  18.573 0.5000000000
54778  34.361  -40.497  16.107 1.0000000000
54779  30.319  -40.844  17.037 0.6000000238
54786  44.504  -40.762  15.411 0.3000000119
54787  43.966  -41.349  15.940 0.3000000119
54790  31.776  -40.811  16.110 0.8000000119
54797  33.272  -40.365  13.866 1.0000000000
55749  39.606  -39.673  21.189 0.6999999881
55752  37.359  -39.787  21.369 0.6999999881
55770  35.745  -39.901  20.361 0.6999999881
55787  41.783  -39.975  20.106 0.5000000000
55789  35.607  -39.475  19.751 0.6999999881
55809  34.638  -40.076  17.634 0.8000000119
55822  29.939  -38.876  17.079 0.6999999881
55862  38.512  -39.029  10.885 1.0000000000
55864  36.974  -39.383  10.870 1.0000000000
55873  37.568  -40.055  10.730 1.0000000000
55877  37.554  -40.422  10.778 1.0000000000
56779  39.982  -38.974  21.234 0.6999999881
56782  38.021  -38.682  21.111 0.6999999881
56793  40.791  -38.810  21.028 0.6000000238
56794  39.348  -38.450  21.235 0.6999999881
56805  42.863  -38.065  19.766 0.4000000060
56821  43.817  -37.694  18.539 0.3000000119
56840  31.308  -38.212  16.706 0.6999999881
56857  33.447  -38.387  15.540 0.8000000119
56867  37.110  -38.938  14.345 1.0000000000
56876  38.687  -38.115  11.790 1.0000000000
57780  42.390  -37.601  20.260 0.5000000000
57784  37.884  -37.417  20.323 0.6999999881
57819  36.746  -37.628  17.561 0.8000000119
57825  37.212  -37.137  16.859 0.8000000119
57829  29.763  -37.446  16.311 0.6999999881
57841  37.160  -38.107  15.725 1.0000000000
57843  32.783  -37.005  16.184 0.8000000119
57860  37.858  -37.709  14.029 1.0000000000
57870  38.880  -37.353  11.344 1.0000000000
57892  38.937  -37.031  10.883 1.0000000000
58704  41.322  -36.743  20.778 0.6000000238
58706  39.310  -36.792  20.819 0.6999999881
58761  37.458  -36.802  15.174 0.8000000119
58766  30.446  -36.107  15.427 0.6999999881
58803  37.836  -36.300  10.707 1.0000000000
58810  38.989  -36.446  10.737 1.0000000000
58811  38.547  -36.269  10.483 1.0000000000
59642  37.365  -35.107  18.042 0.6999999881
59692  31.963  -35.651  15.245 0.8000000119
59709  35.132  -35.563  14.041 0.8999999762
59711  32.594  -35.192  14.800 0.8000000119
59725  36.526  -35.739  12.099 1.0000000000
60565  42.373  -34.646  20.159 0.5000000000
60566  41.714  -34.601  20.504 0.6000000238
60574  42.789  -34.775  19.609 0.3000000119
60576  37.852  -34.415  19.328 0.6999999881
60600  37.258  -34.368  17.508 0.6999999881
60627  37.144  -35.245  14.831 0.8000000119
60655  31.993  -33.985  13.631 0.8000000119
61507  38.847  -33.647  20.368 0.6000000238
61517  37.679  -33.770  19.064 0.6000000238
61573  31.276  -33.696  13.766 0.6000000238
61583  35.069  -32.889  12.549 1.0000000000
61585  32.687  -33.630  13.656 0.8000000119
61594  38.185  -33.615  10.872 1.0000000000
62494  38.404  -31.998  19.949 0.6000000238
62517  37.157  -32.199  17.730 0.6999999881
62566  38.155  -32.871  11.395 1.0000000000
62574  36.801  -32.016  11.073 0.8999999762
63464  39.542  -31.621  20.541 0.6000000238
63498  36.850  -31.791  17.077 0.6999999881
63515  36.858  -31.341  16.358 0.6999999881
64423  41.523  -30.635  20.438 0.3000000119
64425  38.586  -30.750  19.903 0.6000000238
64453  37.442  -30.567  18.011 0.5000000000
64488  34.504  -30.049  15.099 0.6000000238
64512  35.294  -30.595  12.438 0.6999999881
64514  38.598  -30.432  10.999 0.8000000119
64516  36.509  -30.918  11.348 0.6999999881
65392  41.699  -29.180  20.410 0.3000000119
65411  39.249  -29.134  20.168 0.5000000000
65441  37.645  -29.460  17.277 0.5000000000
65486  38.919  -29.721  11.171 0.6000000238
65489  38.329  -29.590  11.098 0.6000000238
66299  41.285  -28.376  20.517 0.4000000060
66316  38.585  -28.607  19.166 0.4000000060
66341  38.188  -28.330  17.514 0.5000000000
66357  37.767  -28.691  15.965 0.5000000000
66366  36.028  -28.180  15.482 0.6000000238
66382  39.381  -28.590  11.614 0.5000000000
66384  37.133  -28.221  11.989 0.6999999881
66385  39.364  -28.396  11.505 0.5000000000
67218  39.422  -27.936  19.955 0.4000000060
67248  38.830  -27.338  18.800 0.4000000060
67283  39.287  -27.410  13.492 0.4000000060
67288  30.334  -27.730  13.902 0.5000000000
67293  36.629  -27.962  13.216 0.4000000060
67302  40.207  -27.040  11.193 0.4000000060
68276  39.795  -26.720  19.755 0.4000000060
68312  38.773  -26.716  16.040 0.5000000000
68315  35.434  -26.546  16.474 0.4000000060
68324  38.863  -26.605  15.298 0.5000000000
68352  41.378  -26.273  11.306 0.4000000060
68355  38.893  -26.863  11.383 0.5000000000
68357  41.321  -26.350  10.925 0.4000000060
68359  39.878  -26.687  10.922 0.4000000060
69436  42.705  -25.668  20.141 0.3000000119
69437  41.426  -24.953  20.265 0.3000000119
69452  39.752  -25.396  19.029 0.4000000060
69475  37.298  -25.784  15.967 0.3000000119
69503  31.358  -25.596  13.718 0.3000000119
69509  39.982  -26.207  13.298 0.4000000060
69516  41.756  -24.873  12.089 0.4000000060
69523  41.624  -25.650  11.572 0.4000000060
69526  41.691  -24.654  10.854 0.3000000119
69527  41.522  -25.530  10.871 0.4000000060
70489  39.873  -24.176  18.074 0.4000000060
70519  37.803  -25.122  15.513 0.3000000119
70532  32.493  -24.255  14.404 0.3000000119
70542  41.018  -24.851  13.058 0.3000000119
70558  39.215  -25.354  11.597 0.3000000119
70559  42.161  -24.302  11.272 0.3000000119
70561  40.213  -25.234  10.690 0.3000000119
71405  41.006  -23.734  19.685 0.3000000119
71428  37.571  -23.190  17.458 0.3000000119
71430  36.364  -23.315  17.545 0.3000000119
71445  35.655  -23.734  17.275 0.3000000119
71457  33.312  -23.227  15.148 0.3000000119
71475  41.627  -23.407  12.727 0.3000000119
71478  38.804  -23.767  13.327 0.3000000119
72323  37.507  -22.590  17.722 0.3000000119
72324  36.976  -22.926  17.737 0.3000000119
73218  39.040  -22.038  15.989 0.3000000119
73242  32.922  -20.743  13.065 0.3000000119
74122  31.276  -20.049  11.560 0.3000000119
74994  32.638  -19.455  11.981 0.3000000119
75947  31.115  -18.318  11.601 0.3000000119
76849  35.612  -17.225  17.022 0.3000000119
76916  32.292  -17.266  11.453 0.3000000119
76924  31.572  -17.633  11.493 0.3000000119
77878  33.569  -16.223  13.074 0.3000000119
77879  33.147  -16.329  11.998 0.3000000119
77885  32.651  -16.645  11.594 0.3000000119
125617  38.435  -28.022  14.810 0.5000000000
125637  44.227  -41.658  13.259 0.3000000119
126037  38.162  -52.771  17.783 0.8000000119
126246  33.871  -33.172  12.994 1.0000000000
126594  37.465  -58.895  21.034 0.5000000000
126772  39.992  -37.271  21.131 0.6999999881
127602  43.536  -41.905  15.690 0.3000000119
127627  46.798  -49.060  18.263 0.4000000060
127709  43.583  -41.998  14.920 0.4000000060
127716  33.152  -57.160  14.266 0.4000000060
129363  43.398  -53.090  21.399 0.3000000119
129376  41.771  -36.052  20.563 0.5000000000
129423  34.180  -54.080  16.228 0.5000000000
129453  44.849  -44.366  18.910 0.4000000060
130377  40.189  -54.108  15.047 0.6000000238
130504  42.347  -52.725  9.744 0.5000000000
130532  41.145  -45.990  22.671 0.6999999881
130937  45.852  -52.636  18.683 0.3000000119
131159  37.154  -42.844  10.738 1.0000000000
131163  36.277  -44.035  20.810 0.6999999881
131229  41.816  -25.902  20.409 0.4000000060
131899  40.962  -25.197  10.563 0.3000000119
131959  40.661  -27.888  20.482 0.4000000060
132193  32.399  -46.197  12.875 0.8999999762
132259  43.406  -46.739  22.546 0.6000000238
132489  33.473  -15.042  12.301 0.3000000119
132724  37.546  -56.728  20.203 0.6000000238
132764  38.373  -30.051  19.462 0.5000000000
132855  32.774  -43.406  12.495 0.8999999762
132950  38.318  -62.023  17.865 0.5000000000
133324  39.958  -49.443  17.637 0.8000000119
133879  35.327  -39.469  19.032 0.8000000119
133963  39.176  -49.187  13.300 0.8999999762
134167  37.514  -21.250  17.965 0.3000000119
134271  44.617  -54.699  19.376 0.3000000119
134700  37.323  -30.123  15.413 0.6999999881
134743  37.578  -56.700  21.000 0.6000000238
134953  42.676  -54.881  21.593 0.4000000060
135154  38.292  -34.986  10.738 1.0000000000
135591  38.219  -59.949  17.646 0.6999999881
135636  32.772  -60.092  11.233 0.3000000119
135713  35.097  -40.863  19.368 0.8000000119
136095  36.032  -46.594  15.889 0.8999999762
136231  37.656  -42.189  21.414 0.6000000238
136376  43.450  -49.760  22.595 0.5000000000
136513  31.108  -40.278  16.675 0.6999999881
136602  42.027  -48.080  23.219 0.6000000238
136657  39.787  -30.257  20.489 0.6000000238
137572  39.575  -33.971  20.622 0.6999999881
137766  38.721  -56.215  16.992 0.6000000238
137933  41.012  -53.697  22.629 0.4000000060
137972  47.273  -50.003  16.969 0.3000000119
138309  42.964  -35.981  19.638 0.3000000119
138500  39.796  -47.850  22.067 0.6999999881
138676  35.825  -17.876  17.435 0.3000000119
138707  47.988  -49.905  15.354 0.3000000119
139188  39.018  -26.295  17.582 0.4000000060
139324  44.300  -56.104  19.846 0.3000000119
139650  35.606  -41.866  20.419 0.6999999881
140102  37.973  -33.053  10.817 0.8999999762
140540  37.453  -46.462  20.432 0.8000000119
140816  40.570  -55.028  14.451 0.5000000000
140913  40.551  -27.048  11.419 0.4000000060
142438  43.903  -42.792  16.338 0.4000000060
142599  37.074  -31.599  17.571 0.6000000238
142748  40.395  -26.722  12.232 0.4000000060
143272  38.715  -37.560  12.069 1.0000000000
143287  34.796  -20.942  16.688 0.3000000119
143865  36.632  -32.528  15.532 0.6999999881
144451  33.255  -25.229  15.596 0.3000000119
145111  41.751  -51.268  10.023 0.4000000060
145112  47.403  -50.567  16.537 0.3000000119
145562  46.074  -48.739  19.837 0.4000000060
146161  37.481  -33.512  18.567 0.6999999881
146364  39.096  -55.139  16.536 0.6000000238
146378  32.245  -37.463  16.326 0.8000000119
146666  39.137  -50.629  18.040 0.8000000119
146944  37.979  -62.051  19.181 0.5000000000
147057  35.663  -31.025  11.819 0.6999999881
147106  39.100  -48.452  17.348 0.8000000119
147111  42.234  -42.028  17.554 0.4000000060
147214  42.744  -36.538  19.940 0.4000000060
147306  37.417  -36.496  18.036 0.6999999881
147328  45.505  -53.938  18.586 0.3000000119
147363  43.458  -42.133  15.898 0.4000000060
147531  34.658  -45.128  13.101 1.0000000000
147747  32.992  -19.000  12.436 0.3000000119
148121  32.379  -23.706  14.058 0.3000000119
148734  37.197  -33.936  13.607 1.0000000000
148768  37.448  -20.046  18.161 0.3000000119
148800  32.285  -31.983  14.433 0.6999999881
148963  36.953  -55.888  14.717 0.5000000000
149085  33.970  -17.446  14.134 0.3000000119
149086  38.196  -57.391  22.542 0.4000000060
149311  31.588  -46.025  14.071 0.8000000119
149538  45.282  -44.650  18.288 0.4000000060
149936  39.794  -27.406  20.017 0.4000000060
149989  45.191  -53.601  19.050 0.3000000119
150623  29.529  -39.436  17.179 0.6999999881
150676  38.610  -56.817  22.877 0.4000000060
150755  35.786  -30.455  11.839 0.6999999881
150844  37.877  -54.120  18.468 0.6999999881
150985  34.973  -49.636  11.308 0.8000000119
