#!ascii label  , from subject sub-01 vox2ras=TkReg
951
21020  48.136  -73.842  9.462 0.3000000119
26620  40.512  -69.220  7.806 0.6000000238
29442  40.158  -65.436  9.766 0.6999999881
29435  39.687  -65.160  10.518 0.6999999881
21947  47.920  -73.129  9.081 0.4000000060
22871  43.450  -73.647  5.736 0.4000000060
21960  48.427  -72.589  8.768 0.5000000000
21946  48.796  -73.236  9.222 0.5000000000
25682  40.577  -69.966  7.604 0.6999999881
26613  40.389  -68.544  8.151 0.6999999881
28497  40.537  -65.740  9.137 0.6000000238
28498  40.161  -66.187  9.590 0.6000000238
30447  40.141  -64.627  9.812 0.6999999881
31442  39.829  -63.320  10.358 0.6999999881
21961  46.747  -72.834  7.770 0.5000000000
22870  44.608  -73.284  5.780 0.4000000060
141666  47.656  -72.568  8.224 0.6000000238
22872  42.332  -73.720  5.640 0.4000000060
23774  41.880  -72.225  7.726 0.5000000000
22849  47.164  -72.362  7.338 0.6000000238
23784  40.950  -71.866  7.046 0.6000000238
22848  48.006  -72.211  7.933 0.6000000238
141560  41.037  -69.817  7.740 0.6000000238
27580  40.783  -67.685  8.038 0.6000000238
28505  41.036  -66.168  8.541 0.6000000238
32517  41.394  -63.157  8.835 0.6999999881
30446  40.590  -64.272  9.327 0.6999999881
31447  40.664  -63.441  9.316 0.6999999881
32513  40.242  -62.892  9.782 0.6999999881
32504  39.854  -62.397  10.291 0.6999999881
33593  40.342  -61.056  9.736 0.6999999881
136174  40.269  -61.978  9.722 0.6999999881
33581  39.851  -61.447  10.247 0.6999999881
34507  40.514  -60.060  9.626 0.6999999881
21962  45.892  -73.445  7.186 0.5000000000
21974  45.481  -73.508  6.122 0.5000000000
21981  44.780  -73.838  5.764 0.5000000000
22864  42.652  -72.988  6.549 0.4000000060
22861  46.644  -72.355  6.735 0.5000000000
24705  41.121  -71.018  7.856 0.6000000238
23771  48.096  -71.383  7.946 0.6000000238
23780  46.872  -71.758  6.917 0.5000000000
24713  46.535  -71.204  7.459 0.5000000000
26619  41.487  -68.148  7.712 0.6999999881
27587  41.222  -66.966  8.016 0.6000000238
26612  40.951  -68.340  7.756 0.6999999881
30453  41.905  -64.574  8.275 0.6000000238
29447  41.627  -65.455  8.305 0.6000000238
30454  41.078  -64.792  8.815 0.6000000238
147077  41.954  -61.665  8.902 0.6000000238
33592  40.949  -61.611  9.215 0.6999999881
34488  39.562  -60.055  10.661 0.6999999881
34506  41.608  -60.170  9.227 0.6000000238
34498  39.901  -60.489  10.200 0.6999999881
35512  39.915  -59.471  10.200 0.6999999881
135352  40.911  -60.777  9.342 0.6999999881
22863  43.768  -72.849  6.388 0.4000000060
21980  46.021  -72.915  6.256 0.5000000000
23793  45.407  -72.564  6.173 0.4000000060
147299  43.035  -72.376  7.538 0.5000000000
145689  41.967  -71.192  8.597 0.6000000238
23792  46.076  -72.395  6.337 0.4000000060
23782  45.061  -72.048  7.032 0.4000000060
23781  45.986  -71.785  6.679 0.4000000060
24702  45.029  -71.017  8.730 0.4000000060
26618  42.019  -67.802  7.778 0.6999999881
27586  41.804  -66.984  7.768 0.6000000238
29450  42.238  -65.741  7.931 0.6000000238
32516  42.455  -62.871  8.429 0.6000000238
34511  42.863  -61.326  8.745 0.6000000238
132115  40.268  -58.515  9.991 0.6999999881
36432  41.200  -58.359  9.511 0.6000000238
35518  40.519  -59.147  9.700 0.6000000238
22862  44.685  -72.596  6.327 0.4000000060
22850  43.530  -71.810  8.305 0.4000000060
25673  41.592  -70.006  8.407 0.6999999881
23773  44.558  -71.657  8.054 0.4000000060
25681  41.635  -68.742  7.952 0.8000000119
24701  46.035  -70.743  8.370 0.5000000000
133116  41.786  -67.559  7.725 0.6999999881
29449  42.771  -65.549  7.798 0.6000000238
32515  43.320  -62.682  8.354 0.5000000000
30452  42.947  -64.345  7.831 0.6000000238
36422  39.324  -58.746  11.423 0.6999999881
35515  43.062  -59.765  9.394 0.6000000238
34505  42.844  -60.450  8.995 0.6000000238
125398  39.747  -58.661  10.653 0.8000000119
36421  39.620  -58.013  11.207 0.8000000119
141465  42.770  -58.790  9.386 0.6000000238
143859  42.070  -58.731  9.302 0.6000000238
24704  42.940  -71.170  8.948 0.5000000000
24703  43.987  -71.178  8.983 0.5000000000
25652  44.107  -69.186  10.184 0.6999999881
24694  44.475  -70.350  9.417 0.4000000060
28507  43.098  -65.644  7.864 0.6999999881
32514  43.683  -62.976  8.424 0.6000000238
30451  43.716  -64.289  7.980 0.6000000238
33596  43.474  -62.031  8.712 0.6000000238
37336  39.468  -57.489  11.766 0.6000000238
37351  40.202  -57.738  10.451 0.6999999881
37346  39.886  -57.217  11.170 0.6999999881
37354  42.674  -57.229  9.559 0.6999999881
148869  42.191  -57.034  9.405 0.6999999881
36426  40.723  -57.746  9.784 0.6999999881
25665  42.978  -69.336  9.370 0.5000000000
24696  42.418  -70.247  9.066 0.6000000238
25672  42.263  -69.116  8.673 0.6000000238
26595  43.358  -68.384  10.191 0.6999999881
25664  43.900  -69.491  9.735 0.6000000238
26611  42.338  -68.117  8.256 0.6999999881
25663  44.851  -69.641  9.846 0.6999999881
27579  42.462  -67.248  8.118 0.6999999881
28502  43.208  -65.787  8.162 0.6999999881
31446  43.789  -63.268  8.392 0.5000000000
30445  43.837  -63.982  8.208 0.6000000238
37324  38.599  -57.622  13.189 0.5000000000
34496  43.421  -60.622  9.331 0.6000000238
32510  43.614  -62.467  8.689 0.6000000238
38371  39.557  -56.637  12.028 0.6000000238
38372  38.976  -56.484  12.840 0.5000000000
36430  43.187  -58.995  9.675 0.6000000238
34504  43.347  -60.607  9.247 0.6000000238
38385  40.418  -56.849  10.490 0.6000000238
39386  39.879  -55.600  11.892 0.5000000000
40349  39.341  -54.675  12.373 0.5000000000
132483  43.336  -58.197  9.890 0.6999999881
36431  42.997  -58.060  9.573 0.6999999881
38389  42.433  -56.542  9.508 0.6999999881
38391  41.521  -56.544  9.574 0.6999999881
39390  41.127  -55.291  10.174 0.5000000000
39393  42.875  -56.014  9.879 0.6999999881
39395  42.117  -54.546  9.542 0.6000000238
26605  42.810  -68.368  8.987 0.6000000238
26604  43.331  -68.670  9.710 0.6999999881
27571  43.017  -67.614  9.317 0.6000000238
26596  43.010  -67.818  10.640 0.6999999881
27578  42.861  -66.707  8.578 0.6999999881
29433  43.637  -64.738  8.874 0.6999999881
29440  43.528  -65.296  8.340 0.6999999881
31440  43.644  -62.959  9.107 0.6000000238
38358  38.447  -56.375  13.430 0.4000000060
32502  43.459  -62.071  9.364 0.5000000000
141553  38.838  -55.107  12.880 0.4000000060
36425  43.203  -58.251  10.399 0.6000000238
35511  43.427  -59.128  9.985 0.6000000238
39391  40.531  -55.426  11.054 0.5000000000
40355  40.210  -54.554  11.635 0.5000000000
39396  41.672  -55.375  9.638 0.5000000000
40354  40.917  -54.476  10.666 0.4000000060
38384  43.124  -56.702  9.996 0.6000000238
40359  42.765  -54.560  9.809 0.6999999881
40364  42.449  -54.733  9.612 0.6000000238
41341  42.498  -53.800  9.733 0.5000000000
27566  43.110  -67.262  9.837 0.6000000238
28490  43.075  -66.425  9.565 0.6999999881
139240  43.006  -66.761  9.211 0.6999999881
27555  42.340  -67.516  11.199 0.6999999881
28491  42.778  -66.795  10.417 0.6999999881
134665  43.261  -65.655  9.230 0.6000000238
33569  42.644  -61.392  10.727 0.6000000238
32503  43.188  -62.824  9.967 0.5000000000
33580  43.321  -60.855  9.963 0.6000000238
140216  42.967  -59.654  10.609 0.6000000238
41335  39.644  -53.564  11.808 0.5000000000
41327  38.907  -53.815  12.367 0.4000000060
38378  42.957  -56.761  10.591 0.6000000238
134816  40.165  -52.675  11.059 0.4000000060
39389  42.881  -55.238  10.698 0.6000000238
151481  42.816  -53.833  9.934 0.5000000000
137988  42.530  -65.917  10.612 0.6999999881
29428  41.828  -65.656  11.435 0.6999999881
29427  42.474  -65.043  10.696 0.6000000238
29434  43.079  -65.326  9.930 0.6000000238
28476  41.453  -66.547  11.895 0.6999999881
31433  42.540  -63.253  10.701 0.5000000000
35502  42.273  -59.662  11.559 0.6000000238
139202  42.016  -61.196  11.442 0.6000000238
34486  42.629  -60.487  10.905 0.6000000238
35489  42.334  -58.931  11.676 0.5000000000
37345  42.843  -57.561  10.973 0.6000000238
129584  42.832  -53.664  10.467 0.5000000000
30424  41.354  -64.245  12.082 0.6999999881
30432  41.854  -64.674  11.416 0.6999999881
32492  41.915  -62.866  11.400 0.6000000238
33570  41.977  -61.964  11.417 0.5000000000
143198  41.562  -59.791  12.312 0.6000000238
34487  41.642  -60.573  11.975 0.6000000238
36409  42.038  -58.491  12.140 0.6000000238
38370  42.242  -56.120  12.261 0.6000000238
40347  42.757  -54.459  11.169 0.5000000000
25660  47.509  -70.300  9.836 0.5000000000
25662  45.774  -69.742  9.883 0.5000000000
141696  46.749  -69.741  11.224 0.5000000000
25650  46.142  -69.593  10.714 0.5000000000
25651  45.071  -69.459  10.574 0.6999999881
25640  44.035  -69.329  11.804 0.6999999881
129712  45.536  -69.426  11.442 0.5000000000
26588  44.188  -69.114  10.810 0.6999999881
143523  44.783  -69.351  11.336 0.6999999881
126304  43.474  -68.657  11.088 0.6999999881
21019  49.073  -74.031  9.395 0.3000000119
31448  40.165  -63.773  9.795 0.6999999881
134177  40.616  -66.953  8.518 0.6000000238
33571  39.344  -60.907  10.913 0.6999999881
24693  45.439  -70.293  9.288 0.6000000238
33590  43.480  -61.119  8.917 0.6000000238
37356  41.536  -57.246  9.495 0.6999999881
149764  40.789  -56.543  10.067 0.6999999881
38380  40.173  -56.353  11.179 0.6000000238
38390  41.970  -56.500  9.397 0.6999999881
39387  39.239  -55.726  12.589 0.5000000000
39377  38.675  -55.717  13.144 0.5000000000
41342  42.059  -53.561  9.655 0.5000000000
31441  43.215  -63.576  9.951 0.5000000000
37334  42.276  -57.730  11.984 0.6000000238
38369  42.765  -56.041  11.204 0.6000000238
30431  42.493  -64.152  10.721 0.6000000238
31434  41.862  -63.782  11.414 0.5000000000
25618  43.900  -69.345  13.684 0.6000000238
26554  42.925  -68.623  16.792 0.6000000238
26546  42.536  -68.629  17.249 0.4000000060
26570  43.384  -68.709  15.327 0.5000000000
140047  43.359  -69.414  12.725 0.6000000238
133106  40.309  -71.628  6.674 0.5000000000
25567  42.250  -69.138  17.586 0.4000000060
24714  40.593  -70.844  7.358 0.5000000000
23785  39.688  -71.617  6.523 0.5000000000
26561  44.047  -68.717  15.873 0.5000000000
26541  41.363  -68.215  18.238 0.4000000060
24715  40.130  -70.874  7.130 0.5000000000
138685  39.731  -69.504  8.109 0.5000000000
26562  43.254  -68.560  16.134 0.6000000238
25683  39.991  -70.143  7.486 0.5000000000
25609  42.529  -69.125  14.459 0.5000000000
25641  42.950  -69.146  11.949 0.6000000238
27511  39.778  -67.657  19.534 0.4000000060
26535  39.621  -68.592  19.569 0.4000000060
26555  42.279  -68.238  17.037 0.4000000060
24707  38.092  -70.588  8.227 0.5000000000
129452  42.409  -68.643  15.391 0.5000000000
129620  39.745  -68.766  8.914 0.5000000000
25653  38.428  -69.294  9.807 0.5000000000
25620  41.882  -69.256  13.596 0.6000000238
25631  42.385  -69.270  12.758 0.6000000238
26589  42.639  -68.402  11.464 0.6000000238
28506  40.136  -66.908  9.249 0.5000000000
27567  39.181  -67.411  10.479 0.5000000000
26598  38.444  -68.636  10.345 0.4000000060
26571  41.554  -68.897  14.503 0.5000000000
26576  41.027  -68.744  13.674 0.6000000238
26582  40.895  -68.177  12.951 0.6000000238
26580  42.209  -68.841  12.160 0.6000000238
129393  41.187  -67.479  12.352 0.6000000238
27516  40.910  -67.618  18.293 0.4000000060
27510  40.347  -67.417  18.919 0.4000000060
28493  38.958  -66.777  11.017 0.5000000000
27557  38.351  -67.720  10.898 0.5000000000
27568  37.304  -67.818  10.910 0.4000000060
28492  39.677  -66.030  10.434 0.6000000238
26599  37.723  -68.471  10.579 0.4000000060
26564  40.664  -67.917  15.442 0.6000000238
151670  40.030  -67.366  13.920 0.6000000238
132359  40.220  -67.052  13.414 0.6000000238
28477  40.772  -66.557  12.653 0.6000000238
27499  39.209  -67.096  19.963 0.4000000060
29436  39.081  -65.805  11.271 0.5000000000
27558  37.660  -67.126  11.329 0.4000000060
28486  36.478  -66.422  10.813 0.4000000060
27528  41.159  -67.490  17.057 0.6000000238
27522  40.804  -67.220  17.651 0.4000000060
27534  40.107  -67.293  15.451 0.6000000238
27532  41.505  -67.931  16.445 0.6000000238
26572  40.726  -68.399  14.559 0.5000000000
28465  39.772  -66.691  14.033 0.6000000238
27540  39.680  -66.748  14.982 0.5000000000
29420  40.782  -65.534  12.659 0.6000000238
27500  38.623  -67.597  20.574 0.4000000060
28421  40.061  -66.738  18.763 0.4000000060
30433  39.336  -63.883  11.171 0.6000000238
30435  37.737  -64.879  12.258 0.5000000000
127677  36.768  -65.049  12.042 0.5000000000
29432  36.480  -65.690  11.230 0.5000000000
28440  40.221  -66.578  17.528 0.4000000060
28431  40.424  -66.949  18.252 0.4000000060
28451  39.886  -66.219  16.801 0.5000000000
149780  39.364  -65.477  15.660 0.5000000000
130427  39.290  -65.123  15.216 0.5000000000
29413  39.810  -65.684  13.870 0.6000000238
29412  40.346  -65.149  13.274 0.6000000238
29419  41.337  -65.086  12.088 0.6000000238
29357  38.706  -65.178  19.917 0.4000000060
28410  39.295  -66.399  19.614 0.4000000060
150862  38.990  -66.541  20.020 0.4000000060
28411  38.606  -66.655  20.537 0.4000000060
32493  39.401  -61.970  10.973 0.6000000238
29356  39.161  -65.674  19.367 0.4000000060
131891  39.782  -66.904  19.323 0.4000000060
31429  38.131  -63.199  12.460 0.6000000238
30427  37.090  -64.311  12.415 0.5000000000
30436  36.201  -64.339  11.991 0.4000000060
28432  39.858  -66.219  18.190 0.4000000060
129868  39.490  -65.812  16.116 0.5000000000
30410  39.457  -64.534  14.589 0.5000000000
31423  39.821  -63.826  13.984 0.6000000238
30425  40.822  -64.671  12.649 0.6000000238
31428  40.845  -63.820  12.678 0.6000000238
30338  38.236  -64.667  20.541 0.4000000060
33572  38.888  -61.650  11.784 0.6000000238
32494  38.891  -62.601  11.842 0.6000000238
31430  37.409  -63.641  12.581 0.5000000000
31437  35.670  -63.585  11.877 0.5000000000
30371  38.897  -64.798  19.075 0.4000000060
29380  39.451  -65.460  17.749 0.4000000060
29389  39.495  -65.409  16.867 0.5000000000
31393  38.957  -64.235  16.092 0.5000000000
30417  40.381  -64.266  13.307 0.5000000000
30322  37.796  -65.043  21.218 0.4000000060
130233  38.870  -60.771  11.829 0.6000000238
34464  37.722  -61.029  13.226 0.5000000000
33550  36.800  -61.390  13.556 0.5000000000
30394  39.154  -64.709  16.625 0.5000000000
31404  38.983  -63.647  15.509 0.4000000060
32464  39.529  -62.487  14.503 0.4000000060
31422  40.385  -63.372  13.320 0.4000000060
32483  40.853  -62.935  12.705 0.6000000238
32482  41.379  -62.456  12.098 0.4000000060
30339  37.680  -64.087  21.229 0.4000000060
31341  38.126  -63.745  20.394 0.4000000060
35504  39.069  -59.476  11.743 0.6000000238
31361  38.317  -63.500  19.596 0.4000000060
34474  38.408  -60.555  12.606 0.5000000000
32473  36.475  -62.243  13.160 0.4000000060
34463  37.993  -60.305  13.225 0.4000000060
31394  38.718  -63.417  16.300 0.5000000000
32449  38.663  -62.542  16.143 0.5000000000
31405  38.859  -62.980  15.625 0.6000000238
32463  39.957  -62.017  13.936 0.4000000060
32471  40.413  -62.474  13.335 0.4000000060
34473  40.919  -61.096  12.700 0.4000000060
33538  39.563  -61.598  14.638 0.5000000000
135670  38.849  -58.796  12.367 0.5000000000
35491  38.517  -59.721  12.662 0.6000000238
36397  38.477  -58.403  13.212 0.4000000060
34462  40.510  -60.655  13.407 0.5000000000
33558  41.417  -61.553  12.068 0.5000000000
34444  38.990  -60.449  15.555 0.5000000000
135023  39.095  -62.224  15.309 0.5000000000
33537  40.056  -61.097  14.051 0.5000000000
32401  37.945  -62.840  20.145 0.4000000060
37335  41.719  -57.051  12.708 0.5000000000
35476  41.134  -59.323  12.861 0.4000000060
139939  40.584  -59.782  13.425 0.5000000000
35464  39.821  -59.557  14.646 0.5000000000
34455  39.566  -60.545  14.781 0.5000000000
37325  38.222  -57.065  13.688 0.4000000060
37322  41.015  -57.719  13.367 0.4000000060
36410  41.561  -58.033  12.665 0.5000000000
36396  41.017  -58.534  13.139 0.5000000000
35463  40.319  -59.305  14.042 0.5000000000
150578  40.702  -59.074  13.492 0.5000000000
34454  40.118  -60.155  14.050 0.5000000000
36381  40.079  -58.820  14.538 0.5000000000
36380  40.531  -58.428  13.936 0.4000000060
27573  39.650  -67.540  9.743 0.5000000000
29429  39.183  -64.843  11.267 0.6000000238
27581  40.154  -67.799  8.834 0.6000000238
31435  39.443  -62.936  11.086 0.6000000238
23794  40.685  -72.631  6.225 0.5000000000
37337  39.090  -57.350  12.527 0.5000000000
31427  41.367  -63.367  12.099 0.6000000238
33559  40.863  -62.021  12.709 0.4000000060
25666  39.081  -69.495  9.123 0.5000000000
148013  39.573  -68.221  9.503 0.5000000000
26606  39.098  -68.812  9.724 0.5000000000
148070  38.279  -67.021  11.313 0.4000000060
27559  36.803  -67.122  10.946 0.4000000060
27533  40.602  -67.383  16.226 0.6000000238
29430  38.406  -65.395  11.855 0.6000000238
29431  37.426  -65.716  11.935 0.4000000060
28422  39.645  -66.227  19.000 0.4000000060
31436  38.797  -63.534  11.887 0.6000000238
30442  36.058  -64.823  11.144 0.5000000000
29437  35.932  -65.875  10.111 0.5000000000
32484  38.201  -62.306  12.538 0.5000000000
30428  36.540  -63.679  12.476 0.5000000000
32485  37.210  -62.918  12.877 0.5000000000
31415  39.320  -63.768  14.771 0.5000000000
32486  35.995  -63.008  12.629 0.5000000000
30395  38.848  -64.132  16.845 0.5000000000
146897  38.841  -60.114  11.992 0.6000000238
33549  40.458  -61.569  13.376 0.3000000119
37323  40.548  -57.565  14.088 0.4000000060
13861  45.123  -82.156  12.860 0.3000000119
12962  45.723  -83.479  12.097 0.3000000119
13860  46.059  -82.399  13.123 0.3000000119
12937  47.521  -83.423  12.866 0.3000000119
134856  46.530  -83.716  12.348 0.3000000119
13837  47.477  -82.692  13.673 0.3000000119
12959  47.791  -83.306  12.394 0.3000000119
12936  47.936  -83.320  12.951 0.3000000119
15543  47.634  -80.028  16.109 0.3000000119
14707  47.317  -81.940  14.196 0.3000000119
13835  48.598  -82.307  14.101 0.3000000119
146934  48.204  -82.825  12.756 0.3000000119
15560  48.152  -80.759  15.646 0.3000000119
15529  49.465  -80.089  16.377 0.3000000119
15559  49.079  -80.864  15.671 0.3000000119
14684  49.052  -81.561  14.962 0.4000000060
147504  48.876  -82.032  14.139 0.4000000060
15607  48.849  -81.413  13.642 0.4000000060
131422  48.065  -81.059  11.975 0.3000000119
16398  50.379  -79.258  16.673 0.3000000119
15541  49.677  -80.233  15.882 0.4000000060
15584  49.402  -80.825  14.842 0.4000000060
14704  49.114  -81.522  14.433 0.4000000060
17266  50.640  -78.711  17.242 0.3000000119
15629  48.900  -80.015  13.409 0.4000000060
18144  51.530  -76.725  17.747 0.4000000060
17265  51.080  -77.933  17.507 0.4000000060
145724  48.671  -79.598  12.634 0.4000000060
16500  48.917  -78.756  12.013 0.3000000119
17286  50.807  -78.548  16.381 0.4000000060
16418  50.310  -79.361  15.963 0.3000000119
16455  49.697  -79.645  14.683 0.4000000060
134146  51.482  -76.540  16.955 0.4000000060
17326  50.192  -78.122  13.484 0.5000000000
16473  49.528  -79.183  13.912 0.4000000060
22847  48.644  -72.195  8.722 0.5000000000
19947  51.397  -75.727  17.556 0.4000000060
16488  49.278  -78.825  13.040 0.4000000060
21018  49.554  -73.846  9.799 0.3000000119
21933  49.839  -72.969  10.278 0.4000000060
18227  50.044  -77.023  11.464 0.3000000119
22873  41.305  -73.611  5.590 0.4000000060
22874  40.357  -73.422  5.527 0.4000000060
24692  46.344  -70.295  9.184 0.4000000060
135637  47.075  -70.302  9.194 0.4000000060
24700  47.030  -70.646  8.306 0.4000000060
17285  51.248  -77.619  15.890 0.4000000060
17298  50.877  -78.266  15.493 0.3000000119
16472  50.299  -78.474  14.281 0.5000000000
24691  47.727  -70.613  8.899 0.4000000060
23770  48.594  -71.730  8.571 0.4000000060
19962  51.339  -76.049  16.802 0.4000000060
142730  49.296  -73.368  9.447 0.4000000060
140424  49.669  -72.551  10.121 0.5000000000
17337  49.895  -77.904  12.663 0.5000000000
21932  50.066  -73.433  10.761 0.4000000060
20070  49.885  -74.707  10.020 0.4000000060
23795  39.943  -72.386  6.017 0.4000000060
18169  51.401  -76.857  15.379 0.4000000060
17297  51.343  -77.348  14.986 0.4000000060
136855  48.216  -70.774  9.464 0.4000000060
23762  49.027  -71.657  9.237 0.5000000000
18184  51.403  -76.896  14.617 0.4000000060
18185  51.304  -77.121  14.293 0.4000000060
23755  49.300  -71.693  9.845 0.5000000000
147290  50.839  -76.208  15.771 0.4000000060
19057  50.733  -76.353  15.051 0.4000000060
18198  51.206  -76.938  13.666 0.5000000000
127286  51.034  -76.758  12.988 0.5000000000
24683  48.248  -70.753  10.199 0.4000000060
23747  49.304  -72.122  11.048 0.5000000000
19981  50.098  -76.221  15.636 0.4000000060
19113  50.868  -76.143  12.777 0.5000000000
22822  49.808  -72.770  10.647 0.4000000060
18226  50.638  -76.486  12.208 0.4000000060
20043  50.518  -74.947  11.704 0.4000000060
20056  50.334  -74.721  10.861 0.4000000060
21919  50.119  -73.469  11.282 0.4000000060
25648  47.495  -70.197  10.746 0.4000000060
25638  46.484  -69.644  12.070 0.3000000119
19073  51.104  -76.533  14.494 0.4000000060
19991  50.916  -76.424  13.727 0.4000000060
23748  48.488  -71.502  11.336 0.4000000060
28494  36.039  -66.855  9.978 0.4000000060
19044  48.148  -76.266  15.910 0.4000000060
127510  49.881  -76.411  14.680 0.4000000060
20009  50.781  -75.977  13.044 0.5000000000
23737  47.973  -71.588  12.094 0.5000000000
22811  49.601  -72.661  11.471 0.4000000060
19059  47.795  -76.410  15.203 0.4000000060
130687  50.554  -75.472  12.373 0.4000000060
22810  49.949  -73.033  11.243 0.4000000060
21903  50.200  -73.899  11.706 0.4000000060
21920  50.043  -73.441  11.587 0.4000000060
127448  45.868  -69.397  12.277 0.4000000060
24675  48.056  -70.741  11.014 0.3000000119
19095  49.563  -76.226  13.677 0.4000000060
24666  47.512  -70.863  11.812 0.3000000119
19075  48.581  -76.458  14.450 0.4000000060
19992  48.161  -75.987  13.559 0.4000000060
20010  50.439  -75.885  13.110 0.4000000060
20028  49.977  -74.970  12.496 0.5000000000
19076  47.443  -76.205  14.441 0.4000000060
133739  47.096  -75.802  13.866 0.4000000060
20967  49.014  -74.761  12.559 0.4000000060
20984  49.730  -74.084  12.226 0.4000000060
143466  49.328  -72.701  12.035 0.4000000060
25630  44.468  -69.377  12.905 0.4000000060
131323  48.288  -75.303  12.972 0.4000000060
151043  47.195  -80.622  6.907 0.3000000119
16420  48.141  -79.581  16.734 0.3000000119
16399  49.968  -79.556  17.052 0.3000000119
17249  51.279  -77.422  17.964 0.4000000060
140061  51.197  -75.485  17.389 0.4000000060
19963  51.042  -75.971  16.373 0.4000000060
19948  50.710  -75.368  17.140 0.4000000060
19965  49.123  -75.949  16.372 0.4000000060
24667  46.658  -70.092  12.530 0.3000000119
19045  47.228  -76.172  15.875 0.4000000060
25628  46.116  -69.482  12.890 0.4000000060
24656  46.437  -70.283  13.372 0.4000000060
146248  47.449  -71.641  12.796 0.4000000060
19993  46.537  -75.778  14.533 0.4000000060
20012  47.411  -75.262  13.337 0.4000000060
20968  48.010  -74.538  12.851 0.4000000060
21887  48.839  -73.838  12.501 0.4000000060
22788  47.539  -72.452  13.004 0.3000000119
22798  48.376  -72.241  12.375 0.4000000060
20955  46.360  -75.163  13.846 0.4000000060
22846  49.204  -72.358  9.288 0.4000000060
25629  45.454  -69.315  13.177 0.4000000060
12982  46.242  -84.255  11.839 0.3000000119
14729  46.650  -82.223  13.588 0.3000000119
12960  47.479  -83.597  12.403 0.3000000119
14837  46.812  -81.158  7.026 0.3000000119
14836  47.315  -80.774  7.538 0.3000000119
13836  48.176  -82.566  14.062 0.3000000119
15542  48.674  -80.267  16.305 0.3000000119
131710  48.175  -81.972  14.619 0.4000000060
14752  48.411  -81.835  12.769 0.4000000060
16419  49.995  -79.747  16.429 0.3000000119
14683  49.160  -81.465  14.811 0.4000000060
15606  49.252  -80.533  14.205 0.4000000060
17250  50.690  -78.162  18.038 0.3000000119
19025  51.496  -75.720  18.004 0.4000000060
136912  50.908  -77.560  13.893 0.4000000060
18213  50.464  -77.197  12.397 0.5000000000
19123  50.270  -76.169  11.132 0.3000000119
17336  50.786  -77.368  13.174 0.5000000000
19964  50.350  -75.835  16.406 0.4000000060
20983  50.227  -74.366  12.064 0.4000000060
22787  48.662  -72.940  12.516 0.4000000060
24632  44.753  -69.852  15.675 0.4000000060
151082  44.887  -69.180  15.237 0.4000000060
24619  43.645  -70.193  16.402 0.4000000060
25566  43.052  -68.950  17.090 0.3000000119
25594  44.358  -68.920  15.990 0.5000000000
26568  44.431  -69.028  14.633 0.4000000060
25608  43.534  -69.103  14.483 0.4000000060
21819  42.194  -73.989  20.819 0.3000000119
20887  41.702  -74.283  20.121 0.3000000119
149838  39.334  -72.041  19.750 0.3000000119
23670  40.261  -71.098  18.363 0.3000000119
24596  40.140  -70.132  18.728 0.3000000119
26542  40.933  -68.732  18.576 0.3000000119
20888  40.926  -74.066  20.149 0.3000000119
21835  40.251  -73.598  20.068 0.3000000119
22720  39.386  -72.581  20.228 0.3000000119
21804  42.708  -73.194  21.356 0.3000000119
21805  41.759  -73.495  21.445 0.3000000119
24582  39.457  -70.360  19.382 0.3000000119
148110  38.929  -68.805  20.062 0.3000000119
21821  40.507  -73.690  20.846 0.3000000119
23636  38.485  -71.609  21.504 0.3000000119
24573  38.927  -70.714  20.127 0.3000000119
23623  39.295  -72.120  22.772 0.3000000119
22692  39.170  -72.448  22.118 0.3000000119
24562  37.910  -70.483  22.112 0.3000000119
23604  38.697  -71.562  23.198 0.3000000119
24542  37.569  -70.098  23.537 0.3000000119
142248  40.579  -73.059  22.019 0.3000000119
25523  38.208  -70.093  21.313 0.3000000119
132045  38.143  -69.050  21.218 0.3000000119
28403  37.969  -66.425  21.241 0.3000000119
23582  39.045  -71.080  24.071 0.3000000119
25524  37.723  -69.561  22.067 0.3000000119
27496  37.683  -67.902  21.795 0.3000000119
24522  37.778  -70.139  24.307 0.3000000119
25511  37.415  -69.456  22.999 0.3000000119
26516  37.487  -68.636  22.408 0.3000000119
27474  36.827  -67.131  24.000 0.3000000119
29327  37.775  -65.744  21.358 0.3000000119
28404  37.597  -67.015  21.879 0.3000000119
136253  37.446  -66.164  21.879 0.3000000119
126814  37.119  -64.074  22.051 0.3000000119
31342  37.726  -63.098  21.003 0.3000000119
128061  37.093  -61.960  22.827 0.3000000119
33440  37.224  -61.842  21.933 0.3000000119
150697  37.455  -61.503  21.403 0.3000000119
24620  42.722  -69.716  17.141 0.3000000119
145758  44.229  -69.400  16.209 0.4000000060
143564  40.434  -69.294  18.804 0.3000000119
26526  38.571  -68.476  20.586 0.3000000119
24633  44.199  -70.243  16.020 0.5000000000
21820  41.288  -73.993  20.868 0.3000000119
24574  38.440  -70.951  20.929 0.3000000119
23671  39.701  -71.828  18.973 0.3000000119
144305  40.726  -70.240  18.239 0.3000000119
25556  40.888  -69.499  18.424 0.3000000119
22721  39.180  -72.577  20.887 0.3000000119
21807  40.137  -73.255  21.539 0.3000000119
25532  38.568  -69.355  20.576 0.3000000119
140734  38.347  -71.446  22.051 0.3000000119
25505  37.373  -69.428  23.886 0.3000000119
132237  37.012  -67.874  24.103 0.3000000119
26524  37.770  -68.669  21.710 0.3000000119
24504  38.215  -69.838  25.067 0.3000000119
27493  37.338  -67.678  22.580 0.3000000119
23726  46.825  -71.640  13.396 0.3000000119
22789  46.654  -72.324  13.532 0.4000000060
21877  45.223  -73.796  14.160 0.4000000060
137130  45.067  -72.935  14.254 0.4000000060
23727  46.389  -70.887  13.813 0.3000000119
22782  43.811  -72.970  14.905 0.4000000060
21879  43.653  -73.910  15.026 0.3000000119
22779  46.175  -71.720  13.932 0.4000000060
22781  44.587  -72.464  14.601 0.4000000060
22772  43.361  -72.456  15.384 0.3000000119
23719  45.769  -70.871  14.464 0.3000000119
133393  44.938  -71.404  14.843 0.4000000060
22771  44.107  -71.967  15.087 0.4000000060
24646  45.676  -69.964  14.711 0.3000000119
23720  45.230  -70.357  15.136 0.4000000060
23710  43.620  -70.958  15.893 0.4000000060
24645  46.088  -70.087  14.162 0.3000000119
25606  45.599  -69.512  14.320 0.3000000119
130082  45.412  -69.224  14.001 0.3000000119
25605  46.029  -69.703  13.805 0.3000000119
23709  44.394  -70.911  15.489 0.4000000060
22780  45.398  -72.019  14.306 0.4000000060
151039  51.069  -77.344  18.513 0.3000000119
20969  47.002  -74.314  13.270 0.3000000119
19012  48.640  -75.795  20.498 0.3000000119
19021  49.266  -76.488  19.752 0.3000000119
140966  50.887  -77.065  19.071 0.3000000119
18132  51.433  -76.790  18.380 0.3000000119
21889  46.818  -73.205  13.395 0.3000000119
20885  50.627  -74.474  21.255 0.3000000119
19927  51.461  -75.592  19.456 0.3000000119
19919  51.208  -75.042  20.161 0.3000000119
19925  51.965  -75.483  18.944 0.3000000119
146343  51.028  -74.869  17.885 0.3000000119
20970  46.050  -74.049  13.720 0.3000000119
20855  51.594  -73.848  22.807 0.3000000119
20884  51.403  -74.168  20.672 0.3000000119
20870  51.869  -73.461  22.114 0.3000000119
19917  51.689  -74.958  19.208 0.3000000119
19918  51.523  -75.144  19.581 0.3000000119
20906  51.428  -74.817  18.500 0.3000000119
22699  51.958  -72.693  22.018 0.3000000119
22711  51.492  -72.976  20.980 0.3000000119
21840  51.360  -74.235  18.929 0.3000000119
22728  51.341  -73.450  20.097 0.3000000119
20925  50.252  -74.829  17.793 0.3000000119
19950  48.576  -75.369  17.206 0.3000000119
19966  47.858  -75.900  16.582 0.3000000119
22684  51.913  -72.911  22.708 0.3000000119
20907  50.640  -74.371  18.364 0.3000000119
21841  50.986  -73.914  18.845 0.3000000119
20926  49.210  -74.782  17.826 0.3000000119
20956  45.463  -74.741  14.254 0.3000000119
128468  51.401  -72.515  21.584 0.3000000119
22685  51.634  -72.599  22.480 0.3000000119
22712  50.743  -72.470  20.862 0.3000000119
21827  51.180  -73.635  19.467 0.3000000119
20908  49.713  -74.295  18.430 0.3000000119
19951  47.443  -75.425  17.284 0.3000000119
19967  46.331  -75.912  15.846 0.3000000119
19994  45.719  -75.376  14.682 0.3000000119
20957  44.755  -74.490  14.617 0.3000000119
21888  47.810  -73.489  12.913 0.3000000119
22730  50.178  -72.783  20.100 0.3000000119
21843  49.158  -73.698  19.016 0.3000000119
20927  48.105  -74.876  17.925 0.3000000119
19019  51.355  -76.258  19.234 0.3000000119
19011  49.862  -75.817  20.158 0.3000000119
19020  50.406  -76.495  19.576 0.3000000119
12961  47.106  -83.767  12.447 0.3000000119
13857  48.203  -82.819  13.529 0.3000000119
13858  47.824  -83.119  13.391 0.3000000119
13859  46.956  -83.183  13.084 0.3000000119
13878  45.949  -82.926  12.604 0.3000000119
14685  48.561  -81.530  15.105 0.4000000060
14705  48.924  -81.881  14.511 0.4000000060
14706  48.679  -82.017  14.529 0.4000000060
14728  48.544  -82.321  13.565 0.3000000119
15540  49.738  -80.026  15.358 0.4000000060
15558  49.311  -80.910  15.259 0.4000000060
15630  48.487  -80.681  12.733 0.3000000119
15693  47.546  -80.050  6.816 0.3000000119
16454  50.310  -78.918  15.097 0.4000000060
16489  48.288  -79.941  11.970 0.4000000060
17315  50.958  -77.885  14.631 0.5000000000
18125  51.350  -76.728  18.801 0.3000000119
18156  51.421  -77.044  16.369 0.4000000060
18197  51.212  -76.658  14.170 0.4000000060
19010  50.844  -75.805  19.819 0.3000000119
19018  51.579  -76.208  18.741 0.3000000119
19026  51.635  -76.207  18.430 0.4000000060
19032  51.563  -76.100  17.631 0.4000000060
19042  51.242  -76.530  16.097 0.4000000060
19043  51.075  -76.348  15.957 0.4000000060
19055  51.199  -76.543  15.424 0.4000000060
19056  51.103  -76.423  15.345 0.4000000060
19058  48.914  -76.433  15.386 0.4000000060
19060  46.840  -76.119  15.186 0.4000000060
19072  51.259  -76.619  14.832 0.4000000060
19074  50.691  -76.404  14.047 0.4000000060
19122  50.681  -75.737  11.981 0.4000000060
19920  50.528  -75.002  20.522 0.3000000119
19926  51.647  -75.608  19.112 0.3000000119
19933  51.556  -75.531  18.476 0.4000000060
19934  51.706  -75.911  18.954 0.3000000119
19949  49.746  -75.326  17.126 0.4000000060
19982  45.999  -75.732  15.253 0.3000000119
19995  45.050  -75.109  14.808 0.3000000119
20011  49.222  -75.603  12.937 0.4000000060
20027  50.411  -75.268  12.457 0.5000000000
20883  51.491  -74.403  19.819 0.3000000119
20893  51.595  -74.648  19.127 0.3000000119
20897  41.326  -74.271  19.513 0.3000000119
20905  51.579  -75.133  18.611 0.3000000119
20923  51.384  -75.351  18.078 0.4000000060
20924  50.964  -74.924  17.853 0.3000000119
20958  44.145  -74.395  14.917 0.3000000119
20982  50.421  -74.619  11.961 0.4000000060
20996  50.301  -74.084  11.307 0.4000000060
21017  50.051  -73.983  10.465 0.4000000060
21050  44.791  -74.193  5.890 0.5000000000
21792  51.795  -73.258  22.980 0.3000000119
21803  52.093  -72.983  22.366 0.3000000119
21806  40.889  -73.513  21.486 0.3000000119
21815  51.504  -74.188  19.676 0.3000000119
21816  51.486  -73.724  20.310 0.3000000119
21822  39.735  -73.192  20.742 0.3000000119
21826  51.386  -73.877  19.592 0.3000000119
21828  50.605  -73.374  19.485 0.3000000119
21836  39.746  -73.125  19.972 0.3000000119
21842  50.169  -73.788  18.933 0.3000000119
21878  44.433  -73.577  14.600 0.4000000060
21904  50.003  -73.664  11.877 0.4000000060
21905  49.566  -73.294  12.141 0.4000000060
21945  49.591  -73.123  9.728 0.4000000060
21959  49.132  -72.766  9.265 0.5000000000
21973  46.353  -72.868  6.705 0.5000000000
22700  51.458  -72.382  21.988 0.3000000119
22706  39.903  -72.731  22.325 0.3000000119
22707  39.464  -72.814  21.552 0.3000000119
22708  38.865  -72.257  21.486 0.3000000119
22713  49.665  -72.281  20.618 0.3000000119
22729  50.949  -72.975  20.101 0.3000000119
22736  39.675  -72.601  19.500 0.3000000119
22790  45.869  -72.852  13.847 0.3000000119
22797  49.834  -73.141  11.738 0.4000000060
22835  49.537  -72.636  9.698 0.5000000000
22859  48.130  -71.861  7.877 0.6000000238
22860  47.474  -72.027  7.262 0.6000000238
22869  45.443  -73.108  5.960 0.5000000000
23624  38.634  -71.876  22.268 0.3000000119
23627  50.762  -72.263  21.549 0.3000000119
23649  38.866  -71.812  20.543 0.3000000119
23659  39.300  -71.291  19.603 0.3000000119
23736  48.948  -72.157  11.745 0.4000000060
23746  49.716  -72.596  10.957 0.4000000060
23754  49.537  -72.203  10.372 0.5000000000
23761  49.426  -72.152  9.643 0.4000000060
23769  49.059  -72.021  9.065 0.5000000000
23772  45.600  -71.387  7.627 0.4000000060
23779  47.620  -71.658  7.460 0.6000000238
23783  44.107  -72.252  7.272 0.4000000060
24521  38.601  -70.464  24.594 0.3000000119
24541  38.078  -70.834  23.640 0.3000000119
24549  38.145  -71.170  22.606 0.3000000119
24550  37.658  -70.350  22.829 0.3000000119
24561  38.179  -71.011  21.750 0.3000000119
24655  47.101  -70.915  12.630 0.4000000060
24674  48.942  -71.442  10.458 0.5000000000
24682  48.815  -71.210  9.647 0.5000000000
24690  48.416  -71.156  8.782 0.4000000060
24695  43.424  -70.321  9.388 0.5000000000
24712  47.397  -71.200  7.591 0.4000000060
25531  39.075  -69.621  19.870 0.3000000119
25542  39.828  -69.438  19.223 0.3000000119
25580  43.700  -68.887  16.432 0.5000000000
25592  45.207  -69.493  15.118 0.3000000119
25593  44.601  -68.944  15.403 0.4000000060
25607  45.068  -69.124  14.708 0.3000000119
25615  46.166  -69.704  13.284 0.3000000119
25616  45.799  -69.432  13.625 0.3000000119
25617  44.907  -69.110  13.914 0.4000000060
25619  42.850  -69.411  13.576 0.6000000238
25637  47.162  -70.156  11.575 0.3000000119
25639  45.045  -69.379  12.162 0.4000000060
25649  46.922  -69.864  10.481 0.5000000000
25661  46.638  -69.926  9.863 0.4000000060
25674  38.285  -69.915  9.168 0.5000000000
26496  37.236  -68.718  24.339 0.3000000119
26504  37.219  -68.476  23.383 0.3000000119
26523  38.131  -68.152  21.167 0.3000000119
26534  40.342  -68.671  19.048 0.4000000060
26547  41.979  -68.376  17.659 0.4000000060
26563  42.367  -68.355  16.308 0.6000000238
26569  44.088  -68.808  15.215 0.4000000060
26581  41.555  -68.784  12.750 0.6000000238
26590  41.778  -68.150  11.942 0.6000000238
26597  39.103  -68.111  10.227 0.5000000000
27473  37.018  -67.287  24.608 0.3000000119
27486  37.007  -67.404  23.378 0.3000000119
27495  38.106  -67.282  21.192 0.3000000119
27521  41.450  -67.773  17.763 0.4000000060
27527  41.763  -67.894  17.243 0.4000000060
27539  40.100  -67.560  14.595 0.5000000000
27543  40.391  -67.938  13.723 0.6000000238
27547  40.611  -67.479  13.011 0.6000000238
27556  41.711  -67.297  11.665 0.6999999881
27572  42.715  -67.580  8.620 0.6999999881
27585  42.200  -67.047  7.831 0.6999999881
28398  37.114  -66.645  22.678 0.3000000119
28441  39.792  -65.979  17.423 0.4000000060
28450  40.451  -66.908  16.870 0.6000000238
28458  39.844  -66.661  15.976 0.5000000000
28470  40.258  -66.093  13.289 0.6000000238
28483  42.080  -66.613  11.191 0.6999999881
28484  38.173  -66.392  11.647 0.4000000060
28485  37.125  -66.467  11.470 0.4000000060
28496  43.128  -66.071  8.788 0.6000000238
28503  42.698  -66.379  8.085 0.6999999881
28504  41.741  -66.276  8.019 0.6000000238
28508  42.407  -66.221  7.906 0.6000000238
29328  37.373  -65.379  21.824 0.3000000119
29339  38.849  -66.018  20.016 0.4000000060
29340  38.311  -65.673  20.697 0.4000000060
29370  39.363  -65.530  18.597 0.4000000060
29399  39.422  -65.934  15.300 0.5000000000
29405  39.499  -65.351  14.529 0.5000000000
29441  40.528  -65.030  9.265 0.6999999881
29446  43.586  -65.072  7.946 0.6000000238
29448  40.926  -65.426  8.830 0.6000000238
30358  38.505  -64.317  19.784 0.4000000060
30401  39.248  -65.025  15.992 0.5000000000
30418  39.864  -64.791  13.883 0.6000000238
30426  38.003  -64.037  12.394 0.6000000238
30434  38.602  -64.460  11.913 0.6000000238
30439  43.746  -63.817  9.033 0.6000000238
30440  43.185  -64.460  9.917 0.5000000000
30441  39.737  -64.241  10.437 0.6999999881
30455  43.245  -65.020  7.734 0.6000000238
30456  42.504  -65.124  7.871 0.6000000238
31318  37.272  -63.330  21.759 0.4000000060
31452  43.834  -63.582  8.169 0.5000000000
31453  43.380  -63.448  8.041 0.5000000000
31454  42.212  -63.713  8.302 0.6000000238
31455  41.234  -63.999  8.830 0.6000000238
32381  37.372  -62.591  21.590 0.3000000119
32402  37.658  -62.038  20.917 0.3000000119
32472  39.893  -62.892  13.863 0.4000000060
32511  41.622  -62.325  8.879 0.6000000238
32512  40.747  -62.563  9.266 0.6999999881
33524  39.123  -61.253  15.354 0.5000000000
33560  38.306  -61.391  12.583 0.5000000000
33561  37.493  -61.933  13.135 0.5000000000
33579  43.544  -61.182  9.245 0.6000000238
33589  43.574  -61.529  8.913 0.6000000238
33591  41.833  -60.993  9.072 0.6000000238
33597  42.686  -62.119  8.626 0.6000000238
34489  39.205  -60.107  11.297 0.6000000238
34497  43.377  -60.080  9.931 0.6000000238
35490  41.809  -59.160  12.231 0.6000000238
35501  42.871  -58.980  10.902 0.6000000238
35503  39.443  -59.407  10.929 0.6999999881
35510  43.264  -59.941  9.553 0.6000000238
35516  42.402  -59.501  9.259 0.6000000238
35517  41.334  -59.316  9.393 0.6000000238
36411  39.211  -58.086  11.963 0.5000000000
36420  42.623  -58.321  11.358 0.5000000000
37349  43.103  -57.381  9.852 0.6999999881
37350  43.227  -57.474  10.155 0.6999999881
37355  42.280  -57.874  9.370 0.6999999881
38379  40.779  -56.092  10.365 0.6000000238
38383  42.837  -56.640  9.754 0.6999999881
39394  42.971  -55.250  9.961 0.6999999881
39400  42.619  -55.397  9.671 0.6999999881
39401  42.185  -55.317  9.487 0.6000000238
39402  41.835  -55.954  9.473 0.6999999881
40350  38.557  -54.383  12.746 0.4000000060
40353  42.975  -54.457  10.146 0.5000000000
40360  41.634  -54.472  9.825 0.5000000000
125448  51.046  -76.477  13.483 0.5000000000
126280  39.675  -66.802  10.119 0.6000000238
126565  39.139  -64.775  17.306 0.5000000000
126680  41.351  -67.628  7.767 0.6000000238
126913  50.463  -75.378  11.274 0.4000000060
128133  43.025  -70.232  16.730 0.4000000060
128372  43.469  -69.448  16.727 0.4000000060
129415  51.173  -77.877  16.803 0.4000000060
129566  38.623  -70.156  20.551 0.3000000119
130567  39.156  -68.016  20.070 0.4000000060
130943  39.162  -64.395  15.341 0.5000000000
131314  40.748  -68.089  18.740 0.4000000060
131379  37.374  -61.040  21.764 0.3000000119
132353  39.695  -70.956  18.941 0.3000000119
132454  39.169  -63.045  14.984 0.5000000000
132859  40.481  -66.362  8.965 0.6000000238
133428  51.666  -73.300  21.411 0.3000000119
133673  42.514  -56.875  11.650 0.6000000238
134383  46.790  -75.842  16.563 0.3000000119
134545  41.439  -68.411  15.428 0.6000000238
134769  44.721  -69.208  15.648 0.4000000060
135304  41.063  -68.961  7.744 0.6999999881
135308  40.250  -68.060  19.226 0.4000000060
136036  41.492  -58.712  12.622 0.5000000000
136367  41.255  -65.835  12.158 0.6000000238
136506  51.175  -74.534  18.393 0.3000000119
136953  38.678  -56.978  13.135 0.5000000000
137039  37.367  -64.693  21.731 0.3000000119
137725  43.787  -64.624  8.118 0.6000000238
138957  42.282  -55.936  9.471 0.6999999881
139519  38.582  -63.465  17.168 0.5000000000
140197  42.617  -56.083  9.632 0.6999999881
141088  50.069  -78.980  17.709 0.3000000119
141209  51.567  -76.335  18.192 0.3000000119
141417  51.403  -77.248  17.244 0.4000000060
141563  45.220  -82.772  12.302 0.3000000119
141889  43.597  -60.990  9.048 0.6000000238
141963  39.529  -63.195  14.401 0.5000000000
142006  42.735  -62.282  10.555 0.5000000000
142633  50.004  -73.110  10.870 0.4000000060
143101  41.262  -56.187  9.785 0.6999999881
143355  51.690  -72.873  23.014 0.3000000119
143373  41.019  -60.204  12.782 0.4000000060
143478  40.839  -56.961  9.845 0.6999999881
144824  47.824  -70.907  8.176 0.4000000060
145631  37.917  -69.054  10.246 0.4000000060
146165  43.247  -61.548  9.954 0.5000000000
147155  42.994  -56.003  10.260 0.6000000238
147394  43.685  -71.625  15.511 0.4000000060
147461  38.354  -59.112  13.155 0.6000000238
147821  39.553  -66.095  14.532 0.6000000238
148241  49.845  -73.404  10.183 0.4000000060
148842  43.036  -66.042  9.994 0.6000000238
149274  46.851  -71.033  13.234 0.3000000119
149427  41.326  -68.182  12.483 0.6000000238
149522  38.512  -62.850  16.790 0.5000000000
149725  41.223  -55.758  9.913 0.6999999881
149915  42.611  -71.828  8.370 0.5000000000
150185  46.183  -69.503  11.582 0.5000000000
150643  38.870  -58.052  12.640 0.5000000000
150652  47.139  -73.067  8.755 0.6000000238
151394  51.466  -73.915  20.579 0.3000000119
