#!ascii label  , from subject sub-01 vox2ras=TkReg
1624
9434  28.060  -87.556  3.481 0.6999999881
8575  26.552  -88.469  4.187 0.8000000119
8559  26.120  -88.505  5.258 0.8000000119
8560  25.286  -88.814  5.445 0.6999999881
9444  27.236  -88.292  2.970 0.6000000238
9436  27.290  -88.149  3.430 0.6000000238
129738  25.545  -88.991  4.457 0.6000000238
8592  27.607  -88.364  2.575 0.6000000238
134574  26.986  -88.103  5.223 0.8000000119
138085  25.879  -88.487  6.316 0.6999999881
128613  25.045  -88.773  6.406 0.6999999881
147103  28.288  -87.423  2.768 0.6000000238
9424  27.475  -87.955  4.318 0.6999999881
9465  28.169  -88.174  2.210 0.6000000238
8610  28.545  -88.090  1.866 0.6000000238
8611  27.652  -88.819  2.289 0.6000000238
7208  28.302  -90.965  1.458 0.6000000238
138340  27.847  -90.086  1.820 0.6000000238
9398  28.087  -87.536  6.423 0.8000000119
9399  27.429  -87.737  7.119 0.8000000119
8546  26.537  -88.216  7.259 0.6999999881
8529  26.185  -88.197  8.134 0.6999999881
8530  25.413  -88.589  8.249 0.6999999881
9413  27.807  -87.751  5.399 0.8000000119
139503  26.755  -88.190  6.236 0.6999999881
9423  28.274  -87.457  4.629 0.6999999881
138527  27.436  -87.895  6.107 0.8000000119
8547  25.675  -88.569  7.315 0.6999999881
10323  28.712  -86.939  3.973 0.6999999881
9443  28.233  -87.757  2.441 0.6999999881
147935  28.874  -87.630  1.819 0.6000000238
9464  28.569  -87.612  2.100 0.6000000238
140200  28.635  -89.988  1.699 0.6000000238
146550  28.148  -89.289  1.919 0.6000000238
6518  29.442  -91.220  1.260 0.6000000238
5842  28.861  -93.103  0.481 0.6999999881
5168  29.311  -93.957  0.867 0.5000000000
135858  28.782  -93.781  0.635 0.6000000238
5161  28.076  -94.229  1.714 0.5000000000
9383  28.321  -87.101  7.326 0.8999999762
9385  26.874  -87.715  8.008 0.8000000119
9362  26.873  -87.080  8.480 0.6999999881
9412  28.557  -87.345  5.720 0.6999999881
147528  28.717  -87.158  6.589 0.8999999762
8513  25.751  -88.109  8.757 0.6999999881
10322  29.432  -86.478  4.392 0.8000000119
10307  29.061  -87.011  5.065 0.8000000119
130400  29.079  -86.418  3.528 0.8000000119
11263  29.486  -86.317  2.269 0.6999999881
10342  28.593  -86.840  3.079 0.6999999881
10362  28.707  -87.014  2.411 0.8000000119
10380  29.066  -87.106  1.963 0.8000000119
8609  29.226  -88.159  1.588 0.6999999881
148112  29.336  -88.829  1.561 0.6999999881
7867  29.625  -89.761  1.548 0.6000000238
6527  29.700  -92.646  0.778 0.6999999881
5167  29.934  -93.669  0.866 0.6999999881
9397  29.076  -86.675  7.014 0.8999999762
9384  27.569  -87.192  7.934 0.8000000119
146952  26.397  -86.990  8.799 0.6999999881
10306  29.891  -86.477  5.546 0.8000000119
9396  29.260  -86.908  6.143 0.8000000119
11262  30.138  -85.385  2.327 0.6999999881
11256  29.640  -85.696  2.779 0.6000000238
10341  29.123  -86.255  2.865 0.8000000119
10379  29.856  -86.775  1.781 0.8000000119
9463  29.528  -87.472  1.667 0.8000000119
8608  30.099  -88.824  1.478 0.6999999881
7866  30.790  -89.872  1.305 0.8000000119
7220  31.466  -90.829  0.951 0.8000000119
5833  30.600  -93.138  0.944 0.6999999881
6526  30.558  -92.103  0.913 0.6999999881
7207  30.530  -90.925  1.179 0.6999999881
5158  30.671  -93.504  1.388 0.6999999881
5841  29.699  -93.355  0.643 0.6999999881
12191  20.415  -83.925  4.633 0.6000000238
14011  21.302  -83.202  4.117 0.6000000238
13995  19.761  -82.785  4.462 0.6000000238
13996  19.149  -82.481  4.618 0.6999999881
10288  28.651  -86.315  7.602 0.8999999762
10271  27.385  -86.365  8.300 0.6999999881
12186  30.595  -85.169  3.768 0.6000000238
12212  30.782  -84.844  2.087 0.6000000238
11255  30.108  -85.045  3.019 0.6000000238
11266  30.151  -86.065  1.905 0.6999999881
140642  31.794  -86.690  1.361 0.6999999881
10378  30.793  -86.487  1.536 0.6999999881
12146  26.644  -84.624  6.410 0.6999999881
11220  25.963  -84.963  6.662 0.6999999881
9461  31.421  -87.440  1.326 0.8000000119
151011  27.179  -84.008  5.297 0.6000000238
12169  26.604  -84.305  5.451 0.6000000238
11221  25.219  -84.864  6.039 0.6999999881
136421  30.131  -88.022  1.455 0.6999999881
12147  25.909  -84.585  5.711 0.5000000000
11222  24.481  -85.223  6.357 0.6999999881
7884  31.769  -89.919  0.892 0.8000000119
8626  31.105  -89.027  1.254 0.8000000119
13085  26.608  -83.870  4.714 0.5000000000
12170  25.934  -84.256  4.799 0.5000000000
5840  31.469  -92.485  1.064 0.6999999881
13096  26.571  -83.289  4.318 0.5000000000
13990  26.656  -81.983  4.258 0.6000000238
13991  26.078  -82.794  4.072 0.5000000000
13097  25.231  -83.351  4.046 0.6000000238
12173  23.556  -84.373  4.592 0.6999999881
130006  21.792  -84.473  5.286 0.6999999881
13098  24.445  -83.814  4.136 0.6000000238
150454  23.318  -84.134  4.269 0.6000000238
13113  21.671  -83.550  4.171 0.6000000238
14005  26.022  -81.928  4.135 0.6000000238
13111  23.735  -83.651  3.992 0.6000000238
131657  23.090  -83.481  3.976 0.6000000238
14901  25.977  -81.165  4.436 0.5000000000
13110  24.470  -83.209  3.918 0.5000000000
14010  21.938  -83.134  4.048 0.6000000238
13994  20.615  -82.780  4.320 0.6000000238
14906  20.035  -82.133  4.781 0.6999999881
15747  19.544  -80.973  5.973 0.6000000238
15731  18.765  -81.049  6.398 0.6999999881
14007  24.414  -82.560  3.935 0.6000000238
14915  23.904  -82.078  4.111 0.6000000238
126881  21.895  -81.942  4.594 0.6000000238
14905  21.091  -81.880  4.885 0.6999999881
129811  21.042  -81.133  5.801 0.5000000000
10270  28.111  -85.982  7.989 0.8999999762
11247  30.743  -85.538  4.728 0.6000000238
10305  30.456  -85.919  5.424 0.6999999881
11188  27.551  -85.732  8.031 0.8000000119
133239  25.885  -86.927  9.052 0.6999999881
11189  26.770  -85.641  8.082 0.6999999881
11208  27.973  -85.370  7.675 0.8000000119
133234  30.745  -85.495  1.787 0.6999999881
12145  28.169  -84.315  6.601 0.8000000119
11209  26.703  -85.078  7.280 0.6000000238
13068  27.853  -83.805  5.791 0.6999999881
13083  28.270  -83.088  5.454 0.6000000238
8625  31.962  -89.096  1.028 0.8000000119
9479  32.106  -88.361  1.147 0.8000000119
7883  32.657  -89.921  0.595 0.8000000119
13978  27.733  -82.550  4.725 0.5000000000
7219  32.310  -90.796  0.708 0.8000000119
13095  26.958  -82.715  4.315 0.5000000000
15757  27.982  -80.156  4.438 0.5000000000
14899  27.371  -81.179  4.412 0.6000000238
13989  27.297  -82.059  4.392 0.6000000238
15758  27.209  -80.346  4.650 0.6000000238
15759  26.565  -80.553  4.769 0.6000000238
15707  20.062  -80.733  7.157 0.5000000000
14913  25.463  -81.750  4.217 0.5000000000
15729  20.462  -80.925  6.296 0.5000000000
137700  19.136  -80.579  6.823 0.6000000238
14903  24.251  -81.470  4.655 0.6000000238
127294  23.425  -81.605  4.585 0.6999999881
15762  23.121  -81.326  4.956 0.6999999881
14883  21.162  -81.291  5.467 0.6999999881
143370  25.885  -80.525  5.422 0.6000000238
15727  22.848  -81.317  5.465 0.6000000238
15742  25.388  -80.633  5.679 0.6999999881
15744  23.459  -81.285  5.300 0.6000000238
15726  23.760  -81.225  5.601 0.5000000000
10295  30.387  -85.836  6.156 0.6999999881
11206  30.040  -85.324  6.771 0.6999999881
10287  29.327  -85.877  7.258 0.6999999881
11207  28.659  -85.605  7.535 0.8000000119
12144  29.046  -84.370  6.824 0.6999999881
13067  28.695  -83.712  6.240 0.6999999881
13925  20.631  -81.748  8.779 0.5000000000
17417  28.804  -78.336  5.132 0.5000000000
125488  27.663  -79.472  4.765 0.6000000238
14832  20.409  -81.340  7.884 0.5000000000
17408  28.142  -78.804  5.416 0.5000000000
139728  29.090  -78.232  5.743 0.5000000000
16582  27.561  -79.345  5.141 0.6000000238
16594  26.513  -80.337  5.252 0.6000000238
14866  22.049  -81.367  6.058 0.5000000000
16572  29.455  -78.295  6.496 0.5000000000
16575  26.659  -80.108  5.765 0.6000000238
129227  27.867  -79.161  6.076 0.6000000238
11219  31.133  -84.784  6.061 0.6999999881
12142  30.599  -84.591  6.408 0.6999999881
12143  29.870  -84.493  6.696 0.6999999881
15706  25.790  -80.661  6.538 0.5000000000
16558  30.032  -78.615  7.211 0.5000000000
14863  24.814  -81.067  6.535 0.5000000000
128434  29.116  -79.013  7.061 0.5000000000
15722  27.409  -79.919  6.555 0.5000000000
15723  26.574  -80.119  6.155 0.5000000000
141687  25.263  -80.583  6.048 0.5000000000
14847  26.912  -81.184  7.588 0.5000000000
14829  26.656  -81.878  8.141 0.5000000000
15686  29.485  -80.288  8.290 0.5000000000
14846  27.467  -80.706  7.360 0.5000000000
15703  29.730  -79.500  7.785 0.5000000000
133642  28.022  -80.189  7.183 0.5000000000
15705  26.686  -80.591  6.906 0.5000000000
16559  28.267  -79.441  6.756 0.5000000000
128515  28.879  -80.733  8.158 0.5000000000
16532  20.745  -79.537  10.026 0.6000000238
16534  19.556  -79.643  9.467 0.6000000238
14795  21.405  -80.881  10.075 0.5000000000
16521  21.284  -79.329  10.398 0.6999999881
16522  19.807  -79.491  10.402 0.6000000238
15669  19.123  -79.730  9.716 0.6000000238
14785  18.710  -81.554  11.079 0.6999999881
16509  21.415  -79.057  10.806 0.6000000238
16510  20.576  -79.283  11.088 0.6999999881
15645  19.711  -79.876  11.074 0.6999999881
14797  18.335  -81.157  10.366 0.6999999881
14768  19.964  -81.552  12.273 0.8000000119
16508  22.205  -79.014  11.308 0.5000000000
16520  21.822  -79.138  10.717 0.5000000000
14783  20.137  -80.272  11.815 0.8000000119
15636  20.907  -79.592  12.097 0.6000000238
13868  20.042  -83.001  13.257 0.6999999881
15643  23.135  -79.566  11.706 0.5000000000
14782  22.826  -80.362  11.382 0.5000000000
13889  20.398  -82.134  13.025 0.6999999881
13890  19.869  -82.508  12.621 0.6999999881
14767  20.603  -80.937  12.690 0.6999999881
144426  21.516  -78.980  11.584 0.6999999881
12926  20.061  -83.260  14.021 0.6999999881
14744  20.843  -81.550  13.563 0.6999999881
16495  23.042  -79.121  12.181 0.6000000238
15635  21.575  -79.316  12.458 0.8000000119
143755  19.335  -76.651  12.049 0.6999999881
18210  19.194  -76.988  13.096 0.8000000119
16478  25.846  -80.141  12.701 0.4000000060
13828  20.159  -82.207  15.029 0.6999999881
132372  24.955  -79.776  12.218 0.5000000000
14720  20.760  -81.856  14.480 0.6999999881
16494  24.003  -79.493  12.283 0.6000000238
17347  23.844  -78.837  12.764 0.6000000238
15619  21.263  -80.406  13.129 0.6999999881
16496  22.297  -78.995  12.450 0.8000000119
15618  21.756  -79.864  13.515 0.8000000119
24630  16.074  -70.679  16.356 0.5000000000
23716  17.525  -70.946  15.549 0.5000000000
23725  17.361  -71.797  15.309 0.5000000000
21032  19.773  -75.980  8.377 0.5000000000
20066  20.729  -76.271  9.485 0.6000000238
21030  21.558  -75.556  8.464 0.6000000238
21015  19.131  -75.132  9.246 0.6000000238
20994  17.500  -74.496  12.739 0.6000000238
19128  19.986  -76.549  9.978 0.6999999881
20085  20.246  -76.167  8.624 0.6999999881
19120  20.073  -76.427  11.262 0.6999999881
19129  19.245  -76.759  10.468 0.6999999881
135528  20.129  -80.216  15.538 0.6999999881
17309  19.956  -78.703  15.442 0.6999999881
18193  19.982  -77.415  14.832 0.8000000119
16493  25.772  -79.805  12.234 0.5000000000
14694  20.521  -81.535  15.111 0.6999999881
125595  24.590  -79.157  12.410 0.6000000238
15574  21.086  -81.030  14.868 0.8000000119
16479  23.051  -78.827  13.092 0.6999999881
134201  21.798  -79.712  14.778 0.8000000119
15597  21.588  -80.243  14.464 0.8000000119
25590  17.049  -68.447  16.942 0.5000000000
25604  17.374  -69.174  16.297 0.6000000238
26567  18.206  -68.474  16.590 0.5000000000
142149  17.786  -69.962  15.787 0.6000000238
140155  18.038  -71.476  15.011 0.6000000238
22786  17.887  -72.269  14.750 0.6000000238
23735  18.487  -71.987  14.430 0.6000000238
21901  18.398  -73.681  13.518 0.5000000000
21957  21.830  -74.456  8.522 0.5000000000
21013  20.032  -74.819  8.848 0.5000000000
20083  22.385  -75.596  8.638 0.6000000238
21014  19.600  -74.011  9.986 0.6000000238
147330  18.369  -75.051  9.814 0.6999999881
143436  17.975  -74.249  12.974 0.6000000238
138174  21.945  -75.796  9.669 0.6000000238
20052  20.627  -76.270  10.670 0.6999999881
145559  19.155  -76.534  9.288 0.6999999881
19153  18.884  -76.113  8.853 0.6999999881
20067  18.367  -75.824  9.088 0.8000000119
21005  18.002  -74.815  10.898 0.6999999881
20051  21.349  -75.862  10.861 0.6999999881
20040  20.849  -75.925  11.814 0.6999999881
20039  21.682  -75.609  12.200 0.6999999881
134361  20.303  -76.168  12.602 0.8000000119
19107  21.494  -75.898  13.963 0.8000000119
19108  20.676  -76.180  13.719 0.8000000119
17346  25.309  -79.258  12.126 0.5000000000
18208  24.942  -77.482  13.017 0.6000000238
17307  21.308  -78.572  15.420 0.8000000119
18192  20.817  -77.172  15.075 0.8000000119
17332  24.428  -78.266  12.971 0.6999999881
17306  22.045  -78.403  15.127 0.8000000119
17333  23.412  -78.406  13.599 0.6999999881
17321  22.727  -78.396  14.415 0.6999999881
150629  22.706  -78.836  13.939 0.8000000119
25577  16.807  -68.193  17.713 0.4000000060
26553  17.698  -68.145  17.194 0.5000000000
24642  18.473  -69.729  15.596 0.4000000060
23724  18.713  -71.071  14.682 0.5000000000
22795  18.857  -72.718  13.921 0.5000000000
21029  22.443  -75.306  8.443 0.5000000000
21944  20.492  -73.726  9.721 0.6000000238
21930  20.374  -73.748  11.124 0.6000000238
21900  19.106  -73.573  13.356 0.6000000238
20082  23.429  -75.660  8.806 0.6000000238
21004  18.846  -74.466  10.447 0.6999999881
20993  17.904  -74.509  12.099 0.6999999881
20065  23.029  -75.783  9.391 0.6000000238
20024  21.121  -75.743  13.010 0.8000000119
19106  24.452  -76.684  13.539 0.6999999881
18178  22.689  -77.766  14.755 0.6999999881
140267  22.442  -77.058  14.880 0.8000000119
19089  22.025  -76.315  14.605 0.8000000119
17320  23.489  -77.843  14.106 0.6999999881
25562  17.813  -68.710  17.712 0.4000000060
24605  16.301  -68.992  18.587 0.4000000060
140668  15.984  -69.860  19.253 0.4000000060
25588  18.585  -68.541  16.800 0.5000000000
24616  18.567  -68.847  17.422 0.4000000060
24591  14.908  -69.196  19.542 0.5000000000
23734  19.299  -71.538  14.098 0.5000000000
22809  21.016  -72.592  12.934 0.5000000000
21899  19.926  -73.447  13.149 0.5000000000
137451  21.161  -71.645  12.793 0.5000000000
21918  19.344  -74.111  12.472 0.6999999881
133385  22.823  -75.613  10.500 0.6000000238
20023  21.953  -75.563  13.330 0.8000000119
19105  25.176  -76.730  12.776 0.6000000238
20020  24.553  -76.000  13.078 0.6000000238
19119  25.176  -76.135  12.265 0.6999999881
128413  24.429  -75.633  12.282 0.6999999881
19087  23.227  -76.321  14.257 0.6999999881
24556  14.599  -69.407  21.762 0.3000000119
24603  19.354  -70.132  17.491 0.4000000060
135125  18.234  -69.977  17.975 0.3000000119
24604  17.222  -69.576  18.346 0.4000000060
23686  16.582  -70.653  18.949 0.4000000060
24590  15.510  -70.219  19.820 0.4000000060
24579  14.996  -69.710  20.366 0.5000000000
25601  19.374  -69.500  15.881 0.4000000060
24569  15.127  -70.137  21.265 0.3000000119
24653  19.534  -70.028  14.586 0.4000000060
22808  21.780  -72.566  12.555 0.5000000000
24664  19.913  -70.493  13.888 0.4000000060
22807  22.443  -72.824  12.017 0.6000000238
24652  20.147  -70.074  14.261 0.4000000060
23743  22.394  -71.838  12.334 0.4000000060
23732  20.639  -71.512  13.077 0.5000000000
20038  22.618  -75.468  12.585 0.6999999881
20037  23.701  -75.507  12.993 0.6999999881
24570  14.326  -69.282  20.753 0.4000000060
23641  16.011  -71.275  20.756 0.4000000060
24555  15.644  -69.985  22.192 0.3000000119
24629  19.726  -69.604  16.651 0.3000000119
135290  20.586  -70.126  13.491 0.4000000060
135522  21.888  -70.539  12.331 0.4000000060
148545  20.815  -70.053  12.952 0.4000000060
23685  17.573  -71.396  18.652 0.3000000119
23666  16.865  -71.900  19.417 0.3000000119
23655  16.149  -71.453  20.105 0.4000000060
23640  16.627  -71.464  20.798 0.3000000119
24568  16.006  -70.835  21.385 0.3000000119
23684  18.797  -71.306  18.235 0.3000000119
126269  20.690  -70.315  15.541 0.3000000119
24662  21.065  -69.729  13.091 0.3000000119
24651  20.733  -70.076  13.943 0.3000000119
25627  21.795  -69.526  12.759 0.3000000119
23654  17.029  -72.101  20.174 0.3000000119
24567  17.169  -70.970  21.561 0.3000000119
22742  18.237  -72.527  19.229 0.3000000119
23639  17.604  -71.644  20.945 0.3000000119
24627  21.283  -71.000  15.979 0.3000000119
24639  22.422  -70.995  14.818 0.3000000119
24661  21.867  -69.515  13.117 0.3000000119
25517  15.043  -69.215  22.657 0.3000000119
22756  19.338  -72.238  18.513 0.3000000119
22741  18.995  -72.630  19.079 0.3000000119
23715  22.164  -71.360  15.754 0.3000000119
12171  25.196  -84.602  5.031 0.6000000238
12172  24.362  -84.413  4.624 0.6999999881
11236  23.016  -84.896  6.032 0.6999999881
12174  22.485  -84.576  5.183 0.6999999881
23733  20.032  -71.460  13.517 0.4000000060
21916  21.105  -73.406  12.198 0.6000000238
24554  16.787  -70.344  22.196 0.3000000119
131386  26.089  -88.982  3.794 0.6999999881
8548  24.851  -88.916  7.392 0.6999999881
6519  28.690  -92.108  0.942 0.6000000238
11248  29.807  -85.815  3.665 0.6000000238
10272  26.369  -86.430  8.608 0.6999999881
8607  31.130  -88.218  1.320 0.8000000119
145694  31.252  -91.666  0.968 0.6999999881
136295  31.979  -91.686  0.923 0.8000000119
14884  20.293  -81.332  5.373 0.6999999881
12188  25.176  -84.048  4.388 0.5000000000
12201  22.215  -83.872  4.262 0.6000000238
127904  18.316  -80.683  6.954 0.6000000238
15761  24.567  -81.120  5.160 0.6999999881
12125  27.510  -84.774  7.083 0.8000000119
13977  28.764  -82.187  5.159 0.5000000000
13988  27.919  -81.817  4.579 0.6000000238
16593  27.102  -79.924  5.014 0.6000000238
135639  21.473  -79.316  15.251 0.8000000119
3914  22.595  -95.708  7.209 0.4000000060
3896  22.860  -95.889  8.362 0.4000000060
4517  25.226  -94.356  5.022 0.3000000119
3332  22.177  -96.613  7.676 0.4000000060
143803  27.346  -92.268  5.300 0.4000000060
6468  26.973  -92.013  5.848 0.5000000000
5113  25.657  -93.209  6.044 0.5000000000
5789  26.717  -92.809  5.368 0.3000000119
149457  26.187  -92.994  5.688 0.4000000060
4512  23.902  -94.274  6.939 0.4000000060
5137  25.840  -93.962  4.763 0.3000000119
4518  24.535  -94.498  5.759 0.3000000119
4519  23.425  -95.027  6.479 0.3000000119
6480  27.952  -92.103  4.888 0.4000000060
6466  28.335  -91.258  5.067 0.4000000060
7157  27.980  -90.727  5.566 0.5000000000
145273  28.882  -92.087  4.357 0.3000000119
5136  26.674  -93.498  4.516 0.3000000119
4521  26.151  -94.154  3.891 0.4000000060
5135  27.522  -93.326  3.917 0.3000000119
5162  27.325  -94.401  2.312 0.4000000060
4528  26.467  -94.526  2.875 0.4000000060
7168  29.138  -91.023  4.702 0.4000000060
7167  29.954  -90.728  4.499 0.4000000060
6479  29.967  -91.853  4.046 0.4000000060
6478  30.743  -91.350  3.997 0.4000000060
7176  32.280  -90.523  3.782 0.5000000000
132199  28.142  -92.745  4.195 0.4000000060
146255  30.895  -92.211  3.534 0.4000000060
5151  26.961  -93.903  3.420 0.4000000060
5149  28.685  -93.543  2.858 0.5000000000
5810  29.839  -93.199  3.050 0.4000000060
5160  28.871  -93.949  1.773 0.4000000060
136651  28.489  -93.520  0.416 0.6000000238
139289  28.417  -94.182  0.912 0.4000000060
7175  33.015  -91.080  3.053 0.6000000238
6503  32.306  -92.501  2.616 0.6000000238
7188  32.921  -91.974  2.437 0.6000000238
5822  32.094  -93.088  1.981 0.6000000238
6502  32.624  -92.516  1.923 0.6999999881
5824  30.386  -93.599  2.170 0.5000000000
5823  31.293  -93.438  2.050 0.6000000238
6525  32.178  -92.355  1.201 0.6999999881
7186  34.921  -90.291  1.618 0.6999999881
7205  34.629  -90.620  1.086 0.6999999881
7187  33.662  -91.280  2.221 0.6000000238
7206  33.873  -91.122  1.308 0.6999999881
7882  33.419  -90.101  0.484 0.6999999881
8623  33.110  -89.495  0.580 0.6999999881
6516  33.271  -91.483  0.991 0.6999999881
7218  33.022  -90.791  0.555 0.6999999881
6524  32.627  -91.578  0.889 0.6999999881
7879  35.660  -89.525  0.589 0.5000000000
8622  34.647  -89.269  0.498 0.6000000238
7881  34.292  -90.083  0.538 0.6999999881
141738  33.730  -89.412  0.543 0.6000000238
9478  33.010  -88.655  0.884 0.6999999881
9459  33.268  -87.743  1.206 0.6999999881
7217  33.705  -90.733  0.719 0.6999999881
9460  32.355  -87.635  1.248 0.6999999881
9477  33.971  -88.518  0.787 0.6000000238
9457  35.334  -87.564  1.127 0.6000000238
151020  33.468  -87.141  1.392 0.6000000238
9458  34.198  -87.526  1.217 0.6000000238
12207  31.296  -84.290  2.383 0.5000000000
132144  24.329  -89.276  6.480 0.6000000238
10377  32.777  -86.807  1.415 0.6000000238
146025  32.202  -86.060  1.488 0.6000000238
12211  31.537  -84.858  1.875 0.5000000000
7763  23.951  -89.472  8.674 0.6000000238
8531  24.683  -89.056  8.441 0.6000000238
7780  24.153  -89.429  7.661 0.6000000238
10376  33.659  -86.496  1.576 0.6000000238
142115  32.230  -85.323  1.657 0.5000000000
140880  31.499  -85.781  1.563 0.5000000000
7745  23.242  -88.756  10.421 0.6000000238
9344  24.106  -87.997  10.308 0.6000000238
151116  24.129  -88.997  10.033 0.6000000238
7764  23.268  -89.751  9.169 0.6000000238
7750  24.297  -89.095  9.432 0.6000000238
9364  25.527  -87.633  9.257 0.6000000238
8514  25.045  -88.431  9.183 0.6000000238
11246  31.299  -84.900  5.324 0.6000000238
139787  32.874  -85.841  1.589 0.6000000238
136660  23.594  -87.649  10.298 0.6000000238
10274  24.106  -86.721  9.319 0.6000000238
10249  25.024  -86.999  9.424 0.6000000238
147806  25.077  -85.976  8.316 0.6000000238
149335  24.846  -86.545  9.150 0.6000000238
131725  26.101  -85.342  7.487 0.5000000000
10273  25.400  -86.362  8.875 0.6000000238
11190  25.720  -85.760  8.136 0.5000000000
7753  22.129  -88.943  9.836 0.6999999881
8492  22.738  -88.333  10.406 0.6000000238
11191  24.487  -86.185  8.484 0.6000000238
11211  24.688  -85.684  7.537 0.6000000238
11175  19.816  -86.198  9.535 0.6000000238
9345  22.900  -87.664  10.376 0.6000000238
10275  23.087  -86.566  9.267 0.6000000238
11212  23.773  -85.778  7.556 0.5000000000
10276  22.347  -86.298  9.426 0.6000000238
11193  22.789  -85.820  8.277 0.6000000238
11194  21.172  -85.611  9.204 0.6000000238
134025  20.286  -85.478  9.201 0.6000000238
10252  22.373  -87.013  10.034 0.6000000238
130698  24.134  -85.514  6.924 0.6000000238
11224  23.151  -85.452  7.035 0.5000000000
11225  22.441  -85.124  7.127 0.6000000238
11213  21.819  -85.224  8.248 0.5000000000
11214  20.803  -84.844  8.197 0.5000000000
11235  23.850  -84.844  5.404 0.6000000238
12126  21.562  -84.697  7.161 0.6000000238
147861  20.769  -84.491  7.041 0.6999999881
12127  19.906  -84.428  7.443 0.6999999881
12128  18.968  -84.209  7.285 0.6999999881
12129  18.138  -83.980  7.101 0.6999999881
12148  22.111  -84.648  6.129 0.6000000238
12176  20.533  -84.239  5.353 0.6999999881
12149  20.236  -84.329  6.233 0.6999999881
12150  19.356  -84.167  6.314 0.6999999881
12178  18.723  -83.867  5.343 0.6000000238
12175  21.203  -84.221  4.935 0.6000000238
13118  31.867  -83.602  2.713 0.5000000000
12199  30.843  -84.502  3.349 0.5000000000
14015  32.469  -82.867  3.106 0.5000000000
12198  31.218  -83.922  2.990 0.5000000000
134771  31.531  -83.927  3.960 0.6000000238
14919  33.677  -81.897  3.049 0.6000000238
14014  33.273  -82.618  2.828 0.6000000238
13109  31.878  -83.288  3.475 0.6000000238
132001  31.624  -84.161  5.003 0.6000000238
12168  31.407  -84.308  5.702 0.6000000238
14912  33.590  -81.088  3.328 0.5000000000
13987  32.268  -81.599  4.436 0.6000000238
13064  31.155  -84.045  6.150 0.6000000238
14895  32.862  -80.782  3.839 0.6000000238
14881  31.625  -81.606  5.108 0.5000000000
13975  31.288  -82.608  5.606 0.6000000238
13065  30.479  -83.760  6.322 0.6000000238
14896  32.054  -80.613  4.475 0.5000000000
13082  29.222  -83.061  5.883 0.5000000000
13964  29.870  -82.340  5.774 0.5000000000
13066  29.570  -83.765  6.411 0.6000000238
13963  30.609  -82.846  5.929 0.6000000238
5159  29.899  -93.893  1.405 0.6000000238
5832  31.595  -93.071  1.433 0.6999999881
12185  31.236  -84.754  4.373 0.5000000000
11223  23.727  -85.328  6.485 0.6000000238
134327  21.189  -84.416  6.017 0.6999999881
4524  23.811  -95.260  5.330 0.3000000119
5124  25.414  -93.899  5.544 0.3000000119
5125  24.841  -93.783  6.384 0.4000000060
5134  28.212  -93.260  3.515 0.4000000060
6477  31.474  -90.831  3.949 0.4000000060
5797  29.651  -92.604  3.677 0.3000000119
6491  31.615  -91.984  3.422 0.5000000000
6490  32.338  -91.613  3.246 0.6000000238
5811  29.002  -93.036  3.538 0.5000000000
5148  29.477  -93.588  2.447 0.5000000000
6501  33.187  -91.815  1.716 0.6000000238
11192  23.626  -86.249  8.522 0.6000000238
12152  17.201  -83.831  6.771 0.6000000238
14003  32.982  -81.885  3.480 0.6000000238
15766  33.462  -80.006  3.492 0.5000000000
146547  31.825  -83.287  4.651 0.6000000238
13094  31.888  -82.501  5.084 0.6000000238
15753  32.634  -79.626  3.853 0.5000000000
13976  30.710  -81.678  5.443 0.5000000000
2316  36.330  -99.094  16.251 0.4000000060
2315  36.790  -98.383  16.720 0.4000000060
142821  36.749  -97.920  15.636 0.5000000000
2740  34.399  -97.562  15.945 0.5000000000
2752  33.106  -97.031  14.970 0.5000000000
2343  32.039  -98.179  14.330 0.5000000000
2330  35.477  -98.731  14.920 0.5000000000
2318  35.097  -98.638  16.019 0.5000000000
2739  37.246  -97.663  16.521 0.4000000060
2728  37.807  -97.048  17.050 0.4000000060
2748  38.395  -96.577  15.664 0.5000000000
3893  26.982  -95.338  7.544 0.3000000119
3892  27.828  -95.248  7.400 0.3000000119
3319  25.890  -96.012  8.201 0.3000000119
3320  24.953  -97.050  8.239 0.3000000119
2319  34.400  -97.950  16.702 0.4000000060
2741  33.756  -96.934  16.359 0.5000000000
3231  32.295  -96.585  15.157 0.5000000000
131561  34.768  -99.106  17.069 0.4000000060
1907  35.717  -99.403  16.491 0.4000000060
2296  36.887  -98.169  17.581 0.3000000119
1886  35.670  -99.491  17.840 0.3000000119
3230  39.660  -96.065  15.096 0.4000000060
2719  37.820  -96.845  17.879 0.3000000119
3217  38.706  -96.345  16.545 0.4000000060
131750  39.422  -96.018  15.845 0.5000000000
3198  38.482  -96.118  18.242 0.3000000119
141382  27.340  -95.094  7.981 0.3000000119
3891  28.503  -95.356  7.599 0.3000000119
3894  24.493  -96.191  8.947 0.3000000119
3321  23.752  -96.989  8.762 0.3000000119
2306  34.049  -98.826  17.566 0.3000000119
2730  33.615  -97.558  17.287 0.4000000060
144517  34.396  -99.643  17.890 0.3000000119
2702  37.223  -97.297  19.026 0.3000000119
146520  40.630  -95.141  16.588 0.4000000060
3793  40.459  -95.556  14.739 0.4000000060
138858  39.249  -95.805  17.117 0.4000000060
3184  37.657  -96.463  19.203 0.3000000119
3874  27.814  -95.019  8.861 0.4000000060
3873  28.537  -95.318  8.401 0.4000000060
143377  29.273  -95.740  8.793 0.4000000060
135789  30.067  -96.089  8.994 0.4000000060
136035  30.942  -96.180  8.993 0.4000000060
3850  32.491  -95.715  9.362 0.5000000000
4490  26.140  -94.620  9.297 0.3000000119
3875  26.522  -95.109  8.493 0.3000000119
3876  25.289  -95.324  9.046 0.3000000119
3895  23.500  -96.090  8.878 0.3000000119
4502  23.197  -94.961  7.751 0.3000000119
1900  33.517  -99.579  18.312 0.3000000119
3758  40.875  -94.465  17.978 0.3000000119
3771  41.030  -94.698  16.381 0.3000000119
5010  40.693  -93.999  14.082 0.4000000060
5023  40.347  -94.196  12.985 0.4000000060
3737  37.262  -96.057  19.733 0.3000000119
3750  39.377  -95.297  18.664 0.3000000119
3183  38.385  -95.907  18.922 0.3000000119
3206  39.273  -95.611  17.828 0.3000000119
5072  36.296  -93.360  10.819 0.5000000000
128707  37.371  -93.143  11.034 0.5000000000
4450  27.969  -94.899  12.033 0.3000000119
3823  27.988  -95.171  11.094 0.3000000119
3838  27.422  -94.801  10.587 0.3000000119
3837  28.509  -95.446  10.426 0.3000000119
3854  28.641  -95.444  9.407 0.4000000060
4462  32.899  -94.999  10.830 0.5000000000
4461  33.847  -94.685  10.484 0.5000000000
3855  27.762  -95.006  9.839 0.3000000119
3853  29.579  -95.862  9.742 0.4000000060
3852  30.542  -95.980  9.764 0.4000000060
3833  32.299  -95.503  10.297 0.5000000000
3832  33.132  -95.229  9.903 0.5000000000
4491  24.919  -94.665  9.393 0.3000000119
3877  24.237  -95.354  9.090 0.3000000119
133737  23.595  -95.086  8.695 0.3000000119
4501  23.729  -94.255  8.062 0.3000000119
5114  24.323  -93.613  7.371 0.4000000060
4370  41.350  -94.064  17.464 0.3000000119
4998  40.784  -93.711  15.234 0.4000000060
138190  36.392  -95.920  20.160 0.3000000119
3735  39.054  -95.161  19.416 0.3000000119
3749  40.448  -94.632  18.715 0.3000000119
5024  40.126  -93.836  13.448 0.4000000060
3736  38.144  -95.586  19.520 0.3000000119
5038  39.431  -93.797  12.073 0.4000000060
130125  37.962  -93.235  11.559 0.5000000000
5709  36.849  -92.931  12.853 0.4000000060
5040  37.408  -93.116  12.135 0.5000000000
4417  28.067  -94.212  13.317 0.3000000119
5057  35.858  -93.022  11.391 0.5000000000
5732  37.177  -93.086  11.645 0.5000000000
3811  28.852  -94.986  12.356 0.3000000119
5059  34.033  -93.451  11.820 0.4000000060
5734  35.366  -92.584  12.040 0.5000000000
3824  27.235  -94.621  11.440 0.3000000119
3822  28.872  -95.421  11.430 0.4000000060
125413  29.843  -95.644  11.301 0.4000000060
4446  33.434  -94.326  11.416 0.5000000000
5058  34.911  -93.281  11.358 0.5000000000
4477  27.034  -94.505  10.028 0.3000000119
3836  29.332  -95.752  10.616 0.4000000060
3835  30.176  -95.852  10.550 0.5000000000
3820  31.548  -95.604  10.735 0.5000000000
4479  25.423  -94.125  9.789 0.3000000119
4480  24.628  -94.016  9.512 0.4000000060
5765  24.445  -92.909  8.821 0.3000000119
125684  23.921  -94.280  8.735 0.4000000060
5104  24.146  -93.607  8.362 0.4000000060
7224  25.063  -91.561  1.683 0.5000000000
5783  25.007  -93.056  6.849 0.3000000119
4338  35.807  -94.771  20.945 0.3000000119
3720  37.838  -95.106  20.116 0.3000000119
130823  40.112  -93.412  15.427 0.3000000119
3721  37.017  -95.248  20.342 0.3000000119
4999  39.145  -93.693  14.786 0.3000000119
5025  37.886  -93.422  12.804 0.5000000000
5698  36.379  -92.922  13.639 0.4000000060
5013  37.356  -93.510  13.728 0.3000000119
5030  28.119  -93.499  13.917 0.3000000119
5723  35.502  -92.352  12.694 0.5000000000
4431  28.245  -94.635  12.715 0.3000000119
5041  34.597  -92.612  12.166 0.4000000060
138513  34.937  -92.227  12.598 0.4000000060
3810  29.636  -95.231  12.027 0.4000000060
4449  30.944  -95.058  11.959 0.4000000060
146605  31.626  -94.742  12.086 0.4000000060
5060  33.098  -93.748  12.322 0.4000000060
4463  26.512  -94.217  10.759 0.3000000119
5074  25.709  -93.389  11.180 0.3000000119
4448  31.572  -95.159  11.449 0.4000000060
4447  32.424  -94.672  11.682 0.5000000000
134783  24.619  -92.680  9.472 0.3000000119
5764  24.805  -92.131  9.138 0.4000000060
5775  24.953  -92.209  8.247 0.4000000060
7223  25.690  -90.996  1.737 0.5000000000
5776  24.612  -92.893  7.823 0.4000000060
6449  25.634  -91.706  7.745 0.5000000000
6531  25.774  -91.867  1.279 0.5000000000
142380  37.510  -94.695  20.771 0.3000000119
7111  22.625  -90.183  8.518 0.5000000000
5699  35.589  -92.342  13.795 0.3000000119
129661  36.709  -93.509  14.373 0.3000000119
7781  23.418  -89.930  8.140 0.5000000000
7112  21.948  -90.087  8.633 0.6000000238
5703  28.338  -92.236  14.496 0.3000000119
5029  29.006  -93.679  14.122 0.3000000119
5031  27.503  -92.910  13.672 0.3000000119
4416  29.361  -94.256  13.457 0.3000000119
4415  30.190  -94.406  13.163 0.3000000119
130382  34.735  -91.916  13.123 0.4000000060
5711  35.103  -92.030  13.345 0.4000000060
8561  24.710  -89.072  5.686 0.5000000000
8549  21.161  -88.509  6.633 0.5000000000
4414  31.104  -94.471  12.721 0.3000000119
5044  31.687  -93.727  13.152 0.3000000119
147881  32.446  -93.542  12.877 0.3000000119
5713  33.517  -91.602  12.995 0.3000000119
8576  24.829  -89.264  4.900 0.5000000000
5736  25.394  -92.558  11.348 0.3000000119
148810  24.886  -92.584  10.327 0.3000000119
7837  25.462  -89.318  3.764 0.5000000000
5752  24.843  -92.192  9.980 0.3000000119
7189  25.534  -90.187  2.575 0.5000000000
6426  25.883  -90.970  9.147 0.4000000060
7871  26.250  -89.722  2.438 0.6000000238
7110  26.628  -90.598  8.688 0.4000000060
6439  26.076  -91.084  8.186 0.5000000000
7210  26.357  -90.319  1.930 0.5000000000
7126  27.551  -90.317  7.441 0.4000000060
6458  25.915  -91.951  6.891 0.3000000119
147269  25.613  -92.602  6.595 0.4000000060
7222  26.397  -91.134  1.460 0.6000000238
7789  30.632  -88.937  6.718 0.3000000119
137753  30.170  -88.994  6.183 0.4000000060
7141  27.509  -90.727  6.043 0.4000000060
6457  26.574  -91.607  6.478 0.3000000119
6529  27.320  -92.150  0.895 0.6000000238
6535  26.149  -92.572  0.641 0.5000000000
137489  32.098  -88.976  6.821 0.3000000119
8545  30.974  -88.689  6.084 0.5000000000
7799  29.705  -89.485  5.523 0.4000000060
7155  29.347  -90.127  5.036 0.4000000060
6534  26.782  -92.743  0.397 0.6000000238
8543  32.795  -88.770  6.509 0.3000000119
8544  31.971  -88.527  6.101 0.5000000000
7798  30.551  -89.187  5.381 0.4000000060
7819  30.152  -89.860  4.834 0.4000000060
8558  32.903  -88.435  5.733 0.4000000060
8574  32.359  -88.626  5.112 0.5000000000
7818  31.109  -89.769  4.612 0.4000000060
150863  31.720  -90.144  4.227 0.5000000000
7765  22.433  -89.626  9.422 0.6000000238
7782  21.535  -89.482  8.185 0.6000000238
6367  28.187  -91.500  14.054 0.3000000119
5017  28.653  -92.969  14.564 0.3000000119
5016  29.527  -93.055  14.524 0.3000000119
5028  29.917  -93.781  13.888 0.3000000119
7766  21.785  -89.196  9.179 0.6000000238
8532  21.195  -88.573  7.581 0.6000000238
6368  27.677  -91.830  13.491 0.3000000119
5027  31.407  -93.046  13.752 0.3000000119
5715  31.929  -92.236  13.690 0.3000000119
9386  20.937  -88.146  7.944 0.6000000238
7085  28.537  -90.946  12.071 0.3000000119
5026  32.211  -92.913  13.319 0.3000000119
9387  20.494  -87.800  7.937 0.6000000238
6409  25.301  -91.563  10.511 0.3000000119
9388  19.710  -87.499  8.011 0.6000000238
131702  19.409  -87.505  7.220 0.6000000238
9402  18.620  -87.364  6.878 0.5000000000
7791  28.708  -89.737  6.440 0.4000000060
141772  34.229  -88.582  5.180 0.4000000060
7816  32.808  -88.990  4.411 0.5000000000
7721  28.650  -89.753  14.078 0.3000000119
7058  28.755  -90.637  14.407 0.3000000119
6362  28.676  -91.560  14.632 0.3000000119
6361  29.216  -91.127  14.851 0.3000000119
127413  31.165  -92.112  14.229 0.3000000119
6366  32.199  -91.038  13.734 0.3000000119
6358  32.931  -90.160  13.754 0.3000000119
149629  22.987  -89.546  9.795 0.5000000000
7066  28.415  -90.588  13.715 0.3000000119
6378  28.051  -91.238  13.109 0.3000000119
8503  21.563  -88.123  9.651 0.5000000000
8515  21.301  -88.559  8.632 0.6000000238
7076  28.854  -89.848  12.315 0.3000000119
133421  32.978  -90.839  13.277 0.3000000119
9365  20.787  -87.955  8.902 0.6000000238
7740  29.550  -89.426  11.612 0.3000000119
9366  20.014  -87.547  8.900 0.6000000238
7108  28.563  -90.403  8.680 0.3000000119
141977  27.205  -90.377  9.196 0.3000000119
9367  19.156  -87.315  8.848 0.6000000238
9369  17.353  -87.022  8.553 0.6000000238
9347  20.520  -87.428  9.495 0.6000000238
10253  21.102  -87.159  9.905 0.5000000000
10254  20.142  -86.837  9.605 0.6000000238
9348  19.633  -87.138  9.332 0.6000000238
9349  18.796  -86.923  9.217 0.6000000238
9368  18.259  -87.194  8.786 0.6000000238
128539  16.887  -86.496  8.768 0.6000000238
10278  17.904  -86.615  9.136 0.6000000238
9346  22.073  -87.728  10.152 0.5000000000
10277  21.534  -86.499  9.839 0.5000000000
10255  19.351  -86.658  9.441 0.5000000000
10257  18.132  -86.063  9.356 0.6000000238
11215  15.032  -84.640  7.989 0.5000000000
12153  16.271  -83.869  7.085 0.6000000238
12131  16.003  -84.469  8.038 0.6000000238
144256  15.522  -84.008  7.303 0.6000000238
12132  14.268  -84.524  7.377 0.6000000238
11174  20.588  -86.371  9.729 0.5000000000
11196  18.973  -85.045  8.886 0.5000000000
11197  18.151  -85.391  9.080 0.5000000000
11198  17.321  -85.887  9.129 0.6000000238
12115  18.381  -84.548  8.200 0.6000000238
12116  17.487  -84.899  8.602 0.5000000000
12118  15.766  -85.369  8.531 0.5000000000
140548  17.632  -84.260  7.768 0.6000000238
12177  19.721  -84.118  5.306 0.6000000238
13072  14.556  -83.155  6.431 0.5000000000
11125  17.062  -85.750  13.684 0.5000000000
131035  21.942  -85.799  9.150 0.5000000000
148039  19.481  -85.523  9.262 0.5000000000
12114  19.233  -84.550  8.130 0.6000000238
127900  16.145  -83.656  14.302 0.5000000000
128165  15.488  -84.392  14.319 0.6000000238
12930  17.056  -84.003  14.618 0.6000000238
12929  17.982  -84.147  14.619 0.6000000238
12028  16.040  -85.342  14.476 0.5000000000
11110  17.807  -85.184  13.637 0.5000000000
11134  17.445  -85.554  13.031 0.5000000000
149036  13.902  -82.052  6.576 0.5000000000
13966  14.180  -82.415  6.431 0.5000000000
18194  19.278  -77.804  14.499 0.6000000238
18211  18.724  -77.617  13.481 0.6999999881
16464  18.667  -79.182  14.801 0.6000000238
16481  18.020  -78.954  13.901 0.6999999881
15621  16.399  -80.558  13.490 0.6000000238
14745  15.474  -81.694  13.547 0.6000000238
15599  18.057  -80.467  14.513 0.6000000238
15620  17.296  -80.136  13.836 0.6000000238
17322  19.251  -78.513  14.986 0.6000000238
129347  18.547  -79.979  14.886 0.6000000238
14722  17.586  -81.883  14.579 0.6000000238
14723  16.448  -81.582  13.903 0.5000000000
12950  15.097  -83.171  13.888 0.6000000238
16447  19.317  -79.922  15.374 0.6000000238
14721  18.245  -81.297  14.890 0.6000000238
144191  16.746  -83.227  14.449 0.5000000000
13851  15.990  -82.563  14.012 0.6000000238
14696  19.167  -81.512  15.339 0.6000000238
129444  17.536  -83.384  14.701 0.6000000238
13829  19.471  -82.280  15.171 0.6000000238
129021  18.306  -83.452  14.756 0.6000000238
145097  18.525  -84.415  14.315 0.6000000238
12038  18.246  -84.876  13.190 0.5000000000
11146  16.311  -85.575  11.990 0.5000000000
12072  16.757  -84.670  11.761 0.5000000000
148357  16.335  -84.025  11.277 0.5000000000
129400  15.385  -83.094  10.488 0.5000000000
16482  17.392  -79.426  13.490 0.6000000238
16483  16.506  -79.750  13.147 0.6999999881
14695  19.995  -81.588  15.370 0.5000000000
12927  19.454  -83.691  14.255 0.6000000238
130779  18.780  -84.241  13.059 0.6000000238
12055  17.783  -85.021  12.674 0.5000000000
12995  17.999  -83.814  11.952 0.6000000238
12996  17.097  -83.685  11.464 0.5000000000
13905  17.795  -82.984  11.432 0.6000000238
13017  16.218  -83.155  10.742 0.6000000238
20063  25.707  -76.136  9.245 0.4000000060
134712  17.957  -77.445  11.680 0.6999999881
18235  15.188  -77.259  10.775 0.5000000000
17366  14.601  -77.717  11.434 0.5000000000
129702  25.672  -76.242  10.341 0.6000000238
20064  24.656  -75.738  10.502 0.5000000000
17365  15.507  -78.040  11.253 0.6000000238
17351  14.792  -78.617  11.826 0.5000000000
20036  25.660  -76.387  11.412 0.5000000000
18222  18.589  -77.210  12.332 0.6000000238
18224  17.300  -77.844  11.601 0.8000000119
17349  17.272  -78.473  12.368 0.8000000119
16484  15.477  -80.012  12.815 0.6999999881
148369  19.086  -83.789  12.928 0.6000000238
12994  18.355  -83.226  11.909 0.6000000238
18236  14.476  -77.172  11.177 0.5000000000
140162  24.003  -75.769  9.434 0.5000000000
18243  17.643  -76.922  9.907 0.6999999881
146340  14.104  -77.786  12.307 0.5000000000
19139  27.423  -76.780  9.796 0.4000000060
19141  26.610  -76.738  9.757 0.4000000060
18242  27.360  -77.571  10.316 0.4000000060
18231  27.152  -78.064  10.726 0.5000000000
144241  26.239  -78.604  11.655 0.4000000060
19131  15.532  -76.687  10.530 0.5000000000
19112  14.232  -77.082  12.182 0.5000000000
20080  25.665  -75.750  8.747 0.3000000119
20081  24.575  -75.663  8.900 0.3000000119
18244  16.749  -77.052  10.023 0.6000000238
133920  27.773  -77.794  10.912 0.4000000060
145293  27.621  -78.313  11.385 0.4000000060
18221  25.481  -78.496  12.174 0.4000000060
20069  16.684  -76.017  9.927 0.6000000238
19143  18.157  -76.315  9.352 0.6000000238
17344  26.851  -79.088  11.791 0.4000000060
20054  15.965  -75.991  10.585 0.5000000000
20042  15.096  -75.911  12.048 0.5000000000
21027  27.438  -74.259  9.052 0.3000000119
20089  25.916  -75.218  8.316 0.3000000119
20090  24.819  -75.278  8.458 0.3000000119
21042  23.918  -75.168  8.443 0.4000000060
17331  26.987  -79.284  12.513 0.3000000119
17345  26.230  -79.256  11.866 0.4000000060
16477  26.393  -79.796  13.062 0.4000000060
21971  25.118  -74.230  8.390 0.4000000060
20053  17.127  -75.335  10.467 0.6000000238
20041  16.013  -75.326  12.373 0.4000000060
21972  24.150  -74.588  8.458 0.4000000060
137849  26.992  -72.613  10.829 0.3000000119
22831  27.414  -72.667  9.714 0.3000000119
21007  16.448  -75.277  11.395 0.5000000000
129194  22.680  -74.265  8.565 0.4000000060
21943  21.412  -73.536  9.544 0.4000000060
21929  21.274  -73.419  10.968 0.5000000000
147911  23.029  -73.391  9.229 0.4000000060
141591  22.237  -73.095  10.865 0.4000000060
137775  24.411  -69.659  11.716 0.3000000119
24681  23.485  -70.151  11.883 0.3000000119
23752  24.433  -71.054  11.173 0.3000000119
146730  22.800  -70.923  12.096 0.3000000119
24672  22.217  -69.871  12.399 0.3000000119
25564  16.018  -68.178  18.176 0.4000000060
143366  24.190  -69.058  12.136 0.3000000119
5712  34.132  -90.998  13.780 0.3000000119
7127  26.795  -90.665  7.756 0.4000000060
22833  23.789  -72.525  10.497 0.3000000119
13904  18.465  -82.531  11.541 0.6000000238
25552  14.768  -68.959  19.014 0.4000000060
19118  25.866  -76.937  11.852 0.5000000000
22821  23.253  -72.378  11.475 0.3000000119
6456  27.101  -91.280  6.108 0.3000000119
7800  28.922  -89.804  5.720 0.4000000060
150830  19.199  -86.135  9.487 0.5000000000
2305  36.416  -99.016  17.079 0.4000000060
2329  35.932  -99.095  15.296 0.5000000000
2768  32.158  -97.303  14.642 0.5000000000
3247  38.904  -96.378  14.702 0.5000000000
1898  35.442  -99.507  17.276 0.4000000060
3216  39.773  -95.643  16.494 0.4000000060
3245  40.703  -95.208  14.056 0.4000000060
140550  27.186  -94.875  8.648 0.4000000060
3872  29.148  -95.637  7.973 0.4000000060
3871  30.420  -96.124  8.287 0.4000000060
2731  32.611  -97.468  17.749 0.3000000119
3185  37.071  -96.949  19.431 0.3000000119
3759  40.179  -95.215  17.328 0.3000000119
4392  41.149  -94.310  15.820 0.4000000060
4403  40.827  -94.423  14.082 0.4000000060
4489  27.068  -94.629  9.397 0.3000000119
4478  26.355  -94.267  9.927 0.4000000060
150158  41.186  -93.935  15.793 0.4000000060
138670  39.963  -93.928  12.672 0.4000000060
4445  34.209  -94.038  11.172 0.5000000000
7212  25.111  -90.881  2.208 0.5000000000
4492  24.193  -94.558  9.125 0.4000000060
3718  39.623  -94.548  20.045 0.3000000119
5011  40.247  -93.619  14.443 0.4000000060
134163  39.113  -93.708  12.863 0.4000000060
5039  38.434  -93.431  12.054 0.5000000000
5722  36.463  -92.771  12.395 0.5000000000
4430  29.543  -94.784  12.774 0.3000000119
4433  26.433  -93.775  11.841 0.3000000119
4464  25.657  -93.744  10.363 0.3000000119
5086  24.928  -93.518  9.949 0.3000000119
146061  38.090  -93.946  15.073 0.3000000119
151086  38.352  -93.674  13.496 0.4000000060
5042  33.799  -92.609  12.475 0.3000000119
8594  26.388  -89.195  2.814 0.5000000000
6440  25.405  -91.582  8.668 0.4000000060
5002  35.689  -93.600  15.436 0.3000000119
6377  34.142  -91.373  13.330 0.3000000119
141503  30.084  -89.240  7.035 0.4000000060
140597  27.672  -90.374  6.647 0.4000000060
7142  27.041  -90.871  6.785 0.4000000060
7775  32.662  -89.800  7.004 0.3000000119
6360  30.041  -91.352  14.824 0.3000000119
7779  28.959  -89.666  7.115 0.3000000119
6359  31.203  -90.882  14.397 0.3000000119
134475  32.142  -90.202  14.073 0.3000000119
7083  29.945  -90.075  10.844 0.3000000119
11199  16.352  -86.029  8.859 0.5000000000
12130  16.875  -84.306  7.920 0.6000000238
17348  18.054  -78.347  13.294 0.6999999881
17350  16.106  -78.726  11.901 0.6999999881
18223  18.015  -77.816  12.497 0.6999999881
18234  16.348  -77.575  10.767 0.6000000238
20078  27.267  -74.983  8.721 0.3000000119
21039  26.943  -74.221  8.404 0.3000000119
8593  26.837  -88.693  2.860 0.5000000000
7204  35.441  -90.077  0.965 0.6000000238
11195  19.806  -84.859  8.610 0.4000000060
13071  15.530  -83.359  6.470 0.5000000000
13101  18.644  -83.429  4.764 0.5000000000
143136  17.868  -83.354  5.223 0.5000000000
13070  16.526  -83.399  6.148 0.5000000000
13088  15.090  -82.680  6.285 0.5000000000
13087  16.027  -82.751  6.091 0.5000000000
137508  20.014  -83.361  4.411 0.5000000000
14872  14.352  -82.055  6.572 0.4000000060
13979  18.350  -82.878  4.762 0.5000000000
13980  17.487  -82.757  5.376 0.5000000000
14889  15.771  -82.233  6.377 0.5000000000
146715  14.419  -81.734  6.859 0.5000000000
14886  18.004  -82.209  5.349 0.6000000238
14887  17.179  -82.151  5.761 0.5000000000
14871  15.141  -81.957  6.620 0.5000000000
13916  15.602  -82.464  10.147 0.5000000000
14868  17.897  -81.444  6.204 0.6000000238
140824  14.537  -81.503  8.954 0.5000000000
13926  15.025  -81.944  9.510 0.5000000000
14869  16.881  -81.672  6.397 0.6000000238
15692  14.967  -81.305  7.726 0.6000000238
127329  13.839  -81.212  8.171 0.5000000000
15748  18.709  -81.578  5.659 0.6000000238
15732  17.413  -81.056  7.030 0.6000000238
15733  16.455  -81.405  7.051 0.6000000238
14812  15.468  -81.538  9.076 0.6000000238
15711  16.980  -81.103  7.726 0.6000000238
14800  15.992  -81.922  9.677 0.5000000000
140054  17.039  -82.622  10.814 0.5000000000
15690  16.455  -81.157  8.221 0.6000000238
15691  15.430  -81.250  8.142 0.6000000238
13869  14.965  -82.162  13.499 0.5000000000
15637  14.638  -80.097  12.677 0.5000000000
15622  15.295  -80.831  13.169 0.5000000000
13914  17.903  -82.035  10.700 0.6000000238
144923  17.607  -80.773  8.405 0.6000000238
14798  17.756  -81.284  10.046 0.6000000238
125602  16.949  -81.103  8.771 0.6000000238
14810  17.382  -81.144  9.431 0.6000000238
129153  17.762  -80.765  9.036 0.6000000238
21941  23.884  -73.017  9.550 0.3000000119
25591  16.135  -68.659  17.364 0.3000000119
7836  33.051  -89.879  3.714 0.4000000060
138700  33.644  -90.557  2.936 0.5000000000
5846  27.256  -93.204  0.169 0.5000000000
6528  27.976  -92.565  0.598 0.5000000000
7174  34.293  -90.461  2.358 0.4000000060
6520  27.781  -91.676  1.148 0.4000000060
7865  35.907  -89.608  0.760 0.4000000060
7869  27.653  -89.384  2.079 0.4000000060
7870  27.002  -89.533  2.135 0.4000000060
7209  27.064  -90.307  1.714 0.4000000060
145020  27.546  -90.828  1.490 0.4000000060
9455  37.425  -88.082  0.957 0.4000000060
8620  36.690  -88.266  0.738 0.4000000060
9475  35.905  -88.357  0.648 0.4000000060
8585  26.677  -88.588  3.370 0.4000000060
8606  37.057  -88.814  0.901 0.4000000060
7878  36.243  -89.092  0.571 0.4000000060
135156  34.561  -86.829  1.575 0.5000000000
15709  18.760  -80.313  7.548 0.5000000000
15708  19.458  -80.373  7.394 0.5000000000
15689  18.509  -80.274  8.313 0.5000000000
15688  19.184  -80.112  8.198 0.5000000000
14809  20.252  -80.723  8.778 0.5000000000
15670  18.413  -80.268  9.037 0.5000000000
15667  20.504  -79.985  9.485 0.5000000000
16499  14.666  -79.442  12.360 0.4000000060
126440  14.158  -78.915  12.347 0.4000000060
16546  19.592  -79.895  8.924 0.5000000000
145948  18.285  -80.565  9.702 0.5000000000
7216  34.931  -90.251  0.750 0.5000000000
7864  36.635  -89.313  0.970 0.4000000060
9456  36.302  -87.707  1.006 0.4000000060
129600  32.941  -97.777  14.509 0.4000000060
2342  32.864  -98.555  14.097 0.4000000060
137683  31.850  -101.044  10.156 0.4000000060
2767  33.844  -97.757  14.687 0.4000000060
2341  34.195  -98.530  14.015 0.4000000060
1603  32.660  -99.881  10.779 0.4000000060
2359  33.675  -98.817  13.639 0.4000000060
2816  33.479  -97.859  10.006 0.4000000060
1968  32.793  -99.165  10.615 0.4000000060
141620  33.511  -100.356  11.582 0.4000000060
2339  35.669  -98.693  14.395 0.5000000000
2340  35.027  -98.803  13.922 0.5000000000
2356  35.594  -98.436  13.672 0.4000000060
2357  35.177  -98.873  13.165 0.4000000060
1958  34.200  -99.730  11.649 0.4000000060
139445  36.389  -98.565  15.326 0.5000000000
2765  36.624  -97.801  15.182 0.5000000000
2338  36.133  -98.498  14.667 0.5000000000
138016  35.265  -98.576  12.768 0.4000000060
1937  34.630  -99.464  12.400 0.4000000060
3262  35.724  -96.658  13.722 0.4000000060
2783  35.565  -97.796  13.428 0.4000000060
3284  35.635  -96.246  11.359 0.4000000060
3298  34.689  -96.657  11.038 0.4000000060
3286  34.318  -97.239  11.647 0.4000000060
2370  34.594  -99.188  11.855 0.4000000060
1957  34.498  -99.675  11.845 0.4000000060
2809  33.978  -97.355  10.683 0.4000000060
2797  33.455  -98.047  10.880 0.4000000060
3271  35.790  -95.985  13.227 0.5000000000
3272  35.116  -96.797  12.979 0.4000000060
2788  35.236  -98.212  12.747 0.4000000060
2364  35.104  -98.823  12.422 0.4000000060
128115  36.413  -95.836  12.208 0.5000000000
146782  35.392  -96.095  12.420 0.4000000060
3285  34.808  -96.575  12.023 0.4000000060
2789  34.688  -98.325  12.177 0.4000000060
3296  37.812  -96.372  9.794 0.3000000119
3305  38.079  -96.043  8.976 0.3000000119
3295  38.543  -95.712  9.812 0.4000000060
127175  38.294  -96.102  10.618 0.3000000119
149739  39.351  -95.288  10.693 0.4000000060
3294  39.131  -95.729  10.749 0.4000000060
3866  36.341  -95.349  7.468 0.3000000119
136739  37.515  -95.151  8.109 0.4000000060
3847  38.350  -95.417  9.128 0.4000000060
3845  38.985  -94.860  10.152 0.4000000060
4487  37.178  -94.773  8.373 0.4000000060
4473  38.310  -94.435  9.312 0.4000000060
5083  38.606  -94.122  10.022 0.4000000060
5053  39.588  -94.117  11.617 0.3000000119
134197  37.101  -96.306  10.937 0.3000000119
3818  39.844  -94.772  11.511 0.3000000119
3281  39.434  -95.801  11.709 0.4000000060
4488  36.351  -94.993  8.176 0.4000000060
4444  39.550  -94.497  11.201 0.3000000119
5084  38.056  -93.790  9.826 0.4000000060
5070  37.729  -93.361  10.470 0.4000000060
5069  38.746  -93.833  10.612 0.4000000060
3283  37.642  -96.140  11.523 0.4000000060
3282  38.637  -96.123  11.525 0.4000000060
3867  35.504  -95.275  7.764 0.4000000060
5037  40.050  -94.165  12.282 0.3000000119
3848  34.555  -95.181  8.792 0.4000000060
4476  34.668  -94.754  9.735 0.4000000060
129946  35.543  -94.299  9.851 0.4000000060
133905  37.441  -94.218  9.244 0.4000000060
145697  36.658  -95.786  13.176 0.4000000060
3269  38.815  -96.133  12.539 0.4000000060
3802  40.342  -95.239  12.800 0.3000000119
3268  39.727  -95.769  12.663 0.4000000060
3808  40.394  -94.674  12.678 0.3000000119
3849  33.506  -95.487  8.830 0.4000000060
3869  32.708  -95.786  8.364 0.4000000060
145122  33.917  -95.095  9.576 0.4000000060
4460  34.781  -94.142  10.567 0.4000000060
4459  36.478  -93.837  10.026 0.4000000060
3249  36.970  -96.750  15.010 0.4000000060
3246  39.955  -96.026  14.241 0.3000000119
2749  37.300  -97.414  15.982 0.4000000060
3261  36.524  -96.221  14.069 0.4000000060
3248  37.940  -96.667  15.151 0.4000000060
138286  37.803  -96.361  14.443 0.4000000060
3260  39.115  -96.191  13.655 0.4000000060
11264  34.122  -85.962  1.954 0.4000000060
4475  35.484  -94.832  8.911 0.4000000060
1581  34.423  -99.990  11.874 0.4000000060
1897  35.997  -99.411  17.349 0.4000000060
1899  34.830  -99.697  17.768 0.3000000119
1906  35.996  -99.461  16.657 0.4000000060
1908  35.206  -99.396  16.965 0.4000000060
1916  36.006  -99.377  15.952 0.4000000060
1948  35.000  -99.015  12.341 0.4000000060
1949  34.744  -99.444  12.065 0.4000000060
1956  34.852  -99.195  12.127 0.4000000060
2317  35.739  -99.244  15.907 0.5000000000
2327  36.661  -98.377  15.963 0.4000000060
2328  36.214  -99.017  15.584 0.5000000000
2358  34.515  -99.086  13.272 0.4000000060
2371  33.712  -98.970  11.362 0.4000000060
2383  33.130  -98.565  10.666 0.4000000060
2738  37.830  -96.933  16.350 0.4000000060
2742  33.058  -96.647  16.990 0.4000000060
2750  34.547  -97.978  15.178 0.5000000000
2751  33.807  -97.182  15.457 0.5000000000
2764  37.275  -97.121  15.583 0.4000000060
2766  34.612  -98.441  14.479 0.5000000000
2782  36.158  -97.435  14.396 0.4000000060
2796  33.877  -98.102  11.543 0.4000000060
3170  36.506  -96.866  19.786 0.3000000119
3199  37.769  -96.700  18.613 0.3000000119
3207  38.538  -96.321  17.451 0.4000000060
3208  32.049  -96.581  17.278 0.3000000119
3218  33.165  -96.565  15.696 0.5000000000
3259  40.239  -95.659  13.414 0.4000000060
3270  37.640  -96.026  12.414 0.4000000060
3273  34.713  -97.325  12.357 0.4000000060
3322  22.791  -96.810  8.538 0.4000000060
3719  38.727  -94.868  20.090 0.3000000119
3734  40.001  -94.682  19.339 0.3000000119
3779  40.955  -94.718  14.850 0.4000000060
3780  40.551  -95.365  15.691 0.4000000060
3801  40.660  -94.848  13.332 0.3000000119
3809  40.062  -95.198  12.034 0.3000000119
3817  40.133  -94.596  12.141 0.3000000119
3819  32.150  -95.194  11.000 0.5000000000
3821  30.303  -95.326  11.794 0.4000000060
3830  39.451  -94.886  10.705 0.4000000060
3831  39.051  -95.263  10.280 0.4000000060
3834  30.924  -95.823  10.448 0.5000000000
3846  38.685  -95.144  9.641 0.4000000060
3851  31.521  -95.923  9.813 0.5000000000
3863  38.410  -94.977  9.033 0.4000000060
3864  37.935  -95.395  8.475 0.4000000060
3865  36.929  -95.249  7.795 0.3000000119
4337  36.744  -94.678  20.962 0.3000000119
4369  41.279  -93.787  16.938 0.3000000119
4380  41.282  -94.166  16.686 0.3000000119
4391  41.220  -93.876  16.286 0.4000000060
4413  40.534  -94.367  13.256 0.4000000060
4427  40.237  -94.359  12.553 0.3000000119
4428  32.092  -94.229  12.534 0.4000000060
4429  30.303  -94.931  12.432 0.4000000060
4443  39.956  -94.415  11.928 0.3000000119
4458  39.074  -94.448  10.456 0.4000000060
4472  38.692  -94.697  9.750 0.4000000060
4474  36.409  -94.478  9.080 0.4000000060
4486  37.954  -94.788  8.570 0.4000000060
4985  41.070  -93.791  15.899 0.4000000060
5001  36.542  -93.835  15.157 0.3000000119
5012  38.240  -93.817  14.281 0.4000000060
5014  36.020  -93.162  14.518 0.3000000119
5015  30.511  -93.080  14.166 0.3000000119
5043  32.975  -92.704  12.847 0.3000000119
5054  38.805  -93.643  11.344 0.4000000060
5055  38.077  -93.245  10.950 0.5000000000
5056  36.677  -93.084  11.317 0.5000000000
5068  39.214  -94.119  10.981 0.3000000119
5071  36.970  -93.363  10.631 0.5000000000
5073  35.616  -93.644  10.669 0.4000000060
5075  25.089  -93.004  10.600 0.3000000119
5085  37.330  -93.673  10.026 0.4000000060
5087  24.522  -93.322  9.493 0.4000000060
5094  24.220  -93.799  9.081 0.4000000060
5123  26.098  -93.410  5.313 0.4000000060
5150  27.918  -93.773  2.812 0.5000000000
5174  29.229  -93.596  0.588 0.6999999881
5178  27.716  -93.598  0.268 0.6000000238
5701  30.138  -92.304  14.625 0.3000000119
5702  29.170  -92.153  14.833 0.3000000119
5710  35.950  -92.414  13.069 0.5000000000
5714  32.654  -91.835  13.236 0.3000000119
5716  27.784  -92.277  13.903 0.3000000119
5724  34.316  -92.014  12.828 0.4000000060
5725  27.223  -92.324  13.296 0.3000000119
5733  36.204  -92.723  11.960 0.5000000000
5753  24.730  -92.895  9.980 0.3000000119
5781  26.224  -92.447  6.098 0.5000000000
5782  25.277  -92.366  7.343 0.5000000000
5796  30.554  -92.923  3.137 0.4000000060
5798  27.395  -92.806  4.733 0.4000000060
5809  31.544  -92.814  2.804 0.6000000238
5821  32.270  -92.696  1.592 0.6999999881
5843  27.971  -93.154  0.278 0.5000000000
6365  33.556  -90.756  13.524 0.3000000119
6427  25.268  -91.509  9.611 0.4000000060
6467  27.567  -91.419  5.529 0.5000000000
6517  32.712  -92.122  1.395 0.6999999881
6530  26.672  -92.143  0.978 0.6000000238
7077  28.433  -90.507  12.871 0.3000000119
7109  27.550  -90.276  8.432 0.3000000119
7125  28.258  -89.895  7.117 0.3000000119
7140  28.170  -90.161  6.057 0.4000000060
7156  28.609  -90.451  5.328 0.4000000060
7166  30.651  -90.474  4.397 0.4000000060
7211  25.790  -90.405  2.161 0.6000000238
7215  35.421  -89.852  0.699 0.5000000000
7221  27.051  -91.360  1.251 0.4000000060
7720  29.025  -89.602  14.505 0.3000000119
7751  23.562  -89.278  9.953 0.6000000238
7752  22.718  -89.087  10.177 0.5000000000
7787  33.495  -89.541  6.664 0.3000000119
7788  31.348  -88.906  6.798 0.3000000119
7790  29.395  -89.416  6.460 0.4000000060
7797  31.460  -88.895  5.255 0.5000000000
7801  24.367  -89.479  5.390 0.5000000000
7817  32.082  -89.487  4.436 0.5000000000
7849  25.610  -89.619  3.086 0.5000000000
7868  28.719  -88.865  1.710 0.6999999881
7880  35.142  -89.745  0.567 0.5000000000
8471  28.751  -89.058  13.641 0.3000000119
8491  23.870  -88.659  10.311 0.6000000238
8501  24.427  -88.523  9.934 0.6000000238
8502  22.228  -88.487  10.165 0.6999999881
8557  33.605  -88.531  5.372 0.4000000060
8573  33.173  -88.528  4.913 0.4000000060
8586  26.192  -89.097  3.292 0.4000000060
8612  26.966  -88.993  2.465 0.5000000000
8621  35.510  -89.126  0.448 0.6000000238
8624  32.610  -89.124  0.830 0.6999999881
9333  23.405  -88.154  10.488 0.6000000238
9343  24.785  -87.799  9.790 0.6000000238
9363  26.259  -87.532  8.689 0.6999999881
9389  18.819  -87.422  7.993 0.6000000238
9390  17.908  -87.347  7.884 0.6000000238
9435  27.785  -87.898  2.869 0.6000000238
9462  30.445  -87.373  1.503 0.8000000119
9476  34.985  -88.406  0.712 0.6000000238
10250  24.172  -87.391  9.896 0.6000000238
10251  23.373  -87.134  10.000 0.6000000238
10256  18.671  -86.413  9.389 0.5000000000
10289  28.065  -86.634  7.913 0.8000000119
10296  29.755  -86.237  6.586 0.8999999762
10321  30.119  -86.094  4.777 0.6999999881
11111  17.455  -85.280  14.132 0.5000000000
11112  16.374  -85.979  14.118 0.5000000000
11113  15.643  -85.915  14.249 0.5000000000
11176  18.758  -85.760  9.352 0.6000000238
11210  25.344  -85.309  7.043 0.6000000238
11233  30.873  -85.421  5.726 0.6000000238
11234  24.601  -84.800  5.408 0.6000000238
12024  19.041  -84.288  14.097 0.6000000238
12025  18.463  -84.705  13.836 0.5000000000
12026  17.978  -84.821  14.227 0.5000000000
12027  17.320  -84.765  14.502 0.6000000238
12054  18.234  -84.436  12.562 0.6000000238
12056  17.132  -85.274  12.391 0.5000000000
12071  17.531  -84.517  12.130 0.5000000000
12117  16.627  -85.160  8.643 0.5000000000
12123  29.273  -85.108  7.128 0.8000000119
12124  28.479  -84.911  7.242 0.8000000119
12151  17.918  -83.777  5.931 0.6000000238
12154  14.788  -83.876  6.967 0.6000000238
12187  25.929  -83.607  4.277 0.5000000000
12189  22.835  -84.254  4.491 0.6000000238
12190  21.373  -83.874  4.387 0.6000000238
12200  23.053  -83.914  4.101 0.6000000238
12208  30.626  -84.590  2.648 0.5000000000
12928  18.901  -83.787  14.578 0.6000000238
12948  19.370  -83.796  13.516 0.6999999881
12949  18.795  -84.423  13.595 0.5000000000
12973  19.363  -83.215  12.673 0.6000000238
12974  18.692  -83.717  12.452 0.6000000238
13018  15.619  -83.861  10.920 0.5000000000
13069  17.263  -83.483  5.808 0.5000000000
13081  31.532  -83.486  5.563 0.6000000238
13084  27.336  -83.392  4.826 0.5000000000
13086  16.940  -83.069  5.624 0.5000000000
13099  20.886  -83.519  4.227 0.6000000238
13100  19.389  -83.726  4.722 0.5000000000
13112  22.418  -83.541  4.075 0.6000000238
13846  20.286  -82.647  14.482 0.6999999881
13847  19.641  -83.013  14.710 0.6999999881
13848  18.868  -82.954  14.929 0.6000000238
13849  17.995  -82.763  14.839 0.6000000238
13850  17.036  -82.556  14.453 0.5000000000
13867  20.486  -82.506  13.778 0.6999999881
13903  19.272  -82.254  11.928 0.6000000238
13915  16.356  -82.347  10.296 0.5000000000
13962  31.089  -83.379  6.000 0.6000000238
13965  15.212  -82.348  6.410 0.4000000060
13967  13.460  -82.118  6.703 0.5000000000
13981  16.703  -82.546  5.868 0.5000000000
13992  22.264  -82.465  4.216 0.6000000238
13993  21.497  -82.597  4.291 0.6000000238
14004  32.207  -82.465  4.059 0.6000000238
14006  25.252  -82.558  3.973 0.5000000000
14008  23.617  -82.923  3.898 0.6000000238
14009  22.703  -83.015  3.968 0.6000000238
14719  21.296  -80.923  14.067 0.6999999881
14784  19.405  -80.927  11.482 0.6999999881
14796  18.967  -80.273  10.565 0.6999999881
14799  16.956  -81.741  10.076 0.6000000238
14811  16.446  -81.405  9.263 0.6000000238
14827  28.568  -81.381  8.431 0.5000000000
14833  15.012  -81.371  8.533 0.6000000238
14834  14.575  -81.242  8.112 0.5000000000
14848  26.205  -81.227  7.376 0.5000000000
14854  14.985  -81.533  7.182 0.6000000238
14855  14.214  -81.369  7.482 0.5000000000
14870  16.030  -81.898  6.523 0.6000000238
14873  13.761  -81.741  6.921 0.5000000000
14882  22.050  -81.385  5.041 0.6999999881
14885  19.386  -81.712  5.150 0.6999999881
14888  16.431  -82.195  6.142 0.6000000238
14898  28.446  -81.127  4.558 0.6000000238
14900  26.604  -81.173  4.400 0.6000000238
14902  25.167  -81.216  4.719 0.6000000238
14904  22.603  -81.723  4.579 0.6999999881
14914  24.750  -81.910  4.173 0.5000000000
14916  23.062  -82.280  4.139 0.6000000238
15573  21.266  -80.237  15.138 0.8000000119
15575  20.547  -80.814  15.340 0.6999999881
15576  19.706  -80.827  15.507 0.5000000000
15598  18.826  -80.684  15.225 0.6000000238
15600  17.328  -80.978  14.209 0.6000000238
15644  22.303  -79.486  10.962 0.5000000000
15654  21.109  -79.951  9.943 0.6000000238
15668  20.025  -80.014  9.019 0.5000000000
15671  15.952  -81.297  8.611 0.6000000238
15687  28.245  -80.834  7.753 0.5000000000
15704  28.815  -79.999  7.568 0.5000000000
15710  17.946  -80.640  7.681 0.5000000000
15712  15.824  -81.316  7.618 0.6000000238
15724  25.964  -80.299  5.962 0.5000000000
15725  24.601  -80.887  5.824 0.5000000000
15728  21.889  -81.325  5.480 0.5000000000
15730  19.832  -80.707  6.590 0.6000000238
15734  15.661  -81.627  6.985 0.5000000000
15743  24.428  -81.085  5.466 0.6999999881
15745  22.688  -81.319  5.233 0.6000000238
15746  20.397  -80.906  5.902 0.5000000000
15760  25.899  -80.735  4.946 0.6000000238
16445  20.781  -79.900  15.457 0.6999999881
16446  20.077  -79.490  15.535 0.6999999881
16462  22.176  -79.049  14.644 0.8000000119
16463  19.432  -79.143  15.324 0.6000000238
16465  18.034  -79.709  14.179 0.6999999881
16480  22.266  -79.392  13.917 0.8000000119
16492  26.418  -79.635  12.266 0.4000000060
16497  16.804  -79.138  12.712 0.8000000119
16498  15.688  -79.319  12.381 0.6999999881
16533  20.103  -79.581  9.646 0.6000000238
16535  19.059  -79.877  8.955 0.5000000000
16573  28.566  -78.675  6.257 0.5000000000
16574  27.319  -79.600  5.694 0.6000000238
16583  27.005  -79.992  5.428 0.6000000238
16584  26.268  -80.314  5.624 0.6000000238
16592  28.100  -78.771  4.913 0.6000000238
17308  20.752  -79.043  15.586 0.8000000119
17323  18.600  -78.348  14.238 0.6000000238
17330  27.399  -78.798  11.938 0.4000000060
17334  17.549  -78.882  13.152 0.6999999881
17362  27.184  -78.532  11.263 0.4000000060
17363  26.804  -78.680  11.412 0.4000000060
17364  16.538  -78.203  11.513 0.8000000119
18179  21.452  -77.818  15.314 0.8000000119
18180  20.554  -78.079  15.379 0.6999999881
18190  23.300  -77.134  14.456 0.6999999881
18191  21.697  -77.054  15.071 0.8000000119
18207  25.715  -77.693  12.143 0.4000000060
18209  24.126  -77.342  13.825 0.6999999881
18212  14.538  -77.299  12.939 0.5000000000
18225  14.144  -77.410  11.710 0.5000000000
18230  27.434  -78.099  10.858 0.4000000060
18232  26.501  -78.021  11.291 0.5000000000
18233  17.413  -77.372  10.783 0.6999999881
18245  16.017  -76.991  10.332 0.6000000238
19088  22.714  -76.569  14.554 0.6999999881
19090  21.146  -76.482  14.571 0.8000000119
19091  20.290  -76.735  14.362 0.8000000119
19109  19.868  -76.570  13.374 0.8000000119
19121  14.502  -76.718  11.640 0.5000000000
19126  27.117  -77.413  10.125 0.4000000060
19127  26.540  -77.177  10.675 0.5000000000
19130  18.387  -77.109  10.944 0.6999999881
19132  14.798  -76.849  10.916 0.5000000000
19140  27.075  -76.961  9.697 0.4000000060
19142  19.940  -76.479  9.091 0.6999999881
19144  17.147  -76.477  9.787 0.6000000238
19145  16.284  -76.563  9.994 0.6000000238
19152  19.520  -76.236  8.681 0.6999999881
20005  22.573  -76.069  14.301 0.8000000119
20006  22.161  -75.788  14.051 0.8000000119
20021  23.889  -76.037  13.765 0.6999999881
20022  22.865  -75.697  13.689 0.6999999881
20026  15.545  -75.731  12.659 0.4000000060
20048  25.086  -75.784  11.498 0.6000000238
20049  23.363  -75.474  11.702 0.5000000000
20050  22.276  -75.573  11.279 0.6000000238
20055  15.229  -76.332  11.237 0.5000000000
20068  17.498  -75.969  9.544 0.8000000119
20079  26.376  -75.713  8.606 0.3000000119
20084  21.134  -75.702  8.512 0.6000000238
20086  19.113  -75.959  8.663 0.6999999881
20088  26.689  -75.096  8.408 0.3000000119
20091  23.867  -75.430  8.633 0.6000000238
20092  23.141  -75.391  8.549 0.4000000060
21006  17.284  -74.798  11.706 0.6000000238
21012  27.091  -73.408  10.428 0.3000000119
21016  17.830  -75.375  9.874 0.8000000119
21028  23.258  -74.994  8.311 0.4000000060
21031  20.623  -75.773  8.376 0.5000000000
21038  27.219  -74.043  8.656 0.3000000119
21886  17.432  -72.585  15.218 0.5000000000
21915  21.890  -73.267  11.879 0.5000000000
21917  20.200  -73.813  12.267 0.6000000238
21931  18.662  -74.399  11.644 0.6999999881
21940  27.396  -73.484  9.396 0.3000000119
21942  22.292  -73.383  9.358 0.4000000060
21954  27.324  -73.542  8.830 0.3000000119
21956  23.551  -73.977  8.770 0.4000000060
21958  20.933  -74.628  8.620 0.5000000000
22722  19.599  -72.523  19.739 0.3000000119
22724  17.684  -72.405  19.660 0.3000000119
22743  17.656  -72.304  19.052 0.3000000119
22757  18.358  -72.248  18.721 0.3000000119
22793  20.327  -72.521  13.266 0.4000000060
22794  19.590  -72.514  13.621 0.5000000000
22796  18.271  -72.974  14.214 0.5000000000
22834  23.042  -72.937  10.166 0.3000000119
22843  27.431  -72.807  8.933 0.3000000119
23667  16.121  -71.060  19.511 0.4000000060
23744  21.462  -70.992  12.475 0.5000000000
23745  20.900  -70.626  12.735 0.4000000060
23753  23.722  -71.351  11.642 0.3000000119
24578  15.559  -70.753  20.651 0.4000000060
24640  21.366  -70.610  14.943 0.3000000119
24641  20.404  -70.029  14.890 0.3000000119
24643  18.249  -70.594  15.262 0.5000000000
24644  16.985  -70.295  16.044 0.5000000000
24649  22.656  -70.394  13.995 0.3000000119
24650  21.604  -70.288  13.871 0.3000000119
24654  18.929  -70.220  14.948 0.5000000000
24663  20.460  -70.564  13.197 0.5000000000
24665  19.299  -70.595  14.410 0.4000000060
24673  21.347  -70.013  12.611 0.4000000060
24680  24.700  -70.348  11.302 0.3000000119
25538  14.391  -69.129  19.829 0.4000000060
25563  16.909  -68.284  17.917 0.4000000060
25574  19.192  -68.930  17.057 0.5000000000
25575  18.013  -68.275  17.278 0.4000000060
25576  17.483  -68.203  17.311 0.5000000000
25578  15.722  -68.190  18.084 0.3000000119
25586  19.982  -69.666  15.847 0.3000000119
25587  19.232  -69.181  16.545 0.5000000000
25589  17.828  -68.333  16.638 0.5000000000
25600  19.771  -69.833  15.128 0.4000000060
25602  18.666  -69.188  16.250 0.4000000060
25603  18.050  -69.128  16.106 0.5000000000
25614  19.137  -69.720  15.383 0.4000000060
25636  22.361  -69.456  12.607 0.3000000119
25646  23.512  -69.384  12.270 0.3000000119
25647  22.801  -69.597  12.395 0.3000000119
26551  18.288  -68.363  17.106 0.4000000060
26552  17.895  -68.123  17.084 0.5000000000
26560  18.081  -68.162  16.904 0.5000000000
26587  23.755  -68.766  12.549 0.3000000119
125407  21.982  -84.236  4.631 0.6999999881
125685  33.665  -99.852  11.463 0.4000000060
126116  18.825  -83.007  12.110 0.6000000238
126852  19.836  -79.420  9.896 0.6000000238
127142  30.806  -93.798  13.491 0.3000000119
127310  28.787  -94.546  13.064 0.3000000119
127530  33.510  -98.251  14.257 0.4000000060
127826  19.492  -77.086  14.038 0.6000000238
127984  23.744  -84.076  4.201 0.6000000238
129102  23.172  -84.604  5.052 0.6999999881
129217  28.155  -90.039  7.984 0.4000000060
129404  34.250  -90.835  1.594 0.6999999881
130128  30.764  -95.578  11.212 0.4000000060
130362  41.013  -94.582  17.075 0.3000000119
130605  18.617  -83.993  6.376 0.6999999881
130681  16.494  -84.643  14.558 0.6000000238
132053  40.047  -95.024  18.122 0.3000000119
132174  19.146  -83.162  4.467 0.6000000238
132443  27.870  -95.081  8.072 0.3000000119
132604  41.083  -94.028  15.120 0.4000000060
133282  25.223  -80.820  5.300 0.6999999881
133567  18.473  -76.759  9.825 0.6999999881
133925  20.584  -79.346  10.334 0.6000000238
133991  27.305  -85.304  7.669 0.8000000119
134126  27.327  -92.682  0.442 0.6000000238
134756  26.319  -91.285  7.286 0.3000000119
134916  16.058  -82.410  6.229 0.5000000000
135087  19.818  -80.392  8.153 0.5000000000
135567  35.393  -98.492  12.940 0.4000000060
135585  36.056  -98.890  15.054 0.5000000000
135631  15.657  -75.687  11.547 0.5000000000
136061  38.306  -93.590  10.349 0.4000000060
137394  37.651  -96.114  8.329 0.3000000119
137618  37.677  -96.029  13.493 0.4000000060
138158  21.661  -90.359  7.954 0.6000000238
138231  20.592  -73.272  12.899 0.5000000000
138312  19.530  -74.132  11.332 0.6999999881
138400  14.091  -78.163  11.904 0.5000000000
138616  33.968  -88.600  4.724 0.4000000060
138679  36.975  -87.690  1.031 0.4000000060
138682  18.572  -82.157  15.070 0.6000000238
139408  16.839  -85.415  14.375 0.5000000000
140336  19.762  -78.061  15.134 0.6000000238
140649  25.075  -92.246  10.724 0.3000000119
141753  16.485  -69.491  16.587 0.5000000000
141843  23.944  -81.268  5.030 0.6999999881
141911  28.647  -94.084  13.612 0.3000000119
142042  34.337  -90.648  0.842 0.6999999881
142054  16.585  -69.761  22.751 0.3000000119
142061  36.285  -95.191  20.549 0.3000000119
142181  18.663  -82.197  4.947 0.6999999881
142270  18.520  -74.240  12.723 0.6000000238
143204  29.972  -83.162  6.121 0.6000000238
144201  39.288  -93.700  13.853 0.4000000060
144235  30.619  -88.457  1.383 0.6999999881
144881  33.497  -99.398  11.313 0.4000000060
145121  23.670  -75.643  10.484 0.5000000000
145143  27.319  -84.302  6.122 0.6999999881
145407  24.256  -75.581  11.376 0.5000000000
145722  28.156  -88.683  2.048 0.6000000238
145899  23.878  -76.703  14.099 0.6999999881
146386  34.549  -91.546  13.513 0.3000000119
146440  24.675  -74.877  8.321 0.4000000060
146788  35.208  -87.006  1.612 0.5000000000
146976  21.729  -87.108  10.040 0.6000000238
146979  39.618  -95.289  11.161 0.4000000060
147175  14.279  -81.319  8.514 0.5000000000
147205  28.015  -92.807  14.207 0.3000000119
147322  32.900  -85.104  1.726 0.5000000000
148014  30.671  -85.210  6.299 0.6999999881
148330  24.933  -75.830  9.566 0.4000000060
148578  23.783  -89.434  9.320 0.6000000238
148607  27.932  -95.143  10.478 0.3000000119
148860  33.150  -96.470  16.301 0.5000000000
148927  19.640  -69.622  17.018 0.3000000119
148939  29.008  -95.717  10.064 0.4000000060
149437  30.604  -91.709  14.549 0.3000000119
150018  22.110  -77.637  15.145 0.8000000119
150893  16.523  -75.612  10.522 0.5000000000
151388  29.728  -95.947  8.344 0.4000000060
