#!ascii label  , from subject sub-01 vox2ras=TkReg
1279
7835  34.018  -89.690  3.318 0.5000000000
15721  32.756  -79.859  6.330 0.6000000238
16555  32.013  -79.568  6.815 0.6000000238
17399  31.036  -78.447  6.840 0.6000000238
15702  31.659  -80.124  7.587 0.6999999881
16557  30.745  -78.850  7.314 0.6000000238
15683  32.172  -81.059  8.006 0.6999999881
16544  31.041  -79.529  7.977 0.6000000238
12206  32.106  -84.065  2.215 0.5000000000
11253  35.032  -86.150  2.801 0.6000000238
12204  33.914  -84.967  2.209 0.6000000238
12210  32.503  -84.596  1.921 0.5000000000
10360  35.480  -86.818  2.124 0.5000000000
10361  34.754  -86.424  2.033 0.4000000060
11265  33.491  -85.446  1.821 0.5000000000
12209  33.309  -84.632  2.002 0.6000000238
15740  31.182  -80.543  4.795 0.5000000000
130446  36.894  -89.231  1.468 0.4000000060
15754  31.677  -79.444  4.229 0.5000000000
17421  32.283  -77.357  4.021 0.6000000238
18255  33.011  -77.070  4.502 0.6000000238
16569  33.270  -79.255  5.743 0.6000000238
15720  33.454  -80.120  6.365 0.6999999881
16570  32.433  -78.891  6.108 0.6000000238
15701  33.683  -80.747  7.058 0.6999999881
15663  35.499  -80.288  9.466 0.6000000238
142785  33.919  -81.057  7.769 0.6999999881
16519  36.073  -79.917  10.777 0.6000000238
15664  34.878  -80.867  9.854 0.6000000238
14823  33.621  -81.403  8.510 0.6999999881
15651  35.485  -80.411  10.359 0.6999999881
16545  30.510  -79.411  7.878 0.6000000238
13117  32.712  -83.375  2.545 0.5000000000
12205  33.781  -84.079  2.342 0.6000000238
11245  34.926  -85.632  3.710 0.6999999881
12197  34.271  -84.463  2.650 0.6000000238
10375  35.916  -87.292  1.518 0.4000000060
132649  33.291  -78.718  3.470 0.5000000000
15753  32.634  -79.626  3.853 0.5000000000
143543  35.861  -88.907  2.937 0.5000000000
16588  32.386  -78.326  3.758 0.5000000000
17412  33.961  -77.855  4.264 0.6999999881
143444  33.091  -77.132  3.888 0.6000000238
16554  35.270  -79.479  6.356 0.6999999881
16580  33.866  -78.350  5.020 0.6000000238
17420  33.359  -77.219  4.081 0.6000000238
16568  34.225  -79.425  5.756 0.6999999881
16581  32.899  -78.027  5.355 0.6000000238
15719  34.250  -80.121  6.508 0.6999999881
15681  35.407  -80.170  8.463 0.6000000238
15700  34.694  -80.355  7.381 0.6000000238
133859  36.053  -79.949  9.928 0.6000000238
16506  36.722  -79.400  11.118 0.6000000238
130941  36.647  -79.274  11.982 0.6999999881
14825  31.850  -81.281  8.950 0.6999999881
14802  34.245  -81.247  9.248 0.6999999881
14803  33.324  -81.741  9.475 0.6999999881
15684  31.336  -80.350  8.543 0.6000000238
13108  34.554  -83.409  3.011 0.5000000000
13116  33.670  -83.231  2.519 0.5000000000
14014  33.273  -82.618  2.828 0.5000000000
12184  34.574  -84.662  3.471 0.6999999881
13115  34.162  -83.556  2.617 0.6000000238
10320  36.149  -86.517  3.777 0.5000000000
129607  35.436  -86.241  3.556 0.6999999881
11254  34.607  -85.338  2.957 0.6000000238
10358  37.382  -86.970  2.051 0.4000000060
10359  36.347  -87.047  2.111 0.4000000060
10340  35.813  -86.718  2.924 0.5000000000
15765  34.129  -79.363  3.312 0.5000000000
17418  34.496  -78.377  3.692 0.5000000000
16596  34.422  -78.665  3.431 0.5000000000
17426  33.561  -77.524  3.794 0.5000000000
148004  35.072  -78.792  4.969 0.6000000238
17419  33.943  -77.757  3.875 0.5000000000
16553  36.012  -79.446  6.889 0.6999999881
17395  36.927  -79.504  8.463 0.6000000238
15699  35.759  -79.696  7.496 0.6999999881
17387  37.072  -79.479  9.244 0.6000000238
16530  36.542  -79.569  8.710 0.6000000238
125462  38.266  -78.496  12.092 0.6999999881
17377  37.122  -79.424  10.276 0.6000000238
16531  36.031  -79.827  9.080 0.6000000238
18202  38.634  -77.693  13.620 0.6000000238
129870  37.361  -79.122  11.097 0.6999999881
19078  38.808  -76.367  14.559 0.6000000238
131359  37.664  -78.603  12.133 0.6999999881
15666  30.505  -80.512  9.173 0.6000000238
17343  37.231  -78.649  12.646 0.6999999881
14804  32.433  -81.658  9.382 0.6999999881
15665  31.142  -80.707  9.462 0.6000000238
19079  37.995  -76.460  14.911 0.6999999881
18203  37.941  -77.742  13.892 0.6000000238
17327  37.389  -78.230  13.570 0.8000000119
16491  36.150  -79.695  12.506 0.6999999881
15641  35.415  -80.459  11.365 0.6999999881
14788  34.150  -81.501  10.165 0.6999999881
138793  34.294  -82.765  2.768 0.6000000238
11232  35.816  -85.292  5.266 0.6999999881
12183  34.963  -84.870  4.650 0.6999999881
13093  34.687  -83.804  4.080 0.6000000238
11242  37.579  -85.856  4.507 0.5000000000
11244  35.513  -85.855  4.372 0.6999999881
10337  38.256  -86.622  2.313 0.4000000060
10339  36.723  -86.829  2.954 0.5000000000
15764  34.846  -79.535  3.216 0.5000000000
14911  34.032  -80.461  3.251 0.5000000000
16595  35.050  -78.941  3.388 0.5000000000
17411  35.541  -78.860  4.515 0.6000000238
16552  36.364  -79.525  6.710 0.6000000238
16579  35.908  -79.028  5.241 0.6999999881
142777  34.670  -78.320  4.155 0.6999999881
16541  37.130  -79.583  8.042 0.6999999881
16567  35.972  -79.241  5.961 0.6999999881
17386  37.774  -79.419  9.730 0.6000000238
17394  37.438  -79.552  8.813 0.6000000238
16542  36.492  -79.556  7.710 0.6999999881
18217  40.602  -77.981  13.036 0.6999999881
17341  39.099  -78.522  12.143 0.6999999881
17359  38.537  -78.815  11.244 0.6999999881
14792  30.661  -81.279  10.727 0.6000000238
18200  40.181  -77.340  13.652 0.6000000238
18218  39.665  -78.125  12.961 0.6999999881
17376  37.823  -79.110  10.715 0.6999999881
21891  39.095  -73.490  13.399 0.6000000238
19996  39.128  -75.654  14.579 0.6000000238
20015  39.800  -75.340  14.222 0.6000000238
19098  40.126  -76.378  14.164 0.6000000238
18219  38.809  -78.196  12.877 0.6999999881
14791  31.194  -81.165  10.364 0.6000000238
20959  38.983  -74.843  14.458 0.6000000238
19077  39.483  -76.199  14.439 0.6000000238
14759  34.100  -81.250  12.039 0.6999999881
14776  33.119  -81.713  11.264 0.6000000238
128827  32.564  -81.768  10.117 0.6999999881
14805  31.776  -81.434  9.849 0.6000000238
20974  38.637  -73.989  14.070 0.5000000000
20960  38.186  -74.510  14.705 0.6000000238
17328  36.881  -78.199  14.332 0.8000000119
16475  36.083  -79.462  13.564 0.8000000119
15631  35.634  -80.185  12.175 0.8000000119
15642  34.673  -81.042  11.539 0.6999999881
14775  34.009  -81.539  11.160 0.6999999881
18204  37.391  -77.792  14.296 0.8000000119
16474  36.766  -78.723  13.540 0.8000000119
13107  34.861  -82.703  3.636 0.6999999881
14002  34.660  -82.272  3.176 0.6999999881
14013  33.980  -82.326  2.760 0.6000000238
11231  36.938  -85.344  5.356 0.6999999881
14012  34.437  -81.892  3.074 0.6000000238
12182  38.074  -85.154  5.123 0.6000000238
14918  34.197  -81.354  3.109 0.5000000000
14917  35.022  -80.452  3.187 0.5000000000
13840  29.093  -82.762  14.273 0.6000000238
15763  35.345  -79.743  3.416 0.5000000000
16587  35.554  -79.178  3.853 0.5000000000
14742  30.351  -81.919  13.569 0.6000000238
15718  36.794  -80.028  6.209 0.6999999881
16586  36.127  -79.176  5.017 0.6000000238
132394  37.710  -79.746  8.400 0.6999999881
16566  36.297  -79.383  5.887 0.6999999881
135707  30.868  -81.603  13.059 0.6000000238
17385  38.428  -79.477  9.632 0.6999999881
17393  38.100  -79.593  9.043 0.6000000238
17358  39.487  -78.849  11.459 0.6999999881
129498  31.243  -81.420  11.980 0.6000000238
14763  30.754  -81.547  12.283 0.6000000238
19097  40.890  -76.484  13.757 0.6000000238
17340  40.013  -78.541  12.313 0.6999999881
127088  31.943  -81.518  12.028 0.6000000238
14780  30.125  -81.751  11.068 0.6000000238
20987  40.761  -74.096  12.806 0.6000000238
14760  33.336  -81.346  12.461 0.6999999881
128486  32.769  -81.556  11.946 0.6000000238
14778  31.563  -81.407  11.452 0.6000000238
20973  39.485  -74.308  13.832 0.6000000238
18170  36.319  -77.369  15.361 0.6000000238
16458  35.555  -79.280  14.536 0.6000000238
16476  35.245  -79.995  13.953 0.6999999881
14737  34.049  -81.057  12.913 0.6000000238
126016  31.875  -81.508  10.736 0.6000000238
19985  36.554  -75.861  15.517 0.6000000238
17329  36.267  -78.757  14.423 0.8000000119
19080  37.032  -76.699  15.355 0.6000000238
18188  36.954  -77.558  14.937 0.6999999881
15613  35.549  -80.224  13.036 0.8000000119
126544  34.965  -83.843  5.131 0.6999999881
140832  34.929  -83.147  4.546 0.6999999881
13986  35.238  -82.293  4.426 0.6999999881
12165  37.396  -84.630  5.920 0.6999999881
12166  36.337  -84.657  5.979 0.6999999881
14001  35.171  -81.715  3.570 0.6000000238
14910  34.906  -81.326  3.262 0.6000000238
138403  29.346  -81.238  16.281 0.6000000238
14690  28.229  -81.945  15.978 0.6000000238
14689  29.277  -81.673  15.776 0.6000000238
14717  28.696  -82.383  15.213 0.6000000238
14909  35.479  -80.664  3.579 0.6000000238
134166  29.651  -82.076  14.900 0.5000000000
15739  36.435  -79.787  5.451 0.6999999881
14687  31.067  -81.271  15.236 0.4000000060
14716  29.874  -82.196  14.118 0.5000000000
16550  37.974  -80.091  8.139 0.6999999881
15698  37.642  -80.138  7.584 0.8000000119
14714  31.384  -81.417  14.398 0.5000000000
17392  38.849  -79.775  9.212 0.6000000238
16565  36.737  -79.684  6.708 0.6999999881
14741  30.935  -81.581  13.783 0.6000000238
17374  39.152  -79.141  10.639 0.6999999881
17384  39.009  -79.443  9.877 0.6999999881
14712  33.079  -81.094  14.140 0.6999999881
14740  31.667  -81.425  13.489 0.6000000238
19115  41.963  -76.934  13.114 0.6999999881
17339  40.960  -78.474  12.417 0.6999999881
15592  33.646  -80.622  14.642 0.5000000000
14761  32.389  -81.373  12.763 0.6000000238
141372  41.961  -75.189  12.812 0.6000000238
20013  41.448  -75.717  13.424 0.6000000238
18199  41.146  -77.212  13.406 0.6999999881
14738  33.204  -81.181  13.279 0.6999999881
20971  41.189  -74.859  13.240 0.6000000238
16459  34.817  -79.679  14.718 0.5000000000
15591  34.427  -80.315  14.282 0.6000000238
20972  40.336  -74.607  13.559 0.6000000238
19062  36.080  -76.624  15.529 0.6000000238
17299  35.860  -77.918  15.363 0.5000000000
15614  34.711  -80.581  13.414 0.6999999881
20962  36.475  -74.456  14.827 0.6000000238
132481  35.451  -83.578  5.831 0.6999999881
13063  35.904  -82.747  6.233 0.6999999881
13974  35.663  -81.998  5.339 0.6000000238
14880  35.679  -81.307  4.298 0.6000000238
14674  28.750  -81.311  16.381 0.4000000060
14675  27.783  -81.385  16.534 0.5000000000
14879  36.154  -80.808  5.143 0.6000000238
15548  30.399  -80.595  16.754 0.5000000000
13824  27.621  -82.525  15.470 0.6000000238
14862  36.549  -80.767  6.023 0.6999999881
14861  37.121  -80.810  6.664 0.6999999881
15751  36.179  -79.773  4.651 0.6000000238
14688  30.190  -81.452  15.419 0.5000000000
15680  38.638  -80.320  8.405 0.6999999881
141676  32.322  -80.816  15.699 0.4000000060
16504  41.680  -79.443  11.311 0.6999999881
16517  40.422  -79.611  10.328 0.6999999881
16528  40.045  -79.877  9.671 0.6999999881
15594  31.929  -81.158  15.131 0.6000000238
18215  42.400  -77.465  12.678 0.6999999881
17338  41.971  -78.377  12.379 0.6999999881
17373  39.969  -79.214  10.866 0.6999999881
16529  39.432  -79.737  9.576 0.6999999881
15566  33.416  -80.277  15.427 0.5000000000
14713  32.244  -81.279  14.314 0.5000000000
20030  42.135  -76.047  13.050 0.6000000238
17357  40.373  -78.949  11.702 0.6999999881
20986  41.567  -74.422  12.435 0.5000000000
20985  42.385  -74.744  12.004 0.6000000238
19096  41.539  -76.487  13.401 0.6000000238
13062  36.786  -82.591  6.821 0.6999999881
15532  28.977  -80.146  17.367 0.4000000060
13061  37.687  -82.530  7.253 0.6999999881
13973  36.163  -81.683  5.904 0.6999999881
15551  27.391  -80.736  16.997 0.4000000060
13961  36.616  -81.782  6.475 0.6999999881
14691  27.169  -81.969  16.102 0.6000000238
14844  37.758  -80.865  7.412 0.8000000119
15662  40.390  -80.379  9.300 0.6000000238
15679  39.361  -80.496  8.648 0.6000000238
14693  25.375  -81.463  15.805 0.6000000238
16516  41.260  -79.769  10.546 0.6999999881
15650  40.807  -80.089  9.851 0.6999999881
16539  39.564  -80.138  9.144 0.6000000238
17355  42.688  -78.582  11.935 0.6000000238
18214  43.163  -77.224  12.244 0.6000000238
15616  25.085  -80.680  13.360 0.5000000000
20029  42.697  -75.605  12.324 0.6000000238
19114  42.701  -76.537  12.585 0.6999999881
21008  42.542  -74.411  11.098 0.5000000000
13948  37.965  -81.767  7.551 0.6999999881
16409  27.595  -79.511  17.834 0.4000000060
14843  38.652  -81.355  7.847 0.8000000119
14676  26.761  -81.331  16.584 0.5000000000
15678  40.027  -80.585  8.863 0.8000000119
15553  25.613  -80.332  16.439 0.4000000060
15552  26.392  -80.610  16.940 0.4000000060
14822  39.082  -80.825  8.224 0.6999999881
15571  25.244  -80.603  15.548 0.4000000060
14677  25.889  -81.128  16.436 0.5000000000
18228  43.357  -77.991  11.917 0.6000000238
16503  42.557  -79.324  11.462 0.6000000238
17305  25.542  -79.129  15.547 0.4000000060
18241  43.722  -77.259  11.590 0.6000000238
18229  42.776  -77.937  12.316 0.6000000238
137886  25.557  -80.203  13.745 0.4000000060
15572  24.874  -81.315  15.056 0.6000000238
20044  43.095  -75.205  11.293 0.6000000238
21934  42.391  -74.265  9.993 0.5000000000
16397  27.099  -78.874  18.021 0.4000000060
14842  39.610  -81.600  8.080 0.8000000119
16410  26.315  -78.975  17.583 0.4000000060
14821  40.049  -81.127  8.462 0.6999999881
16430  25.532  -79.462  16.497 0.4000000060
15649  41.706  -80.256  10.037 0.6000000238
16515  42.200  -79.925  10.818 0.6000000238
126861  25.609  -78.107  15.841 0.4000000060
19124  43.386  -76.280  11.758 0.6000000238
16461  25.856  -79.471  14.246 0.4000000060
17260  27.409  -78.173  18.292 0.4000000060
131546  40.853  -81.056  8.888 0.6999999881
17277  25.820  -78.406  17.350 0.4000000060
15660  42.206  -80.735  9.500 0.6999999881
15661  41.247  -80.607  9.421 0.6000000238
17291  25.541  -78.651  16.539 0.4000000060
16502  43.384  -78.814  11.523 0.6000000238
16514  43.344  -79.750  10.940 0.6000000238
17304  26.033  -78.547  14.742 0.4000000060
19138  43.949  -76.628  11.052 0.6000000238
17319  26.689  -79.043  13.533 0.3000000119
20060  43.711  -75.841  10.786 0.4000000060
20061  43.440  -75.205  10.245 0.4000000060
20077  44.053  -75.572  9.964 0.4000000060
19036  25.668  -77.058  17.086 0.4000000060
18177  25.596  -77.248  16.191 0.4000000060
17354  43.977  -78.103  11.384 0.6000000238
19137  44.553  -76.775  10.685 0.6000000238
20059  44.688  -76.126  10.326 0.5000000000
21024  44.050  -75.009  8.713 0.4000000060
19125  27.760  -77.031  10.526 0.3000000119
20076  44.710  -75.378  9.800 0.4000000060
20921  26.743  -74.213  18.237 0.4000000060
150709  26.900  -75.486  13.071 0.3000000119
19151  26.550  -76.339  9.061 0.4000000060
21851  27.736  -73.000  18.865 0.4000000060
21860  26.194  -73.348  17.508 0.4000000060
20965  26.258  -74.406  14.272 0.3000000119
21874  25.911  -73.764  15.133 0.3000000119
20047  27.722  -75.977  11.217 0.3000000119
148455  27.288  -75.510  11.984 0.3000000119
20062  27.632  -76.092  10.090 0.3000000119
22753  27.158  -72.515  18.484 0.4000000060
137577  26.023  -72.638  17.028 0.4000000060
126183  25.800  -73.608  16.899 0.4000000060
20979  26.595  -74.756  13.344 0.3000000119
20992  27.041  -74.858  11.737 0.3000000119
22858  25.622  -73.336  8.572 0.4000000060
22832  24.492  -72.234  10.007 0.3000000119
23760  24.131  -71.882  10.923 0.3000000119
21002  27.488  -75.105  10.594 0.3000000119
130453  27.465  -75.162  9.538 0.3000000119
23691  26.638  -71.888  17.704 0.4000000060
133000  25.778  -73.078  15.967 0.4000000060
126638  25.898  -73.009  15.056 0.3000000119
21884  26.100  -73.391  14.364 0.3000000119
22792  26.209  -72.853  13.657 0.3000000119
21040  26.353  -74.436  8.230 0.3000000119
141110  26.534  -73.876  11.950 0.3000000119
22845  25.017  -72.760  9.217 0.3000000119
21003  26.963  -74.141  11.056 0.3000000119
23767  26.380  -71.319  9.165 0.4000000060
23758  25.555  -71.094  9.686 0.3000000119
24688  26.060  -70.477  9.644 0.3000000119
24689  25.200  -70.705  10.397 0.3000000119
22768  25.942  -72.216  16.166 0.4000000060
22776  25.958  -72.311  15.363 0.4000000060
22857  26.502  -72.997  8.589 0.4000000060
147505  26.347  -72.382  12.969 0.3000000119
22855  27.104  -73.262  8.624 0.3000000119
23778  26.840  -72.034  8.732 0.4000000060
142732  27.143  -71.834  8.800 0.4000000060
25659  25.523  -69.922  10.690 0.3000000119
24624  26.579  -70.820  16.174 0.4000000060
23723  26.272  -71.593  14.758 0.4000000060
126025  26.330  -71.790  13.690 0.4000000060
129297  26.667  -71.666  12.697 0.4000000060
22806  26.599  -72.472  11.970 0.3000000119
145064  27.096  -71.952  11.109 0.3000000119
126563  27.616  -71.936  9.204 0.3000000119
23757  27.679  -71.033  9.607 0.3000000119
148283  27.729  -69.810  9.644 0.5000000000
23766  27.105  -71.224  9.050 0.4000000060
24699  26.941  -70.490  9.215 0.4000000060
25645  25.092  -69.173  11.517 0.3000000119
141355  27.340  -70.108  14.670 0.4000000060
24648  26.829  -70.775  14.050 0.4000000060
23741  27.249  -70.909  12.379 0.3000000119
132201  27.998  -69.714  11.040 0.3000000119
25633  28.318  -68.657  11.880 0.3000000119
27562  28.261  -67.924  12.096 0.3000000119
23742  27.144  -71.506  11.763 0.3000000119
129552  27.642  -70.622  11.339 0.3000000119
24679  27.888  -70.275  10.200 0.3000000119
26592  28.042  -68.744  11.001 0.3000000119
26593  27.499  -68.203  11.254 0.3000000119
23751  27.556  -71.201  10.677 0.3000000119
25657  27.413  -69.459  10.029 0.3000000119
25658  26.279  -69.232  10.630 0.3000000119
26586  24.063  -67.880  12.643 0.3000000119
25572  28.721  -69.432  17.240 0.3000000119
147764  28.555  -69.367  16.402 0.3000000119
25598  27.981  -69.601  15.130 0.3000000119
25597  28.806  -69.148  14.712 0.3000000119
26577  28.863  -68.369  13.620 0.3000000119
28473  28.295  -67.132  13.019 0.3000000119
25611  28.810  -69.023  13.865 0.3000000119
25622  28.552  -68.862  12.909 0.3000000119
26585  28.556  -68.255  12.711 0.3000000119
28479  27.652  -66.473  12.657 0.3000000119
27564  27.137  -67.259  11.709 0.3000000119
26603  26.999  -68.611  10.737 0.3000000119
27553  26.109  -66.959  12.179 0.3000000119
25644  25.737  -68.556  11.469 0.3000000119
27565  25.138  -67.787  12.091 0.3000000119
25570  30.055  -68.775  18.043 0.3000000119
25582  29.150  -68.855  15.996 0.3000000119
25596  29.138  -68.830  15.199 0.3000000119
147133  29.132  -68.064  14.259 0.3000000119
28467  28.244  -67.110  13.751 0.3000000119
140513  27.191  -66.055  12.513 0.3000000119
28480  26.637  -65.946  12.419 0.3000000119
28481  25.571  -66.142  12.581 0.3000000119
26578  23.837  -67.681  13.051 0.3000000119
28468  27.656  -66.389  13.768 0.3000000119
149120  27.400  -65.639  13.179 0.3000000119
29425  26.291  -65.207  12.663 0.3000000119
29426  25.260  -65.495  12.909 0.3000000119
27554  24.771  -67.021  12.600 0.3000000119
28475  24.547  -66.087  13.348 0.3000000119
29408  27.129  -65.409  13.749 0.3000000119
29409  26.684  -64.516  13.442 0.3000000119
141556  26.676  -64.742  12.920 0.3000000119
29401  26.780  -65.922  15.080 0.3000000119
29402  26.449  -64.576  14.268 0.3000000119
30403  26.223  -63.760  13.686 0.3000000119
30422  25.992  -63.553  13.552 0.3000000119
29418  24.913  -64.894  13.373 0.3000000119
133780  24.305  -65.525  13.974 0.3000000119
28469  24.123  -65.975  14.640 0.3000000119
7834  34.965  -89.416  2.757 0.5000000000
7848  35.732  -89.582  1.822 0.5000000000
7847  36.252  -89.559  1.183 0.4000000060
14845  33.116  -81.293  7.742 0.6999999881
10374  36.774  -87.368  1.448 0.4000000060
7833  36.655  -89.112  2.197 0.5000000000
145913  36.515  -79.667  10.342 0.6000000238
149861  35.138  -78.667  3.842 0.5000000000
17360  37.777  -78.792  11.486 0.6000000238
15697  38.253  -80.561  7.972 0.8000000119
126721  38.945  -80.132  8.797 0.6000000238
20997  41.882  -74.055  11.597 0.5000000000
17356  41.283  -78.968  11.836 0.6999999881
133232  25.373  -79.989  14.948 0.4000000060
21009  42.062  -73.838  10.834 0.5000000000
145980  42.944  -74.757  10.468 0.4000000060
15648  42.726  -80.365  10.193 0.6000000238
17372  44.148  -78.965  11.049 0.6000000238
18176  26.002  -77.414  15.148 0.3000000119
129863  44.164  -76.189  10.552 0.4000000060
21852  27.120  -73.454  18.552 0.4000000060
24635  27.178  -70.147  15.641 0.3000000119
128172  29.329  -68.832  16.788 0.3000000119
15675  43.715  -81.073  8.548 0.5000000000
149785  42.497  -81.547  8.353 0.5000000000
14819  41.764  -81.665  8.336 0.6999999881
14841  40.561  -82.021  7.986 0.6999999881
13054  38.565  -82.292  7.536 0.6000000238
15659  43.221  -80.780  9.451 0.5000000000
15677  41.835  -81.183  8.965 0.6000000238
14820  40.985  -81.687  8.345 0.6000000238
12139  37.844  -83.964  6.453 0.6000000238
12140  36.835  -84.021  6.483 0.6000000238
14840  41.704  -82.247  7.490 0.6999999881
132780  40.194  -82.856  6.878 0.6000000238
13060  38.451  -83.237  6.995 0.6000000238
13946  40.928  -82.625  7.081 0.6999999881
135982  39.357  -82.719  7.288 0.6000000238
140286  37.310  -83.341  6.891 0.6000000238
15658  44.182  -80.613  9.233 0.5000000000
13959  40.880  -83.000  5.931 0.6999999881
13079  39.368  -83.920  5.312 0.6000000238
12164  38.424  -84.386  5.654 0.6000000238
13958  41.760  -82.476  6.189 0.6000000238
151178  38.745  -83.790  6.167 0.6000000238
136101  43.199  -81.481  6.203 0.6000000238
16526  44.745  -80.091  9.723 0.5000000000
16527  43.784  -80.299  10.103 0.5000000000
14877  42.297  -81.840  5.174 0.6999999881
13078  40.298  -83.420  5.047 0.6000000238
17382  46.117  -79.015  9.610 0.5000000000
16513  44.360  -79.641  10.465 0.5000000000
17369  46.351  -78.170  10.040 0.5000000000
16512  45.263  -79.446  10.024 0.5000000000
19135  46.442  -76.422  10.282 0.4000000060
17400  30.584  -78.217  6.691 0.4000000060
16571  31.587  -78.489  6.591 0.4000000060
17405  31.174  -77.810  6.230 0.4000000060
143900  31.669  -77.352  5.617 0.5000000000
17414  32.495  -77.127  5.066 0.5000000000
18257  30.992  -77.109  5.216 0.5000000000
146623  45.525  -78.002  10.517 0.5000000000
18259  31.669  -76.996  4.626 0.5000000000
147091  29.583  -81.337  5.078 0.6000000238
16589  31.232  -78.222  4.211 0.5000000000
15741  30.133  -80.446  4.755 0.5000000000
17407  29.858  -77.780  6.051 0.5000000000
18254  30.399  -77.463  5.700 0.5000000000
17416  29.660  -77.854  5.442 0.5000000000
17424  29.535  -78.046  4.894 0.5000000000
127402  28.506  -79.235  4.535 0.5000000000
17423  30.554  -77.750  4.700 0.5000000000
15756  29.417  -79.587  4.396 0.5000000000
18239  45.042  -77.419  10.653 0.5000000000
15755  30.418  -79.346  4.361 0.5000000000
20057  46.528  -75.400  10.159 0.4000000060
19136  45.376  -76.732  10.473 0.4000000060
20058  45.581  -75.911  10.301 0.4000000060
138297  30.231  -80.015  8.463 0.5000000000
17371  44.751  -78.215  10.813 0.5000000000
14807  29.802  -81.119  9.462 0.5000000000
13919  28.999  -81.687  9.114 0.5000000000
14827  28.568  -81.381  8.431 0.5000000000
151636  29.883  -80.535  8.882 0.5000000000
14793  30.007  -81.524  10.278 0.5000000000
13910  29.342  -81.982  9.793 0.5000000000
138845  29.515  -82.246  10.565 0.5000000000
143567  28.918  -82.744  10.045 0.5000000000
13933  28.273  -82.132  8.852 0.5000000000
14828  27.667  -81.565  8.094 0.4000000060
13899  29.630  -82.423  11.395 0.5000000000
13920  28.112  -82.913  9.493 0.6000000238
13934  27.445  -82.414  8.760 0.6000000238
14764  30.181  -81.887  11.871 0.5000000000
13900  29.118  -83.088  11.771 0.5000000000
13010  28.376  -83.383  10.394 0.5000000000
13031  27.555  -83.579  10.042 0.6000000238
13935  26.680  -82.598  8.762 0.6000000238
14830  25.877  -81.749  7.835 0.6000000238
130343  25.425  -81.374  7.282 0.5000000000
132990  24.101  -81.501  6.814 0.5000000000
14865  22.972  -81.397  6.086 0.5000000000
13886  29.671  -82.505  12.284 0.5000000000
13887  29.089  -83.127  12.697 0.5000000000
12991  28.509  -83.608  11.267 0.5000000000
12992  27.863  -84.112  11.715 0.6000000238
13922  26.249  -83.109  9.163 0.6000000238
13936  25.865  -82.407  8.441 0.6000000238
14849  24.634  -81.839  7.488 0.6000000238
13949  23.669  -82.138  7.391 0.5000000000
14808  20.738  -81.083  9.408 0.5000000000
14852  21.491  -81.647  6.697 0.5000000000
132104  30.233  -81.970  12.714 0.5000000000
13863  29.640  -82.524  13.307 0.5000000000
12968  28.501  -83.648  12.199 0.6000000238
12969  27.794  -84.074  12.651 0.6000000238
12068  26.222  -84.479  11.718 0.6000000238
13033  25.745  -83.613  9.742 0.6000000238
13013  25.256  -84.070  10.368 0.6000000238
13923  25.325  -83.074  9.041 0.6000000238
13034  24.765  -83.587  9.746 0.6000000238
13937  24.934  -82.468  8.333 0.6000000238
131770  24.030  -82.602  8.181 0.5000000000
14851  22.377  -81.750  6.642 0.5000000000
13951  21.802  -82.329  7.332 0.5000000000
13939  22.081  -82.961  7.949 0.5000000000
14853  20.698  -81.331  6.876 0.5000000000
13941  20.865  -82.146  8.288 0.5000000000
13841  28.304  -83.422  13.915 0.6000000238
12034  26.999  -84.250  13.074 0.6000000238
12050  26.249  -84.406  12.709 0.6000000238
134343  24.952  -84.415  12.186 0.6000000238
12091  24.835  -84.319  11.103 0.6000000238
131376  24.266  -84.030  10.508 0.6000000238
12092  23.878  -84.229  11.364 0.6000000238
13046  23.333  -83.246  8.888 0.5000000000
13035  23.620  -83.647  9.821 0.5000000000
13938  23.037  -82.808  8.059 0.5000000000
13037  21.736  -83.280  9.383 0.5000000000
13912  21.722  -83.032  10.877 0.6000000238
13048  21.671  -83.084  8.642 0.5000000000
13913  21.405  -82.868  10.009 0.5000000000
13902  21.486  -82.093  10.501 0.5000000000
15653  21.735  -79.742  10.428 0.5000000000
12036  25.414  -84.162  13.254 0.6000000238
12052  24.590  -84.224  12.713 0.6000000238
12053  23.688  -84.068  12.286 0.6000000238
13014  23.273  -83.987  10.757 0.6000000238
12993  22.312  -83.111  11.651 0.6000000238
12944  25.879  -83.828  13.903 0.6000000238
141807  22.988  -83.859  11.645 0.6000000238
12972  22.528  -82.336  12.045 0.6000000238
14794  22.098  -80.734  10.767 0.5000000000
13827  24.927  -82.001  15.201 0.6000000238
13844  25.159  -82.661  14.919 0.6000000238
12925  24.808  -83.001  14.229 0.6000000238
12947  23.621  -82.969  13.157 0.6000000238
12971  23.018  -83.267  12.487 0.6000000238
14766  22.968  -81.427  12.036 0.5000000000
144979  24.674  -81.772  14.625 0.6000000238
13865  24.238  -82.547  13.691 0.6000000238
14718  24.412  -81.832  13.927 0.6000000238
13888  23.100  -82.376  12.687 0.6000000238
15617  24.580  -81.163  13.176 0.6000000238
15634  24.245  -80.081  12.108 0.5000000000
15633  25.059  -80.342  12.507 0.4000000060
13947  39.997  -82.352  7.609 0.6999999881
138491  44.799  -79.007  10.551 0.5000000000
17370  45.500  -78.704  10.311 0.5000000000
14897  28.998  -80.266  4.447 0.6000000238
12088  27.005  -84.071  10.520 0.6000000238
12067  27.123  -84.335  11.280 0.6000000238
13045  24.352  -83.108  9.004 0.6000000238
13047  22.334  -83.308  8.722 0.5000000000
12946  24.359  -83.298  13.558 0.6000000238
12970  23.896  -83.662  12.994 0.6000000238
141733  23.553  -81.595  12.583 0.6000000238
14781  23.570  -80.551  11.929 0.6000000238
7815  33.556  -88.979  4.147 0.4000000060
7785  35.141  -89.523  5.891 0.5000000000
7154  35.901  -90.442  5.883 0.5000000000
8556  34.716  -88.823  5.512 0.4000000060
8572  34.902  -88.604  4.677 0.4000000060
8571  35.984  -88.692  4.332 0.4000000060
8584  34.460  -88.878  3.912 0.4000000060
6464  36.840  -91.330  6.078 0.5000000000
6452  36.256  -91.401  6.332 0.5000000000
7165  37.424  -90.187  5.147 0.5000000000
7814  37.009  -89.173  4.303 0.5000000000
151460  35.917  -88.651  3.636 0.4000000060
7135  38.554  -91.056  6.136 0.5000000000
138129  38.192  -91.064  5.878 0.5000000000
7164  38.301  -90.584  5.247 0.5000000000
7813  37.928  -89.693  4.261 0.5000000000
8570  36.516  -88.786  3.474 0.4000000060
7831  38.239  -89.290  3.199 0.4000000060
7134  39.396  -90.704  6.296 0.5000000000
7162  39.563  -90.258  4.963 0.5000000000
7812  38.675  -89.952  4.181 0.5000000000
7846  37.535  -89.081  2.175 0.4000000060
10318  37.971  -86.166  3.640 0.4000000060
11252  38.705  -86.052  2.904 0.4000000060
11251  39.487  -85.656  2.635 0.4000000060
11260  38.919  -86.357  2.306 0.4000000060
10357  38.282  -86.967  1.865 0.4000000060
7173  39.179  -89.942  4.124 0.5000000000
10372  38.631  -87.346  1.599 0.4000000060
8605  37.791  -88.560  1.304 0.4000000060
7828  39.985  -89.319  3.781 0.4000000060
7829  39.431  -89.439  3.354 0.5000000000
7845  38.243  -89.120  2.168 0.4000000060
7830  38.887  -89.452  3.012 0.4000000060
12181  38.656  -85.413  3.922 0.4000000060
135655  39.517  -86.054  2.395 0.4000000060
10356  39.041  -86.737  1.938 0.4000000060
8568  41.295  -88.615  5.322 0.4000000060
8590  39.391  -88.434  1.905 0.4000000060
7862  38.176  -88.888  1.675 0.4000000060
8580  40.856  -88.065  4.159 0.4000000060
8582  39.775  -88.897  2.805 0.4000000060
8589  40.092  -88.073  2.516 0.4000000060
7843  39.288  -89.136  2.503 0.4000000060
12163  39.044  -84.572  4.619 0.5000000000
12180  39.586  -84.609  3.537 0.4000000060
12195  40.009  -84.806  2.842 0.4000000060
136092  40.050  -85.759  2.389 0.4000000060
10355  39.759  -86.614  2.185 0.4000000060
9442  40.331  -87.081  2.487 0.4000000060
9453  39.256  -87.430  1.755 0.4000000060
9433  40.642  -87.612  3.183 0.4000000060
13092  39.997  -83.839  4.088 0.5000000000
12202  40.866  -84.673  2.635 0.4000000060
11257  41.075  -85.103  2.656 0.4000000060
10336  41.432  -85.765  3.164 0.4000000060
10335  41.973  -85.896  3.898 0.4000000060
13091  40.777  -83.403  3.437 0.4000000060
13972  41.083  -82.832  4.599 0.5000000000
135383  41.842  -82.868  3.246 0.4000000060
12193  41.336  -84.306  2.837 0.4000000060
13999  41.889  -82.367  3.535 0.5000000000
13102  42.470  -82.840  3.370 0.4000000060
13103  41.882  -83.554  3.122 0.4000000060
133359  42.576  -83.751  3.601 0.4000000060
14878  42.104  -81.861  4.435 0.6000000238
13971  41.644  -82.362  5.042 0.6000000238
14907  42.739  -81.774  3.637 0.5000000000
13983  43.791  -81.999  3.828 0.4000000060
133166  28.049  -83.034  14.723 0.5000000000
12923  26.391  -83.473  14.440 0.5000000000
14692  26.185  -81.854  16.118 0.5000000000
12922  27.372  -83.515  14.238 0.5000000000
13843  25.972  -82.945  15.072 0.5000000000
12943  26.759  -83.872  13.763 0.5000000000
133650  36.772  -90.852  5.732 0.5000000000
7796  35.568  -89.067  5.272 0.5000000000
12196  39.367  -85.299  3.075 0.4000000060
11259  40.003  -85.323  2.533 0.4000000060
8581  40.324  -88.538  3.416 0.4000000060
13105  40.855  -83.658  2.971 0.4000000060
13114  40.893  -84.148  2.760 0.4000000060
10354  40.609  -85.981  2.575 0.4000000060
9441  40.998  -86.708  3.124 0.4000000060
137335  40.684  -83.242  4.074 0.5000000000
12179  42.338  -84.657  3.770 0.4000000060
13985  41.280  -82.823  3.712 0.5000000000
14908  42.378  -81.901  3.665 0.6000000238
13090  43.231  -82.818  3.668 0.5000000000
14876  43.216  -81.110  4.311 0.5000000000
18249  49.080  -76.768  8.329 0.3000000119
18252  48.203  -77.537  7.053 0.3000000119
18251  48.375  -77.021  7.794 0.3000000119
19155  48.864  -76.531  8.365 0.3000000119
20087  49.113  -75.741  8.962 0.3000000119
19133  50.122  -75.458  10.433 0.3000000119
19146  49.573  -75.625  9.486 0.3000000119
17402  48.085  -77.835  6.708 0.3000000119
136984  47.126  -78.297  6.175 0.4000000060
17398  46.812  -78.294  6.412 0.4000000060
18250  48.615  -77.271  7.703 0.3000000119
16537  46.371  -78.660  7.077 0.4000000060
17391  47.061  -78.025  7.185 0.4000000060
15657  44.935  -80.298  8.910 0.4000000060
17388  49.079  -77.340  8.392 0.3000000119
17380  47.711  -77.210  8.162 0.3000000119
142134  46.659  -78.376  9.204 0.4000000060
20072  49.012  -75.024  9.187 0.3000000119
18247  47.751  -76.805  8.984 0.3000000119
17403  46.160  -79.149  5.540 0.4000000060
16564  45.062  -79.868  5.185 0.4000000060
14859  43.740  -80.885  5.651 0.4000000060
128071  44.350  -80.592  6.296 0.4000000060
16560  47.629  -78.263  6.364 0.4000000060
16562  46.440  -78.716  5.888 0.4000000060
141836  45.840  -79.055  5.988 0.4000000060
15696  44.161  -81.027  7.449 0.4000000060
16547  48.257  -78.305  6.858 0.3000000119
16549  46.242  -78.734  6.324 0.4000000060
15695  44.927  -80.308  7.064 0.4000000060
14818  43.315  -81.457  7.927 0.4000000060
15673  45.412  -80.119  8.025 0.4000000060
17378  49.296  -77.489  9.543 0.3000000119
16525  45.683  -79.738  9.038 0.4000000060
18248  46.884  -77.223  9.999 0.4000000060
147903  45.489  -80.223  4.876 0.4000000060
15750  43.856  -80.798  4.343 0.4000000060
15736  46.112  -80.027  5.135 0.4000000060
16578  45.684  -79.642  5.174 0.4000000060
16585  44.976  -80.132  4.788 0.4000000060
15738  43.763  -80.728  4.816 0.4000000060
16536  48.344  -79.067  7.659 0.3000000119
16561  47.469  -78.861  6.039 0.4000000060
17368  49.011  -78.161  9.979 0.3000000119
17379  48.879  -78.163  8.948 0.3000000119
14838  43.656  -81.321  6.805 0.4000000060
14891  43.355  -81.363  3.801 0.4000000060
145670  44.483  -80.584  4.498 0.4000000060
19134  47.335  -75.681  9.947 0.3000000119
19149  47.306  -76.446  9.859 0.3000000119
14839  42.776  -81.867  7.392 0.4000000060
127425  43.066  -81.279  5.133 0.4000000060
14890  44.341  -81.181  4.138 0.4000000060
17397  47.581  -77.908  6.646 0.3000000119
19147  48.847  -75.887  8.803 0.3000000119
20071  49.332  -74.810  9.461 0.3000000119
17409  47.057  -78.585  5.857 0.4000000060
134559  47.174  -77.864  8.268 0.4000000060
15694  45.676  -79.361  6.818 0.4000000060
16524  46.503  -78.802  8.428 0.4000000060
15674  44.588  -80.674  8.208 0.4000000060
17381  47.123  -77.662  9.223 0.4000000060
16576  46.980  -79.140  5.643 0.4000000060
15716  44.431  -80.340  5.325 0.4000000060
15715  45.165  -79.776  5.913 0.4000000060
16548  48.003  -79.249  6.949 0.3000000119
17389  48.673  -78.011  7.702 0.3000000119
15713  47.336  -79.606  6.006 0.4000000060
16523  48.500  -79.000  8.622 0.3000000119
142139  29.789  -90.587  8.233 0.3000000119
7124  28.944  -89.997  7.997 0.3000000119
6448  31.165  -91.603  8.283 0.3000000119
130217  29.480  -90.847  8.750 0.3000000119
7122  31.448  -91.019  7.711 0.3000000119
7778  29.649  -89.806  7.536 0.3000000119
6434  32.247  -91.795  8.299 0.3000000119
6420  31.822  -91.725  8.939 0.3000000119
6436  30.956  -91.874  8.795 0.3000000119
129849  33.846  -91.371  8.256 0.3000000119
6446  32.620  -91.774  7.775 0.3000000119
7777  30.820  -89.670  7.381 0.3000000119
8541  34.076  -88.690  5.685 0.3000000119
7749  32.609  -89.833  9.657 0.3000000119
7095  32.079  -90.776  9.467 0.3000000119
7105  33.369  -91.070  8.786 0.3000000119
7094  32.865  -90.670  9.266 0.3000000119
6421  31.127  -91.892  9.099 0.3000000119
7139  33.291  -90.919  6.936 0.3000000119
7137  34.988  -90.601  6.363 0.3000000119
7787  33.495  -89.541  6.664 0.3000000119
127168  34.860  -90.105  8.714 0.3000000119
7120  33.324  -91.623  7.364 0.3000000119
7104  34.653  -91.247  8.105 0.3000000119
6444  34.614  -91.624  7.265 0.3000000119
147694  35.202  -91.634  6.878 0.3000000119
7138  34.113  -90.650  6.707 0.3000000119
6443  35.896  -91.512  6.706 0.3000000119
7114  40.182  -90.320  6.735 0.4000000060
7116  38.222  -90.974  6.606 0.4000000060
5726  26.474  -92.156  12.606 0.3000000119
141906  26.836  -93.674  12.712 0.3000000119
6437  29.851  -91.385  9.197 0.3000000119
6438  29.147  -90.995  9.388 0.3000000119
7744  30.692  -89.750  10.593 0.3000000119
127270  29.714  -91.120  10.501 0.3000000119
131854  27.673  -91.279  11.664 0.3000000119
6407  26.599  -91.139  11.500 0.3000000119
5735  25.764  -92.246  12.013 0.3000000119
129567  32.565  -88.504  10.476 0.3000000119
7090  30.463  -90.787  10.288 0.3000000119
6406  28.536  -91.273  10.982 0.3000000119
6408  25.785  -91.150  11.063 0.3000000119
6392  25.985  -91.600  11.889 0.3000000119
7089  31.247  -90.462  9.998 0.3000000119
7096  30.813  -91.357  9.693 0.3000000119
6424  28.632  -91.120  10.133 0.3000000119
7092  26.470  -90.705  10.585 0.3000000119
6423  29.607  -91.387  9.740 0.3000000119
7099  27.387  -90.561  9.996 0.3000000119
7121  32.439  -91.195  7.387 0.3000000119
7776  31.778  -89.863  7.257 0.3000000119
7743  31.865  -89.682  10.006 0.3000000119
6445  34.037  -91.574  7.218 0.3000000119
6379  27.295  -91.781  12.886 0.3000000119
7100  26.490  -90.568  9.617 0.3000000119
147037  31.308  -89.478  10.427 0.3000000119
7084  29.279  -90.599  11.398 0.3000000119
6405  29.283  -91.295  10.357 0.3000000119
6425  27.565  -90.991  10.907 0.3000000119
141193  25.755  -90.911  10.129 0.3000000119
6442  36.692  -91.395  6.482 0.3000000119
10242  44.912  -86.670  9.096 0.3000000119
10243  44.558  -86.943  9.045 0.3000000119
9356  43.803  -87.464  8.210 0.3000000119
8523  42.489  -88.405  7.276 0.4000000060
8539  42.462  -88.525  6.928 0.4000000060
135090  41.366  -89.384  6.328 0.3000000119
7810  40.144  -89.808  4.906 0.3000000119
11205  44.718  -86.495  8.355 0.3000000119
10282  44.145  -87.135  7.802 0.4000000060
9409  43.194  -87.421  6.662 0.4000000060
130493  42.756  -86.997  5.708 0.4000000060
9411  41.911  -87.986  5.584 0.3000000119
11230  42.957  -85.315  5.143 0.4000000060
10316  42.296  -86.399  4.723 0.4000000060
10317  41.658  -86.679  4.030 0.3000000119
11241  42.425  -85.443  4.386 0.3000000119
12063  44.369  -84.295  10.655 0.3000000119
130352  44.629  -85.288  10.229 0.3000000119
10244  44.150  -86.943  9.103 0.4000000060
9357  43.259  -87.617  8.175 0.4000000060
8524  41.917  -88.888  7.222 0.3000000119
146588  41.190  -89.660  6.851 0.3000000119
7784  40.729  -89.989  6.826 0.3000000119
12080  45.461  -85.226  10.613 0.3000000119
11153  45.851  -85.702  10.212 0.3000000119
11182  45.337  -86.122  9.141 0.3000000119
11204  45.186  -85.583  8.433 0.3000000119
10293  44.229  -86.151  7.190 0.3000000119
10294  43.735  -86.933  6.920 0.4000000060
12121  45.527  -84.653  8.444 0.3000000119
12122  44.950  -84.703  7.700 0.3000000119
128006  44.708  -85.623  7.752 0.3000000119
11218  43.470  -85.894  6.089 0.4000000060
13053  44.682  -83.898  6.833 0.3000000119
12161  44.130  -84.226  6.127 0.4000000060
12162  43.472  -84.614  5.394 0.4000000060
13957  44.951  -82.477  5.486 0.3000000119
142719  43.957  -83.564  5.158 0.4000000060
11240  42.833  -84.566  4.415 0.4000000060
13969  45.390  -81.686  5.110 0.3000000119
13089  43.911  -82.780  4.322 0.4000000060
13970  44.626  -82.027  4.474 0.3000000119
14774  41.066  -81.804  12.047 0.3000000119
13894  41.508  -82.358  11.479 0.3000000119
137199  40.716  -83.666  10.175 0.3000000119
13027  41.222  -84.109  9.854 0.3000000119
12984  43.705  -83.273  11.034 0.3000000119
13003  43.247  -83.798  10.490 0.3000000119
12082  42.694  -84.292  10.017 0.3000000119
11169  40.874  -85.238  8.869 0.3000000119
12962  45.723  -83.479  12.097 0.3000000119
12983  44.613  -83.581  11.260 0.3000000119
12100  43.130  -85.173  9.577 0.3000000119
11183  42.203  -86.155  8.532 0.3000000119
10264  41.733  -86.728  8.168 0.3000000119
9378  41.780  -88.378  7.543 0.3000000119
7770  40.762  -89.969  7.031 0.3000000119
134858  40.068  -90.183  7.069 0.3000000119
7772  38.612  -89.849  7.450 0.3000000119
12062  45.930  -84.773  11.310 0.3000000119
13057  45.079  -82.912  6.526 0.3000000119
13058  44.506  -83.292  5.876 0.3000000119
13945  45.716  -82.467  7.125 0.3000000119
14858  46.000  -81.323  5.685 0.3000000119
14875  45.672  -80.820  4.976 0.3000000119
13982  45.056  -81.274  4.557 0.3000000119
14734  41.133  -80.978  13.306 0.3000000119
14773  41.952  -81.768  11.961 0.3000000119
13893  42.365  -82.396  11.467 0.3000000119
13004  41.411  -83.466  10.469 0.3000000119
13880  43.634  -82.128  12.143 0.3000000119
129245  42.317  -83.561  10.477 0.3000000119
131301  37.983  -90.506  7.337 0.3000000119
15612  40.797  -80.842  13.954 0.3000000119
15611  41.467  -80.635  13.928 0.3000000119
15610  42.371  -80.482  13.931 0.3000000119
14755  42.404  -81.350  12.580 0.3000000119
13881  42.801  -81.906  12.027 0.3000000119
13879  44.484  -82.417  12.250 0.3000000119
15590  40.897  -80.610  14.642 0.3000000119
15589  41.731  -80.304  14.600 0.3000000119
14732  42.853  -80.884  13.171 0.3000000119
14754  43.257  -81.461  12.616 0.3000000119
138264  38.935  -90.780  6.470 0.3000000119
7133  40.135  -90.414  6.375 0.3000000119
7795  40.697  -89.992  6.317 0.3000000119
8555  41.941  -88.630  6.347 0.3000000119
9421  42.163  -87.252  5.133 0.4000000060
13077  43.347  -83.672  4.347 0.4000000060
15714  47.011  -80.449  6.219 0.3000000119
11154  45.132  -86.014  9.873 0.3000000119
10262  44.294  -87.124  8.520 0.3000000119
11165  44.530  -86.540  9.388 0.3000000119
10283  43.540  -87.543  7.488 0.4000000060
8522  42.957  -88.014  7.174 0.4000000060
9410  42.522  -87.865  6.282 0.4000000060
12138  43.897  -85.173  6.387 0.4000000060
143398  45.202  -84.391  11.076 0.3000000119
12081  43.688  -84.723  10.092 0.3000000119
135025  42.638  -87.093  8.325 0.3000000119
11166  43.697  -86.243  9.294 0.3000000119
7769  41.311  -89.561  7.037 0.3000000119
12079  46.111  -85.194  10.797 0.3000000119
134331  46.040  -85.729  10.066 0.3000000119
12099  45.871  -85.656  9.676 0.3000000119
12137  44.439  -84.970  6.992 0.4000000060
13956  45.598  -82.097  6.044 0.3000000119
12083  41.912  -84.007  10.061 0.3000000119
11168  41.649  -85.321  8.911 0.3000000119
13955  46.190  -81.670  6.600 0.3000000119
5046  26.234  -92.912  12.458 0.3000000119
5061  25.769  -92.949  11.869 0.3000000119
6393  25.456  -91.805  11.341 0.3000000119
6404  29.853  -91.459  9.938 0.3000000119
6422  30.376  -91.547  9.343 0.3000000119
6432  33.920  -91.658  7.632 0.3000000119
6433  33.140  -91.763  8.114 0.3000000119
6435  31.534  -91.816  8.543 0.3000000119
6447  31.910  -91.722  7.940 0.3000000119
6453  35.644  -91.337  6.511 0.5000000000
6454  34.621  -91.477  6.863 0.3000000119
6455  33.852  -91.419  7.031 0.3000000119
6465  36.321  -91.247  6.185 0.5000000000
7091  29.022  -91.231  11.139 0.3000000119
7097  30.240  -91.413  9.955 0.3000000119
7098  28.093  -90.537  9.321 0.3000000119
7106  32.596  -91.451  8.805 0.3000000119
7107  30.342  -91.433  8.653 0.3000000119
7115  39.533  -90.510  6.748 0.3000000119
7117  37.347  -91.139  6.940 0.3000000119
7118  36.435  -91.243  7.205 0.3000000119
7123  30.494  -90.698  7.963 0.3000000119
7136  37.626  -91.279  6.184 0.5000000000
7149  40.110  -90.328  5.715 0.5000000000
7150  39.491  -90.643  5.758 0.3000000119
7151  38.823  -90.902  5.780 0.5000000000
7152  37.550  -91.038  5.769 0.5000000000
7153  36.492  -89.592  5.131 0.5000000000
7163  39.012  -90.550  5.023 0.5000000000
7762  34.097  -90.570  8.719 0.3000000119
7771  39.327  -90.180  7.153 0.3000000119
7786  34.339  -89.343  6.224 0.5000000000
7809  40.773  -89.530  5.535 0.3000000119
7811  39.621  -89.790  4.199 0.5000000000
7832  37.442  -89.019  3.299 0.4000000060
7844  38.815  -89.056  2.003 0.4000000060
7863  37.443  -89.002  1.473 0.4000000060
8490  31.746  -88.813  10.559 0.3000000119
8525  41.135  -89.229  7.298 0.3000000119
8526  40.404  -89.650  7.233 0.3000000119
8540  41.839  -89.093  6.961 0.4000000060
8542  33.551  -88.683  6.115 0.3000000119
8569  40.557  -89.019  4.501 0.4000000060
8583  35.371  -88.735  3.730 0.4000000060
8591  38.566  -88.522  1.529 0.4000000060
8604  38.858  -87.933  1.479 0.4000000060
9355  43.855  -87.512  8.035 0.3000000119
9358  42.311  -87.680  7.923 0.4000000060
9376  43.217  -87.790  7.745 0.4000000060
9377  42.567  -88.170  7.571 0.4000000060
9422  41.515  -87.620  4.657 0.4000000060
9432  41.125  -87.292  3.807 0.4000000060
9454  38.182  -87.887  1.286 0.4000000060
10245  43.321  -86.790  8.715 0.3000000119
10263  44.032  -87.224  8.635 0.3000000119
10303  43.228  -86.730  6.164 0.4000000060
10304  42.810  -86.127  5.386 0.4000000060
10319  37.110  -86.469  3.804 0.4000000060
10338  37.704  -86.591  2.907 0.5000000000
10373  37.603  -87.454  1.426 0.4000000060
11152  46.177  -85.396  10.368 0.3000000119
11155  44.156  -85.704  9.740 0.3000000119
11164  45.444  -86.054  9.635 0.3000000119
11167  42.667  -85.650  8.993 0.3000000119
11184  41.223  -85.839  8.502 0.3000000119
11243  36.505  -85.981  4.613 0.5000000000
11249  41.942  -85.177  3.514 0.4000000060
11250  41.538  -84.925  3.002 0.4000000060
11258  40.494  -85.198  2.560 0.4000000060
11261  34.366  -85.575  2.423 0.6000000238
12035  26.258  -84.153  13.372 0.6000000238
12037  24.620  -83.849  13.334 0.6000000238
12049  27.087  -84.403  12.207 0.6000000238
12051  25.447  -84.421  12.414 0.6000000238
12069  25.297  -84.439  11.691 0.6000000238
12070  24.522  -84.360  11.900 0.6000000238
12089  26.474  -84.340  10.935 0.6000000238
12090  25.726  -84.364  10.984 0.6000000238
12101  42.030  -84.699  9.488 0.3000000119
12102  41.035  -84.726  9.309 0.3000000119
12141  35.963  -83.830  6.308 0.6999999881
12167  35.479  -84.393  5.639 0.6999999881
12192  41.922  -84.371  3.228 0.4000000060
12194  40.546  -84.262  2.880 0.4000000060
12203  40.480  -84.712  2.700 0.4000000060
12924  25.504  -83.300  14.457 0.6000000238
12942  27.638  -83.860  13.480 0.6000000238
12945  25.065  -83.628  13.847 0.6000000238
12963  44.920  -83.099  11.806 0.3000000119
12985  42.802  -83.006  10.917 0.3000000119
13011  27.805  -83.971  10.824 0.6000000238
13012  26.167  -84.072  10.377 0.6000000238
13015  22.422  -83.624  10.945 0.6000000238
13016  21.966  -83.458  10.230 0.5000000000
13032  26.670  -83.641  9.841 0.6000000238
13036  22.580  -83.525  9.569 0.5000000000
13059  39.645  -83.358  6.283 0.6000000238
13076  44.428  -82.846  5.006 0.3000000119
13080  35.261  -82.956  5.362 0.6999999881
13104  41.324  -83.543  2.982 0.4000000060
13106  40.333  -84.064  3.232 0.4000000060
13119  33.029  -83.951  2.200 0.6000000238
13825  26.563  -82.476  15.595 0.5000000000
13826  25.623  -82.288  15.547 0.5000000000
13842  26.982  -83.024  14.944 0.6000000238
13845  24.716  -82.339  14.485 0.6000000238
13864  28.434  -83.649  13.107 0.6000000238
13866  23.645  -82.303  13.132 0.6000000238
13892  44.072  -82.793  11.649 0.3000000119
13901  21.946  -82.208  11.308 0.6000000238
13907  41.936  -82.920  10.950 0.3000000119
13911  29.080  -83.005  10.874 0.5000000000
13921  27.150  -83.098  9.319 0.6000000238
13924  21.117  -82.578  9.060 0.5000000000
13940  21.378  -82.617  8.132 0.5000000000
13950  22.697  -82.323  7.314 0.5000000000
13952  21.021  -82.010  7.506 0.5000000000
13960  37.330  -81.748  7.047 0.6999999881
13984  41.709  -82.265  4.102 0.6000000238
13997  43.021  -82.148  3.512 0.5000000000
13998  42.359  -82.264  3.494 0.5000000000
14000  41.343  -83.064  3.242 0.4000000060
14678  25.471  -80.866  16.103 0.6000000238
14715  30.498  -81.685  14.482 0.4000000060
14733  41.969  -80.889  13.217 0.3000000119
14739  32.512  -81.287  13.594 0.6999999881
14743  24.058  -81.756  13.210 0.6000000238
14756  41.540  -81.331  12.621 0.3000000119
14757  40.681  -81.377  12.767 0.3000000119
14762  31.446  -81.463  12.596 0.6000000238
14765  24.222  -80.893  12.491 0.6000000238
14777  32.335  -81.604  11.380 0.6000000238
14779  30.776  -81.396  11.504 0.6000000238
14789  33.332  -81.792  10.497 0.6999999881
14790  32.658  -81.736  10.803 0.6999999881
14806  30.594  -81.022  9.932 0.5000000000
14824  32.729  -81.572  8.617 0.6999999881
14826  29.289  -80.993  8.716 0.5000000000
14831  25.342  -81.942  7.879 0.6000000238
14850  23.317  -81.649  6.671 0.5000000000
14860  42.550  -81.960  6.257 0.6000000238
14864  23.951  -81.187  6.145 0.5000000000
14867  21.232  -81.146  6.056 0.5000000000
14874  46.377  -80.575  5.551 0.3000000119
14892  42.721  -81.484  3.896 0.6000000238
14893  42.232  -81.808  3.917 0.6000000238
14894  35.937  -80.433  4.244 0.6000000238
15533  27.993  -80.170  17.465 0.4000000060
15534  27.012  -80.086  17.440 0.4000000060
15535  26.075  -79.779  17.243 0.4000000060
15550  28.401  -80.760  16.925 0.4000000060
15569  30.767  -80.992  16.048 0.5000000000
15570  29.910  -81.127  16.188 0.5000000000
15593  32.821  -80.923  15.060 0.5000000000
15595  25.007  -80.684  14.526 0.4000000060
15596  24.670  -81.245  14.144 0.6000000238
15609  43.308  -80.531  13.824 0.3000000119
15615  33.871  -80.843  13.794 0.6000000238
15632  34.896  -80.720  12.360 0.6999999881
15652  34.824  -81.043  10.748 0.6999999881
15676  42.776  -81.218  8.852 0.5000000000
15682  34.477  -80.849  8.407 0.6999999881
15685  30.841  -80.028  8.624 0.6000000238
15717  37.297  -80.083  6.920 0.6999999881
15735  46.758  -79.833  5.551 0.4000000060
15737  44.400  -80.410  4.827 0.4000000060
15749  45.030  -80.675  4.544 0.4000000060
15752  35.834  -79.818  3.949 0.6000000238
15767  34.544  -80.390  3.215 0.5000000000
16411  25.747  -79.089  17.143 0.4000000060
16444  25.393  -79.857  15.808 0.4000000060
16460  34.127  -80.000  15.035 0.5000000000
16490  36.667  -79.111  12.720 0.8000000119
16505  40.811  -79.353  11.110 0.6999999881
16507  36.098  -79.777  11.636 0.6999999881
16518  36.568  -79.637  9.595 0.6000000238
16538  46.053  -79.468  7.929 0.4000000060
16540  38.374  -79.925  8.632 0.6999999881
16543  36.067  -79.675  8.299 0.6999999881
16551  37.409  -79.788  7.772 0.6999999881
16556  31.281  -79.099  7.260 0.6999999881
16563  45.768  -79.329  5.565 0.4000000060
16577  46.369  -79.392  5.437 0.4000000060
16590  30.181  -78.428  4.497 0.5000000000
16591  29.361  -78.802  4.476 0.5000000000
16597  33.814  -78.172  3.554 0.5000000000
16598  33.145  -77.660  3.678 0.6000000238
17261  26.549  -78.181  17.949 0.4000000060
17316  36.362  -78.087  15.038 0.6000000238
17317  35.733  -78.562  15.099 0.6000000238
17318  35.030  -78.985  15.157 0.5000000000
17342  37.963  -78.234  12.926 0.6999999881
17361  37.216  -78.943  11.788 0.6000000238
17375  38.433  -79.234  10.324 0.6000000238
17383  39.669  -79.489  10.121 0.6999999881
17390  47.777  -77.479  7.303 0.4000000060
17396  48.389  -77.705  7.078 0.3000000119
17401  30.099  -78.049  6.511 0.4000000060
17404  31.994  -77.828  5.854 0.6000000238
17406  30.518  -77.697  6.170 0.5000000000
17410  46.592  -78.943  5.668 0.4000000060
17413  33.254  -77.365  4.570 0.6000000238
17415  30.329  -77.521  5.163 0.5000000000
17422  31.352  -77.433  4.462 0.5000000000
17425  33.995  -78.028  3.676 0.5000000000
18140  27.039  -77.653  18.251 0.4000000060
18159  25.565  -77.838  16.781 0.4000000060
18171  35.599  -77.335  15.467 0.5000000000
18186  38.416  -77.098  14.336 0.6000000238
18187  37.641  -77.216  14.684 0.8000000119
18201  39.327  -77.699  13.475 0.6999999881
18216  41.530  -77.788  12.927 0.6999999881
18238  45.952  -77.370  10.416 0.4000000060
18240  44.319  -77.395  11.060 0.6000000238
18253  31.088  -77.306  5.734 0.5000000000
18256  31.792  -77.032  5.160 0.5000000000
18258  32.649  -77.038  4.436 0.5000000000
18260  30.959  -77.262  4.839 0.5000000000
19061  37.457  -75.752  15.311 0.6000000238
19099  39.329  -77.024  14.118 0.6000000238
19117  27.866  -77.002  11.489 0.3000000119
19150  27.405  -75.990  9.248 0.3000000119
19997  38.379  -75.500  14.901 0.6999999881
19999  36.069  -75.173  15.302 0.6000000238
20014  40.670  -75.524  13.806 0.6000000238
20035  26.941  -75.165  12.551 0.3000000119
21011  27.326  -74.264  10.000 0.3000000119
21025  43.078  -74.737  9.550 0.4000000060
21041  25.506  -74.682  8.242 0.3000000119
21892  38.211  -73.331  13.575 0.5000000000
21898  26.354  -73.828  13.544 0.3000000119
21955  24.541  -73.668  8.808 0.4000000060
21969  26.686  -73.560  8.429 0.3000000119
21970  26.036  -73.866  8.206 0.4000000060
22754  26.515  -72.881  17.952 0.4000000060
22785  26.072  -72.489  14.482 0.3000000119
22820  27.526  -71.878  10.114 0.3000000119
22844  26.111  -72.405  8.915 0.4000000060
22856  26.949  -72.619  8.645 0.4000000060
23703  26.316  -71.654  16.658 0.4000000060
23713  26.201  -71.524  15.728 0.4000000060
23731  26.821  -71.062  13.186 0.4000000060
23759  24.865  -71.475  10.290 0.3000000119
23768  25.414  -71.862  9.501 0.3000000119
23777  27.302  -72.244  8.831 0.4000000060
24636  26.615  -70.766  15.190 0.4000000060
24659  27.450  -70.250  12.972 0.3000000119
24671  27.732  -70.170  11.962 0.3000000119
24686  27.682  -70.226  9.502 0.5000000000
24687  26.690  -69.844  9.720 0.4000000060
24698  27.385  -70.589  9.267 0.4000000060
25571  29.462  -69.092  17.630 0.3000000119
25583  28.655  -69.261  15.553 0.3000000119
25584  27.875  -69.701  16.053 0.3000000119
25612  28.186  -69.552  14.220 0.3000000119
25623  28.179  -69.477  13.282 0.3000000119
25634  28.177  -69.409  12.103 0.3000000119
25643  28.185  -69.120  11.148 0.3000000119
25656  27.864  -69.490  10.235 0.3000000119
25671  27.470  -70.027  9.438 0.4000000060
26549  29.811  -68.380  17.156 0.3000000119
26574  29.145  -68.510  14.568 0.3000000119
26594  24.516  -68.487  12.118 0.3000000119
26602  27.657  -68.905  10.566 0.3000000119
27541  29.382  -67.975  14.938 0.3000000119
27545  28.737  -67.711  13.707 0.3000000119
27546  24.252  -67.039  13.057 0.3000000119
27550  28.411  -67.660  12.638 0.3000000119
27551  28.011  -67.217  12.341 0.3000000119
27552  27.014  -66.526  12.096 0.3000000119
27563  27.752  -67.582  11.784 0.3000000119
28474  27.743  -66.338  13.137 0.3000000119
28482  24.719  -66.391  12.907 0.3000000119
28489  27.444  -66.828  12.163 0.3000000119
29394  25.855  -64.265  14.987 0.3000000119
29416  27.058  -64.933  13.033 0.3000000119
29417  25.962  -64.400  13.037 0.3000000119
29423  27.317  -65.670  12.852 0.3000000119
29424  26.962  -65.292  12.717 0.3000000119
30421  26.443  -64.331  13.302 0.3000000119
30423  25.353  -63.723  13.407 0.3000000119
126294  25.748  -74.088  16.026 0.4000000060
127161  26.463  -67.883  11.539 0.3000000119
128166  27.351  -71.245  9.184 0.3000000119
128418  31.419  -91.361  9.449 0.3000000119
128616  31.195  -81.241  11.001 0.6000000238
129082  47.695  -79.286  6.410 0.4000000060
129228  26.576  -75.344  13.777 0.3000000119
129288  39.253  -82.067  7.771 0.8000000119
130795  45.460  -83.952  11.574 0.3000000119
131781  26.576  -74.302  12.662 0.3000000119
133405  43.217  -82.546  11.523 0.3000000119
134576  44.974  -86.523  9.355 0.3000000119
135158  42.614  -81.477  4.382 0.5000000000
135936  47.863  -78.731  6.464 0.4000000060
136700  42.028  -78.976  11.826 0.6999999881
137402  22.469  -81.376  11.488 0.6000000238
137900  21.054  -82.045  9.724 0.5000000000
138157  38.794  -90.536  6.973 0.3000000119
138907  36.877  -79.621  7.321 0.6000000238
139064  28.043  -68.207  11.536 0.3000000119
139674  45.672  -85.444  9.040 0.3000000119
139811  22.745  -83.715  10.277 0.6000000238
140111  32.661  -80.586  7.041 0.6999999881
141237  28.666  -67.827  13.124 0.3000000119
141266  46.524  -81.055  6.174 0.3000000119
141476  26.364  -73.274  12.717 0.3000000119
142408  41.199  -82.893  11.041 0.3000000119
143771  34.910  -80.671  9.102 0.6000000238
143958  27.404  -76.027  12.336 0.3000000119
144649  26.661  -73.302  11.419 0.3000000119
144771  34.645  -81.096  3.191 0.5000000000
144884  28.711  -78.525  4.788 0.5000000000
146021  28.957  -83.150  13.482 0.5000000000
146200  36.478  -83.331  6.630 0.6999999881
146572  32.338  -89.120  10.100 0.3000000119
146682  39.772  -87.548  2.080 0.4000000060
146821  26.546  -73.594  17.998 0.4000000060
147348  26.955  -75.853  8.787 0.4000000060
147919  38.170  -87.376  1.542 0.4000000060
147966  20.811  -81.978  9.251 0.5000000000
147995  26.804  -79.462  17.670 0.4000000060
148943  27.113  -76.487  9.265 0.3000000119
149204  28.976  -69.141  16.594 0.3000000119
149310  28.728  -82.342  9.450 0.5000000000
149631  30.209  -89.812  7.505 0.3000000119
149823  26.442  -73.241  12.046 0.3000000119
150126  40.426  -90.000  5.674 0.3000000119
150371  37.184  -79.762  7.229 0.6999999881
151063  35.892  -79.319  4.420 0.5000000000
151315  28.370  -91.217  11.615 0.3000000119
151338  36.952  -78.958  12.250 0.6999999881
151462  33.484  -81.502  11.769 0.6000000238
