#!ascii label  , from subject sub-01 vox2ras=TkReg
363
17083  45.534  -78.766  35.456 0.0000000000
15383  47.477  -81.466  30.385 0.0000000000
148711  44.872  -85.385  33.521 0.0000000000
15340  51.041  -80.908  35.656 0.0000000000
11850  45.272  -84.280  30.345 0.0000000000
9989  46.733  -87.030  33.288 0.0000000000
140695  43.686  -87.389  30.128 0.0000000000
15355  47.748  -80.863  33.714 0.0000000000
17982  49.765  -76.997  32.894 0.0000000000
14459  45.379  -81.691  35.003 0.0000000000
12656  48.186  -83.780  35.625 0.0000000000
129625  48.960  -84.128  33.214 0.0000000000
12734  48.720  -83.463  29.339 0.0000000000
14551  46.003  -81.326  26.685 0.0000000000
17956  42.586  -77.487  34.558 0.0000000000
15358  42.838  -80.520  33.435 0.0000000000
11819  42.281  -83.978  31.641 0.0000000000
18794  52.448  -76.902  35.485 0.0000000000
8276  44.120  -89.188  31.269 0.0000000000
14501  46.589  -81.434  32.009 0.0000000000
16255  46.352  -79.650  32.720 0.0000000000
12691  45.110  -83.700  33.516 0.0000000000
11782  46.233  -84.751  34.401 0.0000000000
10934  45.508  -85.648  31.363 0.0000000000
10904  47.890  -85.645  33.572 0.0000000000
11818  47.080  -84.897  31.356 0.0000000000
12708  48.421  -84.096  31.277 0.0000000000
12736  46.897  -83.562  29.431 0.0000000000
14565  47.574  -80.904  26.759 0.0000000000
14503  40.878  -82.084  31.758 0.0000000000
13630  42.254  -82.538  31.783 0.0000000000
12711  40.633  -83.741  31.595 0.0000000000
16201  51.178  -79.999  36.478 0.0000000000
16219  52.007  -78.851  35.569 0.0000000000
18863  49.430  -75.559  32.098 0.0000000000
126748  51.697  -75.943  32.918 0.0000000000
9980  44.611  -87.694  33.554 0.0000000000
9968  46.245  -86.751  34.198 0.0000000000
8270  45.428  -88.980  33.137 0.0000000000
10001  45.402  -87.518  32.149 0.0000000000
10945  43.849  -85.533  29.990 0.0000000000
14458  49.024  -80.877  34.243 0.0000000000
16251  50.961  -78.802  34.184 0.0000000000
17109  48.824  -78.938  33.790 0.0000000000
17984  47.850  -77.507  32.603 0.0000000000
16279  47.440  -80.182  29.174 0.0000000000
15323  45.066  -80.499  35.661 0.0000000000
135422  49.199  -81.214  36.601 0.0000000000
13557  50.240  -82.415  36.225 0.0000000000
11780  47.993  -85.166  34.889 0.0000000000
11763  49.340  -83.931  35.242 0.0000000000
141598  50.056  -82.388  34.888 0.0000000000
13607  48.461  -82.537  33.391 0.0000000000
13629  48.154  -82.922  31.956 0.0000000000
14509  48.418  -82.055  30.387 0.0000000000
13676  44.873  -82.490  28.258 0.0000000000
13674  47.114  -82.508  28.287 0.0000000000
13671  49.368  -82.621  28.803 0.0000000000
15396  50.113  -81.176  29.332 0.0000000000
18836  44.560  -76.276  33.769 0.0000000000
17926  44.046  -78.230  34.939 0.0000000000
135819  42.543  -79.400  34.827 0.0000000000
133764  43.983  -79.745  35.370 0.0000000000
129814  44.234  -81.129  34.121 0.0000000000
13617  43.885  -82.673  32.710 0.0000000000
11809  43.615  -84.967  32.432 0.0000000000
9085  42.255  -86.650  31.771 0.0000000000
9991  43.780  -87.332  32.982 0.0000000000
17969  51.985  -77.536  33.924 0.0000000000
17924  46.047  -78.102  34.959 0.0000000000
17952  46.572  -77.347  34.632 0.0000000000
17923  47.003  -78.030  35.129 0.0000000000
14510  46.837  -81.664  31.126 0.0000000000
143338  45.985  -80.796  31.871 0.0000000000
11800  45.459  -84.482  33.844 0.0000000000
12690  45.712  -83.790  34.107 0.0000000000
10905  45.569  -85.613  33.973 0.0000000000
11833  45.095  -84.999  30.859 0.0000000000
10933  46.353  -85.537  31.584 0.0000000000
11832  46.198  -84.799  30.964 0.0000000000
144183  47.202  -84.382  30.533 0.0000000000
11849  46.572  -84.086  30.169 0.0000000000
15443  48.257  -80.442  25.663 0.0000000000
13632  40.755  -82.906  31.630 0.0000000000
15306  51.298  -80.532  36.194 0.0000000000
16200  51.610  -79.792  36.110 0.0000000000
16239  51.688  -79.371  35.192 0.0000000000
20715  49.734  -74.908  31.976 0.0000000000
8246  45.313  -88.811  33.377 0.0000000000
8258  45.085  -89.464  33.087 0.0000000000
9093  43.823  -88.338  30.603 0.0000000000
9092  44.706  -88.383  31.822 0.0000000000
139950  44.281  -87.150  31.146 0.0000000000
10009  43.763  -86.436  30.153 0.0000000000
14472  48.583  -81.719  33.865 0.0000000000
16253  48.520  -79.889  34.094 0.0000000000
16254  47.530  -79.902  33.620 0.0000000000
17115  47.448  -78.364  32.938 0.0000000000
17985  46.967  -77.764  32.391 0.0000000000
17992  47.319  -76.968  32.154 0.0000000000
14441  45.638  -81.207  35.636 0.0000000000
15311  45.711  -80.531  35.977 0.0000000000
144758  46.190  -81.044  36.037 0.0000000000
14421  49.810  -81.893  36.536 0.0000000000
13558  49.333  -82.565  36.363 0.0000000000
9062  46.266  -87.645  33.646 0.0000000000
9967  46.898  -86.692  34.166 0.0000000000
9966  47.432  -86.307  34.065 0.0000000000
10912  48.378  -85.050  32.909 0.0000000000
11779  48.756  -84.693  34.609 0.0000000000
11798  49.409  -84.000  34.493 0.0000000000
12674  49.855  -83.278  35.328 0.0000000000
13605  49.674  -83.055  34.397 0.0000000000
14471  49.326  -82.458  34.087 0.0000000000
13606  49.082  -83.219  33.569 0.0000000000
12721  48.451  -83.781  30.573 0.0000000000
13628  48.484  -83.623  31.602 0.0000000000
13642  48.640  -83.229  30.341 0.0000000000
14499  48.297  -82.816  31.022 0.0000000000
12720  49.130  -82.932  29.477 0.0000000000
11924  46.048  -84.230  23.867 0.0000000000
129948  45.240  -82.165  25.326 0.0000000000
12807  44.430  -82.767  26.036 0.0000000000
13714  45.102  -81.802  26.576 0.0000000000
140551  45.267  -82.053  27.638 0.0000000000
13675  46.066  -82.413  28.307 0.0000000000
13695  46.280  -81.800  27.629 0.0000000000
14564  48.566  -80.940  27.104 0.0000000000
14549  48.117  -81.619  27.530 0.0000000000
147844  49.875  -81.540  28.321 0.0000000000
14538  49.797  -81.970  28.800 0.0000000000
14547  50.475  -81.075  28.710 0.0000000000
18837  43.640  -76.239  33.669 0.0000000000
18821  44.052  -76.928  34.009 0.0000000000
17954  44.529  -77.527  34.468 0.0000000000
17955  43.574  -77.550  34.483 0.0000000000
15359  41.773  -80.241  33.061 0.0000000000
144249  41.760  -79.323  34.302 0.0000000000
15343  42.234  -79.769  33.871 0.0000000000
149511  43.347  -79.681  35.000 0.0000000000
15342  43.091  -80.004  34.392 0.0000000000
14461  44.335  -80.748  34.727 0.0000000000
14475  43.687  -81.287  33.427 0.0000000000
12700  42.733  -83.270  31.818 0.0000000000
13618  43.050  -82.561  32.135 0.0000000000
12699  43.530  -83.408  32.330 0.0000000000
138909  44.027  -84.304  32.638 0.0000000000
11810  42.888  -84.733  31.926 0.0000000000
128540  40.434  -87.978  31.703 0.0000000000
146186  42.155  -87.408  31.788 0.0000000000
9992  43.002  -86.525  32.311 0.0000000000
17108  50.423  -77.803  33.461 0.0000000000
17970  51.515  -77.864  33.790 0.0000000000
17981  50.911  -77.080  33.165 0.0000000000
18849  52.151  -76.037  33.371 0.0000000000
15368  46.941  -81.215  32.986 0.0000000000
15356  46.911  -80.274  33.219 0.0000000000
13608  45.377  -83.070  33.875 0.0000000000
13577  46.030  -82.034  35.352 0.0000000000
13595  46.260  -82.872  35.088 0.0000000000
145939  46.870  -84.389  34.914 0.0000000000
9999  46.576  -86.870  32.649 0.0000000000
9988  47.276  -86.363  33.453 0.0000000000
10924  46.785  -85.885  32.080 0.0000000000
10923  47.384  -85.298  32.059 0.0000000000
10922  48.029  -84.878  32.110 0.0000000000
141370  48.570  -84.323  32.310 0.0000000000
144061  48.210  -84.423  31.514 0.0000000000
11848  47.718  -83.978  29.751 0.0000000000
12735  48.303  -83.667  29.340 0.0000000000
14550  46.972  -81.353  27.178 0.0000000000
15434  47.407  -80.622  25.842 0.0000000000
15433  48.095  -80.584  26.408 0.0000000000
133717  41.765  -81.316  32.148 0.0000000000
14485  42.483  -81.725  32.170 0.0000000000
14502  41.662  -81.929  31.828 0.0000000000
12709  42.060  -83.157  31.611 0.0000000000
11820  41.368  -84.279  31.514 0.0000000000
17903  51.792  -78.431  36.139 0.0000000000
17917  52.314  -77.756  35.595 0.0000000000
18851  49.567  -76.298  32.400 0.0000000000
139546  51.225  -76.394  32.872 0.0000000000
19738  50.384  -76.003  32.403 0.0000000000
131157  51.379  -75.252  32.532 0.0000000000
10915  44.863  -86.181  33.613 0.0000000000
10906  45.659  -86.771  34.020 0.0000000000
9979  45.322  -87.441  33.816 0.0000000000
9063  45.785  -87.959  33.660 0.0000000000
10000  45.955  -88.027  32.857 0.0000000000
9084  45.525  -88.544  32.721 0.0000000000
145498  46.132  -87.410  32.577 0.0000000000
10926  45.066  -86.480  31.534 0.0000000000
10935  44.467  -85.811  30.825 0.0000000000
15341  50.269  -80.825  34.923 0.0000000000
147230  51.387  -79.584  34.911 0.0000000000
16240  50.583  -79.865  34.661 0.0000000000
16252  49.701  -79.342  34.200 0.0000000000
17113  49.411  -77.675  33.233 0.0000000000
17110  47.908  -79.068  33.528 0.0000000000
17114  48.515  -78.121  33.254 0.0000000000
17983  48.749  -77.262  32.763 0.0000000000
138697  48.935  -76.670  32.458 0.0000000000
18864  48.541  -76.066  32.112 0.0000000000
15398  48.027  -80.841  29.743 0.0000000000
132095  45.149  -79.327  35.702 0.0000000000
17082  46.499  -78.682  35.542 0.0000000000
16206  45.955  -80.048  36.136 0.0000000000
14420  50.576  -81.641  36.341 0.0000000000
14439  51.027  -81.532  35.984 0.0000000000
11765  47.687  -84.533  35.210 0.0000000000
10892  48.024  -85.510  34.301 0.0000000000
11764  48.588  -84.383  35.269 0.0000000000
12655  49.150  -83.659  35.690 0.0000000000
142972  50.141  -82.878  36.012 0.0000000000
131783  50.720  -82.128  35.933 0.0000000000
139537  50.561  -81.717  35.458 0.0000000000
14457  49.673  -81.669  34.524 0.0000000000
13615  48.487  -83.236  32.663 0.0000000000
13616  47.827  -82.470  32.667 0.0000000000
14500  47.451  -82.205  31.785 0.0000000000
151442  47.624  -82.125  30.959 0.0000000000
11852  43.687  -84.838  29.312 0.0000000000
130822  45.614  -83.608  24.392 0.0000000000
150886  43.827  -83.474  28.323 0.0000000000
12737  45.512  -83.563  29.680 0.0000000000
12754  45.794  -82.905  29.003 0.0000000000
12753  47.116  -83.066  28.784 0.0000000000
12751  48.627  -83.428  28.960 0.0000000000
13694  47.618  -82.174  27.939 0.0000000000
13693  48.652  -82.444  28.221 0.0000000000
12733  49.155  -83.092  28.988 0.0000000000
13655  49.578  -82.431  29.013 0.0000000000
14525  49.205  -81.710  29.728 0.0000000000
15382  48.516  -81.437  29.962 0.0000000000
16278  48.675  -80.248  29.239 0.0000000000
20687  45.455  -74.568  33.604 0.0000000000
19720  44.162  -75.566  33.530 0.0000000000
19719  45.181  -75.505  33.676 0.0000000000
18820  45.420  -76.399  33.985 0.0000000000
17953  45.544  -77.312  34.429 0.0000000000
17925  45.047  -78.196  34.885 0.0000000000
135946  40.977  -79.117  34.214 0.0000000000
17086  42.693  -78.663  35.251 0.0000000000
17085  43.541  -78.766  35.353 0.0000000000
132216  43.938  -79.254  35.468 0.0000000000
16223  44.552  -79.556  35.609 0.0000000000
137764  44.621  -80.027  35.641 0.0000000000
14442  44.916  -80.979  35.199 0.0000000000
14460  44.757  -81.426  34.552 0.0000000000
14484  43.386  -81.880  32.669 0.0000000000
13610  44.071  -82.042  33.152 0.0000000000
13609  44.719  -82.718  33.381 0.0000000000
12698  44.407  -83.563  32.901 0.0000000000
11801  44.797  -84.595  33.353 0.0000000000
11808  44.380  -85.210  33.050 0.0000000000
10917  43.112  -85.626  32.233 0.0000000000
134004  43.672  -86.435  32.756 0.0000000000
9990  44.355  -86.828  33.368 0.0000000000
17099  51.722  -78.888  34.702 0.0000000000
17106  52.151  -78.001  34.592 0.0000000000
17968  52.282  -77.174  34.209 0.0000000000
143862  51.860  -76.443  33.254 0.0000000000
18834  52.362  -76.409  33.854 0.0000000000
9055  46.337  -87.352  33.919 0.0000000000
9064  45.204  -88.359  33.630 0.0000000000
9072  46.288  -87.701  33.087 0.0000000000
9073  45.803  -88.317  33.342 0.0000000000
9075  41.553  -87.933  31.729 0.0000000000
9977  46.811  -87.002  33.854 0.0000000000
9978  45.971  -87.393  34.034 0.0000000000
10891  48.514  -84.992  33.769 0.0000000000
10893  47.395  -85.855  34.424 0.0000000000
10913  47.695  -85.583  32.773 0.0000000000
10914  47.085  -86.210  32.723 0.0000000000
10916  44.019  -85.874  32.902 0.0000000000
10925  46.025  -86.509  31.973 0.0000000000
11799  48.803  -84.504  33.298 0.0000000000
11817  47.759  -84.636  31.358 0.0000000000
11830  48.284  -83.886  29.892 0.0000000000
11831  47.758  -84.309  30.511 0.0000000000
12645  49.675  -83.060  36.056 0.0000000000
12646  48.783  -83.165  36.051 0.0000000000
12653  50.163  -82.896  35.840 0.0000000000
12654  49.774  -83.260  35.712 0.0000000000
12657  47.061  -83.582  35.347 0.0000000000
12688  49.691  -83.392  34.685 0.0000000000
12689  49.290  -83.718  33.878 0.0000000000
12697  48.799  -83.791  32.875 0.0000000000
12710  41.460  -83.434  31.540 0.0000000000
12752  47.875  -83.581  29.029 0.0000000000
12771  43.991  -83.032  27.906 0.0000000000
13556  50.751  -81.929  36.097 0.0000000000
13574  50.484  -82.495  36.011 0.0000000000
13593  50.331  -82.648  35.741 0.0000000000
13594  50.089  -82.882  35.080 0.0000000000
13596  45.792  -82.997  34.469 0.0000000000
13597  45.193  -82.286  34.273 0.0000000000
13631  41.522  -82.664  31.632 0.0000000000
13641  48.963  -82.481  29.991 0.0000000000
13672  48.990  -82.975  28.677 0.0000000000
13673  48.132  -83.057  28.522 0.0000000000
13692  49.379  -82.340  28.520 0.0000000000
14418  51.285  -80.815  35.966 0.0000000000
14419  51.025  -81.278  36.148 0.0000000000
14422  48.760  -81.876  36.495 0.0000000000
14424  46.438  -80.526  36.184 0.0000000000
14473  47.666  -81.827  33.293 0.0000000000
14474  44.480  -81.786  33.789 0.0000000000
14476  42.939  -81.199  32.778 0.0000000000
14483  47.234  -81.839  32.565 0.0000000000
14486  41.074  -81.384  32.050 0.0000000000
14523  50.110  -81.577  29.040 0.0000000000
14524  49.585  -82.063  29.389 0.0000000000
14548  49.137  -81.756  27.865 0.0000000000
14577  47.688  -80.814  24.889 0.0000000000
15307  50.775  -80.812  36.480 0.0000000000
15324  44.447  -80.348  35.308 0.0000000000
15325  43.818  -80.180  34.893 0.0000000000
15339  51.423  -80.084  35.567 0.0000000000
15354  49.607  -80.188  34.440 0.0000000000
15357  43.714  -80.603  34.162 0.0000000000
15371  42.215  -80.884  32.576 0.0000000000
15379  46.087  -81.106  31.243 0.0000000000
15397  49.202  -80.972  29.618 0.0000000000
16220  51.709  -79.473  35.607 0.0000000000
16221  45.985  -79.419  35.884 0.0000000000
16222  45.233  -79.932  35.908 0.0000000000
16224  43.199  -79.216  35.265 0.0000000000
16225  42.392  -78.973  35.169 0.0000000000
16238  51.977  -78.826  35.013 0.0000000000
16262  47.036  -79.310  33.191 0.0000000000
17064  51.902  -79.036  36.029 0.0000000000
17077  52.124  -78.370  35.854 0.0000000000
17084  44.520  -78.871  35.437 0.0000000000
17098  52.216  -78.289  35.290 0.0000000000
17107  51.883  -78.277  34.391 0.0000000000
17927  43.095  -78.163  35.034 0.0000000000
17949  52.453  -77.521  34.996 0.0000000000
17980  51.724  -76.994  33.412 0.0000000000
18815  52.565  -76.648  34.651 0.0000000000
18818  47.084  -76.611  34.470 0.0000000000
18822  43.131  -76.893  33.944 0.0000000000
18835  52.076  -76.775  33.590 0.0000000000
18850  50.392  -76.522  32.717 0.0000000000
18852  48.141  -76.765  32.330 0.0000000000
19736  52.011  -75.510  33.044 0.0000000000
19737  50.441  -75.394  32.228 0.0000000000
128238  42.398  -85.930  31.808 0.0000000000
130227  49.665  -78.437  33.663 0.0000000000
134043  48.166  -84.211  30.753 0.0000000000
136124  44.836  -76.898  34.104 0.0000000000
137932  49.000  -84.479  33.976 0.0000000000
139075  43.208  -84.101  32.041 0.0000000000
143175  44.429  -83.199  28.888 0.0000000000
144458  49.160  -84.178  33.755 0.0000000000
145314  50.424  -82.301  35.530 0.0000000000
145507  51.049  -80.254  35.230 0.0000000000
147690  45.724  -82.357  34.869 0.0000000000
147855  48.704  -83.442  29.917 0.0000000000
148418  51.076  -75.821  32.521 0.0000000000
148508  51.658  -78.433  34.308 0.0000000000
148906  43.775  -89.118  30.452 0.0000000000
149783  51.511  -80.179  35.900 0.0000000000
