#Insight Transform File V1.0
#Transform 0
Transform: AffineTransform_float_3_3
Parameters: 0.999999 -0.00172241 -0.000125862 0.00172246 0.999995 -0.00241647 0.00012976 0.00241625 0.999997 -0.00351431 -0.00304044 -0.0331231
FixedParameters: 0 0 0

#Transform 1
Transform: AffineTransform_float_3_3
Parameters: 0.999998 -0.00175333 0.000358018 0.00175345 0.999998 -0.00102195 -0.000356336 0.00102261 1 0.00130416 -0.0293488 -0.0161925
FixedParameters: 0 0 0

#Transform 2
Transform: AffineTransform_float_3_3
Parameters: 0.999999 -0.00139985 0.000177704 0.00140001 0.999998 -0.00135059 -0.000174875 0.0013505 0.999999 0.0079238 -0.00599355 -0.0261116
FixedParameters: 0 0 0

#Transform 3
Transform: AffineTransform_float_3_3
Parameters: 0.999998 -0.00170431 -0.000134246 0.00170344 0.999998 -0.000916539 0.000135466 0.000916302 1 0.0141739 -0.0437929 -0.0107594
FixedParameters: 0 0 0

#Transform 4
Transform: AffineTransform_float_3_3
Parameters: 0.999999 -0.0015234 0.00040158 0.00152377 0.999998 -0.00123272 -0.000399723 0.00123417 0.999999 0.0173917 -0.0292552 -0.0191852
FixedParameters: 0 0 0

#Transform 5
Transform: AffineTransform_float_3_3
Parameters: 0.999999 -0.00152318 0.000142378 0.00152313 0.999999 -0.000903373 -0.000140575 0.000904028 1 0.0181273 -0.0478466 0.0171251
FixedParameters: 0 0 0

#Transform 6
Transform: AffineTransform_float_3_3
Parameters: 0.999999 -0.00138235 0.000235141 0.00138238 0.999998 -0.00137451 -0.000233244 0.00137457 0.999999 0.0231299 -0.0419745 -0.00872066
FixedParameters: 0 0 0

#Transform 7
Transform: AffineTransform_float_3_3
Parameters: 0.999999 -0.00131467 0.000169122 0.00131454 0.999998 -0.00144598 -0.000167221 0.00144665 0.999999 0.0345874 -0.0428779 -0.0184193
FixedParameters: 0 0 0

#Transform 8
Transform: AffineTransform_float_3_3
Parameters: 0.999999 -0.00145016 0.000169075 0.00145108 0.999998 -0.000834536 -0.000167905 0.000835252 0.999999 0.010346 -0.0645764 0.0189356
FixedParameters: 0 0 0

#Transform 9
Transform: AffineTransform_float_3_3
Parameters: 1 -0.00117195 0.0001821 0.00117198 0.999999 -0.000935316 -0.000180854 0.000935155 0.999999 0.0141843 -0.00923071 -0.0168821
FixedParameters: 0 0 0

#Transform 10
Transform: AffineTransform_float_3_3
Parameters: 0.999998 -0.00162367 -0.000159794 0.00162264 0.999998 -0.00128284 0.000162056 0.00128254 0.999999 0.018958 -0.0682996 -0.0084022
FixedParameters: 0 0 0

#Transform 11
Transform: AffineTransform_float_3_3
Parameters: 0.999999 -0.000867911 -8.62227e-05 0.000868287 0.999998 -0.0015126 8.75854e-05 0.00151326 0.999998 0.0181847 0.00754013 -0.0165219
FixedParameters: 0 0 0

#Transform 12
Transform: AffineTransform_float_3_3
Parameters: 1 -0.00113657 4.7254e-05 0.00113758 0.999999 -0.000590712 -4.62124e-05 0.000590236 1 0.0358247 -0.0602739 0.0393715
FixedParameters: 0 0 0

#Transform 13
Transform: AffineTransform_float_3_3
Parameters: 0.999999 -0.00135737 0.000496849 0.00135749 0.999999 -0.000430973 -0.000496623 0.000431734 1 0.0259693 -0.0625416 0.00727485
FixedParameters: 0 0 0

#Transform 14
Transform: AffineTransform_float_3_3
Parameters: 0.999999 -0.000771108 0.000362388 0.000771534 0.999999 -0.00101501 -0.00036178 0.00101556 1 0.0323106 -0.0416059 0.0121103
FixedParameters: 0 0 0

#Transform 15
Transform: AffineTransform_float_3_3
Parameters: 0.999999 -0.000865912 0.000145636 0.000866065 0.999999 -0.000525081 -0.000144726 0.000525332 1 0.00326128 -0.072654 0.0230446
FixedParameters: 0 0 0

#Transform 16
Transform: AffineTransform_float_3_3
Parameters: 1 -0.000529256 3.6907e-05 0.000529014 1 -0.000890622 -3.69163e-05 0.000890074 0.999999 0.0116575 -0.00538462 0.00313393
FixedParameters: 0 0 0

#Transform 17
Transform: AffineTransform_float_3_3
Parameters: 0.999999 -0.000854625 8.84971e-06 0.00085462 0.999999 0.000294636 -9.3533e-06 -0.00029462 1 -0.00141111 -0.0606288 0.0568321
FixedParameters: 0 0 0

#Transform 18
Transform: AffineTransform_float_3_3
Parameters: 1 -0.000507801 0.000148385 0.000507877 1 -0.000255224 -0.000148126 0.000255374 1 0.0112602 -0.0104603 0.0306016
FixedParameters: 0 0 0

#Transform 19
Transform: AffineTransform_float_3_3
Parameters: 1 -0.000597904 0.000115223 0.00059786 1 0.000190015 -0.00011545 -0.000189877 1 -0.00388483 -0.042171 0.0505138
FixedParameters: 0 0 0

#Transform 20
Transform: AffineTransform_float_3_3
Parameters: 0.999999 -0.0005585 -0.000505832 0.000558499 1 -1.07232e-06 0.000505833 5.0731e-07 1 0.00154618 0.0036177 -0.000580965
FixedParameters: 0 0 0

#Transform 21
Transform: AffineTransform_float_3_3
Parameters: 1 -0.000518452 0.000316386 0.000518166 0.999999 0.000456161 -0.00031686 -0.000456644 1 0.00839875 -0.0257687 0.00994475
FixedParameters: 0 0 0

#Transform 22
Transform: AffineTransform_float_3_3
Parameters: 1 0.000103094 0.000269343 -0.000103737 1 -0.000572082 -0.000269154 0.000572024 1 0.0234186 -0.009416 0.00222513
FixedParameters: 0 0 0

#Transform 23
Transform: AffineTransform_float_3_3
Parameters: 1 -0.000530155 9.62884e-05 0.000530043 0.999999 0.000581773 -9.69051e-05 -0.000581671 1 0.012986 -0.0326712 0.0589485
FixedParameters: 0 0 0

#Transform 24
Transform: AffineTransform_float_3_3
Parameters: 1 0.000301385 1.92937e-05 -0.000301383 1 -4.291e-05 -1.93195e-05 4.28984e-05 1 0.0155328 -0.00382476 0.0482858
FixedParameters: 0 0 0

#Transform 25
Transform: AffineTransform_float_3_3
Parameters: 1 0.000237725 0.000252285 -0.000237239 0.999999 0.000922468 -0.000252154 -0.000922585 0.999999 0.00577173 -0.0423305 0.0725234
FixedParameters: 0 0 0

#Transform 26
Transform: AffineTransform_float_3_3
Parameters: 1 0.000454454 0.000246471 -0.000455058 0.999999 0.000599741 -0.000246877 -0.000599967 1 0.00506437 -0.0046039 0.0497733
FixedParameters: 0 0 0

#Transform 27
Transform: AffineTransform_float_3_3
Parameters: 1 -0.00032275 -5.29129e-06 0.000323066 0.999999 0.000751986 5.75723e-06 -0.000751988 0.999999 -0.00612289 -0.0257487 0.0973469
FixedParameters: 0 0 0

#Transform 28
Transform: AffineTransform_float_3_3
Parameters: 1 0.000414368 -3.81947e-05 -0.000414367 1 1.5709e-05 3.82077e-05 -1.56773e-05 1 -0.0154109 0.0196503 0.06661
FixedParameters: 0 0 0

#Transform 29
Transform: AffineTransform_float_3_3
Parameters: 1 9.21089e-05 1.02782e-05 -9.21332e-05 1 0.00109773 -1.0082e-05 -0.00109774 1 -0.0292521 -0.0416083 0.115077
FixedParameters: 0 0 0

#Transform 30
Transform: AffineTransform_float_3_3
Parameters: 1 0.000594472 -0.000112904 -0.000594371 0.999999 0.000444137 0.000113432 -0.000444002 1 -0.00602374 0.0338159 0.0269217
FixedParameters: 0 0 0

#Transform 31
Transform: AffineTransform_float_3_3
Parameters: 1 0.000283965 4.30581e-05 -0.000284048 1 0.000965873 -4.25093e-05 -0.000966482 0.999999 -0.0278446 -0.0154821 0.0912854
FixedParameters: 0 0 0

#Transform 32
Transform: AffineTransform_float_3_3
Parameters: 0.999999 0.000916583 -0.000214735 -0.000916417 0.999999 0.000386179 0.000215443 -0.000385785 1 -0.0137223 0.0321447 0.0337582
FixedParameters: 0 0 0

#Transform 33
Transform: AffineTransform_float_3_3
Parameters: 0.999999 0.000759961 0.000165465 -0.000759822 0.999998 0.00152772 -0.000164408 -0.00152797 0.999999 -0.0198837 -0.0168018 0.0872093
FixedParameters: 0 0 0

#Transform 34
Transform: AffineTransform_float_3_3
Parameters: 1 0.00117399 -2.78769e-05 -0.00117429 0.999999 0.000254117 2.75288e-05 -0.000254639 1 -0.00918085 0.0301661 0.0693817
FixedParameters: 0 0 0

#Transform 35
Transform: AffineTransform_float_3_3
Parameters: 1 0.000487625 0.000422098 -0.000488341 0.999998 0.00160972 -0.000421792 -0.00161014 0.999998 -0.0146364 -0.0176776 0.0927671
FixedParameters: 0 0 0

#Transform 36
Transform: AffineTransform_float_3_3
Parameters: 0.999999 0.000815368 0.000322958 -0.000815609 0.999998 0.00136857 -0.000321991 -0.00136909 0.999999 -0.00936094 0.0290007 0.0692788
FixedParameters: 0 0 0

#Transform 37
Transform: AffineTransform_float_3_3
Parameters: 1 0.000947838 0.000600778 -0.000947931 0.999998 0.00140613 -0.000599678 -0.00140726 0.999999 -0.0108259 0.0168515 0.0731443
FixedParameters: 0 0 0

#Transform 38
Transform: AffineTransform_float_3_3
Parameters: 1 0.00100058 0.000592485 -0.00100103 0.999998 0.00172684 -0.0005906 -0.00172721 0.999998 -0.0111549 0.0169982 0.129632
FixedParameters: 0 0 0

#Transform 39
Transform: AffineTransform_float_3_3
Parameters: 0.999999 0.00117435 0.000407692 -0.00117443 0.999999 0.000891333 -0.000406856 -0.000892289 1 -0.00303879 0.0389567 0.0985849
FixedParameters: 0 0 0

#Transform 40
Transform: AffineTransform_float_3_3
Parameters: 0.999999 0.00069102 0.000464069 -0.000692166 0.999998 0.00192703 -0.000462675 -0.00192767 0.999998 -0.00108234 -0.00722124 0.179086
FixedParameters: 0 0 0

#Transform 41
Transform: AffineTransform_float_3_3
Parameters: 1 0.000922356 0.000483148 -0.000923669 0.999999 0.00170412 -0.000482217 -0.0017042 0.999999 -0.0104136 0.038813 0.136201
FixedParameters: 0 0 0

#Transform 42
Transform: AffineTransform_float_3_3
Parameters: 1 0.000732587 0.000768837 -0.00073329 0.999999 0.00169387 -0.000766974 -0.00169418 0.999998 -0.0215364 -9.72111e-06 0.172068
FixedParameters: 0 0 0

#Transform 43
Transform: AffineTransform_float_3_3
Parameters: 0.999999 0.00103315 0.00086577 -0.00103493 0.999998 0.00195 -0.000863314 -0.00195039 0.999998 -0.00293156 0.0576284 0.0637747
FixedParameters: 0 0 0

#Transform 44
Transform: AffineTransform_float_3_3
Parameters: 1 0.00100641 0.000659584 -0.00100858 0.999996 0.00261982 -0.00065684 -0.00262034 0.999996 -0.0109959 0.0139998 0.115345
FixedParameters: 0 0 0

#Transform 45
Transform: AffineTransform_float_3_3
Parameters: 0.999999 0.00108037 0.000863825 -0.0010828 0.999996 0.00270453 -0.000860816 -0.00270558 0.999996 -0.00327412 0.0374612 0.0549311
FixedParameters: 0 0 0

#Transform 46
Transform: AffineTransform_float_3_3
Parameters: 0.999999 0.00108643 0.00086201 -0.00108913 0.999995 0.0028638 -0.000858628 -0.00286427 0.999996 -1.67085e-05 0.0299594 0.105798
FixedParameters: 0 0 0

#Transform 47
Transform: AffineTransform_float_3_3
Parameters: 0.999998 0.00156816 0.00120278 -0.00157164 0.999996 0.0022507 -0.0011995 -0.00225308 0.999997 -0.00873962 0.00842156 0.0452428
FixedParameters: 0 0 0

#Transform 48
Transform: AffineTransform_float_3_3
Parameters: 0.999998 0.00152112 0.00137313 -0.00152579 0.999994 0.00309672 -0.0013681 -0.00309868 0.999994 -0.00127092 0.00113153 0.0614185
FixedParameters: 0 0 0

#Transform 49
Transform: AffineTransform_float_3_3
Parameters: 0.999999 0.00111414 0.000758034 -0.00111635 0.999994 0.00335641 -0.000754661 -0.00335729 0.999994 -0.00689744 0.0491605 0.0578059
FixedParameters: 0 0 0

#Transform 50
Transform: AffineTransform_float_3_3
Parameters: 0.999999 0.00130611 0.000620523 -0.00130856 0.999995 0.00277072 -0.000616764 -0.00277152 0.999996 -0.0150133 0.0564482 0.0830042
FixedParameters: 0 0 0

#Transform 51
Transform: AffineTransform_float_3_3
Parameters: 0.999999 0.000944505 0.000864099 -0.000946234 0.999996 0.00247445 -0.000861311 -0.00247549 0.999997 -0.0169036 0.0399998 0.0856059
FixedParameters: 0 0 0

#Transform 52
Transform: AffineTransform_float_3_3
Parameters: 0.999999 0.00115645 0.000713217 -0.00115795 0.999996 0.00241035 -0.000711425 -0.00241199 0.999997 -0.00684974 0.0627223 0.0624137
FixedParameters: 0 0 0

#Transform 53
Transform: AffineTransform_float_3_3
Parameters: 1 0.000941466 0.000424151 -0.000942372 0.999996 0.00258615 -0.000421814 -0.00258695 0.999997 -0.0247183 0.0241824 0.0869412
FixedParameters: 0 0 0

#Transform 54
Transform: AffineTransform_float_3_3
Parameters: 0.999998 0.00152446 0.00053482 -0.00152522 0.999997 0.00191667 -0.000531495 -0.00191807 0.999998 -0.0138845 0.0708383 0.0427846
FixedParameters: 0 0 0

#Transform 55
Transform: AffineTransform_float_3_3
Parameters: 0.999999 0.00105428 0.000865715 -0.00105638 0.999996 0.00250192 -0.000863276 -0.00250235 0.999997 -0.0232216 0.0239275 0.0666071
FixedParameters: 0 0 0

#Transform 56
Transform: AffineTransform_float_3_3
Parameters: 0.999999 0.00145969 0.000969679 -0.00146166 0.999997 0.00216989 -0.000966168 -0.00217109 0.999997 -0.0090143 0.0608182 0.0691033
FixedParameters: 0 0 0

#Transform 57
Transform: AffineTransform_float_3_3
Parameters: 0.999999 0.00105567 0.000871417 -0.00105839 0.999997 0.00229862 -0.000869085 -0.00229965 0.999997 -0.00720233 0.0187281 0.0708436
FixedParameters: 0 0 0

#Transform 58
Transform: AffineTransform_float_3_3
Parameters: 0.999999 0.00155939 0.000996078 -0.00156181 0.999995 0.00266187 -0.000991869 -0.00266357 0.999997 -0.00947599 0.0483472 0.0792428
FixedParameters: 0 0 0

#Transform 59
Transform: AffineTransform_float_3_3
Parameters: 0.999999 0.00123423 0.00113663 -0.00123642 0.999996 0.00236415 -0.00113393 -0.00236555 0.999997 -0.00508293 0.0437459 0.11786
FixedParameters: 0 0 0

#Transform 60
Transform: AffineTransform_float_3_3
Parameters: 0.999998 0.00119835 0.00131433 -0.00120239 0.999995 0.00274826 -0.00131088 -0.00275001 0.999995 -0.00081337 0.0825645 0.142863
FixedParameters: 0 0 0

#Transform 61
Transform: AffineTransform_float_3_3
Parameters: 0.999998 0.00131374 0.00104984 -0.00131626 0.999995 0.00302285 -0.00104631 -0.0030242 0.999995 -0.00159721 0.0465555 0.141557
FixedParameters: 0 0 0

#Transform 62
Transform: AffineTransform_float_3_3
Parameters: 0.999998 0.00165386 0.00122126 -0.00165833 0.999995 0.00288224 -0.00121677 -0.00288406 0.999996 -0.00324419 0.065275 0.10465
FixedParameters: 0 0 0

#Transform 63
Transform: AffineTransform_float_3_3
Parameters: 0.999998 0.00171584 0.00142976 -0.00172071 0.999993 0.00327173 -0.00142418 -0.0032736 0.999993 -0.0118171 0.0375351 0.125507
FixedParameters: 0 0 0

#Transform 64
Transform: AffineTransform_float_3_3
Parameters: 0.999997 0.00189377 0.00143874 -0.00189753 0.999996 0.00230501 -0.00143409 -0.00230825 0.999997 -0.00200281 0.0865285 0.0925738
FixedParameters: 0 0 0

#Transform 65
Transform: AffineTransform_float_3_3
Parameters: 0.999998 0.00164525 0.00122399 -0.00164842 0.999995 0.00286028 -0.00121898 -0.00286209 0.999996 0.00246814 0.0388984 0.120053
FixedParameters: 0 0 0

#Transform 66
Transform: AffineTransform_float_3_3
Parameters: 0.999998 0.00153676 0.00125643 -0.00154071 0.999995 0.00271872 -0.00125216 -0.00272036 0.999995 -0.00426858 0.060445 0.0713651
FixedParameters: 0 0 0

#Transform 67
Transform: AffineTransform_float_3_3
Parameters: 0.999998 0.00164817 0.0011562 -0.00165187 0.999994 0.00312701 -0.00115124 -0.00312919 0.999994 -0.00401255 0.0509232 0.135576
FixedParameters: 0 0 0

#Transform 68
Transform: AffineTransform_float_3_3
Parameters: 0.999997 0.00160828 0.00147855 -0.00161251 0.999994 0.00304727 -0.00147345 -0.00304981 0.999994 0.00482299 0.0530529 0.101684
FixedParameters: 0 0 0

#Transform 69
Transform: AffineTransform_float_3_3
Parameters: 0.999998 0.0017491 0.00142307 -0.00175304 0.999993 0.00306568 -0.00141704 -0.00306843 0.999994 0.00268381 0.0625997 0.11517
FixedParameters: 0 0 0

#Transform 70
Transform: AffineTransform_float_3_3
Parameters: 0.999997 0.00159911 0.00144912 -0.00160363 0.999994 0.00321134 -0.00144355 -0.00321375 0.999994 -0.0114991 0.0473522 0.108512
FixedParameters: 0 0 0

#Transform 71
Transform: AffineTransform_float_3_3
Parameters: 0.999997 0.00200953 0.00128604 -0.00201347 0.999993 0.00290565 -0.00127971 -0.0029086 0.999995 0.00447364 0.080312 0.0919379
FixedParameters: 0 0 0

#Transform 72
Transform: AffineTransform_float_3_3
Parameters: 0.999998 0.00198805 0.00121374 -0.00199282 0.999993 0.00329343 -0.00120694 -0.00329581 0.999994 -0.0119246 0.011996 0.108968
FixedParameters: 0 0 0

#Transform 73
Transform: AffineTransform_float_3_3
Parameters: 0.999996 0.00251588 0.00122871 -0.00251931 0.999993 0.00271015 -0.00122136 -0.00271388 0.999996 -0.0115464 0.0654144 0.0960991
FixedParameters: 0 0 0

#Transform 74
Transform: AffineTransform_float_3_3
Parameters: 0.999998 0.00190753 0.00122789 -0.00191143 0.999992 0.00328715 -0.00122196 -0.00328961 0.999994 0.00504608 0.0311081 0.0838745
FixedParameters: 0 0 0

#Transform 75
Transform: AffineTransform_float_3_3
Parameters: 0.999997 0.00225939 0.00149848 -0.0022647 0.999992 0.00316619 -0.00149076 -0.00316993 0.999994 0.00489139 0.0692116 0.118086
FixedParameters: 0 0 0

#Transform 76
Transform: AffineTransform_float_3_3
Parameters: 0.999997 0.00221888 0.00151192 -0.00222356 0.999991 0.00345527 -0.00150475 -0.00345814 0.999992 0.0113988 0.0228028 0.157957
FixedParameters: 0 0 0

#Transform 77
Transform: AffineTransform_float_3_3
Parameters: 0.999995 0.00253832 0.0015699 -0.00254333 0.999992 0.00312763 -0.00156188 -0.00313094 0.999994 0.0149972 0.0527031 0.197152
FixedParameters: 0 0 0

#Transform 78
Transform: AffineTransform_float_3_3
Parameters: 0.999996 0.00214147 0.00153738 -0.00214774 0.99999 0.00391969 -0.00152877 -0.00392324 0.999991 0.0180909 0.0442395 0.159012
FixedParameters: 0 0 0

#Transform 79
Transform: AffineTransform_float_3_3
Parameters: 0.999994 0.00270298 0.00183441 -0.00270936 0.99999 0.00366042 -0.00182529 -0.00366567 0.999992 0.0137834 0.0590787 0.182469
FixedParameters: 0 0 0

#Transform 80
Transform: AffineTransform_float_3_3
Parameters: 0.999994 0.00304069 0.00170222 -0.00304657 0.999989 0.00352265 -0.00169115 -0.0035281 0.999992 0.0218185 0.0520229 0.177135
FixedParameters: 0 0 0

#Transform 81
Transform: AffineTransform_float_3_3
Parameters: 0.999994 0.00295395 0.00169554 -0.00296006 0.999987 0.00407637 -0.00168339 -0.0040809 0.999991 0.0220487 0.0550758 0.245578
FixedParameters: 0 0 0

#Transform 82
Transform: AffineTransform_float_3_3
Parameters: 0.999994 0.00320107 0.00171209 -0.00320683 0.99999 0.00318506 -0.00170174 -0.00318973 0.999994 0.0290315 0.0598531 0.245043
FixedParameters: 0 0 0

#Transform 83
Transform: AffineTransform_float_3_3
Parameters: 0.999993 0.00327564 0.00182835 -0.00328351 0.999985 0.00453116 -0.00181405 -0.00453741 0.999988 0.0238798 0.0160176 0.281986
FixedParameters: 0 0 0

#Transform 84
Transform: AffineTransform_float_3_3
Parameters: 0.999992 0.00347586 0.00187094 -0.00348405 0.999985 0.00425997 -0.0018564 -0.00426644 0.999989 0.0376594 0.0657386 0.300438
FixedParameters: 0 0 0

#Transform 85
Transform: AffineTransform_float_3_3
Parameters: 0.999993 0.00341034 0.00193468 -0.0034202 0.999982 0.00496644 -0.00191746 -0.00497251 0.999986 0.019431 0.012105 0.304792
FixedParameters: 0 0 0

#Transform 86
Transform: AffineTransform_float_3_3
Parameters: 0.999992 0.00346688 0.00189855 -0.00347518 0.999984 0.00447595 -0.0018829 -0.00448258 0.999988 0.013672 0.0785577 0.252748
FixedParameters: 0 0 0

#Transform 87
Transform: AffineTransform_float_3_3
Parameters: 0.999994 0.00324849 0.00166379 -0.00325638 0.999985 0.00451175 -0.0016483 -0.00451765 0.999989 0.00300616 0.029322 0.24499
FixedParameters: 0 0 0

#Transform 88
Transform: AffineTransform_float_3_3
Parameters: 0.999992 0.00361233 0.001776 -0.00361935 0.999986 0.00388755 -0.00176268 -0.00389385 0.999991 0.0152793 0.0688844 0.297373
FixedParameters: 0 0 0

#Transform 89
Transform: AffineTransform_float_3_3
Parameters: 0.999994 0.00308238 0.00172994 -0.00308937 0.999988 0.0039753 -0.00171706 -0.00398025 0.99999 -0.000175063 0.064093 0.355989
FixedParameters: 0 0 0

#Transform 90
Transform: AffineTransform_float_3_3
Parameters: 0.999992 0.0034803 0.00186647 -0.00348643 0.999989 0.00319495 -0.00185551 -0.00320142 0.999993 -0.0016517 0.0501571 0.390857
FixedParameters: 0 0 0

#Transform 91
Transform: AffineTransform_float_3_3
Parameters: 0.999992 0.0032517 0.00208421 -0.00325869 0.99999 0.00313887 -0.00207414 -0.00314533 0.999992 0.0185661 0.0736899 0.407168
FixedParameters: 0 0 0

#Transform 92
Transform: AffineTransform_float_3_3
Parameters: 0.999993 0.00340816 0.00184983 -0.00341497 0.999986 0.00401645 -0.00183657 -0.00402334 0.99999 0.00308722 0.0341835 0.413194
FixedParameters: 0 0 0

#Transform 93
Transform: AffineTransform_float_3_3
Parameters: 0.999994 0.0033211 0.00156353 -0.00332728 0.999986 0.00393954 -0.00155089 -0.00394421 0.999991 0.000338232 0.0830698 0.364467
FixedParameters: 0 0 0

#Transform 94
Transform: AffineTransform_float_3_3
Parameters: 0.999994 0.00295307 0.00146134 -0.00295924 0.999986 0.00432264 -0.0014484 -0.00432718 0.99999 0.00610681 0.0545918 0.371884
FixedParameters: 0 0 0

#Transform 95
Transform: AffineTransform_float_3_3
Parameters: 0.999994 0.00314109 0.00155604 -0.00314656 0.999989 0.00362349 -0.00154459 -0.00362836 0.999993 0.0141322 0.0700458 0.330188
FixedParameters: 0 0 0

#Transform 96
Transform: AffineTransform_float_3_3
Parameters: 0.999994 0.00295622 0.0017019 -0.00296285 0.999986 0.00440535 -0.00168905 -0.00440992 0.999989 0.00893582 0.0281485 0.3784
FixedParameters: 0 0 0

#Transform 97
Transform: AffineTransform_float_3_3
Parameters: 0.999994 0.00326454 0.0016127 -0.00327096 0.999985 0.00419579 -0.00159913 -0.00420141 0.99999 0.0145821 0.0541072 0.325401
FixedParameters: 0 0 0

#Transform 98
Transform: AffineTransform_float_3_3
Parameters: 0.999993 0.00342635 0.00152068 -0.0034337 0.999984 0.00434116 -0.0015054 -0.00434586 0.99999 0.0102425 0.0583106 0.336497
FixedParameters: 0 0 0

#Transform 99
Transform: AffineTransform_float_3_3
Parameters: 0.999993 0.00329632 0.00165769 -0.00330191 0.999988 0.00362954 -0.00164632 -0.00363556 0.999992 0.00632215 0.0408579 0.319217
FixedParameters: 0 0 0

#Transform 100
Transform: AffineTransform_float_3_3
Parameters: 0.999992 0.00350086 0.00162375 -0.00350649 0.999986 0.00392028 -0.00161012 -0.00392651 0.999991 0.00732116 0.0616115 0.35944
FixedParameters: 0 0 0

#Transform 101
Transform: AffineTransform_float_3_3
Parameters: 0.999995 0.00289329 0.00129658 -0.00289794 0.99999 0.00341692 -0.00128656 -0.00342093 0.999993 0.0107127 0.0186098 0.372303
FixedParameters: 0 0 0

#Transform 102
Transform: AffineTransform_float_3_3
Parameters: 0.999993 0.0033657 0.00156236 -0.00337184 0.999988 0.00372505 -0.00154953 -0.00373043 0.999992 0.020522 0.0613791 0.359042
FixedParameters: 0 0 0

#Transform 103
Transform: AffineTransform_float_3_3
Parameters: 0.999993 0.00327515 0.00136365 -0.00328202 0.999983 0.00490503 -0.00134727 -0.00490963 0.999987 0.0212695 0.0112965 0.343681
FixedParameters: 0 0 0

#Transform 104
Transform: AffineTransform_float_3_3
Parameters: 0.999993 0.00339709 0.00157808 -0.00340424 0.999986 0.00391315 -0.0015647 -0.00391816 0.999991 0.0358775 0.0671427 0.357634
FixedParameters: 0 0 0

#Transform 105
Transform: AffineTransform_float_3_3
Parameters: 0.999993 0.00336761 0.00177135 -0.00337501 0.999985 0.00436484 -0.00175609 -0.00437104 0.999989 0.0262751 -0.00397716 0.364527
FixedParameters: 0 0 0

#Transform 106
Transform: AffineTransform_float_3_3
Parameters: 0.999992 0.00344739 0.00192352 -0.00345498 0.999986 0.00406328 -0.00190963 -0.00406942 0.99999 0.0305635 0.0603721 0.340299
FixedParameters: 0 0 0

#Transform 107
Transform: AffineTransform_float_3_3
Parameters: 0.999993 0.00325255 0.00157753 -0.00326002 0.999985 0.00452554 -0.00156288 -0.00453067 0.999988 0.0275809 0.0482096 0.338715
FixedParameters: 0 0 0

#Transform 108
Transform: AffineTransform_float_3_3
Parameters: 0.999993 0.00309068 0.00177431 -0.00309842 0.999984 0.00472256 -0.00175957 -0.00472803 0.999988 0.0274171 0.0469674 0.312578
FixedParameters: 0 0 0

#Transform 109
Transform: AffineTransform_float_3_3
Parameters: 0.999993 0.00308062 0.00178618 -0.00308803 0.999986 0.00441429 -0.00177217 -0.00442038 0.999989 0.0328338 0.0630391 0.336233
FixedParameters: 0 0 0

#Transform 110
Transform: AffineTransform_float_3_3
Parameters: 0.999993 0.0033339 0.00180687 -0.00334183 0.999984 0.00460292 -0.00179157 -0.00460924 0.999987 0.041533 0.0276664 0.304394
FixedParameters: 0 0 0

#Transform 111
Transform: AffineTransform_float_3_3
Parameters: 0.999993 0.00329559 0.00170406 -0.00330275 0.999986 0.00399563 -0.00169029 -0.00400056 0.999991 0.0397629 0.0459819 0.340855
FixedParameters: 0 0 0

#Transform 112
Transform: AffineTransform_float_3_3
Parameters: 0.999994 0.00332887 0.00153131 -0.00333457 0.999985 0.00418259 -0.0015173 -0.00418706 0.99999 0.0354237 0.0412014 0.316967
FixedParameters: 0 0 0

#Transform 113
Transform: AffineTransform_float_3_3
Parameters: 0.999993 0.0034889 0.00178388 -0.00349572 0.999987 0.00389922 -0.00177049 -0.00390595 0.999992 0.02597 0.0485574 0.375894
FixedParameters: 0 0 0

#Transform 114
Transform: AffineTransform_float_3_3
Parameters: 0.999993 0.00350992 0.00161455 -0.00351769 0.999984 0.00461616 -0.00159913 -0.00462155 0.999988 0.033613 0.0581439 0.345177
FixedParameters: 0 0 0

#Transform 115
Transform: AffineTransform_float_3_3
Parameters: 0.999992 0.00339065 0.00174699 -0.00339885 0.999981 0.00502479 -0.00172958 -0.0050309 0.999986 0.0263544 0.0389722 0.38157
FixedParameters: 0 0 0

#Transform 116
Transform: AffineTransform_float_3_3
Parameters: 0.999991 0.0035899 0.00202113 -0.0035996 0.999982 0.00487202 -0.00200405 -0.00487999 0.999986 0.0325543 0.0756263 0.389605
FixedParameters: 0 0 0

#Transform 117
Transform: AffineTransform_float_3_3
Parameters: 0.999992 0.00336239 0.0021304 -0.00337306 0.99998 0.00537222 -0.00211185 -0.00537941 0.999983 0.0203519 0.0333296 0.404626
FixedParameters: 0 0 0

#Transform 118
Transform: AffineTransform_float_3_3
Parameters: 0.999992 0.00366154 0.00200938 -0.00366953 0.999985 0.00399298 -0.00199426 -0.00400057 0.999991 0.0198718 0.0606902 0.434142
FixedParameters: 0 0 0

#Transform 119
Transform: AffineTransform_float_3_3
Parameters: 0.999992 0.00349047 0.00207823 -0.00350001 0.999983 0.00461767 -0.00206168 -0.00462505 0.999987 0.0127059 0.0309245 0.42068
FixedParameters: 0 0 0

#Transform 120
Transform: AffineTransform_float_3_3
Parameters: 0.99999 0.00370407 0.00224186 -0.00371486 0.999982 0.00484795 -0.00222415 -0.0048558 0.999985 0.017422 0.074192 0.452193
FixedParameters: 0 0 0

#Transform 121
Transform: AffineTransform_float_3_3
Parameters: 0.999992 0.00342858 0.00239521 -0.00343978 0.999983 0.00474951 -0.00237894 -0.00475823 0.999986 0.00934685 0.0321803 0.426135
FixedParameters: 0 0 0

#Transform 122
Transform: AffineTransform_float_3_3
Parameters: 0.999986 0.00385475 0.00343699 -0.00387693 0.99997 0.00662837 -0.0034112 -0.00664179 0.999972 0.0135934 0.0870991 0.553243
FixedParameters: 0 0 0

#Transform 123
Transform: AffineTransform_float_3_3
Parameters: 0.999989 0.00372785 0.00293622 -0.00374435 0.999977 0.00559379 -0.00291548 -0.00560517 0.99998 0.0223285 0.0730433 0.489508
FixedParameters: 0 0 0

#Transform 124
Transform: AffineTransform_float_3_3
Parameters: 0.999988 0.00354848 0.00357178 -0.00357075 0.999974 0.00633911 -0.00354988 -0.0063522 0.999973 0.0237206 0.063523 0.565166
FixedParameters: 0 0 0

#Transform 125
Transform: AffineTransform_float_3_3
Parameters: 0.999984 0.00402179 0.0038375 -0.00404256 0.999976 0.00557747 -0.0038154 -0.00559247 0.999977 0.0395575 0.088793 0.524006
FixedParameters: 0 0 0

#Transform 126
Transform: AffineTransform_float_3_3
Parameters: 0.999984 0.00409219 0.00386254 -0.00412412 0.999957 0.0081999 -0.0038285 -0.00821562 0.999959 0.0201507 0.0898421 0.598874
FixedParameters: 0 0 0

#Transform 127
Transform: AffineTransform_float_3_3
Parameters: 0.999984 0.00403894 0.00395101 -0.00406765 0.999966 0.007238 -0.00392154 -0.00725404 0.999966 0.0291236 0.0904893 0.593831
FixedParameters: 0 0 0

#Transform 128
Transform: AffineTransform_float_3_3
Parameters: 0.999981 0.00436236 0.0043383 -0.00439137 0.999968 0.00673182 -0.00430884 -0.006751 0.999968 0.0326874 0.0842005 0.537634
FixedParameters: 0 0 0

#Transform 129
Transform: AffineTransform_float_3_3
Parameters: 0.999985 0.00413489 0.00359699 -0.00416696 0.999953 0.00870286 -0.00356095 -0.00871788 0.999956 0.0205906 0.109269 0.602301
FixedParameters: 0 0 0

#Transform 130
Transform: AffineTransform_float_3_3
Parameters: 0.999981 0.00451724 0.00409409 -0.00455205 0.999953 0.00860087 -0.00405601 -0.00861952 0.999955 0.0287121 0.123357 0.60445
FixedParameters: 0 0 0

#Transform 131
Transform: AffineTransform_float_3_3
Parameters: 0.999983 0.00426223 0.00387853 -0.00429954 0.999944 0.00965529 -0.00383648 -0.00967221 0.999946 0.0082145 0.0914783 0.651137
FixedParameters: 0 0 0

#Transform 132
Transform: AffineTransform_float_3_3
Parameters: 0.999982 0.00441363 0.00410455 -0.00444892 0.999953 0.00859695 -0.00406608 -0.00861507 0.999955 0.0251398 0.129592 0.620132
FixedParameters: 0 0 0

#Transform 133
Transform: AffineTransform_float_3_3
Parameters: 0.999983 0.00435777 0.00373429 -0.00439164 0.99995 0.00892511 -0.00369524 -0.00894152 0.999953 0.00162916 0.0847504 0.606897
FixedParameters: 0 0 0

#Transform 134
Transform: AffineTransform_float_3_3
Parameters: 0.999982 0.00444394 0.00389693 -0.00447681 0.999953 0.00858388 -0.00385873 -0.00860157 0.999956 0.0114198 0.117992 0.625669
FixedParameters: 0 0 0

#Transform 135
Transform: AffineTransform_float_3_3
Parameters: 0.999987 0.00396132 0.00340973 -0.00399268 0.999949 0.00921868 -0.00337297 -0.00923177 0.999952 0.0109824 0.0969001 0.593181
FixedParameters: 0 0 0

#Transform 136
Transform: AffineTransform_float_3_3
Parameters: 0.999985 0.00423281 0.00347328 -0.0042643 0.999949 0.00911924 -0.00343455 -0.00913366 0.999952 0.0164256 0.130345 0.588676
FixedParameters: 0 0 0

#Transform 137
Transform: AffineTransform_float_3_3
Parameters: 0.999986 0.00398805 0.00349655 -0.00402061 0.999946 0.00952825 -0.0034587 -0.00954221 0.999949 -0.00218717 0.108942 0.586749
FixedParameters: 0 0 0

#Transform 138
Transform: AffineTransform_float_3_3
Parameters: 0.999986 0.00408489 0.00336802 -0.0041146 0.999952 0.00889863 -0.00333224 -0.00891199 0.999955 0.00875118 0.13657 0.577931
FixedParameters: 0 0 0

#Transform 139
Transform: AffineTransform_float_3_3
Parameters: 0.999985 0.00398801 0.00358073 -0.0040191 0.999952 0.00891328 -0.00354526 -0.00892734 0.999954 0.0068202 0.0987668 0.554998
FixedParameters: 0 0 0

#Transform 140
Transform: AffineTransform_float_3_3
Parameters: 0.999984 0.00422392 0.00391909 -0.00425662 0.999956 0.00834472 -0.00388418 -0.00836112 0.999958 0.00134903 0.128422 0.592425
FixedParameters: 0 0 0

#Transform 141
Transform: AffineTransform_float_3_3
Parameters: 0.999984 0.00401124 0.0039894 -0.00404625 0.999952 0.00888608 -0.00395365 -0.00890219 0.999952 0.000996664 0.112871 0.575959
FixedParameters: 0 0 0

#Transform 142
Transform: AffineTransform_float_3_3
Parameters: 0.999984 0.00396984 0.00401831 -0.0040051 0.999952 0.00897129 -0.00398294 -0.00898731 0.999952 -0.00162151 0.12102 0.653952
FixedParameters: 0 0 0

#Transform 143
Transform: AffineTransform_float_3_3
Parameters: 0.999982 0.00428502 0.00407298 -0.00432094 0.999952 0.00874107 -0.0040355 -0.00875868 0.999954 -0.00304412 0.0953733 0.586063
FixedParameters: 0 0 0

#Transform 144
Transform: AffineTransform_float_3_3
Parameters: 0.999983 0.00414953 0.0041382 -0.00418512 0.999954 0.00863583 -0.00410206 -0.00865289 0.999954 -0.0026968 0.104546 0.620692
FixedParameters: 0 0 0

#Transform 145
Transform: AffineTransform_float_3_3
Parameters: 0.999982 0.00413802 0.00418456 -0.00417348 0.999954 0.00856106 -0.00414829 -0.00857782 0.999955 0.00269932 0.101022 0.589441
FixedParameters: 0 0 0

#Transform 146
Transform: AffineTransform_float_3_3
Parameters: 0.999984 0.00416287 0.00370899 -0.00419958 0.999943 0.00984733 -0.00366792 -0.00986346 0.999945 0.00686875 0.0966556 0.642011
FixedParameters: 0 0 0

#Transform 147
Transform: AffineTransform_float_3_3
Parameters: 0.999984 0.00403632 0.0039748 -0.00407073 0.999954 0.00872295 -0.00393963 -0.00873915 0.999954 0.00749891 0.115542 0.579563
FixedParameters: 0 0 0

#Transform 148
Transform: AffineTransform_float_3_3
Parameters: 0.999985 0.00372175 0.00397125 -0.00375819 0.999949 0.00938635 -0.0039366 -0.00940166 0.999948 0.0161204 0.100369 0.66219
FixedParameters: 0 0 0

#Transform 149
Transform: AffineTransform_float_3_3
Parameters: 0.999985 0.00373132 0.00416736 -0.00376716 0.999957 0.00852193 -0.00413488 -0.0085374 0.999954 0.0485988 0.102829 0.586133
FixedParameters: 0 0 0

#Transform 150
Transform: AffineTransform_float_3_3
Parameters: 0.999986 0.00354869 0.00409743 -0.00358672 0.999951 0.00928653 -0.00406357 -0.00930079 0.999949 0.0432924 0.103408 0.654802
FixedParameters: 0 0 0

#Transform 151
Transform: AffineTransform_float_3_3
Parameters: 0.999986 0.00339179 0.0039078 -0.00342802 0.99995 0.009384 -0.00387592 -0.0093979 0.999948 0.0361112 0.117578 0.589472
FixedParameters: 0 0 0

#Transform 152
Transform: AffineTransform_float_3_3
Parameters: 0.999987 0.00342353 0.00373347 -0.00345988 0.999945 0.00988813 -0.00369976 -0.00990025 0.999944 0.0485293 0.111606 0.6523
FixedParameters: 0 0 0

#Transform 153
Transform: AffineTransform_float_3_3
Parameters: 0.99999 0.00258202 0.00362242 -0.00261855 0.999945 0.0101121 -0.00359664 -0.0101212 0.999942 0.0676353 0.123718 0.610619
FixedParameters: 0 0 0

#Transform 154
Transform: AffineTransform_float_3_3
Parameters: 0.999991 0.00206588 0.00359254 -0.0021015 0.999949 0.00992246 -0.00357138 -0.00992996 0.999944 0.0726951 0.12124 0.688196
FixedParameters: 0 0 0

#Transform 155
Transform: AffineTransform_float_3_3
Parameters: 0.999991 0.00206028 0.00357112 -0.00209078 0.999961 0.00863952 -0.00355288 -0.00864689 0.999956 0.0955459 0.113135 0.593801
FixedParameters: 0 0 0

#Transform 156
Transform: AffineTransform_float_3_3
Parameters: 0.999993 0.00187763 0.00344743 -0.00190915 0.999957 0.00909504 -0.00343064 -0.00910227 0.999953 0.0837751 0.0864007 0.647685
FixedParameters: 0 0 0

#Transform 157
Transform: AffineTransform_float_3_3
Parameters: 0.999992 0.0018002 0.0036183 -0.00183263 0.999958 0.0090087 -0.00360163 -0.00901542 0.999953 0.119985 0.12261 0.613518
FixedParameters: 0 0 0

#Transform 158
Transform: AffineTransform_float_3_3
Parameters: 0.999997 0.000730105 0.00261081 -0.000757168 0.999944 0.0105196 -0.00260347 -0.0105211 0.999941 0.130352 0.0899553 0.650802
FixedParameters: 0 0 0

#Transform 159
Transform: AffineTransform_float_3_3
Parameters: 0.999998 0.000309502 0.0023153 -0.000329294 0.999963 0.00863933 -0.00231235 -0.00864039 0.99996 0.135307 0.133198 0.567376
FixedParameters: 0 0 0

#Transform 160
Transform: AffineTransform_float_3_3
Parameters: 0.999998 0.000163492 0.00208162 -0.000184502 0.999951 0.00996793 -0.00207984 -0.00996823 0.999948 0.130966 0.104627 0.604361
FixedParameters: 0 0 0

#Transform 161
Transform: AffineTransform_float_3_3
Parameters: 0.999998 0.000545483 0.00222965 -0.000566323 0.999954 0.00949732 -0.00222422 -0.00949879 0.999953 0.118023 0.146872 0.573028
FixedParameters: 0 0 0

#Transform 162
Transform: AffineTransform_float_3_3
Parameters: 0.999997 0.000336668 0.00212719 -0.000358183 0.999952 0.00973235 -0.00212401 -0.00973283 0.999951 0.116456 0.0918124 0.596424
FixedParameters: 0 0 0

#Transform 163
Transform: AffineTransform_float_3_3
Parameters: 0.999997 0.00107015 0.0022291 -0.00108997 0.999955 0.00943136 -0.00221827 -0.00943354 0.999953 0.11114 0.141773 0.589491
FixedParameters: 0 0 0

#Transform 164
Transform: AffineTransform_float_3_3
Parameters: 0.999997 0.000882142 0.00195695 -0.000901438 0.999948 0.0101181 -0.00194788 -0.0101204 0.999947 0.114297 0.0947127 0.593493
FixedParameters: 0 0 0

#Transform 165
Transform: AffineTransform_float_3_3
Parameters: 0.999996 0.00142452 0.00235567 -0.00144907 0.999946 0.0102816 -0.00234045 -0.0102843 0.999945 0.0942154 0.14634 0.619014
FixedParameters: 0 0 0

#Transform 166
Transform: AffineTransform_float_3_3
Parameters: 0.999996 0.00139376 0.00240026 -0.00141976 0.999939 0.0109886 -0.00238463 -0.0109927 0.999937 0.0771668 0.102685 0.609194
FixedParameters: 0 0 0

#Transform 167
Transform: AffineTransform_float_3_3
Parameters: 0.999996 0.00168061 0.00224007 -0.00170285 0.999947 0.010093 -0.00222308 -0.0100971 0.999946 0.0896156 0.142557 0.595491
FixedParameters: 0 0 0

#Transform 168
Transform: AffineTransform_float_3_3
Parameters: 0.999996 0.00164566 0.00221389 -0.00166944 0.999941 0.0107792 -0.00219567 -0.0107831 0.99994 0.0770331 0.115426 0.590049
FixedParameters: 0 0 0

#Transform 169
Transform: AffineTransform_float_3_3
Parameters: 0.999996 0.00182878 0.00215988 -0.00185133 0.999942 0.0106222 -0.0021402 -0.0106259 0.999941 0.0823607 0.135439 0.592948
FixedParameters: 0 0 0

#Transform 170
Transform: AffineTransform_float_3_3
Parameters: 0.999996 0.00165756 0.00225281 -0.00168063 0.999944 0.0104341 -0.00223547 -0.0104382 0.999943 0.0915041 0.130051 0.597904
FixedParameters: 0 0 0

#Transform 171
Transform: AffineTransform_float_3_3
Parameters: 0.999995 0.00164496 0.00246752 -0.00167125 0.999941 0.0107543 -0.0024503 -0.0107576 0.999939 0.105659 0.138173 0.632275
FixedParameters: 0 0 0

#Transform 172
Transform: AffineTransform_float_3_3
Parameters: 0.999995 0.00164659 0.002519 -0.00167515 0.999932 0.0115553 -0.00250003 -0.0115596 0.99993 0.0945717 0.108123 0.608116
FixedParameters: 0 0 0

#Transform 173
Transform: AffineTransform_float_3_3
Parameters: 0.999995 0.00177412 0.0026262 -0.00180489 0.99993 0.0117524 -0.00260608 -0.0117569 0.999928 0.102516 0.147231 0.591084
FixedParameters: 0 0 0

#Transform 174
Transform: AffineTransform_float_3_3
Parameters: 0.999995 0.0017761 0.00263273 -0.00180568 0.999931 0.0115545 -0.00261231 -0.0115598 0.99993 0.10053 0.11884 0.57227
FixedParameters: 0 0 0

#Transform 175
Transform: AffineTransform_float_3_3
Parameters: 0.999995 0.00171016 0.00242052 -0.00173744 0.999934 0.011305 -0.00240127 -0.0113093 0.999933 0.0969458 0.140716 0.58915
FixedParameters: 0 0 0

#Transform 176
Transform: AffineTransform_float_3_3
Parameters: 0.999996 0.00187354 0.00241056 -0.00190089 0.999935 0.0112437 -0.00238974 -0.0112486 0.999934 0.0943342 0.139837 0.569581
FixedParameters: 0 0 0

#Transform 177
Transform: AffineTransform_float_3_3
Parameters: 0.999995 0.00176528 0.00259763 -0.00179596 0.999928 0.0118626 -0.00257733 -0.0118678 0.999926 0.0938812 0.12468 0.614685
FixedParameters: 0 0 0

#Transform 178
Transform: AffineTransform_float_3_3
Parameters: 0.999994 0.00211115 0.0028013 -0.00214202 0.999937 0.0109296 -0.00277859 -0.010936 0.999936 0.101505 0.135706 0.593413
FixedParameters: 0 0 0

#Transform 179
Transform: AffineTransform_float_3_3
Parameters: 0.999993 0.00190471 0.00304738 -0.00194009 0.999929 0.0117189 -0.00302485 -0.0117245 0.999927 0.0996431 0.13345 0.608166
FixedParameters: 0 0 0

#Transform 180
Transform: AffineTransform_float_3_3
Parameters: 0.999994 0.0020279 0.0029957 -0.00206336 0.999928 0.0118329 -0.00297171 -0.0118396 0.999926 0.0876768 0.144503 0.675444
FixedParameters: 0 0 0

#Transform 181
Transform: AffineTransform_float_3_3
Parameters: 0.999992 0.00214323 0.00331677 -0.00218132 0.99993 0.011659 -0.00329199 -0.0116664 0.999926 0.102165 0.166434 0.639366
FixedParameters: 0 0 0

#Transform 182
Transform: AffineTransform_float_3_3
Parameters: 0.999994 0.00178723 0.00289144 -0.00182236 0.999926 0.0120314 -0.00286899 -0.0120364 0.999923 0.073739 0.133424 0.684993
FixedParameters: 0 0 0

#Transform 183
Transform: AffineTransform_float_3_3
Parameters: 0.999993 0.00221516 0.0029608 -0.0022476 0.999936 0.01109 -0.00293602 -0.0110963 0.999934 0.0953019 0.165433 0.625303
FixedParameters: 0 0 0

#Transform 184
Transform: AffineTransform_float_3_3
Parameters: 0.999994 0.00154636 0.00303333 -0.00158422 0.99992 0.0125378 -0.00301316 -0.0125427 0.999916 0.104811 0.120698 0.714409
FixedParameters: 0 0 0

#Transform 185
Transform: AffineTransform_float_3_3
Parameters: 0.999994 0.00185525 0.00272577 -0.00188823 0.999927 0.0119051 -0.00270347 -0.0119099 0.999925 0.107928 0.168196 0.605906
FixedParameters: 0 0 0

#Transform 186
Transform: AffineTransform_float_3_3
Parameters: 0.999994 0.00183617 0.00288042 -0.00187042 0.999926 0.0119811 -0.0028592 -0.0119863 0.999924 0.0764079 0.117107 0.608399
FixedParameters: 0 0 0

#Transform 187
Transform: AffineTransform_float_3_3
Parameters: 0.999994 0.00197305 0.00267701 -0.00200249 0.999936 0.0112271 -0.00265523 -0.0112321 0.999933 0.0772045 0.163597 0.609226
FixedParameters: 0 0 0

#Transform 188
Transform: AffineTransform_float_3_3
Parameters: 0.999995 0.00185321 0.00238436 -0.00188154 0.999924 0.0121749 -0.0023615 -0.0121795 0.999923 0.0545362 0.136936 0.63489
FixedParameters: 0 0 0

#Transform 189
Transform: AffineTransform_float_3_3
Parameters: 0.999994 0.0021503 0.00243453 -0.00217993 0.999925 0.0120105 -0.00240798 -0.0120162 0.999925 0.0656619 0.190125 0.65058
FixedParameters: 0 0 0

#Transform 190
Transform: AffineTransform_float_3_3
Parameters: 0.999995 0.00199499 0.00251388 -0.00202618 0.999916 0.0127563 -0.00248837 -0.0127615 0.999916 0.0411869 0.154464 0.68595
FixedParameters: 0 0 0

#Transform 191
Transform: AffineTransform_float_3_3
Parameters: 0.999995 0.00236829 0.00216545 -0.00239279 0.999929 0.0116692 -0.00213755 -0.0116736 0.999929 0.0477797 0.193013 0.619437
FixedParameters: 0 0 0

#Transform 192
Transform: AffineTransform_float_3_3
Parameters: 0.999995 0.00192324 0.00221115 -0.00194984 0.999921 0.0123877 -0.00218739 -0.0123919 0.99992 0.0457034 0.157349 0.655754
FixedParameters: 0 0 0

#Transform 193
Transform: AffineTransform_float_3_3
Parameters: 0.999996 0.0021056 0.00179203 -0.00212535 0.999933 0.0113429 -0.00176794 -0.0113468 0.999934 0.0500915 0.194559 0.650726
FixedParameters: 0 0 0

#Transform 194
Transform: AffineTransform_float_3_3
Parameters: 0.999998 0.000968596 0.00181653 -0.000989898 0.999927 0.0120707 -0.00180482 -0.012073 0.999926 0.0603016 0.154761 0.717683
FixedParameters: 0 0 0

#Transform 195
Transform: AffineTransform_float_3_3
Parameters: 0.999999 0.00037069 0.00120823 -0.000384543 0.99994 0.010952 -0.00120337 -0.0109522 0.999939 0.103227 0.188305 0.63279
FixedParameters: 0 0 0

#Transform 196
Transform: AffineTransform_float_3_3
Parameters: 1 0.000121104 0.00109605 -0.000133652 0.99993 0.0118776 -0.00109364 -0.0118779 0.999929 0.0977773 0.136048 0.652283
FixedParameters: 0 0 0

#Transform 197
Transform: AffineTransform_float_3_3
Parameters: 0.999999 0.00129915 0.00129038 -0.00131335 0.999938 0.0110788 -0.0012759 -0.0110799 0.999938 0.0812173 0.175098 0.676071
FixedParameters: 0 0 0

#Transform 198
Transform: AffineTransform_float_3_3
Parameters: 0.999999 0.000960902 0.00119581 -0.000974483 0.999931 0.0116683 -0.00118458 -0.0116692 0.999931 0.0794907 0.144786 0.661612
FixedParameters: 0 0 0

#Transform 199
Transform: AffineTransform_float_3_3
Parameters: 0.999999 0.00111668 0.000992546 -0.00112801 0.999931 0.0116677 -0.000978992 -0.0116685 0.999931 0.0797279 0.17629 0.690367
FixedParameters: 0 0 0

#Transform 200
Transform: AffineTransform_float_3_3
Parameters: 0.999998 0.00137565 0.00146878 -0.00139212 0.999937 0.0111574 -0.00145298 -0.0111592 0.999937 0.0963334 0.162128 0.645708
FixedParameters: 0 0 0

#Transform 201
Transform: AffineTransform_float_3_3
Parameters: 0.999999 0.000677813 0.00103149 -0.000690207 0.999924 0.0123042 -0.00102353 -0.0123048 0.999923 0.0947054 0.156343 0.70717
FixedParameters: 0 0 0

#Transform 202
Transform: AffineTransform_float_3_3
Parameters: 0.999999 0.00148018 0.00115748 -0.00149319 0.999929 0.0118641 -0.00113988 -0.0118652 0.999929 0.0778749 0.189213 0.695174
FixedParameters: 0 0 0

#Transform 203
Transform: AffineTransform_float_3_3
Parameters: 0.999999 0.00108772 0.00110363 -0.00110145 0.999922 0.0124435 -0.0010897 -0.0124451 0.999922 0.0436367 0.140849 0.736258
FixedParameters: 0 0 0

#Transform 204
Transform: AffineTransform_float_3_3
Parameters: 0.999998 0.00122653 0.00110447 -0.00123925 0.999939 0.0109799 -0.00109094 -0.0109818 0.999939 0.075768 0.175232 0.687263
FixedParameters: 0 0 0

#Transform 205
Transform: AffineTransform_float_3_3
Parameters: 1 0.000659596 0.000976103 -0.000671576 0.999935 0.0113326 -0.000968903 -0.0113333 0.999935 0.0841521 0.148791 0.693194
FixedParameters: 0 0 0

#Transform 206
Transform: AffineTransform_float_3_3
Parameters: 0.999999 0.000975531 0.00114453 -0.000989672 0.999924 0.0123014 -0.0011327 -0.012303 0.999924 0.0654673 0.176529 0.754178
FixedParameters: 0 0 0

#Transform 207
Transform: AffineTransform_float_3_3
Parameters: 0.999998 0.00067004 0.00146825 -0.000686838 0.999929 0.0119737 -0.00146049 -0.0119742 0.999927 0.097993 0.189089 0.683801
FixedParameters: 0 0 0

#Transform 208
Transform: AffineTransform_float_3_3
Parameters: 0.999999 0.000543676 0.00135872 -0.000559958 0.999931 0.0118072 -0.0013523 -0.0118072 0.999929 0.0824278 0.155708 0.694657
FixedParameters: 0 0 0

#Transform 209
Transform: AffineTransform_float_3_3
Parameters: 0.999999 0.000502134 0.00122503 -0.000517042 0.999931 0.0117574 -0.00121903 -0.011758 0.99993 0.0991607 0.193515 0.666723
FixedParameters: 0 0 0

#Transform 210
Transform: AffineTransform_float_3_3
Parameters: 0.999999 -3.47896e-05 0.000842546 2.38668e-05 0.999918 0.0127583 -0.000843064 -0.0127577 0.999918 0.0837407 0.152278 0.729011
FixedParameters: 0 0 0

#Transform 211
Transform: AffineTransform_float_3_3
Parameters: 1 7.48371e-06 -9.99213e-05 -6.22785e-06 0.999931 0.0117259 9.99668e-05 -0.0117259 0.999931 0.0716874 0.181301 0.630955
FixedParameters: 0 0 0

#Transform 212
Transform: AffineTransform_float_3_3
Parameters: 0.999999 -0.000672957 -0.000538181 0.000679806 0.999929 0.0119512 0.000529741 -0.0119511 0.999929 0.0850223 0.153762 0.654293
FixedParameters: 0 0 0

#Transform 213
Transform: AffineTransform_float_3_3
Parameters: 0.999998 -0.00108673 -0.00128405 0.00110008 0.999945 0.0103779 0.0012726 -0.0103794 0.999945 0.0649155 0.175776 0.569882
FixedParameters: 0 0 0

#Transform 214
Transform: AffineTransform_float_3_3
Parameters: 0.999998 -0.00126026 -0.00183842 0.00127981 0.999947 0.0102303 0.00182523 -0.010233 0.999947 0.0676584 0.151524 0.604632
FixedParameters: 0 0 0

#Transform 215
Transform: AffineTransform_float_3_3
Parameters: 0.999998 -0.00120773 -0.00166938 0.00122468 0.999947 0.0102025 0.00165705 -0.0102038 0.999946 0.0670299 0.176237 0.540127
FixedParameters: 0 0 0

#Transform 216
Transform: AffineTransform_float_3_3
Parameters: 0.999996 -0.00195233 -0.00228186 0.00198039 0.999925 0.0121119 0.00225819 -0.0121167 0.999924 0.101661 0.169271 0.646639
FixedParameters: 0 0 0

#Transform 217
Transform: AffineTransform_float_3_3
Parameters: 0.999996 -0.00174441 -0.00246372 0.00177426 0.999923 0.0123443 0.00244231 -0.0123488 0.99992 0.0916699 0.213903 0.61756
FixedParameters: 0 0 0

#Transform 218
Transform: AffineTransform_float_3_3
Parameters: 0.999995 -0.00215411 -0.00219888 0.00218134 0.999921 0.0123984 0.00217223 -0.0124037 0.999921 0.0764171 0.160346 0.6598
FixedParameters: 0 0 0

#Transform 219
Transform: AffineTransform_float_3_3
Parameters: 0.999998 -0.00159985 -0.0016315 0.00162062 0.999919 0.0125592 0.00161063 -0.0125616 0.99992 0.0967906 0.23163 0.555362
FixedParameters: 0 0 0

#Transform 220
Transform: AffineTransform_float_3_3
Parameters: 0.999997 -0.00111372 -0.00210816 0.00114273 0.999898 0.0142178 0.00209162 -0.0142201 0.999897 0.0851393 0.207801 0.626869
FixedParameters: 0 0 0

#Transform 221
Transform: AffineTransform_float_3_3
Parameters: 0.999996 -0.00167083 -0.00222772 0.00170533 0.999884 0.015176 0.00220203 -0.0151802 0.999883 0.0497147 0.169084 0.66753
FixedParameters: 0 0 0

#Transform 222
Transform: AffineTransform_float_3_3
Parameters: 0.999998 -0.0018779 -0.00136868 0.00189961 0.999869 0.0160501 0.00133836 -0.016053 0.999871 0.0879088 0.225358 0.737156
FixedParameters: 0 0 0

#Transform 223
Transform: AffineTransform_float_3_3
Parameters: 0.999999 -0.000800967 -0.000920543 0.000817027 0.999844 0.0176928 0.000906621 -0.0176935 0.999843 0.136177 0.275688 0.662843
FixedParameters: 0 0 0

#Transform 224
Transform: AffineTransform_float_3_3
Parameters: 0.999999 -0.000761908 -0.00105305 0.000779687 0.999863 0.0165375 0.00104048 -0.0165383 0.999862 0.118968 0.209963 0.64977
FixedParameters: 0 0 0

#Transform 225
Transform: AffineTransform_float_3_3
Parameters: 0.999999 -0.00029506 -0.00102286 0.000312082 0.99986 0.0167147 0.00101834 -0.0167153 0.99986 0.117316 0.264079 0.589875
FixedParameters: 0 0 0

#Transform 226
Transform: AffineTransform_float_3_3
Parameters: 0.999998 -0.000674753 -0.00143943 0.000699209 0.999852 0.0171682 0.00142704 -0.0171683 0.999852 0.101009 0.221207 0.639118
FixedParameters: 0 0 0

#Transform 227
Transform: AffineTransform_float_3_3
Parameters: 0.999998 -0.00131765 -0.00184613 0.00134687 0.99987 0.0160973 0.00182462 -0.0160994 0.999869 0.0544353 0.224369 0.623431
FixedParameters: 0 0 0

#Transform 228
Transform: AffineTransform_float_3_3
Parameters: 0.999998 -0.000527235 -0.00151134 0.00055151 0.999869 0.016142 0.00150302 -0.0161425 0.999869 0.0755786 0.264822 0.619594
FixedParameters: 0 0 0

#Transform 229
Transform: AffineTransform_float_3_3
Parameters: 0.999999 -0.00116191 -0.00133751 0.00118391 0.999868 0.0161909 0.0013191 -0.0161918 0.999867 0.0621953 0.219805 0.601998
FixedParameters: 0 0 0

#Transform 230
Transform: AffineTransform_float_3_3
Parameters: 0.999999 -0.0002781 -0.000790696 0.000291565 0.999866 0.0163629 0.000785499 -0.0163634 0.999866 0.0854463 0.276443 0.616133
FixedParameters: 0 0 0

#Transform 231
Transform: AffineTransform_float_3_3
Parameters: 0.999999 -0.000593311 -0.00116707 0.000611968 0.999868 0.0162073 0.00115699 -0.0162082 0.999868 0.0800639 0.21873 0.634376
FixedParameters: 0 0 0

#Transform 232
Transform: AffineTransform_float_3_3
Parameters: 0.999999 -0.00038208 -0.000750561 0.000394403 0.99987 0.0160755 0.000744132 -0.0160755 0.999871 0.0838928 0.250891 0.603051
FixedParameters: 0 0 0

#Transform 233
Transform: AffineTransform_float_3_3
Parameters: 1 -0.000760265 -0.000869299 0.000774348 0.999871 0.0160691 0.000857638 -0.0160691 0.999871 0.0695353 0.229591 0.625508
FixedParameters: 0 0 0

#Transform 234
Transform: AffineTransform_float_3_3
Parameters: 1 -0.0007569 -0.000742953 0.000769269 0.999865 0.0163883 0.000730295 -0.0163881 0.999866 0.0691014 0.226889 0.61974
FixedParameters: 0 0 0

#Transform 235
Transform: AffineTransform_float_3_3
Parameters: 1 -0.000417631 -0.000533783 0.000426315 0.999868 0.0162566 0.000526133 -0.0162571 0.999867 0.0786029 0.241429 0.615005
FixedParameters: 0 0 0

#Transform 236
Transform: AffineTransform_float_3_3
Parameters: 1 -0.000488169 -0.000456532 0.000495216 0.999881 0.0154639 0.000449065 -0.0154644 0.999881 0.0872209 0.213668 0.581543
FixedParameters: 0 0 0

#Transform 237
Transform: AffineTransform_float_3_3
Parameters: 1 -0.000335467 -0.000117346 0.000337767 0.999882 0.015399 0.000112881 -0.015399 0.999882 0.0908782 0.241331 0.586184
FixedParameters: 0 0 0

#Transform 238
Transform: AffineTransform_float_3_3
Parameters: 1 -0.000594865 -0.000336302 0.000600031 0.999872 0.0159474 0.000326539 -0.0159478 0.999873 0.0879398 0.221898 0.58033
FixedParameters: 0 0 0

#Transform 239
Transform: AffineTransform_float_3_3
Parameters: 1 1.45704e-05 -0.000153351 -1.16342e-05 0.999861 0.0166629 0.000153551 -0.0166629 0.999861 0.0842134 0.271351 0.626575
FixedParameters: 0 0 0
