#!ascii label  , from subject tim vox2ras=TkReg
1498
107135  -40.310  -4.551  60.885 0.0000000000
102190  -54.965  -9.842  52.497 0.0000000000
114753  -46.554  3.421  61.961 0.0000000000
102116  -48.351  -8.838  59.892 0.0000000000
99967  -47.240  -11.301  69.881 0.0000000000
112030  -46.101  -0.131  52.148 0.0000000000
118294  -51.088  7.805  53.752 0.0000000000
119963  -45.176  9.915  57.870 0.0000000000
98782  -38.159  -12.463  74.248 0.0000000000
105213  -43.994  -6.373  60.134 0.0000000000
109072  -48.208  -3.070  57.738 0.0000000000
111041  -43.108  -0.754  57.570 0.0000000000
114704  -51.039  3.909  64.156 0.0000000000
114824  -51.426  3.757  57.813 0.0000000000
116544  -51.673  5.213  60.500 0.0000000000
117429  -46.751  6.524  55.915 0.0000000000
119051  -49.228  9.072  62.142 0.0000000000
106283  -52.661  -5.279  50.850 0.0000000000
109036  -37.591  -1.989  63.772 0.0000000000
114785  -40.855  2.941  59.584 0.0000000000
105195  -53.851  -5.896  64.055 0.0000000000
102037  -46.774  -8.717  64.551 0.0000000000
101065  -42.497  -10.661  63.767 0.0000000000
98846  -41.176  -12.402  69.270 0.0000000000
109116  -52.346  -2.861  53.672 0.0000000000
112060  -51.481  1.262  49.717 0.0000000000
114836  -46.833  4.210  56.414 0.0000000000
116639  -49.426  5.638  51.402 0.0000000000
115833  -48.316  4.815  47.555 0.0000000000
117496  -44.543  6.779  49.717 0.0000000000
118303  -41.463  7.584  53.019 0.0000000000
106172  -41.675  -5.494  60.527 0.0000000000
109049  -43.852  -2.925  60.111 0.0000000000
110056  -42.332  -2.230  60.143 0.0000000000
116498  -53.060  5.367  66.319 0.0000000000
114738  -53.254  3.263  62.885 0.0000000000
116519  -52.250  5.295  63.421 0.0000000000
117356  -50.115  6.166  62.078 0.0000000000
105310  -54.117  -6.605  51.150 0.0000000000
110032  -37.962  -1.380  65.341 0.0000000000
112900  -37.523  1.446  62.884 0.0000000000
102011  -47.495  -9.619  67.408 0.0000000000
101057  -44.630  -10.190  64.697 0.0000000000
99996  -44.642  -11.545  66.788 0.0000000000
99908  -39.877  -11.278  71.922 0.0000000000
101035  -37.868  -10.536  66.866 0.0000000000
103055  -39.102  -7.708  65.744 0.0000000000
104152  -36.801  -7.860  67.253 0.0000000000
103146  -49.568  -8.833  57.484 0.0000000000
109110  -46.884  -2.406  54.914 0.0000000000
108155  -49.740  -3.087  55.563 0.0000000000
109146  -49.354  -2.400  52.757 0.0000000000
110152  -51.168  -0.972  51.260 0.0000000000
111112  -49.081  0.117  50.487 0.0000000000
115690  -44.223  4.141  60.414 0.0000000000
114803  -43.917  4.117  58.431 0.0000000000
115721  -46.489  4.532  58.677 0.0000000000
116584  -52.761  5.995  56.198 0.0000000000
115767  -50.500  4.834  54.624 0.0000000000
117460  -51.971  6.756  52.678 0.0000000000
116667  -50.286  5.907  49.109 0.0000000000
118359  -49.368  7.690  50.121 0.0000000000
116665  -46.515  5.774  48.656 0.0000000000
118342  -47.107  7.247  51.024 0.0000000000
118247  -45.767  7.684  57.959 0.0000000000
118291  -44.060  7.268  53.985 0.0000000000
118261  -43.666  7.999  56.019 0.0000000000
118272  -40.092  7.706  54.847 0.0000000000
119095  -42.214  8.679  57.245 0.0000000000
103110  -46.231  -8.324  60.280 0.0000000000
105224  -48.569  -6.225  59.059 0.0000000000
107143  -46.164  -4.679  59.754 0.0000000000
110084  -45.540  -2.152  58.021 0.0000000000
110112  -44.633  -0.694  54.828 0.0000000000
114734  -48.877  3.479  62.678 0.0000000000
114791  -49.870  3.753  59.778 0.0000000000
114757  -51.809  2.733  61.429 0.0000000000
115711  -53.358  4.505  59.462 0.0000000000
117389  -51.888  6.268  57.674 0.0000000000
117445  -49.072  6.746  54.386 0.0000000000
117387  -49.642  6.280  58.345 0.0000000000
118228  -47.915  7.021  59.984 0.0000000000
119937  -46.688  9.439  59.828 0.0000000000
107259  -49.932  -3.907  49.946 0.0000000000
109042  -38.881  -2.574  61.824 0.0000000000
111020  -39.674  -0.404  60.332 0.0000000000
111963  -38.503  0.548  60.989 0.0000000000
113810  -40.610  3.089  61.906 0.0000000000
114729  -43.780  3.332  62.692 0.0000000000
116511  -43.407  5.071  63.381 0.0000000000
115657  -46.079  4.248  63.450 0.0000000000
102052  -51.496  -9.067  62.966 0.0000000000
104192  -49.883  -7.266  64.815 0.0000000000
102069  -47.514  -9.465  62.471 0.0000000000
102067  -45.264  -9.506  62.257 0.0000000000
102082  -42.857  -9.090  61.537 0.0000000000
100953  -45.275  -10.330  72.870 0.0000000000
99855  -40.962  -11.228  75.347 0.0000000000
100937  -42.826  -11.034  72.776 0.0000000000
98832  -44.545  -12.130  70.211 0.0000000000
98887  -42.225  -12.753  66.559 0.0000000000
104209  -38.936  -7.380  62.329 0.0000000000
103174  -54.601  -8.433  54.745 0.0000000000
107167  -50.307  -4.810  57.602 0.0000000000
107194  -53.042  -4.797  55.670 0.0000000000
106253  -55.138  -5.608  53.380 0.0000000000
108207  -53.659  -3.024  51.252 0.0000000000
110182  -52.981  -1.300  49.658 0.0000000000
110194  -50.781  -0.804  48.666 0.0000000000
112939  -41.649  1.340  57.984 0.0000000000
113884  -43.656  1.848  55.683 0.0000000000
113901  -45.774  2.602  53.445 0.0000000000
114839  -49.461  4.295  56.817 0.0000000000
115765  -48.000  4.327  54.386 0.0000000000
113926  -47.037  2.690  50.924 0.0000000000
114906  -49.240  4.143  49.270 0.0000000000
113033  -50.547  2.930  47.854 0.0000000000
112079  -48.005  1.349  47.833 0.0000000000
117471  -46.196  6.910  53.113 0.0000000000
118337  -42.304  7.276  51.379 0.0000000000
116609  -41.137  5.534  52.979 0.0000000000
116607  -39.525  6.222  53.607 0.0000000000
117439  -37.760  7.120  54.588 0.0000000000
107137  -41.194  -4.553  60.624 0.0000000000
108108  -42.543  -3.626  60.408 0.0000000000
109046  -41.147  -2.676  60.572 0.0000000000
116521  -53.250  5.020  64.587 0.0000000000
118182  -52.237  6.798  64.178 0.0000000000
103198  -54.646  -8.760  51.824 0.0000000000
101022  -47.779  -10.540  68.525 0.0000000000
101028  -46.118  -10.863  67.373 0.0000000000
99978  -46.802  -11.346  68.789 0.0000000000
101026  -36.682  -9.647  68.096 0.0000000000
102018  -37.433  -9.540  67.094 0.0000000000
102102  -50.473  -9.759  60.501 0.0000000000
102132  -49.124  -8.918  58.618 0.0000000000
110133  -46.531  -1.442  52.788 0.0000000000
109127  -47.935  -2.494  53.665 0.0000000000
110148  -47.108  -1.225  52.114 0.0000000000
110150  -48.973  -1.311  51.403 0.0000000000
112039  -47.250  -0.038  51.131 0.0000000000
114771  -45.310  3.784  61.422 0.0000000000
115707  -45.812  4.453  59.720 0.0000000000
115693  -46.692  4.066  60.737 0.0000000000
118263  -52.154  7.249  55.177 0.0000000000
117435  -52.426  6.747  54.469 0.0000000000
118295  -51.726  7.870  53.461 0.0000000000
119139  -51.170  8.367  51.222 0.0000000000
118328  -50.117  8.107  51.924 0.0000000000
118343  -48.183  7.592  51.031 0.0000000000
118309  -49.108  7.480  52.781 0.0000000000
119098  -44.982  8.765  57.508 0.0000000000
118262  -44.821  7.793  56.576 0.0000000000
119110  -44.303  8.772  56.862 0.0000000000
119108  -42.486  8.274  56.605 0.0000000000
119961  -43.497  9.539  57.253 0.0000000000
105214  -44.976  -6.380  59.908 0.0000000000
105221  -46.274  -6.262  59.625 0.0000000000
106176  -45.481  -5.439  59.831 0.0000000000
110067  -43.768  -2.075  59.238 0.0000000000
109068  -45.373  -2.484  59.076 0.0000000000
110083  -44.471  -1.595  57.638 0.0000000000
110104  -45.157  -1.576  55.831 0.0000000000
111058  -44.103  -0.483  55.739 0.0000000000
114736  -50.128  3.345  63.060 0.0000000000
113829  -50.301  3.103  62.314 0.0000000000
113815  -51.937  2.608  62.731 0.0000000000
115680  -52.973  4.084  61.905 0.0000000000
114779  -53.516  3.437  61.060 0.0000000000
115710  -52.996  4.813  60.035 0.0000000000
116564  -52.721  5.796  58.065 0.0000000000
116563  -51.961  5.821  58.576 0.0000000000
117388  -50.876  6.079  58.087 0.0000000000
116552  -50.758  5.605  59.767 0.0000000000
118199  -49.321  7.277  62.053 0.0000000000
117364  -48.695  6.703  60.914 0.0000000000
118208  -48.033  7.670  61.142 0.0000000000
119059  -47.103  8.168  60.381 0.0000000000
119902  -48.587  9.495  61.475 0.0000000000
107250  -51.502  -4.239  50.421 0.0000000000
109040  -38.208  -2.506  62.621 0.0000000000
111012  -38.484  -0.531  61.416 0.0000000000
111008  -37.387  -0.507  62.732 0.0000000000
113798  -38.687  2.527  63.447 0.0000000000
113808  -38.712  2.413  62.462 0.0000000000
113800  -40.533  2.767  63.026 0.0000000000
114727  -41.804  3.322  62.306 0.0000000000
114711  -42.881  3.491  63.219 0.0000000000
117332  -42.711  6.082  63.481 0.0000000000
116512  -44.365  5.102  63.418 0.0000000000
117335  -45.549  6.209  63.528 0.0000000000
116515  -47.270  5.229  63.498 0.0000000000
118191  -46.822  7.306  63.564 0.0000000000
103089  -52.922  -8.334  62.336 0.0000000000
103079  -53.174  -7.484  63.276 0.0000000000
105173  -50.006  -6.510  65.973 0.0000000000
103065  -48.504  -7.917  64.602 0.0000000000
103075  -48.797  -8.539  64.030 0.0000000000
102049  -47.887  -8.870  63.535 0.0000000000
102068  -46.330  -9.478  62.368 0.0000000000
102048  -46.582  -9.202  63.376 0.0000000000
101056  -43.419  -10.701  64.416 0.0000000000
102045  -43.871  -9.713  62.798 0.0000000000
101076  -42.885  -10.013  62.901 0.0000000000
99867  -39.386  -11.780  74.895 0.0000000000
99896  -41.361  -11.308  72.353 0.0000000000
99911  -42.387  -11.343  71.263 0.0000000000
99912  -43.310  -11.356  71.349 0.0000000000
99964  -42.430  -12.256  69.714 0.0000000000
98865  -43.641  -12.734  68.464 0.0000000000
98863  -41.554  -12.976  68.614 0.0000000000
105204  -38.490  -6.442  62.701 0.0000000000
103073  -38.559  -8.251  63.737 0.0000000000
101146  -54.896  -10.483  55.247 0.0000000000
107153  -48.629  -4.531  59.144 0.0000000000
106194  -48.939  -5.359  58.883 0.0000000000
108129  -49.939  -3.951  58.273 0.0000000000
108171  -51.210  -3.238  54.913 0.0000000000
108157  -51.587  -3.485  55.836 0.0000000000
108172  -52.520  -3.255  54.577 0.0000000000
107195  -53.725  -4.833  55.143 0.0000000000
108185  -54.517  -3.996  53.776 0.0000000000
108197  -54.425  -3.849  52.608 0.0000000000
109132  -52.732  -2.606  52.935 0.0000000000
111115  -52.034  -0.095  50.405 0.0000000000
111116  -52.656  -0.423  50.398 0.0000000000
112062  -52.552  0.014  49.846 0.0000000000
110181  -51.841  -0.978  49.143 0.0000000000
111141  -51.928  0.199  48.964 0.0000000000
112930  -40.117  1.480  59.496 0.0000000000
111981  -40.877  0.481  58.729 0.0000000000
113859  -41.016  1.823  58.659 0.0000000000
114818  -45.137  4.242  57.474 0.0000000000
114833  -43.340  2.875  56.748 0.0000000000
114848  -45.002  3.293  55.355 0.0000000000
113892  -44.606  1.855  54.568 0.0000000000
114861  -45.966  3.272  54.496 0.0000000000
114807  -50.728  3.695  58.766 0.0000000000
114806  -49.701  4.067  58.661 0.0000000000
114840  -50.293  4.119  56.958 0.0000000000
116611  -50.117  5.371  53.329 0.0000000000
115766  -49.211  4.414  54.787 0.0000000000
115787  -48.727  4.897  52.733 0.0000000000
115786  -47.787  4.288  52.797 0.0000000000
115795  -47.933  4.516  51.753 0.0000000000
114905  -48.416  3.650  49.766 0.0000000000
115804  -48.889  5.161  50.287 0.0000000000
117525  -50.136  5.858  48.238 0.0000000000
115825  -51.030  4.950  47.864 0.0000000000
114928  -49.780  4.099  47.431 0.0000000000
112081  -49.423  1.774  47.645 0.0000000000
113953  -48.350  3.055  47.284 0.0000000000
113020  -46.886  1.776  48.057 0.0000000000
114925  -47.243  3.528  47.856 0.0000000000
117508  -45.317  6.711  49.339 0.0000000000
115811  -45.761  4.940  49.237 0.0000000000
117430  -47.850  6.431  55.667 0.0000000000
117456  -46.998  6.665  53.774 0.0000000000
117443  -46.901  6.533  54.808 0.0000000000
118304  -42.355  7.593  52.913 0.0000000000
118305  -43.303  7.507  52.904 0.0000000000
118320  -41.768  7.379  52.095 0.0000000000
116635  -41.763  6.376  51.797 0.0000000000
117469  -40.599  6.824  52.454 0.0000000000
116608  -40.229  5.851  53.284 0.0000000000
117468  -39.962  7.097  52.678 0.0000000000
118257  -39.830  7.762  55.762 0.0000000000
118285  -38.748  7.518  54.181 0.0000000000
118270  -38.276  8.052  55.123 0.0000000000
118268  -36.759  7.575  55.580 0.0000000000
105212  -43.064  -6.349  60.348 0.0000000000
107140  -43.975  -4.560  60.248 0.0000000000
107139  -43.022  -4.547  60.295 0.0000000000
109048  -42.927  -2.684  60.211 0.0000000000
110074  -42.630  -1.199  58.634 0.0000000000
113804  -52.475  2.749  63.312 0.0000000000
115664  -53.112  4.275  64.538 0.0000000000
115669  -53.001  4.286  63.031 0.0000000000
115679  -52.112  4.847  61.804 0.0000000000
116543  -50.644  5.498  60.853 0.0000000000
117346  -51.224  6.056  63.230 0.0000000000
118194  -50.917  7.060  63.296 0.0000000000
106276  -53.384  -6.146  51.108 0.0000000000
110041  -37.575  -1.514  64.764 0.0000000000
111006  -36.887  -0.512  63.777 0.0000000000
111950  -36.696  0.082  64.676 0.0000000000
103056  -47.064  -8.802  66.208 0.0000000000
102028  -45.956  -9.330  65.127 0.0000000000
102020  -46.099  -9.568  65.873 0.0000000000
101046  -45.103  -10.682  65.938 0.0000000000
100006  -43.526  -11.666  65.901 0.0000000000
98799  -39.152  -11.947  73.346 0.0000000000
100983  -39.430  -10.657  70.817 0.0000000000
101036  -38.530  -10.465  66.167 0.0000000000
103062  -38.657  -8.462  64.621 0.0000000000
102019  -38.127  -9.600  66.525 0.0000000000
103046  -38.487  -8.573  66.365 0.0000000000
109088  -47.620  -2.625  56.519 0.0000000000
108143  -48.785  -3.111  56.795 0.0000000000
109100  -48.491  -2.815  55.313 0.0000000000
109113  -49.637  -2.949  54.407 0.0000000000
109130  -50.975  -2.630  53.303 0.0000000000
109148  -51.299  -2.138  52.500 0.0000000000
110137  -50.719  -1.668  51.903 0.0000000000
111100  -50.127  -0.613  50.828 0.0000000000
112050  -50.950  0.716  50.210 0.0000000000
114768  -42.647  4.004  60.593 0.0000000000
114788  -42.958  4.085  59.147 0.0000000000
115705  -44.009  4.280  59.520 0.0000000000
115720  -45.401  4.503  58.729 0.0000000000
115733  -47.075  4.400  57.561 0.0000000000
115747  -52.227  4.853  56.291 0.0000000000
115746  -51.118  4.358  56.564 0.0000000000
115757  -52.144  5.290  55.461 0.0000000000
116601  -51.701  5.700  54.142 0.0000000000
116627  -50.905  6.404  52.393 0.0000000000
116653  -50.110  6.301  50.184 0.0000000000
117486  -51.017  6.991  51.153 0.0000000000
118376  -50.312  7.238  49.728 0.0000000000
117512  -48.820  6.877  48.768 0.0000000000
116675  -47.243  5.723  48.222 0.0000000000
118373  -47.641  7.103  49.404 0.0000000000
118372  -46.685  6.971  49.478 0.0000000000
118341  -45.993  7.157  50.993 0.0000000000
117413  -46.613  6.725  57.042 0.0000000000
117442  -45.870  6.747  54.991 0.0000000000
118277  -44.884  7.165  55.136 0.0000000000
118276  -43.891  7.505  55.099 0.0000000000
118289  -42.127  7.553  53.901 0.0000000000
118287  -40.339  7.663  53.915 0.0000000000
118274  -41.944  7.594  54.877 0.0000000000
119107  -41.746  8.114  56.631 0.0000000000
119094  -41.242  8.329  57.364 0.0000000000
103111  -47.423  -8.368  60.087 0.0000000000
103125  -48.289  -8.229  59.521 0.0000000000
104240  -47.474  -7.309  59.573 0.0000000000
106186  -47.376  -5.380  59.531 0.0000000000
108121  -47.517  -3.632  59.252 0.0000000000
108111  -45.116  -4.045  60.099 0.0000000000
109060  -45.843  -2.898  59.445 0.0000000000
109079  -46.757  -2.526  57.779 0.0000000000
110105  -46.032  -2.021  56.370 0.0000000000
110114  -45.981  -1.995  55.261 0.0000000000
111082  -45.452  -0.409  53.265 0.0000000000
114733  -47.881  3.345  62.607 0.0000000000
114773  -47.442  3.891  60.845 0.0000000000
114755  -49.253  3.241  61.944 0.0000000000
114775  -50.205  3.392  60.838 0.0000000000
114793  -52.178  3.332  59.857 0.0000000000
113832  -53.014  2.464  61.726 0.0000000000
114794  -53.084  3.013  59.862 0.0000000000
114826  -53.126  3.964  58.303 0.0000000000
116565  -53.130  5.371  57.765 0.0000000000
117405  -52.583  6.425  56.602 0.0000000000
117433  -51.056  7.235  55.030 0.0000000000
117446  -50.078  7.230  54.236 0.0000000000
117416  -49.958  6.635  56.263 0.0000000000
117415  -48.832  6.453  56.503 0.0000000000
117401  -48.655  6.446  57.581 0.0000000000
116551  -49.974  5.777  60.359 0.0000000000
117386  -48.460  6.502  58.682 0.0000000000
117400  -47.492  6.650  57.872 0.0000000000
117384  -46.665  7.194  58.709 0.0000000000
119082  -46.095  8.817  59.132 0.0000000000
119951  -46.229  9.839  58.943 0.0000000000
108103  -39.201  -3.584  61.598 0.0000000000
110051  -39.929  -2.106  60.978 0.0000000000
110050  -39.408  -1.565  61.304 0.0000000000
111019  -38.936  -0.152  60.735 0.0000000000
112921  -39.448  1.727  60.273 0.0000000000
112908  -37.718  1.239  62.056 0.0000000000
113825  -39.031  2.344  61.682 0.0000000000
113827  -40.411  3.037  60.768 0.0000000000
114748  -41.885  3.603  61.336 0.0000000000
114750  -43.643  3.512  62.009 0.0000000000
114752  -45.518  3.468  62.109 0.0000000000
115653  -42.135  4.200  63.541 0.0000000000
115654  -43.178  4.154  63.442 0.0000000000
114713  -44.922  3.547  63.171 0.0000000000
114732  -46.757  3.395  62.594 0.0000000000
114716  -47.898  3.683  63.146 0.0000000000
115660  -49.004  4.401  63.504 0.0000000000
116518  -50.097  4.995  64.155 0.0000000000
102090  -51.885  -9.420  61.375 0.0000000000
102088  -49.767  -9.789  61.586 0.0000000000
106136  -51.371  -5.665  65.806 0.0000000000
105193  -52.171  -6.258  64.645 0.0000000000
103077  -50.970  -8.624  63.728 0.0000000000
102071  -49.960  -9.738  62.445 0.0000000000
102087  -48.426  -9.569  61.511 0.0000000000
102099  -46.750  -9.012  60.717 0.0000000000
102098  -45.664  -8.902  60.820 0.0000000000
103100  -44.840  -8.797  60.877 0.0000000000
102047  -45.530  -9.443  63.189 0.0000000000
102083  -43.856  -9.147  61.507 0.0000000000
104226  -43.532  -7.200  60.370 0.0000000000
104225  -42.641  -7.178  60.562 0.0000000000
100899  -42.338  -10.721  76.388 0.0000000000
99882  -40.443  -11.617  73.616 0.0000000000
99870  -41.836  -11.154  74.084 0.0000000000
100927  -43.510  -10.469  74.398 0.0000000000
100952  -44.336  -10.675  72.672 0.0000000000
99914  -44.825  -11.293  71.517 0.0000000000
98834  -45.787  -11.845  70.506 0.0000000000
98867  -45.167  -12.247  68.755 0.0000000000
98889  -43.921  -12.262  67.027 0.0000000000
100005  -42.561  -11.838  65.371 0.0000000000
105207  -39.572  -6.357  61.462 0.0000000000
107133  -38.733  -4.539  61.789 0.0000000000
107131  -38.471  -4.554  62.653 0.0000000000
107129  -38.322  -4.572  63.422 0.0000000000
108095  -38.661  -3.670  64.574 0.0000000000
100102  -55.227  -11.472  54.869 0.0000000000
100103  -55.399  -10.886  54.385 0.0000000000
103183  -55.430  -8.739  53.684 0.0000000000
103144  -48.787  -7.518  58.339 0.0000000000
105249  -49.545  -6.374  57.257 0.0000000000
108137  -50.663  -3.978  57.547 0.0000000000
107179  -51.136  -4.907  56.722 0.0000000000
105268  -51.937  -6.556  55.537 0.0000000000
105270  -53.721  -6.558  54.936 0.0000000000
105282  -55.102  -6.887  54.249 0.0000000000
105293  -55.371  -7.006  53.061 0.0000000000
106265  -54.984  -5.795  52.367 0.0000000000
107238  -54.281  -4.923  51.113 0.0000000000
108225  -53.840  -4.396  50.806 0.0000000000
109150  -52.853  -2.069  51.862 0.0000000000
109160  -53.438  -2.334  50.800 0.0000000000
108239  -52.641  -2.843  49.831 0.0000000000
108238  -51.624  -2.913  49.815 0.0000000000
109198  -50.576  -1.620  49.013 0.0000000000
109196  -49.259  -1.344  48.799 0.0000000000
110064  -40.733  -0.934  59.951 0.0000000000
111031  -41.632  -0.832  59.080 0.0000000000
111991  -42.153  0.453  57.556 0.0000000000
114815  -42.398  2.850  57.708 0.0000000000
113875  -42.716  1.805  56.756 0.0000000000
111998  -43.134  0.591  56.285 0.0000000000
112006  -43.975  0.597  55.128 0.0000000000
112975  -44.957  1.040  53.518 0.0000000000
112982  -45.701  1.323  52.355 0.0000000000
115709  -47.876  4.354  59.399 0.0000000000
114804  -48.201  4.392  57.818 0.0000000000
114837  -47.795  4.308  56.413 0.0000000000
115755  -50.186  4.445  55.721 0.0000000000
114864  -48.942  4.338  55.480 0.0000000000
114862  -47.138  4.056  54.738 0.0000000000
114873  -46.807  3.631  53.808 0.0000000000
113916  -46.436  2.436  51.896 0.0000000000
112992  -46.410  1.483  51.471 0.0000000000
113000  -47.856  1.729  50.086 0.0000000000
113012  -50.949  2.002  49.440 0.0000000000
115814  -50.356  4.956  48.806 0.0000000000
113944  -50.801  3.669  48.651 0.0000000000
113024  -51.553  2.275  48.856 0.0000000000
112074  -50.599  1.143  48.338 0.0000000000
111138  -49.034  -0.029  48.296 0.0000000000
114915  -46.663  3.834  48.349 0.0000000000
118308  -48.374  7.234  52.886 0.0000000000
118325  -46.874  7.248  51.926 0.0000000000
118340  -44.913  7.385  51.025 0.0000000000
118292  -45.074  7.081  53.985 0.0000000000
118323  -44.598  7.383  51.969 0.0000000000
118353  -43.537  7.203  50.569 0.0000000000
116636  -42.388  6.229  51.393 0.0000000000
115784  -42.455  4.881  52.816 0.0000000000
114870  -42.076  3.797  53.950 0.0000000000
118300  -39.255  7.363  53.550 0.0000000000
117440  -38.355  6.860  54.069 0.0000000000
120799  -46.172  11.491  58.081 0.0000000000
120797  -44.755  10.645  57.665 0.0000000000
120795  -43.211  10.251  57.651 0.0000000000
119949  -42.154  9.796  58.113 0.0000000000
119080  -40.696  8.646  58.066 0.0000000000
108106  -40.735  -3.608  60.731 0.0000000000
102189  -54.592  -9.672  52.009 0.0000000000
100986  -48.388  -10.456  70.708 0.0000000000
101007  -48.693  -10.287  69.582 0.0000000000
99979  -47.486  -11.071  69.202 0.0000000000
101019  -36.542  -9.466  68.477 0.0000000000
102101  -49.292  -9.564  60.523 0.0000000000
102117  -48.941  -9.200  59.505 0.0000000000
111097  -47.168  -0.592  51.525 0.0000000000
114772  -46.257  3.772  61.357 0.0000000000
115692  -46.031  4.157  60.671 0.0000000000
118279  -51.865  7.579  54.430 0.0000000000
118280  -52.288  7.431  54.007 0.0000000000
118311  -50.983  8.275  52.751 0.0000000000
118310  -50.132  7.767  52.895 0.0000000000
119097  -44.540  9.038  57.211 0.0000000000
119967  -43.958  9.210  56.905 0.0000000000
119962  -44.371  9.535  57.288 0.0000000000
104227  -44.529  -7.292  60.188 0.0000000000
106175  -44.457  -5.471  60.070 0.0000000000
110075  -43.396  -1.422  58.320 0.0000000000
110076  -44.667  -2.105  58.764 0.0000000000
110082  -43.684  -1.045  57.271 0.0000000000
110093  -44.275  -1.090  56.458 0.0000000000
110092  -43.688  -0.737  56.723 0.0000000000
114719  -50.656  3.481  63.501 0.0000000000
113814  -50.917  3.006  62.924 0.0000000000
114720  -51.470  3.293  63.868 0.0000000000
115695  -52.541  4.720  60.852 0.0000000000
116545  -52.457  5.171  60.018 0.0000000000
116554  -52.781  5.348  59.193 0.0000000000
116553  -51.876  5.538  59.505 0.0000000000
116562  -51.205  5.723  58.940 0.0000000000
119038  -49.557  8.209  62.372 0.0000000000
119037  -48.929  7.671  62.012 0.0000000000
119050  -48.586  8.366  61.871 0.0000000000
119901  -47.905  8.804  61.386 0.0000000000
106275  -52.953  -6.033  51.181 0.0000000000
106274  -52.040  -5.760  51.421 0.0000000000
106282  -51.736  -4.945  50.758 0.0000000000
109039  -37.719  -2.024  63.138 0.0000000000
110047  -37.811  -1.481  62.634 0.0000000000
110046  -37.395  -1.328  63.340 0.0000000000
113795  -40.131  2.893  63.749 0.0000000000
113799  -39.543  2.703  63.200 0.0000000000
113801  -41.160  3.056  62.622 0.0000000000
114710  -41.464  3.390  63.411 0.0000000000
117336  -46.530  6.233  63.561 0.0000000000
105200  -54.421  -6.195  63.476 0.0000000000
104203  -53.891  -6.703  63.285 0.0000000000
104196  -53.429  -6.421  63.945 0.0000000000
103074  -48.045  -8.334  64.258 0.0000000000
102038  -47.554  -8.453  64.299 0.0000000000
101066  -43.725  -10.095  63.533 0.0000000000
102064  -42.363  -9.563  62.230 0.0000000000
101075  -41.888  -10.104  62.888 0.0000000000
98764  -38.681  -12.032  75.078 0.0000000000
99910  -41.434  -11.250  71.438 0.0000000000
99937  -41.615  -11.493  70.565 0.0000000000
99938  -42.802  -11.910  70.311 0.0000000000
99963  -41.817  -12.038  69.840 0.0000000000
98847  -42.092  -12.597  69.243 0.0000000000
102043  -38.732  -9.107  63.915 0.0000000000
103167  -52.962  -8.448  55.278 0.0000000000
108122  -48.235  -4.009  59.229 0.0000000000
107159  -49.344  -4.536  58.637 0.0000000000
108128  -48.642  -3.622  58.506 0.0000000000
109115  -51.617  -2.939  53.970 0.0000000000
108173  -53.857  -3.891  54.833 0.0000000000
108183  -52.830  -2.977  53.672 0.0000000000
108184  -53.597  -3.177  53.424 0.0000000000
112051  -51.768  0.527  50.044 0.0000000000
112052  -52.344  0.253  50.036 0.0000000000
112061  -51.964  0.792  49.445 0.0000000000
111126  -52.475  -0.242  49.499 0.0000000000
113850  -40.105  2.207  59.814 0.0000000000
113851  -40.722  2.369  59.088 0.0000000000
114835  -45.459  4.043  56.638 0.0000000000
114849  -46.316  3.859  55.535 0.0000000000
114823  -50.465  3.924  57.823 0.0000000000
114841  -50.956  3.995  57.251 0.0000000000
116626  -50.045  5.749  52.486 0.0000000000
115788  -49.551  5.264  52.957 0.0000000000
116625  -49.243  5.407  52.286 0.0000000000
115796  -48.658  5.149  51.574 0.0000000000
115803  -48.237  4.651  50.840 0.0000000000
116683  -48.782  5.423  47.646 0.0000000000
115835  -50.176  4.881  47.598 0.0000000000
115834  -49.228  4.814  47.510 0.0000000000
114927  -48.771  3.985  47.383 0.0000000000
114926  -47.790  3.926  47.513 0.0000000000
113952  -47.590  2.919  47.588 0.0000000000
116663  -44.945  6.217  49.367 0.0000000000
116650  -44.435  5.884  49.841 0.0000000000
117495  -43.756  6.749  50.194 0.0000000000
117470  -41.354  6.851  52.090 0.0000000000
118319  -40.995  7.238  52.605 0.0000000000
118318  -40.350  7.330  52.730 0.0000000000
118245  -39.594  7.935  56.566 0.0000000000
118256  -39.030  7.961  55.783 0.0000000000
106173  -42.582  -5.464  60.365 0.0000000000
109047  -42.053  -2.781  60.376 0.0000000000
110066  -42.557  -1.654  59.472 0.0000000000
114707  -52.901  3.856  64.704 0.0000000000
115650  -52.908  4.382  65.461 0.0000000000
116520  -52.832  5.493  64.149 0.0000000000
115663  -53.077  4.595  63.910 0.0000000000
115662  -52.715  4.826  63.495 0.0000000000
115668  -52.392  4.737  62.749 0.0000000000
116524  -51.380  5.490  62.661 0.0000000000
117341  -51.991  6.152  63.807 0.0000000000
118195  -51.756  7.244  63.831 0.0000000000
119030  -51.061  7.744  63.319 0.0000000000
103197  -54.063  -8.680  51.699 0.0000000000
104316  -53.628  -7.692  51.663 0.0000000000
105314  -53.661  -6.230  51.064 0.0000000000
110042  -38.168  -1.957  65.005 0.0000000000
111003  -37.019  -0.783  64.616 0.0000000000
110999  -37.419  -0.554  65.521 0.0000000000
103036  -47.933  -9.218  67.438 0.0000000000
102022  -47.156  -9.349  66.889 0.0000000000
102021  -46.654  -9.440  66.481 0.0000000000
101039  -46.597  -9.925  66.912 0.0000000000
99997  -45.533  -11.036  67.036 0.0000000000
101037  -45.320  -10.896  66.572 0.0000000000
100007  -44.338  -11.005  65.690 0.0000000000
99992  -38.041  -11.201  66.990 0.0000000000
102027  -38.657  -9.566  65.824 0.0000000000
103045  -37.703  -8.769  66.772 0.0000000000
104153  -37.355  -8.209  66.999 0.0000000000
109099  -47.671  -2.660  55.600 0.0000000000
109145  -48.494  -2.357  52.944 0.0000000000
109112  -48.674  -2.766  54.465 0.0000000000
109128  -49.007  -2.649  53.610 0.0000000000
109129  -49.990  -2.765  53.444 0.0000000000
109147  -50.347  -2.305  52.615 0.0000000000
110136  -49.694  -1.888  51.955 0.0000000000
111099  -49.437  -0.618  50.838 0.0000000000
111113  -50.214  -0.028  50.522 0.0000000000
112049  -49.863  0.893  50.182 0.0000000000
115689  -43.452  4.202  60.153 0.0000000000
115688  -42.934  4.201  59.785 0.0000000000
115732  -45.853  4.477  57.687 0.0000000000
115748  -52.719  5.419  56.520 0.0000000000
116583  -52.520  5.665  55.835 0.0000000000
116614  -52.195  6.689  53.197 0.0000000000
116602  -52.226  6.362  53.891 0.0000000000
116613  -51.721  6.284  53.147 0.0000000000
116628  -51.570  6.651  52.424 0.0000000000
116641  -50.799  6.648  51.559 0.0000000000
117475  -51.646  7.183  52.037 0.0000000000
118346  -50.708  8.116  50.838 0.0000000000
118361  -50.709  7.663  50.528 0.0000000000
118360  -50.178  7.657  50.249 0.0000000000
118375  -49.584  7.248  49.301 0.0000000000
117511  -48.014  6.764  48.773 0.0000000000
118374  -48.613  7.267  49.361 0.0000000000
118357  -47.350  7.289  50.173 0.0000000000
118356  -46.324  7.256  50.141 0.0000000000
117412  -45.808  7.156  57.312 0.0000000000
117428  -45.720  6.881  56.183 0.0000000000
118275  -42.888  7.520  54.971 0.0000000000
118260  -42.710  7.835  55.890 0.0000000000
119096  -42.881  8.931  57.111 0.0000000000
104229  -46.795  -7.715  59.845 0.0000000000
104230  -47.350  -7.864  59.793 0.0000000000
106185  -46.374  -5.415  59.660 0.0000000000
107151  -46.849  -4.459  59.634 0.0000000000
108110  -44.518  -3.652  60.160 0.0000000000
107141  -44.854  -4.599  60.072 0.0000000000
110077  -45.389  -2.327  58.662 0.0000000000
109069  -45.981  -2.571  58.743 0.0000000000
109070  -46.769  -2.751  58.524 0.0000000000
109078  -46.232  -2.493  58.178 0.0000000000
110095  -46.119  -2.135  57.321 0.0000000000
110103  -44.552  -0.923  55.404 0.0000000000
110113  -45.127  -1.240  54.614 0.0000000000
110122  -45.479  -1.112  53.757 0.0000000000
111073  -45.165  -0.638  53.933 0.0000000000
113830  -51.323  2.708  62.169 0.0000000000
114756  -50.720  3.011  61.608 0.0000000000
114776  -51.444  3.149  60.753 0.0000000000
114792  -51.062  3.544  59.826 0.0000000000
113805  -53.033  2.799  63.022 0.0000000000
113817  -53.252  2.785  62.276 0.0000000000
113854  -53.426  3.152  60.452 0.0000000000
114810  -53.306  3.778  59.164 0.0000000000
114809  -52.763  3.459  58.942 0.0000000000
115737  -52.895  4.707  57.370 0.0000000000
115724  -53.257  4.581  58.436 0.0000000000
117390  -52.491  6.302  57.318 0.0000000000
117404  -51.875  6.639  56.791 0.0000000000
117418  -51.938  7.062  55.834 0.0000000000
117417  -51.021  6.759  56.011 0.0000000000
117403  -50.955  6.379  56.992 0.0000000000
117402  -49.839  6.453  57.310 0.0000000000
116533  -50.404  5.816  61.863 0.0000000000
116542  -49.907  5.909  61.160 0.0000000000
118220  -48.075  7.119  60.424 0.0000000000
117374  -48.236  6.727  59.815 0.0000000000
117385  -47.262  6.942  58.988 0.0000000000
118235  -47.023  7.247  59.236 0.0000000000
119920  -46.961  8.813  60.412 0.0000000000
119070  -46.608  8.416  59.849 0.0000000000
107249  -50.508  -4.171  50.315 0.0000000000
107258  -49.398  -3.692  49.795 0.0000000000
109043  -39.592  -2.676  61.257 0.0000000000
111964  -39.090  0.593  60.388 0.0000000000
112920  -38.800  1.318  60.779 0.0000000000
111953  -37.041  0.483  63.257 0.0000000000
111955  -37.445  0.502  62.356 0.0000000000
113809  -39.672  2.711  62.260 0.0000000000
113826  -39.657  2.610  61.167 0.0000000000
114747  -41.104  3.455  61.066 0.0000000000
114726  -41.328  3.330  61.801 0.0000000000
114728  -42.741  3.261  62.633 0.0000000000
114751  -44.568  3.506  62.121 0.0000000000
114730  -44.741  3.349  62.698 0.0000000000
115656  -45.115  4.208  63.458 0.0000000000
114714  -45.896  3.620  63.118 0.0000000000
114715  -46.901  3.644  63.109 0.0000000000
115658  -47.054  4.304  63.432 0.0000000000
116516  -48.274  5.265  63.570 0.0000000000
115659  -48.028  4.379  63.408 0.0000000000
116517  -49.299  5.241  63.835 0.0000000000
103102  -53.927  -8.156  61.587 0.0000000000
103088  -52.332  -8.675  62.677 0.0000000000
102074  -52.720  -8.729  61.843 0.0000000000
102073  -52.205  -9.077  62.239 0.0000000000
102089  -50.823  -9.763  61.399 0.0000000000
102072  -51.002  -9.613  62.222 0.0000000000
104181  -49.659  -6.873  65.533 0.0000000000
105182  -50.269  -6.487  65.659 0.0000000000
105183  -50.965  -6.257  65.367 0.0000000000
105184  -51.685  -5.919  65.081 0.0000000000
104193  -50.879  -7.093  64.775 0.0000000000
104194  -51.858  -7.039  64.489 0.0000000000
103067  -50.397  -7.972  64.394 0.0000000000
102050  -49.264  -9.348  63.402 0.0000000000
102070  -48.782  -9.603  62.513 0.0000000000
102086  -47.169  -9.434  61.483 0.0000000000
102085  -46.004  -9.321  61.476 0.0000000000
102097  -45.108  -8.832  60.864 0.0000000000
102084  -44.913  -9.157  61.331 0.0000000000
101058  -45.411  -9.679  64.900 0.0000000000
102036  -45.644  -9.390  64.237 0.0000000000
102035  -44.932  -9.650  63.816 0.0000000000
102065  -43.367  -9.588  62.268 0.0000000000
102066  -44.302  -9.513  62.186 0.0000000000
103098  -43.398  -8.546  60.994 0.0000000000
103107  -43.064  -7.846  60.665 0.0000000000
103106  -42.571  -7.718  60.746 0.0000000000
100969  -45.959  -10.669  72.164 0.0000000000
99841  -40.312  -11.802  76.330 0.0000000000
99842  -41.044  -11.350  76.398 0.0000000000
100898  -41.588  -10.935  75.761 0.0000000000
99894  -39.724  -11.736  72.814 0.0000000000
99881  -39.650  -11.829  73.937 0.0000000000
99895  -40.552  -11.432  72.590 0.0000000000
99884  -42.059  -11.201  73.072 0.0000000000
99883  -41.243  -11.378  73.334 0.0000000000
100926  -42.697  -10.916  73.775 0.0000000000
100938  -43.550  -10.705  73.237 0.0000000000
99939  -43.838  -11.802  70.709 0.0000000000
99913  -44.094  -11.371  71.377 0.0000000000
99940  -44.648  -11.683  70.886 0.0000000000
99941  -45.366  -11.582  70.988 0.0000000000
98833  -45.243  -11.941  70.402 0.0000000000
98851  -45.321  -12.228  69.668 0.0000000000
98850  -44.517  -12.419  69.402 0.0000000000
98875  -42.652  -12.963  67.324 0.0000000000
98876  -43.430  -12.722  67.556 0.0000000000
98888  -43.233  -12.457  66.661 0.0000000000
98897  -42.723  -12.251  66.022 0.0000000000
103086  -39.530  -8.380  62.131 0.0000000000
104210  -39.463  -7.608  61.855 0.0000000000
106168  -39.187  -5.480  61.637 0.0000000000
105206  -38.950  -6.377  61.976 0.0000000000
106165  -38.381  -5.501  63.069 0.0000000000
103054  -38.761  -8.540  65.541 0.0000000000
104176  -38.828  -7.815  65.200 0.0000000000
106156  -38.865  -5.459  64.475 0.0000000000
107126  -38.525  -4.594  64.165 0.0000000000
107127  -39.099  -4.670  64.628 0.0000000000
98978  -54.921  -12.483  55.983 0.0000000000
102171  -54.997  -9.449  54.866 0.0000000000
101155  -55.299  -10.391  54.625 0.0000000000
101156  -55.445  -10.444  54.013 0.0000000000
103175  -55.191  -8.581  54.391 0.0000000000
104241  -48.282  -7.131  59.203 0.0000000000
103137  -48.668  -7.743  58.761 0.0000000000
106195  -49.425  -5.325  58.229 0.0000000000
105237  -49.360  -5.952  57.811 0.0000000000
108144  -49.514  -3.203  56.512 0.0000000000
108136  -49.756  -3.570  57.555 0.0000000000
108145  -50.633  -3.582  56.712 0.0000000000
108147  -52.124  -4.271  56.327 0.0000000000
108146  -51.588  -3.971  56.756 0.0000000000
106220  -52.005  -5.081  56.155 0.0000000000
106219  -51.463  -5.509  56.190 0.0000000000
106230  -52.353  -5.554  55.727 0.0000000000
105269  -52.861  -6.521  55.295 0.0000000000
106231  -53.323  -5.633  55.274 0.0000000000
107206  -54.388  -4.863  54.618 0.0000000000
106241  -54.090  -5.705  54.775 0.0000000000
106243  -55.225  -6.512  54.012 0.0000000000
105283  -55.363  -7.040  53.750 0.0000000000
105303  -55.141  -6.820  52.373 0.0000000000
106266  -55.286  -6.288  52.947 0.0000000000
107225  -54.591  -4.811  51.952 0.0000000000
108208  -54.150  -3.874  51.379 0.0000000000
110138  -51.632  -1.574  51.780 0.0000000000
109149  -52.139  -2.068  52.304 0.0000000000
110139  -52.315  -1.573  51.622 0.0000000000
110166  -53.112  -1.078  50.323 0.0000000000
110155  -53.242  -1.609  50.728 0.0000000000
110183  -53.252  -1.973  49.915 0.0000000000
108240  -53.160  -2.638  49.982 0.0000000000
108223  -52.130  -3.614  50.117 0.0000000000
109185  -52.268  -2.069  49.478 0.0000000000
110195  -51.523  -0.309  48.757 0.0000000000
110180  -51.106  -1.378  49.007 0.0000000000
109197  -49.862  -1.523  48.823 0.0000000000
110193  -49.617  -0.780  48.585 0.0000000000
110054  -40.433  -1.513  60.505 0.0000000000
111021  -40.353  -0.670  59.988 0.0000000000
112938  -41.188  1.282  58.422 0.0000000000
111038  -41.277  -0.178  58.711 0.0000000000
111982  -41.556  0.466  58.180 0.0000000000
111983  -41.985  -0.028  58.051 0.0000000000
111990  -41.795  0.894  57.782 0.0000000000
114802  -43.206  3.921  58.538 0.0000000000
114801  -42.143  3.197  58.313 0.0000000000
114816  -43.087  3.152  57.437 0.0000000000
113876  -43.366  2.255  56.339 0.0000000000
113868  -43.008  2.679  56.923 0.0000000000
112952  -42.871  1.325  56.477 0.0000000000
112953  -43.373  1.337  55.962 0.0000000000
112005  -43.555  0.597  55.714 0.0000000000
112960  -43.816  1.348  55.389 0.0000000000
113893  -45.178  2.372  54.200 0.0000000000
112969  -44.694  1.346  54.091 0.0000000000
112970  -45.131  1.594  53.611 0.0000000000
112976  -45.333  1.220  53.012 0.0000000000
113908  -45.558  1.689  52.803 0.0000000000
114774  -48.864  3.650  60.875 0.0000000000
114789  -47.738  4.177  59.954 0.0000000000
114790  -48.584  4.107  59.626 0.0000000000
114822  -49.604  4.201  57.648 0.0000000000
114805  -48.720  4.330  58.364 0.0000000000
114821  -48.796  4.382  57.380 0.0000000000
114820  -47.960  4.391  57.174 0.0000000000
114838  -48.647  4.373  56.595 0.0000000000
115756  -51.404  4.814  55.434 0.0000000000
115745  -50.397  4.303  56.407 0.0000000000
114863  -48.215  4.297  55.167 0.0000000000
115764  -47.377  4.077  54.152 0.0000000000
114889  -47.194  3.662  51.856 0.0000000000
114888  -46.740  3.178  52.277 0.0000000000
113917  -46.796  3.015  51.735 0.0000000000
113925  -46.618  2.057  51.245 0.0000000000
112999  -46.889  1.586  50.810 0.0000000000
113934  -49.090  3.025  49.411 0.0000000000
113010  -48.774  2.279  49.745 0.0000000000
113011  -49.804  2.257  49.535 0.0000000000
113935  -50.430  3.090  48.950 0.0000000000
116666  -49.990  5.669  49.444 0.0000000000
113956  -50.839  3.424  48.033 0.0000000000
114918  -51.081  4.186  48.140 0.0000000000
113945  -50.935  3.089  48.617 0.0000000000
113023  -50.770  2.361  48.418 0.0000000000
112080  -48.681  1.498  47.649 0.0000000000
112073  -49.473  0.974  48.000 0.0000000000
112072  -48.415  0.721  47.973 0.0000000000
112071  -47.450  0.829  48.047 0.0000000000
115822  -46.908  4.921  48.297 0.0000000000
115812  -46.290  4.946  48.757 0.0000000000
114895  -45.400  3.873  50.070 0.0000000000
114903  -45.798  3.873  49.393 0.0000000000
117458  -49.096  7.133  53.521 0.0000000000
117472  -46.913  6.886  52.800 0.0000000000
118324  -45.796  7.142  52.095 0.0000000000
118321  -42.646  7.535  51.961 0.0000000000
118322  -43.572  7.515  51.919 0.0000000000
118339  -43.907  7.452  51.063 0.0000000000
118338  -42.986  7.434  51.033 0.0000000000
117484  -43.244  6.592  50.517 0.0000000000
117483  -42.599  6.824  50.848 0.0000000000
116610  -41.789  5.446  52.701 0.0000000000
114878  -42.468  4.214  53.309 0.0000000000
115775  -41.908  4.854  53.331 0.0000000000
115774  -41.216  4.784  53.876 0.0000000000
116599  -39.898  5.672  53.943 0.0000000000
115773  -40.468  5.225  54.031 0.0000000000
116598  -39.197  5.961  54.276 0.0000000000
118301  -39.827  7.520  53.160 0.0000000000
118286  -39.524  7.669  54.005 0.0000000000
118284  -38.080  7.485  54.525 0.0000000000
117427  -37.936  6.651  54.662 0.0000000000
116590  -38.080  6.082  55.234 0.0000000000
121609  -44.429  11.801  57.776 0.0000000000
120796  -43.901  10.557  57.479 0.0000000000
121608  -43.797  11.469  57.814 0.0000000000
120787  -42.641  10.588  58.159 0.0000000000
119948  -41.419  9.408  58.408 0.0000000000
107138  -42.103  -4.549  60.451 0.0000000000
108107  -41.628  -3.621  60.525 0.0000000000
110055  -41.687  -1.938  60.272 0.0000000000
116507  -53.281  5.230  65.396 0.0000000000
117329  -53.406  6.213  65.397 0.0000000000
117327  -52.537  6.545  64.315 0.0000000000
118183  -52.621  7.190  64.443 0.0000000000
118196  -52.300  7.961  64.003 0.0000000000
104317  -54.489  -7.716  51.554 0.0000000000
110033  -38.747  -1.689  65.533 0.0000000000
101023  -48.502  -10.188  68.787 0.0000000000
101030  -47.530  -10.118  67.811 0.0000000000
101029  -46.895  -10.332  67.505 0.0000000000
101021  -47.023  -10.833  68.153 0.0000000000
99987  -46.533  -11.040  67.900 0.0000000000
99986  -45.649  -11.626  67.895 0.0000000000
101027  -37.181  -10.186  67.697 0.0000000000
102009  -36.799  -9.295  67.620 0.0000000000
102118  -50.095  -9.702  59.568 0.0000000000
102133  -49.931  -9.677  58.508 0.0000000000
102140  -49.437  -9.117  57.949 0.0000000000
110123  -46.174  -1.836  53.966 0.0000000000
109126  -47.100  -2.440  54.088 0.0000000000
110124  -47.040  -2.091  53.400 0.0000000000
110134  -47.641  -1.888  52.667 0.0000000000
110135  -48.653  -1.944  52.192 0.0000000000
110149  -47.923  -1.275  51.775 0.0000000000
111098  -48.152  -0.424  50.955 0.0000000000
111111  -48.289  0.249  50.535 0.0000000000
114770  -44.399  3.805  61.329 0.0000000000
115691  -45.098  4.171  60.583 0.0000000000
115708  -46.991  4.361  59.857 0.0000000000
117419  -52.509  6.503  55.627 0.0000000000
118264  -52.387  7.199  54.781 0.0000000000
117448  -52.395  7.019  53.569 0.0000000000
118313  -52.050  7.735  52.452 0.0000000000
118330  -51.712  7.902  51.870 0.0000000000
119123  -51.438  8.343  51.948 0.0000000000
119128  -50.590  8.364  51.568 0.0000000000
118345  -50.166  8.045  50.986 0.0000000000
118344  -49.240  7.797  51.009 0.0000000000
118327  -49.154  7.697  51.935 0.0000000000
118326  -48.022  7.511  52.040 0.0000000000
119081  -45.764  8.334  58.412 0.0000000000
119111  -44.682  8.450  56.981 0.0000000000
119109  -43.381  8.618  56.714 0.0000000000
104228  -45.731  -7.287  59.921 0.0000000000
104238  -46.071  -6.713  59.695 0.0000000000
105215  -45.749  -6.333  59.740 0.0000000000
106177  -45.903  -4.988  59.773 0.0000000000
109058  -44.149  -2.542  59.693 0.0000000000
109050  -44.483  -2.925  60.022 0.0000000000
110068  -44.380  -2.349  59.336 0.0000000000
110094  -45.271  -1.747  56.948 0.0000000000
114735  -49.464  3.487  62.910 0.0000000000
113828  -49.569  3.330  62.451 0.0000000000
113831  -52.296  2.488  61.888 0.0000000000
114759  -53.301  3.745  62.146 0.0000000000
114760  -53.434  3.435  61.967 0.0000000000
115696  -53.392  4.190  60.709 0.0000000000
116555  -53.258  5.199  58.591 0.0000000000
117376  -50.415  5.944  58.914 0.0000000000
117344  -49.856  6.857  62.326 0.0000000000
117355  -49.551  6.539  61.637 0.0000000000
118210  -49.132  7.025  61.735 0.0000000000
118209  -48.602  7.326  61.443 0.0000000000
118219  -47.611  7.713  60.657 0.0000000000
118218  -47.215  7.854  60.367 0.0000000000
119060  -47.430  8.492  60.876 0.0000000000
119921  -47.540  9.527  60.714 0.0000000000
106281  -51.103  -4.615  50.654 0.0000000000
108221  -50.655  -3.711  50.110 0.0000000000
110049  -38.459  -1.584  61.999 0.0000000000
111009  -37.972  -0.863  62.148 0.0000000000
111011  -37.718  -0.216  61.950 0.0000000000
113797  -37.896  2.098  63.653 0.0000000000
113807  -38.072  2.195  62.929 0.0000000000
113811  -41.227  3.195  62.218 0.0000000000
116513  -45.323  5.141  63.504 0.0000000000
116514  -46.287  5.182  63.545 0.0000000000
117337  -47.539  6.244  63.566 0.0000000000
103090  -53.768  -7.689  62.435 0.0000000000
103078  -52.147  -8.399  63.320 0.0000000000
104191  -49.040  -7.403  65.014 0.0000000000
103066  -49.381  -7.955  64.442 0.0000000000
101067  -44.447  -9.865  63.794 0.0000000000
101077  -43.458  -9.857  62.871 0.0000000000
100984  -40.094  -10.798  71.140 0.0000000000
99909  -40.524  -11.129  71.632 0.0000000000
99897  -42.271  -11.296  72.150 0.0000000000
100950  -42.874  -11.189  72.260 0.0000000000
98830  -43.165  -12.228  69.894 0.0000000000
98849  -43.864  -12.549  69.173 0.0000000000
98848  -43.028  -12.505  69.414 0.0000000000
98864  -42.589  -13.022  68.314 0.0000000000
97766  -41.984  -13.155  67.267 0.0000000000
102061  -39.220  -9.340  63.056 0.0000000000
104201  -38.486  -7.373  63.254 0.0000000000
105199  -38.457  -6.404  63.613 0.0000000000
100093  -54.462  -11.438  55.779 0.0000000000
102162  -54.421  -9.776  55.182 0.0000000000
102170  -54.316  -9.102  54.967 0.0000000000
106187  -48.241  -5.371  59.336 0.0000000000
107160  -49.970  -4.623  58.030 0.0000000000
108170  -50.241  -3.227  54.991 0.0000000000
108156  -50.521  -3.265  55.805 0.0000000000
108158  -52.710  -3.939  55.877 0.0000000000
108159  -53.376  -4.321  55.424 0.0000000000
107207  -54.890  -4.825  53.980 0.0000000000
107215  -54.830  -4.772  53.018 0.0000000000
108196  -53.881  -3.080  52.113 0.0000000000
111101  -51.671  -0.505  50.827 0.0000000000
110153  -52.063  -0.980  51.176 0.0000000000
111102  -52.205  -0.537  50.705 0.0000000000
111127  -52.980  -0.501  49.917 0.0000000000
111140  -51.206  0.289  48.520 0.0000000000
111972  -39.688  0.619  59.808 0.0000000000
111029  -40.112  -0.103  59.705 0.0000000000
111973  -40.328  0.554  59.295 0.0000000000
112931  -40.645  1.339  58.891 0.0000000000
113860  -41.595  2.236  58.287 0.0000000000
114817  -44.263  3.975  57.668 0.0000000000
114834  -43.981  3.328  56.363 0.0000000000
114847  -44.290  2.948  55.670 0.0000000000
113885  -44.250  2.325  55.209 0.0000000000
113886  -44.891  2.781  54.823 0.0000000000
114860  -45.267  2.946  54.699 0.0000000000
113894  -45.771  2.852  53.961 0.0000000000
115779  -50.435  5.239  53.890 0.0000000000
115778  -49.607  4.884  53.733 0.0000000000
115777  -48.487  4.512  53.708 0.0000000000
115776  -47.571  4.139  53.642 0.0000000000
114896  -47.729  3.830  50.647 0.0000000000
114897  -48.359  4.368  50.033 0.0000000000
117521  -50.206  6.226  48.749 0.0000000000
116678  -50.637  5.460  48.222 0.0000000000
116685  -50.559  5.397  47.878 0.0000000000
114929  -50.711  4.294  47.632 0.0000000000
113955  -50.273  3.409  47.562 0.0000000000
113032  -49.972  2.506  47.617 0.0000000000
113954  -49.343  3.218  47.379 0.0000000000
113031  -48.942  2.321  47.401 0.0000000000
113030  -48.033  2.113  47.564 0.0000000000
113021  -47.546  1.643  47.867 0.0000000000
113029  -47.402  2.230  47.798 0.0000000000
113943  -47.001  2.804  47.961 0.0000000000
117509  -46.133  6.519  49.075 0.0000000000
116664  -45.680  5.860  49.053 0.0000000000
115802  -45.311  4.914  49.782 0.0000000000
117431  -48.978  6.514  55.428 0.0000000000
117444  -47.967  6.611  54.596 0.0000000000
117455  -46.037  6.758  53.932 0.0000000000
118290  -43.073  7.409  53.940 0.0000000000
117482  -41.917  6.895  51.469 0.0000000000
116621  -40.620  6.197  52.693 0.0000000000
117454  -40.110  6.584  52.759 0.0000000000
117453  -39.453  6.828  53.104 0.0000000000
118271  -39.213  7.845  54.878 0.0000000000
117426  -37.206  6.801  55.060 0.0000000000
118269  -37.534  7.633  55.068 0.0000000000
119114  -37.229  8.040  55.619 0.0000000000
106174  -43.508  -5.464  60.239 0.0000000000
108109  -43.479  -3.649  60.304 0.0000000000
109057  -43.459  -2.352  59.774 0.0000000000
114721  -52.205  3.140  64.021 0.0000000000
114706  -52.539  3.677  64.701 0.0000000000
114722  -52.882  3.382  63.866 0.0000000000
115670  -53.152  3.869  63.488 0.0000000000
114737  -53.270  3.749  62.576 0.0000000000
115694  -51.917  4.938  61.147 0.0000000000
116534  -51.326  5.212  61.479 0.0000000000
116523  -50.742  5.844  62.411 0.0000000000
117345  -50.527  6.340  62.620 0.0000000000
117340  -51.272  6.559  63.414 0.0000000000
118200  -50.275  7.430  62.726 0.0000000000
119039  -50.739  8.522  62.836 0.0000000000
119889  -50.010  9.094  62.393 0.0000000000
109033  -37.585  -1.853  64.250 0.0000000000
110044  -37.245  -1.377  64.092 0.0000000000
111005  -36.732  -0.220  64.455 0.0000000000
111951  -36.753  0.467  64.299 0.0000000000
110998  -36.862  -0.087  65.308 0.0000000000
111948  -36.819  0.725  64.800 0.0000000000
112898  -37.250  1.344  63.885 0.0000000000
103057  -47.664  -8.181  66.041 0.0000000000
103063  -47.083  -8.481  65.477 0.0000000000
102029  -46.539  -8.987  65.633 0.0000000000
101047  -45.511  -9.935  65.521 0.0000000000
101038  -45.952  -10.267  66.594 0.0000000000
100017  -43.808  -10.985  65.119 0.0000000000
100016  -43.073  -11.295  64.948 0.0000000000
98798  -38.453  -12.225  73.141 0.0000000000
98813  -38.526  -11.883  72.191 0.0000000000
99907  -39.072  -11.430  71.895 0.0000000000
100963  -38.719  -10.797  71.235 0.0000000000
100964  -39.402  -10.941  71.458 0.0000000000
99935  -39.706  -10.912  70.427 0.0000000000
102033  -38.875  -9.590  64.822 0.0000000000
109081  -48.285  -2.889  57.028 0.0000000000
109089  -48.493  -2.915  56.227 0.0000000000
109090  -49.105  -2.969  55.764 0.0000000000
109111  -47.778  -2.645  54.671 0.0000000000
108169  -49.705  -3.105  55.029 0.0000000000
109114  -50.624  -2.971  54.182 0.0000000000
109131  -51.881  -2.499  53.142 0.0000000000
110151  -50.123  -1.147  51.237 0.0000000000
111114  -51.254  -0.021  50.571 0.0000000000
114767  -41.695  3.692  60.297 0.0000000000
114786  -41.401  3.200  59.237 0.0000000000
114787  -42.445  3.887  59.392 0.0000000000
115718  -43.770  4.224  58.886 0.0000000000
115706  -44.825  4.381  59.622 0.0000000000
115719  -44.444  4.329  58.683 0.0000000000
115731  -44.992  4.413  58.014 0.0000000000
115743  -46.441  4.375  56.999 0.0000000000
115736  -51.965  4.227  57.192 0.0000000000
115735  -51.386  4.072  57.203 0.0000000000
115768  -51.338  5.180  54.662 0.0000000000
116593  -52.389  5.893  54.871 0.0000000000
116600  -50.997  5.348  54.177 0.0000000000
116612  -50.878  5.733  53.397 0.0000000000
116640  -50.164  6.277  51.351 0.0000000000
117485  -50.527  6.640  50.899 0.0000000000
117497  -50.458  6.752  50.223 0.0000000000
117487  -51.204  7.596  51.147 0.0000000000
117498  -50.713  7.302  50.430 0.0000000000
117513  -50.357  6.819  49.614 0.0000000000
118381  -50.083  6.900  48.988 0.0000000000
117520  -49.501  6.439  48.444 0.0000000000
116677  -48.861  6.008  47.873 0.0000000000
115823  -47.558  4.906  47.872 0.0000000000
117518  -47.710  6.274  48.303 0.0000000000
117510  -47.085  6.477  48.801 0.0000000000
118358  -48.371  7.545  50.139 0.0000000000
118371  -45.876  7.034  49.534 0.0000000000
118355  -45.228  7.393  49.992 0.0000000000
118302  -40.638  7.618  53.123 0.0000000000
118288  -41.216  7.612  53.898 0.0000000000
118273  -41.020  7.659  54.858 0.0000000000
118259  -41.804  7.760  55.831 0.0000000000
118258  -40.872  7.746  55.999 0.0000000000
118246  -40.353  7.851  56.646 0.0000000000
103112  -48.057  -8.660  60.019 0.0000000000
103124  -47.656  -7.954  59.756 0.0000000000
105223  -47.848  -6.275  59.432 0.0000000000
104239  -46.545  -6.946  59.618 0.0000000000
105222  -46.983  -6.266  59.540 0.0000000000
107152  -47.845  -4.541  59.445 0.0000000000
108127  -47.793  -3.289  58.776 0.0000000000
107142  -45.589  -4.473  59.919 0.0000000000
109059  -44.930  -2.674  59.613 0.0000000000
108119  -45.460  -3.524  59.954 0.0000000000
108120  -46.436  -3.567  59.619 0.0000000000
109061  -46.680  -3.000  59.162 0.0000000000
109062  -47.312  -3.055  58.868 0.0000000000
109071  -47.586  -2.997  58.252 0.0000000000
109080  -47.571  -2.685  57.390 0.0000000000
109087  -46.846  -2.324  56.897 0.0000000000
109098  -46.834  -2.345  55.931 0.0000000000
110132  -45.839  -1.145  53.219 0.0000000000
111089  -45.960  -0.594  52.615 0.0000000000
114754  -47.766  3.314  61.842 0.0000000000
114808  -51.809  3.582  58.852 0.0000000000
113816  -52.716  2.533  62.513 0.0000000000
113842  -52.706  2.498  61.307 0.0000000000
113833  -53.449  2.866  61.438 0.0000000000
113843  -53.148  2.629  60.934 0.0000000000
114777  -52.525  2.772  60.739 0.0000000000
114825  -52.442  3.802  57.994 0.0000000000
116575  -52.985  5.769  56.855 0.0000000000
116574  -52.988  6.059  57.350 0.0000000000
117406  -52.705  6.223  56.292 0.0000000000
117434  -51.727  7.422  55.025 0.0000000000
118278  -51.375  7.542  54.523 0.0000000000
118293  -50.424  7.585  53.728 0.0000000000
117432  -50.052  6.854  55.228 0.0000000000
117414  -47.688  6.491  56.766 0.0000000000
117375  -49.541  6.157  59.486 0.0000000000
117365  -49.271  6.241  60.570 0.0000000000
117399  -46.380  7.075  58.154 0.0000000000
118248  -46.162  7.442  58.364 0.0000000000
118226  -46.998  7.786  60.034 0.0000000000
118234  -46.423  7.615  58.969 0.0000000000
118233  -45.937  7.860  58.461 0.0000000000
119950  -45.633  9.316  58.383 0.0000000000
120789  -45.809  10.203  58.362 0.0000000000
108104  -39.893  -3.601  61.034 0.0000000000
109044  -40.280  -2.688  60.836 0.0000000000
110053  -39.698  -1.059  60.774 0.0000000000
111013  -39.255  -0.739  60.929 0.0000000000
113841  -40.455  2.781  59.940 0.0000000000
111956  -37.931  0.521  61.620 0.0000000000
112901  -38.042  1.821  62.353 0.0000000000
112909  -38.372  1.589  61.555 0.0000000000
112910  -38.960  2.013  61.019 0.0000000000
113840  -39.936  2.552  60.359 0.0000000000
114766  -40.952  3.259  60.141 0.0000000000
114769  -43.529  3.876  61.090 0.0000000000
114749  -42.726  3.569  61.718 0.0000000000
114712  -43.955  3.539  63.160 0.0000000000
115655  -44.151  4.157  63.450 0.0000000000
114731  -45.715  3.411  62.648 0.0000000000
114717  -48.796  3.795  63.152 0.0000000000
114718  -49.669  3.747  63.305 0.0000000000
115661  -50.061  4.300  63.811 0.0000000000
115647  -50.642  4.554  64.348 0.0000000000
116503  -49.811  5.569  64.242 0.0000000000
103101  -53.130  -8.588  61.487 0.0000000000
102091  -52.644  -8.964  61.398 0.0000000000
102103  -51.631  -9.600  60.461 0.0000000000
103069  -52.315  -7.563  63.941 0.0000000000
103076  -49.859  -8.685  63.911 0.0000000000
102051  -50.436  -9.309  63.184 0.0000000000
102100  -48.076  -9.089  60.497 0.0000000000
103109  -45.043  -8.310  60.518 0.0000000000
102046  -44.563  -9.639  63.091 0.0000000000
103099  -44.329  -8.705  60.928 0.0000000000
103108  -43.963  -8.054  60.491 0.0000000000
105211  -42.178  -6.358  60.476 0.0000000000
105210  -41.302  -6.495  60.732 0.0000000000
99943  -46.861  -11.301  70.874 0.0000000000
99832  -42.940  -11.280  77.396 0.0000000000
100888  -42.827  -10.760  77.198 0.0000000000
100915  -43.392  -10.256  75.713 0.0000000000
98783  -38.895  -12.050  74.146 0.0000000000
99868  -40.226  -11.563  74.680 0.0000000000
99869  -41.050  -11.345  74.337 0.0000000000
99856  -41.548  -11.116  74.863 0.0000000000
100914  -42.296  -10.796  75.063 0.0000000000
100939  -44.474  -10.291  73.650 0.0000000000
100951  -43.465  -11.010  72.220 0.0000000000
100968  -45.036  -10.865  72.146 0.0000000000
99915  -45.602  -11.181  71.574 0.0000000000
99942  -46.081  -11.532  70.949 0.0000000000
99966  -46.382  -11.833  69.990 0.0000000000
99977  -45.943  -12.025  69.087 0.0000000000
99985  -44.861  -11.903  67.616 0.0000000000
98866  -44.421  -12.467  68.582 0.0000000000
98877  -44.307  -12.344  67.692 0.0000000000
99995  -43.838  -11.992  66.587 0.0000000000
101055  -42.814  -11.034  64.410 0.0000000000
97756  -41.029  -13.273  68.050 0.0000000000
97765  -41.307  -13.245  67.376 0.0000000000
97774  -41.558  -13.068  66.820 0.0000000000
98895  -41.020  -12.341  65.359 0.0000000000
98896  -41.964  -12.367  65.739 0.0000000000
100004  -41.796  -11.937  65.117 0.0000000000
100015  -42.235  -11.414  64.570 0.0000000000
106169  -39.920  -5.484  61.147 0.0000000000
107134  -39.508  -4.543  61.314 0.0000000000
108102  -38.562  -3.565  62.230 0.0000000000
106167  -38.692  -5.486  62.303 0.0000000000
108100  -38.140  -3.614  63.006 0.0000000000
109037  -37.896  -2.733  63.451 0.0000000000
104188  -38.570  -7.296  64.425 0.0000000000
108098  -38.202  -3.630  63.844 0.0000000000
109034  -38.019  -2.506  64.344 0.0000000000
109024  -38.613  -2.713  65.054 0.0000000000
108096  -39.310  -4.061  64.877 0.0000000000
108086  -39.148  -3.428  65.052 0.0000000000
109025  -39.427  -2.781  65.368 0.0000000000
98994  -55.035  -12.682  54.756 0.0000000000
100113  -55.312  -11.999  53.871 0.0000000000
100130  -55.283  -11.363  53.358 0.0000000000
102181  -55.319  -9.856  53.335 0.0000000000
103126  -48.751  -8.715  59.104 0.0000000000
103138  -48.786  -8.368  58.796 0.0000000000
103145  -49.016  -8.164  57.872 0.0000000000
105236  -48.990  -6.208  58.367 0.0000000000
104261  -48.893  -7.114  58.055 0.0000000000
103152  -49.396  -7.781  57.208 0.0000000000
108135  -48.867  -3.283  57.373 0.0000000000
107161  -50.405  -4.397  57.714 0.0000000000
105257  -51.416  -6.215  55.802 0.0000000000
104282  -52.428  -7.489  55.319 0.0000000000
104283  -53.346  -7.473  55.081 0.0000000000
104290  -54.169  -7.507  54.782 0.0000000000
105281  -54.508  -6.666  54.601 0.0000000000
104291  -54.872  -7.617  54.508 0.0000000000
104292  -55.404  -7.761  54.072 0.0000000000
104301  -55.437  -7.848  53.290 0.0000000000
103191  -55.287  -8.829  52.738 0.0000000000
103199  -55.080  -8.525  52.117 0.0000000000
104309  -54.962  -7.411  51.920 0.0000000000
105302  -54.737  -6.684  51.750 0.0000000000
106277  -54.552  -5.750  51.453 0.0000000000
106285  -54.081  -5.690  50.958 0.0000000000
107253  -53.846  -5.082  50.803 0.0000000000
107252  -53.292  -4.717  50.660 0.0000000000
109133  -53.303  -2.676  52.394 0.0000000000
109151  -53.436  -2.464  51.614 0.0000000000
110154  -52.793  -1.245  51.032 0.0000000000
109159  -53.252  -1.862  51.240 0.0000000000
108224  -53.307  -3.430  50.449 0.0000000000
107251  -52.452  -4.395  50.490 0.0000000000
108222  -51.120  -3.630  50.180 0.0000000000
108237  -50.394  -3.292  49.796 0.0000000000
109184  -51.123  -2.068  49.375 0.0000000000
109183  -50.025  -2.303  49.207 0.0000000000
110065  -41.320  -1.195  59.816 0.0000000000
111030  -40.791  -0.396  59.380 0.0000000000
111032  -42.202  -0.959  58.732 0.0000000000
111040  -42.471  -0.593  58.048 0.0000000000
111048  -42.742  -0.162  57.248 0.0000000000
114800  -41.583  2.859  58.629 0.0000000000
113866  -41.868  1.815  57.749 0.0000000000
113867  -42.427  2.232  57.344 0.0000000000
112945  -42.005  1.345  57.543 0.0000000000
112946  -42.409  1.295  57.042 0.0000000000
111997  -42.653  0.570  56.831 0.0000000000
111056  -43.038  0.031  56.684 0.0000000000
111057  -43.557  -0.240  56.226 0.0000000000
111065  -43.836  0.023  55.538 0.0000000000
111066  -44.253  -0.213  55.031 0.0000000000
112961  -44.267  1.345  54.791 0.0000000000
112014  -44.383  0.537  54.491 0.0000000000
112021  -44.819  0.493  53.886 0.0000000000
112022  -45.211  0.442  53.300 0.0000000000
112029  -45.692  0.371  52.484 0.0000000000
115723  -48.255  4.406  58.981 0.0000000000
115722  -47.690  4.455  58.537 0.0000000000
115734  -47.747  4.406  57.751 0.0000000000
114819  -47.336  4.335  56.875 0.0000000000
114853  -49.947  4.271  56.378 0.0000000000
115754  -49.431  4.388  55.513 0.0000000000
114852  -49.314  4.346  56.042 0.0000000000
114851  -48.420  4.314  55.880 0.0000000000
114850  -47.466  4.198  55.679 0.0000000000
114872  -46.152  3.073  53.737 0.0000000000
114881  -47.075  3.657  52.905 0.0000000000
114880  -46.361  3.011  52.948 0.0000000000
113909  -45.812  2.169  52.628 0.0000000000
112991  -46.020  1.152  51.818 0.0000000000
112038  -46.451  0.383  51.581 0.0000000000
112046  -46.745  1.005  51.106 0.0000000000
112047  -47.462  0.624  50.717 0.0000000000
112048  -48.594  0.823  50.231 0.0000000000
113933  -47.990  2.866  49.893 0.0000000000
112059  -50.744  1.336  49.906 0.0000000000
113013  -51.801  1.870  49.281 0.0000000000
116652  -49.678  5.778  50.303 0.0000000000
115813  -49.738  5.060  49.363 0.0000000000
114907  -50.316  4.210  48.801 0.0000000000
115824  -50.833  4.940  48.395 0.0000000000
114917  -50.866  4.181  48.529 0.0000000000
113936  -51.480  2.517  49.034 0.0000000000
113014  -51.928  1.923  49.052 0.0000000000
112075  -51.593  1.341  48.768 0.0000000000
113022  -50.103  1.726  47.911 0.0000000000
111139  -50.130  0.127  48.409 0.0000000000
114916  -47.225  4.224  47.968 0.0000000000
114904  -46.143  4.208  48.900 0.0000000000
114914  -46.147  3.414  48.812 0.0000000000
117459  -49.794  7.445  53.433 0.0000000000
117457  -48.009  6.893  53.504 0.0000000000
117473  -47.629  7.151  52.622 0.0000000000
118354  -44.233  7.219  50.352 0.0000000000
118307  -45.309  7.068  52.986 0.0000000000
118306  -44.285  7.276  52.930 0.0000000000
116637  -43.271  5.857  50.891 0.0000000000
116624  -42.904  5.539  51.647 0.0000000000
115785  -43.059  4.853  52.287 0.0000000000
114879  -43.054  3.903  52.935 0.0000000000
114857  -40.719  4.350  54.789 0.0000000000
117441  -39.039  6.634  53.668 0.0000000000
117452  -38.891  7.101  53.606 0.0000000000
117411  -36.901  6.499  55.728 0.0000000000
119890  -50.842  9.521  62.269 0.0000000000
120768  -47.903  10.372  60.242 0.0000000000
120780  -46.838  10.287  59.349 0.0000000000
120798  -45.636  10.957  57.979 0.0000000000
121622  -46.199  11.767  58.020 0.0000000000
119960  -42.673  9.572  57.628 0.0000000000
120788  -43.324  10.897  57.815 0.0000000000
119959  -41.965  9.154  57.774 0.0000000000
119093  -40.203  8.177  57.383 0.0000000000
97757  -41.795  -13.300  67.909 0.0000000000
97758  -42.271  -13.166  67.705 0.0000000000
98831  -43.675  -12.284  69.918 0.0000000000
98852  -45.757  -12.077  70.072 0.0000000000
98878  -44.897  -12.146  68.085 0.0000000000
98886  -41.347  -12.770  66.210 0.0000000000
99853  -39.235  -11.927  75.457 0.0000000000
99893  -38.999  -11.847  72.667 0.0000000000
99898  -42.867  -11.261  71.858 0.0000000000
99916  -46.335  -11.060  71.509 0.0000000000
99965  -45.883  -12.091  69.693 0.0000000000
99984  -38.227  -11.623  67.195 0.0000000000
100114  -55.417  -11.175  53.998 0.0000000000
100913  -41.583  -11.008  75.306 0.0000000000
100965  -39.873  -10.901  71.391 0.0000000000
100966  -43.766  -11.155  71.729 0.0000000000
100967  -44.241  -10.970  71.914 0.0000000000
101006  -47.972  -10.900  69.750 0.0000000000
101078  -50.104  -9.843  61.974 0.0000000000
101079  -50.397  -9.789  62.062 0.0000000000
101084  -50.335  -9.810  61.782 0.0000000000
101085  -50.635  -9.782  61.869 0.0000000000
101168  -55.345  -10.738  53.494 0.0000000000
101180  -55.089  -10.771  52.875 0.0000000000
102002  -47.867  -9.901  67.945 0.0000000000
102010  -46.944  -9.718  67.046 0.0000000000
102053  -52.053  -8.838  62.813 0.0000000000
102172  -55.372  -9.573  54.185 0.0000000000
103048  -47.122  -9.123  66.606 0.0000000000
103068  -51.459  -7.872  64.231 0.0000000000
103080  -53.814  -7.274  62.882 0.0000000000
103173  -53.841  -8.398  54.963 0.0000000000
103190  -54.979  -9.146  52.143 0.0000000000
104182  -50.276  -6.741  65.197 0.0000000000
104202  -53.351  -6.843  63.652 0.0000000000
104211  -54.279  -7.272  62.607 0.0000000000
104215  -39.331  -7.018  61.789 0.0000000000
104220  -54.329  -7.692  62.072 0.0000000000
104254  -48.678  -6.992  58.644 0.0000000000
104262  -49.221  -7.217  57.476 0.0000000000
104310  -55.239  -7.783  52.430 0.0000000000
104318  -54.948  -8.048  51.870 0.0000000000
105192  -51.474  -6.485  64.848 0.0000000000
105248  -49.175  -6.572  57.786 0.0000000000
105267  -51.258  -6.812  55.708 0.0000000000
105315  -53.858  -6.057  50.964 0.0000000000
106147  -51.482  -5.803  65.432 0.0000000000
106184  -45.971  -5.869  59.692 0.0000000000
106206  -50.387  -5.084  57.319 0.0000000000
106229  -51.778  -5.922  55.758 0.0000000000
106242  -54.902  -5.887  54.220 0.0000000000
106254  -55.294  -6.355  53.598 0.0000000000
106284  -53.482  -5.663  50.909 0.0000000000
107150  -46.115  -4.117  59.833 0.0000000000
107169  -51.235  -4.411  56.852 0.0000000000
107180  -51.724  -4.656  56.470 0.0000000000
107181  -52.375  -4.688  56.099 0.0000000000
108118  -44.876  -3.139  60.045 0.0000000000
108130  -50.286  -4.191  57.953 0.0000000000
108174  -54.487  -4.330  54.371 0.0000000000
109101  -49.230  -2.938  55.105 0.0000000000
109170  -53.393  -2.400  50.172 0.0000000000
109186  -52.977  -2.184  49.758 0.0000000000
109187  -53.235  -2.298  49.929 0.0000000000
110085  -46.153  -2.350  57.820 0.0000000000
110164  -50.692  -0.542  50.886 0.0000000000
110165  -51.208  -0.500  50.887 0.0000000000
110167  -53.330  -1.747  50.246 0.0000000000
111000  -38.138  -1.029  65.672 0.0000000000
111002  -36.800  -0.245  64.960 0.0000000000
111039  -41.827  -0.380  58.450 0.0000000000
111049  -43.312  -0.475  56.968 0.0000000000
111072  -44.725  -0.294  54.322 0.0000000000
111081  -45.059  -0.089  53.723 0.0000000000
111090  -46.516  -0.622  52.095 0.0000000000
111103  -52.461  -0.771  50.812 0.0000000000
111944  -36.994  0.270  65.512 0.0000000000
111947  -36.753  0.335  65.008 0.0000000000
112037  -45.885  0.800  51.997 0.0000000000
112896  -37.082  1.235  64.808 0.0000000000
112983  -45.995  1.747  51.980 0.0000000000
113802  -51.224  3.128  63.420 0.0000000000
113803  -51.730  2.887  63.411 0.0000000000
113812  -49.461  3.427  62.669 0.0000000000
113813  -49.979  3.291  62.707 0.0000000000
113844  -53.436  3.032  60.727 0.0000000000
113852  -41.301  2.687  58.794 0.0000000000
113853  -53.317  2.942  60.420 0.0000000000
113861  -42.071  2.684  57.855 0.0000000000
113877  -43.924  2.764  55.844 0.0000000000
113900  -45.438  1.969  53.260 0.0000000000
113937  -51.883  2.218  49.080 0.0000000000
113946  -51.733  2.424  49.008 0.0000000000
114758  -52.383  2.573  61.343 0.0000000000
114778  -53.088  2.739  60.454 0.0000000000
114795  -53.403  3.475  60.216 0.0000000000
115681  -53.425  3.786  61.404 0.0000000000
115703  -42.907  4.139  59.411 0.0000000000
115704  -43.321  4.202  59.339 0.0000000000
115744  -46.942  4.325  56.938 0.0000000000
115763  -40.786  4.648  54.403 0.0000000000
115836  -50.796  4.969  47.675 0.0000000000
116506  -53.304  5.652  64.842 0.0000000000
116532  -49.926  6.052  61.568 0.0000000000
116592  -51.850  5.350  54.913 0.0000000000
116651  -45.204  5.617  49.445 0.0000000000
116676  -48.056  5.723  47.827 0.0000000000
116679  -50.926  5.341  47.918 0.0000000000
116684  -49.630  5.593  47.817 0.0000000000
116686  -50.935  5.179  47.794 0.0000000000
117354  -48.915  6.828  61.343 0.0000000000
117373  -47.648  6.968  59.509 0.0000000000
117398  -45.942  7.271  57.820 0.0000000000
117420  -52.649  6.260  56.051 0.0000000000
117447  -50.846  7.529  54.274 0.0000000000
117461  -52.170  7.215  52.745 0.0000000000
117474  -51.234  6.785  51.927 0.0000000000
117476  -51.970  7.528  52.270 0.0000000000
117494  -43.128  7.034  50.516 0.0000000000
117499  -50.964  7.641  50.698 0.0000000000
117514  -50.482  7.203  49.971 0.0000000000
117519  -48.456  6.423  48.244 0.0000000000
117526  -50.413  5.703  48.261 0.0000000000
118198  -48.947  7.410  61.831 0.0000000000
118227  -47.456  7.237  59.734 0.0000000000
118296  -52.192  7.648  53.142 0.0000000000
118312  -51.691  8.128  52.556 0.0000000000
118329  -50.793  8.463  52.034 0.0000000000
118331  -51.963  7.757  52.189 0.0000000000
118347  -51.195  8.102  51.072 0.0000000000
118362  -51.084  7.817  50.823 0.0000000000
118377  -50.513  7.368  50.171 0.0000000000
118382  -50.252  6.819  49.245 0.0000000000
119049  -47.945  8.021  61.307 0.0000000000
119122  -51.214  8.424  52.194 0.0000000000
119129  -51.038  8.541  51.651 0.0000000000
119130  -51.297  8.345  51.475 0.0000000000
119137  -50.743  8.348  51.236 0.0000000000
119138  -51.021  8.410  51.187 0.0000000000
119938  -47.272  10.162  59.940 0.0000000000
119968  -44.210  9.190  57.011 0.0000000000
121619  -44.393  11.232  57.657 0.0000000000
121621  -45.860  11.860  57.876 0.0000000000
