#!ascii label  , from subject tim vox2ras=TkReg
1632
67581  -37.920  -40.673  72.422 0.0000000000
84954  -50.342  -25.913  70.930 0.0000000000
73364  -46.520  -34.842  70.885 0.0000000000
44509  -10.490  -60.540  90.421 0.0000000000
66347  -33.645  -40.923  76.630 0.0000000000
46841  -25.666  -58.475  88.182 0.0000000000
52339  -31.057  -53.138  88.296 0.0000000000
60198  -34.741  -46.994  83.827 0.0000000000
63702  -36.410  -43.192  82.508 0.0000000000
50201  -18.027  -54.892  85.585 0.0000000000
49124  -22.079  -56.829  89.328 0.0000000000
51261  -22.113  -55.161  84.413 0.0000000000
53530  -27.731  -52.416  83.775 0.0000000000
58078  -30.532  -49.130  84.642 0.0000000000
67461  -40.252  -40.840  79.536 0.0000000000
66335  -44.738  -41.155  77.376 0.0000000000
80287  -48.266  -30.022  70.781 0.0000000000
70019  -42.607  -39.076  70.510 0.0000000000
80352  -49.568  -29.535  65.709 0.0000000000
41081  -7.898  -63.350  90.212 0.0000000000
71041  -36.332  -37.727  81.304 0.0000000000
68725  -34.501  -39.235  74.969 0.0000000000
49227  -25.720  -56.548  82.329 0.0000000000
49171  -30.274  -57.019  86.162 0.0000000000
71097  -47.895  -37.858  76.666 0.0000000000
85032  -57.557  -24.863  61.035 0.0000000000
60242  -31.841  -46.603  81.976 0.0000000000
61299  -33.400  -45.728  80.777 0.0000000000
51241  -19.876  -54.688  85.368 0.0000000000
59166  -28.660  -47.800  82.667 0.0000000000
60225  -29.708  -46.880  82.601 0.0000000000
59128  -32.801  -48.308  84.784 0.0000000000
67518  -38.731  -41.531  75.727 0.0000000000
66313  -42.373  -41.961  78.514 0.0000000000
66383  -40.845  -41.688  75.027 0.0000000000
83738  -47.999  -26.320  71.084 0.0000000000
80240  -51.855  -29.290  74.051 0.0000000000
83758  -53.388  -26.891  70.660 0.0000000000
43357  -9.975  -61.200  86.782 0.0000000000
42130  -9.322  -62.130  90.177 0.0000000000
66285  -34.970  -42.072  79.155 0.0000000000
67424  -36.594  -40.509  81.940 0.0000000000
67471  -35.403  -40.399  78.750 0.0000000000
68688  -36.448  -39.385  78.992 0.0000000000
69925  -33.471  -38.830  76.751 0.0000000000
48019  -24.112  -57.517  89.538 0.0000000000
47973  -24.411  -57.571  92.716 0.0000000000
48006  -26.132  -58.054  91.119 0.0000000000
46828  -28.383  -58.966  89.810 0.0000000000
50270  -24.175  -55.383  80.367 0.0000000000
52412  -25.796  -53.815  80.786 0.0000000000
52353  -29.193  -52.959  85.711 0.0000000000
51244  -28.778  -54.390  84.926 0.0000000000
51247  -31.074  -54.534  86.193 0.0000000000
48050  -32.486  -57.880  88.084 0.0000000000
49164  -13.817  -56.903  86.899 0.0000000000
49102  -15.396  -57.451  90.271 0.0000000000
46783  -15.161  -58.348  92.829 0.0000000000
71200  -44.526  -37.339  70.697 0.0000000000
71131  -44.466  -37.778  74.372 0.0000000000
73292  -45.708  -35.723  75.584 0.0000000000
86106  -58.899  -24.172  61.031 0.0000000000
43263  -9.378  -61.416  92.728 0.0000000000
60177  -36.476  -46.552  86.377 0.0000000000
62385  -37.597  -43.782  86.518 0.0000000000
61257  -35.785  -45.188  83.816 0.0000000000
63733  -34.801  -43.707  80.205 0.0000000000
49153  -17.587  -55.690  87.510 0.0000000000
49107  -19.732  -56.672  90.453 0.0000000000
50172  -19.981  -55.547  87.181 0.0000000000
50174  -21.878  -56.076  87.439 0.0000000000
49169  -23.734  -56.852  86.239 0.0000000000
54770  -26.202  -51.733  80.932 0.0000000000
57030  -27.222  -49.637  81.334 0.0000000000
55873  -28.797  -50.622  83.720 0.0000000000
55822  -30.660  -50.885  86.162 0.0000000000
56965  -32.408  -49.971  86.539 0.0000000000
58048  -35.409  -48.975  86.458 0.0000000000
50199  -16.292  -55.197  85.019 0.0000000000
68637  -41.147  -39.739  82.626 0.0000000000
68626  -46.523  -38.589  83.381 0.0000000000
67447  -43.815  -41.064  80.908 0.0000000000
65029  -46.068  -41.906  79.507 0.0000000000
76888  -48.033  -32.208  70.059 0.0000000000
75585  -47.135  -33.193  75.792 0.0000000000
77943  -49.112  -31.058  75.100 0.0000000000
35371  -3.388  -68.747  91.734 0.0000000000
67583  -40.296  -40.353  72.043 0.0000000000
71231  -41.536  -37.827  68.498 0.0000000000
76910  -44.442  -32.335  68.788 0.0000000000
80298  -44.218  -29.706  70.064 0.0000000000
82588  -45.142  -27.257  69.584 0.0000000000
82611  -47.279  -27.499  68.840 0.0000000000
81469  -50.017  -28.790  68.982 0.0000000000
80349  -46.518  -29.236  65.993 0.0000000000
42111  -7.450  -63.132  93.414 0.0000000000
40001  -5.755  -64.703  92.953 0.0000000000
37697  -4.337  -66.378  92.410 0.0000000000
69803  -40.450  -38.562  86.422 0.0000000000
66195  -38.429  -41.433  86.016 0.0000000000
69815  -37.692  -38.914  84.958 0.0000000000
69850  -39.997  -38.553  83.551 0.0000000000
68664  -38.219  -38.718  80.743 0.0000000000
67486  -37.762  -41.183  77.803 0.0000000000
67557  -35.544  -40.382  73.443 0.0000000000
49075  -21.832  -57.311  93.251 0.0000000000
49215  -23.621  -56.440  83.895 0.0000000000
46898  -25.966  -58.263  85.754 0.0000000000
51283  -27.160  -54.334  82.723 0.0000000000
48091  -27.734  -57.207  84.342 0.0000000000
46879  -28.130  -58.356  86.702 0.0000000000
46862  -29.976  -58.509  88.207 0.0000000000
45780  -11.302  -59.444  86.223 0.0000000000
46870  -12.227  -58.231  87.016 0.0000000000
45725  -11.690  -59.019  89.386 0.0000000000
67541  -43.282  -40.354  74.405 0.0000000000
68702  -45.735  -39.277  77.168 0.0000000000
66402  -45.455  -40.983  74.130 0.0000000000
73309  -48.027  -36.064  74.782 0.0000000000
81489  -52.862  -29.128  67.999 0.0000000000
81492  -55.591  -28.526  67.351 0.0000000000
82652  -57.241  -26.926  65.203 0.0000000000
82683  -55.591  -27.400  62.235 0.0000000000
85008  -58.583  -25.793  64.183 0.0000000000
61296  -30.438  -46.007  81.339 0.0000000000
61324  -31.864  -45.847  80.181 0.0000000000
61340  -30.191  -45.445  79.854 0.0000000000
61276  -29.112  -46.192  82.033 0.0000000000
61277  -30.001  -46.402  81.977 0.0000000000
61278  -30.875  -46.502  81.961 0.0000000000
67536  -38.188  -41.008  74.529 0.0000000000
66382  -40.117  -41.733  75.409 0.0000000000
67560  -38.725  -40.808  73.438 0.0000000000
83754  -48.730  -25.954  70.670 0.0000000000
83726  -49.982  -26.284  72.586 0.0000000000
84924  -50.490  -25.445  72.735 0.0000000000
84941  -51.666  -25.728  71.837 0.0000000000
83741  -51.943  -26.617  71.287 0.0000000000
44544  -10.431  -61.016  88.125 0.0000000000
43328  -9.986  -61.431  88.529 0.0000000000
44527  -9.982  -61.308  89.582 0.0000000000
66309  -34.741  -41.548  78.218 0.0000000000
67457  -35.233  -41.095  78.896 0.0000000000
67484  -34.610  -40.226  77.575 0.0000000000
68698  -34.695  -39.688  77.468 0.0000000000
68710  -33.514  -39.684  76.719 0.0000000000
47967  -17.235  -57.386  92.165 0.0000000000
48020  -24.931  -57.990  88.942 0.0000000000
48005  -25.051  -57.915  90.467 0.0000000000
46812  -26.163  -58.249  90.216 0.0000000000
46814  -27.553  -58.641  90.838 0.0000000000
46827  -27.644  -58.552  89.730 0.0000000000
52346  -30.180  -52.935  86.908 0.0000000000
51227  -30.021  -53.804  86.053 0.0000000000
51217  -30.998  -53.740  87.208 0.0000000000
51219  -32.429  -54.667  88.049 0.0000000000
49134  -16.470  -56.322  88.489 0.0000000000
49089  -16.586  -57.115  90.977 0.0000000000
47966  -16.409  -57.637  92.055 0.0000000000
69821  -43.463  -38.249  85.935 0.0000000000
72278  -45.490  -36.070  71.221 0.0000000000
72240  -45.136  -36.219  73.328 0.0000000000
74447  -45.993  -34.871  73.298 0.0000000000
60186  -36.010  -46.715  85.362 0.0000000000
61248  -35.993  -45.768  84.744 0.0000000000
60214  -35.133  -45.918  83.317 0.0000000000
61300  -34.067  -45.203  80.876 0.0000000000
62485  -33.313  -44.334  78.902 0.0000000000
63755  -33.967  -43.302  78.703 0.0000000000
50182  -17.630  -55.162  86.174 0.0000000000
50158  -18.392  -55.732  87.749 0.0000000000
50183  -18.626  -54.994  86.188 0.0000000000
51243  -21.327  -54.963  85.273 0.0000000000
50204  -21.202  -55.160  85.810 0.0000000000
50205  -21.996  -55.572  85.773 0.0000000000
49168  -23.243  -56.453  86.601 0.0000000000
50206  -22.851  -55.938  85.553 0.0000000000
57053  -26.779  -49.342  80.468 0.0000000000
58093  -29.762  -48.816  83.970 0.0000000000
57004  -29.120  -49.465  83.650 0.0000000000
57005  -29.585  -49.705  84.288 0.0000000000
55855  -29.693  -50.539  84.758 0.0000000000
56981  -30.666  -49.643  85.074 0.0000000000
55824  -31.443  -50.695  86.836 0.0000000000
58044  -31.430  -49.675  85.520 0.0000000000
59145  -33.568  -47.966  84.292 0.0000000000
58064  -33.372  -48.746  85.301 0.0000000000
58066  -35.421  -48.239  85.382 0.0000000000
59106  -36.237  -48.008  86.933 0.0000000000
67425  -40.780  -40.417  80.993 0.0000000000
67412  -43.042  -40.122  82.015 0.0000000000
67445  -42.161  -40.916  80.596 0.0000000000
66314  -43.566  -42.025  78.427 0.0000000000
65046  -43.879  -42.025  79.175 0.0000000000
65048  -45.095  -41.858  78.769 0.0000000000
66318  -47.500  -41.708  78.326 0.0000000000
66336  -45.861  -40.895  77.650 0.0000000000
77996  -48.379  -31.370  70.413 0.0000000000
76859  -48.666  -32.337  72.681 0.0000000000
77985  -49.705  -31.234  71.726 0.0000000000
80215  -52.331  -28.986  76.535 0.0000000000
78003  -43.888  -31.165  69.401 0.0000000000
80308  -42.492  -29.736  69.045 0.0000000000
82607  -43.576  -27.908  68.321 0.0000000000
82628  -45.021  -27.789  68.123 0.0000000000
82610  -46.257  -27.415  68.691 0.0000000000
81486  -46.025  -28.259  67.777 0.0000000000
80322  -46.684  -28.901  67.378 0.0000000000
41096  -8.027  -63.173  88.383 0.0000000000
41080  -7.094  -63.987  89.827 0.0000000000
44433  -8.918  -61.115  94.418 0.0000000000
42113  -8.554  -62.207  93.284 0.0000000000
43242  -7.653  -62.088  94.725 0.0000000000
41063  -6.138  -64.047  94.400 0.0000000000
39996  -5.556  -65.215  93.971 0.0000000000
38891  -4.944  -65.522  92.771 0.0000000000
37689  -4.943  -66.367  94.153 0.0000000000
36493  -4.351  -67.536  93.517 0.0000000000
63657  -37.155  -43.224  84.282 0.0000000000
63629  -38.064  -42.960  86.143 0.0000000000
64953  -37.453  -42.143  83.773 0.0000000000
69863  -36.399  -38.567  82.494 0.0000000000
68619  -36.899  -39.262  83.873 0.0000000000
71024  -36.784  -38.065  82.953 0.0000000000
71019  -38.784  -37.839  84.343 0.0000000000
71034  -38.151  -37.814  82.720 0.0000000000
68654  -39.103  -38.708  81.824 0.0000000000
69883  -37.652  -37.943  81.001 0.0000000000
68712  -35.243  -39.720  76.245 0.0000000000
67472  -37.041  -40.351  78.329 0.0000000000
67501  -35.786  -40.369  75.791 0.0000000000
67516  -36.394  -40.791  75.194 0.0000000000
67533  -35.228  -40.127  74.274 0.0000000000
49108  -20.776  -56.833  90.450 0.0000000000
49093  -20.224  -56.883  91.381 0.0000000000
49095  -21.956  -56.988  91.051 0.0000000000
49237  -25.052  -56.340  81.670 0.0000000000
49236  -24.325  -56.373  82.010 0.0000000000
49226  -24.887  -56.725  82.542 0.0000000000
48088  -25.036  -57.519  84.462 0.0000000000
48089  -25.888  -57.742  84.386 0.0000000000
54749  -26.962  -52.396  82.364 0.0000000000
52402  -26.639  -53.478  81.965 0.0000000000
52387  -27.230  -53.562  83.187 0.0000000000
49188  -30.444  -56.127  85.693 0.0000000000
49205  -28.306  -56.355  84.262 0.0000000000
48075  -29.368  -57.367  85.916 0.0000000000
48074  -28.595  -57.654  85.555 0.0000000000
48059  -29.566  -57.690  86.729 0.0000000000
46861  -29.172  -58.321  87.890 0.0000000000
48048  -30.410  -58.034  87.517 0.0000000000
55779  -33.008  -50.974  89.870 0.0000000000
48055  -13.356  -57.361  87.104 0.0000000000
48042  -12.919  -57.882  88.471 0.0000000000
46856  -12.392  -58.282  88.012 0.0000000000
46755  -14.665  -58.748  94.736 0.0000000000
68795  -41.742  -39.802  70.942 0.0000000000
68761  -42.012  -40.187  72.601 0.0000000000
68779  -43.088  -39.606  72.873 0.0000000000
71084  -45.726  -37.523  77.552 0.0000000000
69928  -44.804  -38.670  76.879 0.0000000000
69930  -46.864  -38.655  76.969 0.0000000000
67507  -47.212  -40.186  76.060 0.0000000000
68747  -46.552  -39.566  74.469 0.0000000000
75560  -49.374  -33.620  77.912 0.0000000000
73271  -49.234  -35.289  77.816 0.0000000000
74412  -49.232  -34.650  75.254 0.0000000000
80325  -49.762  -29.676  67.478 0.0000000000
80313  -51.300  -29.396  68.180 0.0000000000
80340  -51.311  -29.595  66.508 0.0000000000
80343  -54.352  -29.331  66.402 0.0000000000
80357  -54.746  -29.167  65.664 0.0000000000
81503  -56.547  -27.792  66.180 0.0000000000
81518  -56.069  -28.353  65.292 0.0000000000
85030  -55.879  -25.757  60.815 0.0000000000
83850  -54.929  -26.386  61.595 0.0000000000
83852  -56.808  -26.523  61.923 0.0000000000
83847  -57.307  -26.431  63.059 0.0000000000
86080  -58.121  -25.148  63.285 0.0000000000
86087  -58.633  -24.681  62.431 0.0000000000
85033  -59.168  -25.944  60.481 0.0000000000
60212  -33.045  -47.183  82.951 0.0000000000
60230  -34.201  -46.084  82.225 0.0000000000
60244  -33.163  -46.193  81.374 0.0000000000
51240  -18.802  -54.627  85.252 0.0000000000
60223  -28.100  -47.103  82.157 0.0000000000
60207  -29.151  -47.419  82.867 0.0000000000
59156  -30.420  -48.080  83.672 0.0000000000
59126  -31.311  -48.629  84.609 0.0000000000
60196  -31.050  -47.834  83.617 0.0000000000
60211  -32.080  -47.334  83.177 0.0000000000
66330  -39.238  -41.474  78.145 0.0000000000
66312  -41.225  -41.677  78.636 0.0000000000
66351  -40.606  -41.977  76.907 0.0000000000
66352  -41.692  -42.069  76.664 0.0000000000
66353  -42.763  -41.850  76.449 0.0000000000
81432  -47.490  -28.119  71.221 0.0000000000
79095  -50.249  -29.887  71.872 0.0000000000
81422  -50.310  -27.905  72.477 0.0000000000
81410  -51.744  -27.909  73.425 0.0000000000
83774  -54.646  -26.598  69.845 0.0000000000
42154  -9.131  -62.339  88.740 0.0000000000
41082  -8.405  -62.944  89.856 0.0000000000
64995  -36.029  -42.595  81.341 0.0000000000
66236  -37.014  -41.375  82.743 0.0000000000
66265  -36.255  -41.185  81.103 0.0000000000
67440  -36.026  -40.360  80.652 0.0000000000
69882  -35.670  -38.569  80.393 0.0000000000
69894  -36.260  -38.329  79.527 0.0000000000
68687  -35.614  -39.713  78.593 0.0000000000
69914  -34.665  -39.067  77.001 0.0000000000
69940  -34.054  -38.614  75.430 0.0000000000
49125  -22.849  -56.958  89.130 0.0000000000
48003  -22.766  -57.055  90.670 0.0000000000
48004  -23.809  -57.311  90.640 0.0000000000
47989  -25.328  -57.721  91.861 0.0000000000
46815  -28.212  -59.191  90.597 0.0000000000
50271  -24.890  -54.976  80.215 0.0000000000
49239  -26.246  -55.620  81.754 0.0000000000
53518  -28.140  -52.534  84.517 0.0000000000
52371  -28.001  -53.446  84.574 0.0000000000
52363  -29.265  -53.668  85.656 0.0000000000
50209  -30.422  -55.143  85.570 0.0000000000
49172  -31.435  -56.552  86.494 0.0000000000
48061  -31.429  -57.343  86.988 0.0000000000
49159  -32.663  -56.571  87.456 0.0000000000
49166  -15.255  -55.943  86.269 0.0000000000
49150  -14.555  -56.748  87.724 0.0000000000
48016  -14.071  -57.621  89.761 0.0000000000
47980  -14.290  -58.085  91.038 0.0000000000
47964  -15.270  -57.956  91.721 0.0000000000
71199  -43.972  -37.952  71.113 0.0000000000
71153  -43.916  -38.497  73.322 0.0000000000
71170  -44.384  -37.580  72.662 0.0000000000
72204  -45.097  -36.861  75.909 0.0000000000
72179  -46.382  -36.675  77.656 0.0000000000
81530  -48.964  -28.553  64.462 0.0000000000
80353  -50.602  -29.457  65.629 0.0000000000
81531  -50.228  -28.363  64.048 0.0000000000
86104  -57.029  -24.447  60.384 0.0000000000
87179  -58.317  -24.128  61.110 0.0000000000
87196  -57.358  -23.644  60.145 0.0000000000
87220  -58.166  -23.034  59.734 0.0000000000
45710  -10.865  -59.692  90.907 0.0000000000
44488  -9.946  -61.046  91.137 0.0000000000
62377  -37.532  -44.470  87.649 0.0000000000
61240  -36.741  -45.253  86.051 0.0000000000
62402  -36.393  -44.310  84.216 0.0000000000
62411  -35.973  -44.226  83.010 0.0000000000
61281  -34.598  -45.376  81.666 0.0000000000
62424  -35.465  -44.338  82.057 0.0000000000
63720  -35.556  -43.525  81.238 0.0000000000
65007  -35.157  -43.047  80.091 0.0000000000
66308  -34.157  -42.254  77.988 0.0000000000
49119  -17.173  -56.426  89.450 0.0000000000
49106  -18.730  -56.538  90.425 0.0000000000
49136  -18.768  -56.052  88.661 0.0000000000
49137  -19.790  -56.076  88.782 0.0000000000
49138  -20.748  -56.216  88.788 0.0000000000
50184  -19.685  -55.043  86.319 0.0000000000
50173  -20.923  -55.742  87.300 0.0000000000
49154  -22.042  -56.372  88.065 0.0000000000
49141  -23.214  -56.923  88.247 0.0000000000
49142  -23.741  -57.088  87.639 0.0000000000
48034  -24.888  -58.003  87.778 0.0000000000
54762  -26.908  -51.343  81.601 0.0000000000
54751  -27.702  -51.392  82.875 0.0000000000
57015  -27.988  -49.511  82.304 0.0000000000
55892  -28.101  -50.601  82.952 0.0000000000
54735  -28.146  -51.643  83.624 0.0000000000
54697  -29.199  -51.841  85.121 0.0000000000
53491  -29.762  -52.439  86.106 0.0000000000
53475  -30.418  -52.214  87.069 0.0000000000
53462  -31.013  -52.490  88.194 0.0000000000
54663  -30.993  -51.577  87.397 0.0000000000
55810  -31.806  -50.925  87.465 0.0000000000
56949  -33.677  -50.345  88.007 0.0000000000
58063  -32.394  -48.838  85.333 0.0000000000
56966  -33.327  -49.911  86.808 0.0000000000
56950  -34.722  -49.741  87.940 0.0000000000
58020  -35.738  -48.511  88.428 0.0000000000
50180  -15.829  -55.595  85.743 0.0000000000
68622  -41.809  -39.401  83.532 0.0000000000
68639  -43.602  -39.588  82.754 0.0000000000
67414  -45.225  -39.873  82.048 0.0000000000
67431  -46.799  -40.544  81.725 0.0000000000
66268  -43.509  -41.488  80.336 0.0000000000
66270  -45.520  -41.597  80.653 0.0000000000
75682  -47.287  -33.787  70.039 0.0000000000
75644  -46.871  -33.724  73.164 0.0000000000
75645  -47.623  -33.254  72.696 0.0000000000
76819  -48.011  -31.876  74.841 0.0000000000
76759  -49.813  -32.494  77.704 0.0000000000
79062  -50.502  -30.337  74.628 0.0000000000
79023  -50.361  -31.119  77.320 0.0000000000
67629  -37.379  -40.802  70.451 0.0000000000
67582  -39.070  -40.621  72.276 0.0000000000
67630  -38.450  -40.677  70.229 0.0000000000
67632  -40.389  -40.100  70.090 0.0000000000
68835  -41.322  -39.356  69.278 0.0000000000
70035  -42.712  -38.671  69.661 0.0000000000
71214  -43.622  -37.863  69.661 0.0000000000
72312  -44.143  -36.702  69.075 0.0000000000
73420  -44.903  -35.260  68.658 0.0000000000
75707  -45.414  -33.612  68.573 0.0000000000
76897  -45.625  -32.286  68.994 0.0000000000
77993  -45.834  -30.966  70.070 0.0000000000
80284  -45.500  -29.245  70.623 0.0000000000
81448  -43.210  -28.733  69.226 0.0000000000
81449  -44.110  -28.536  69.784 0.0000000000
81442  -46.169  -28.226  70.862 0.0000000000
83751  -46.091  -26.873  70.086 0.0000000000
83769  -47.232  -26.582  69.759 0.0000000000
82591  -48.534  -26.919  69.402 0.0000000000
82593  -50.381  -27.456  69.883 0.0000000000
81468  -49.014  -28.145  68.894 0.0000000000
80324  -48.689  -29.515  67.527 0.0000000000
80351  -48.530  -29.445  65.658 0.0000000000
81529  -48.048  -28.161  64.517 0.0000000000
43276  -9.495  -61.559  91.756 0.0000000000
42121  -8.683  -62.541  91.829 0.0000000000
41077  -7.740  -63.476  91.305 0.0000000000
41061  -6.336  -63.356  94.993 0.0000000000
41068  -7.002  -63.637  93.363 0.0000000000
41076  -7.160  -63.982  90.932 0.0000000000
40009  -5.825  -64.869  91.194 0.0000000000
38895  -4.667  -65.778  91.734 0.0000000000
37701  -4.171  -66.508  91.517 0.0000000000
37696  -3.961  -67.045  92.155 0.0000000000
69820  -42.240  -38.462  85.745 0.0000000000
67379  -38.970  -40.371  87.116 0.0000000000
67410  -37.215  -40.742  83.293 0.0000000000
67390  -38.039  -40.085  85.467 0.0000000000
69802  -39.518  -38.541  86.240 0.0000000000
69818  -40.074  -38.375  85.407 0.0000000000
69834  -40.697  -38.643  84.350 0.0000000000
68636  -39.932  -38.928  82.771 0.0000000000
68655  -40.157  -39.800  81.673 0.0000000000
68678  -39.120  -40.246  79.894 0.0000000000
68676  -37.178  -38.852  79.729 0.0000000000
68690  -38.184  -40.400  79.180 0.0000000000
67488  -38.863  -41.216  78.565 0.0000000000
67503  -37.789  -41.431  76.703 0.0000000000
67535  -36.993  -40.867  74.399 0.0000000000
67558  -36.447  -40.612  73.457 0.0000000000
68723  -31.858  -39.280  75.651 0.0000000000
69938  -32.587  -38.487  76.213 0.0000000000
71106  -33.170  -37.722  75.401 0.0000000000
69954  -33.215  -37.995  74.719 0.0000000000
68760  -33.959  -39.404  73.409 0.0000000000
67577  -34.086  -39.833  72.713 0.0000000000
67604  -35.147  -40.600  71.726 0.0000000000
67605  -36.109  -40.697  71.607 0.0000000000
49086  -22.863  -57.195  92.865 0.0000000000
51293  -22.057  -54.839  83.039 0.0000000000
50247  -23.245  -55.923  83.061 0.0000000000
50239  -23.016  -55.796  83.811 0.0000000000
49185  -23.961  -56.971  85.547 0.0000000000
48057  -25.052  -57.882  85.950 0.0000000000
46877  -26.216  -58.501  86.482 0.0000000000
53560  -25.935  -52.660  80.970 0.0000000000
51294  -26.585  -54.423  81.751 0.0000000000
49229  -27.031  -55.692  82.661 0.0000000000
51262  -27.677  -54.496  83.514 0.0000000000
50224  -27.835  -55.701  83.572 0.0000000000
48103  -26.986  -57.108  83.640 0.0000000000
48073  -27.333  -57.900  85.141 0.0000000000
46878  -27.111  -58.653  86.606 0.0000000000
46859  -27.376  -58.688  87.604 0.0000000000
46844  -28.403  -58.640  88.814 0.0000000000
46845  -29.226  -58.969  88.871 0.0000000000
45765  -10.915  -60.126  86.794 0.0000000000
45745  -10.905  -60.223  88.085 0.0000000000
48087  -12.566  -57.449  85.299 0.0000000000
48067  -12.005  -58.022  85.699 0.0000000000
46869  -11.691  -58.776  86.653 0.0000000000
45746  -11.444  -59.301  88.425 0.0000000000
45724  -11.031  -59.821  89.541 0.0000000000
45700  -11.599  -59.281  91.536 0.0000000000
46782  -14.182  -58.663  93.043 0.0000000000
67561  -39.970  -40.824  73.246 0.0000000000
66385  -42.463  -41.101  74.539 0.0000000000
66369  -43.503  -40.848  75.499 0.0000000000
69956  -44.047  -39.122  74.949 0.0000000000
68714  -44.239  -39.682  75.968 0.0000000000
67489  -45.128  -40.107  77.091 0.0000000000
67491  -46.928  -40.486  76.625 0.0000000000
74411  -46.430  -34.301  75.568 0.0000000000
73269  -47.096  -35.723  77.702 0.0000000000
72205  -48.098  -37.082  75.749 0.0000000000
82594  -51.307  -27.801  70.000 0.0000000000
81454  -52.651  -28.258  69.224 0.0000000000
82615  -54.756  -27.897  68.794 0.0000000000
80341  -52.406  -29.442  66.469 0.0000000000
81491  -54.597  -28.876  67.694 0.0000000000
82616  -56.062  -27.499  68.309 0.0000000000
82617  -56.863  -26.970  67.859 0.0000000000
83807  -57.881  -26.625  66.509 0.0000000000
81548  -55.268  -28.072  63.243 0.0000000000
82678  -56.785  -27.396  63.739 0.0000000000
83829  -57.943  -26.133  64.783 0.0000000000
86094  -59.215  -24.626  61.465 0.0000000000
61322  -29.932  -45.502  80.722 0.0000000000
61323  -30.847  -45.775  80.492 0.0000000000
61295  -29.528  -45.727  81.444 0.0000000000
67559  -37.519  -40.734  73.469 0.0000000000
84953  -49.721  -25.698  71.070 0.0000000000
84939  -49.819  -25.661  71.755 0.0000000000
84940  -50.614  -25.535  71.680 0.0000000000
84925  -51.373  -25.107  72.465 0.0000000000
83740  -51.079  -26.125  71.177 0.0000000000
44528  -10.360  -60.882  89.203 0.0000000000
66327  -34.578  -40.751  77.629 0.0000000000
67483  -34.092  -40.260  77.120 0.0000000000
67500  -33.590  -40.256  76.658 0.0000000000
49080  -17.902  -57.097  91.837 0.0000000000
46825  -25.863  -58.341  89.312 0.0000000000
46826  -26.812  -58.432  89.501 0.0000000000
46842  -26.616  -58.591  88.457 0.0000000000
52347  -30.705  -53.267  87.471 0.0000000000
52355  -30.328  -53.475  86.740 0.0000000000
51209  -31.246  -53.639  88.094 0.0000000000
47984  -16.743  -57.348  91.539 0.0000000000
73363  -46.092  -35.319  70.990 0.0000000000
73340  -45.804  -35.562  71.893 0.0000000000
74489  -46.149  -35.156  71.709 0.0000000000
59147  -35.134  -47.419  84.469 0.0000000000
60199  -35.301  -46.674  84.169 0.0000000000
62484  -32.655  -44.703  78.648 0.0000000000
62468  -33.480  -44.807  79.625 0.0000000000
50170  -18.049  -55.354  86.948 0.0000000000
51260  -21.543  -54.899  84.668 0.0000000000
50221  -21.670  -55.184  85.290 0.0000000000
50222  -22.246  -55.431  84.911 0.0000000000
56993  -30.099  -49.667  84.744 0.0000000000
58060  -30.792  -49.367  84.886 0.0000000000
58061  -31.048  -49.379  85.097 0.0000000000
59159  -33.991  -47.530  83.729 0.0000000000
58081  -34.299  -48.083  84.648 0.0000000000
59130  -34.956  -47.926  84.772 0.0000000000
59131  -35.539  -47.466  84.979 0.0000000000
50200  -17.268  -55.009  85.386 0.0000000000
67443  -40.495  -40.565  80.250 0.0000000000
67444  -41.244  -40.793  80.320 0.0000000000
67462  -40.764  -40.803  79.871 0.0000000000
66334  -43.713  -41.789  77.348 0.0000000000
66315  -44.532  -41.754  78.192 0.0000000000
66316  -45.575  -41.531  78.323 0.0000000000
79105  -48.394  -30.668  70.560 0.0000000000
79093  -48.991  -30.645  70.953 0.0000000000
79025  -52.072  -30.394  77.600 0.0000000000
79130  -42.794  -30.737  69.054 0.0000000000
81485  -44.820  -28.309  67.370 0.0000000000
81500  -45.495  -28.857  66.633 0.0000000000
41088  -8.230  -63.097  89.249 0.0000000000
41087  -7.665  -63.594  89.095 0.0000000000
43243  -8.172  -61.671  94.824 0.0000000000
43234  -7.421  -62.073  95.301 0.0000000000
38885  -5.403  -65.717  94.234 0.0000000000
36485  -5.223  -66.783  94.676 0.0000000000
63681  -36.577  -43.483  83.251 0.0000000000
64924  -37.369  -42.571  83.963 0.0000000000
64952  -37.121  -42.455  83.389 0.0000000000
69873  -35.956  -38.327  81.672 0.0000000000
71032  -36.563  -37.836  82.159 0.0000000000
71025  -37.449  -37.875  83.265 0.0000000000
71043  -37.783  -37.718  82.194 0.0000000000
69874  -37.764  -37.822  81.505 0.0000000000
71051  -36.777  -37.704  80.813 0.0000000000
68713  -35.917  -40.282  76.812 0.0000000000
68726  -35.116  -39.829  75.223 0.0000000000
67515  -35.668  -40.397  74.961 0.0000000000
68743  -34.770  -39.682  74.525 0.0000000000
49123  -21.218  -56.665  89.518 0.0000000000
49094  -21.409  -57.004  91.424 0.0000000000
49109  -21.869  -56.963  90.392 0.0000000000
49217  -25.557  -57.111  83.075 0.0000000000
48101  -25.466  -57.415  83.800 0.0000000000
48102  -26.199  -57.405  83.645 0.0000000000
53529  -27.277  -52.740  83.338 0.0000000000
53528  -26.984  -53.019  82.872 0.0000000000
49187  -29.517  -56.729  85.463 0.0000000000
49170  -29.709  -57.250  86.032 0.0000000000
48060  -30.779  -57.474  86.851 0.0000000000
55797  -33.595  -50.580  89.046 0.0000000000
46811  -13.252  -58.218  90.584 0.0000000000
68796  -42.367  -39.518  71.288 0.0000000000
68777  -41.865  -39.898  71.770 0.0000000000
69985  -43.083  -39.263  72.169 0.0000000000
71085  -46.783  -37.509  77.728 0.0000000000
69917  -46.288  -38.429  77.401 0.0000000000
69931  -47.355  -38.377  76.749 0.0000000000
68730  -47.371  -39.052  76.047 0.0000000000
69958  -47.073  -38.742  74.996 0.0000000000
74397  -50.170  -34.247  76.964 0.0000000000
73296  -49.676  -34.862  76.265 0.0000000000
80338  -49.121  -29.736  66.592 0.0000000000
80326  -50.844  -29.699  67.437 0.0000000000
80339  -50.207  -29.731  66.550 0.0000000000
81516  -54.289  -28.905  64.922 0.0000000000
81517  -55.224  -28.886  64.942 0.0000000000
81536  -54.762  -28.516  64.165 0.0000000000
85031  -56.814  -25.517  60.884 0.0000000000
83856  -56.392  -26.145  61.208 0.0000000000
85027  -57.504  -25.491  61.834 0.0000000000
85021  -57.678  -25.523  62.859 0.0000000000
86086  -58.081  -24.906  62.616 0.0000000000
86081  -58.559  -24.991  63.138 0.0000000000
60228  -32.376  -46.844  82.411 0.0000000000
60229  -33.372  -46.535  82.176 0.0000000000
60243  -32.490  -46.462  81.670 0.0000000000
61341  -31.116  -45.596  79.495 0.0000000000
60241  -28.261  -46.040  81.999 0.0000000000
60224  -28.713  -47.057  82.482 0.0000000000
60208  -29.525  -47.423  83.007 0.0000000000
60209  -30.429  -47.613  83.294 0.0000000000
60195  -30.754  -47.910  83.594 0.0000000000
60227  -31.449  -46.870  82.485 0.0000000000
66364  -39.056  -41.699  76.526 0.0000000000
66331  -40.358  -41.788  77.903 0.0000000000
66350  -39.591  -41.823  77.129 0.0000000000
66366  -40.816  -41.875  75.952 0.0000000000
66367  -41.809  -41.909  75.643 0.0000000000
82563  -47.744  -27.205  71.249 0.0000000000
81433  -48.561  -28.043  71.639 0.0000000000
82552  -49.050  -27.323  71.940 0.0000000000
82525  -51.793  -26.847  74.176 0.0000000000
81398  -52.639  -28.122  74.921 0.0000000000
83701  -52.185  -26.429  74.784 0.0000000000
83743  -54.206  -26.171  71.522 0.0000000000
83760  -55.291  -25.945  70.788 0.0000000000
83759  -53.987  -26.534  70.586 0.0000000000
43327  -9.588  -61.858  88.991 0.0000000000
43341  -9.532  -61.931  88.067 0.0000000000
42137  -8.743  -62.707  89.425 0.0000000000
42138  -9.231  -62.263  89.615 0.0000000000
65008  -35.569  -42.643  80.433 0.0000000000
66248  -36.289  -41.829  81.276 0.0000000000
66264  -35.917  -41.561  80.556 0.0000000000
67458  -35.654  -40.583  79.551 0.0000000000
68674  -35.758  -39.431  79.926 0.0000000000
68661  -35.882  -39.262  80.942 0.0000000000
69893  -35.781  -38.587  79.589 0.0000000000
69913  -34.122  -38.867  77.163 0.0000000000
69927  -34.816  -39.200  76.538 0.0000000000
69926  -34.241  -38.694  76.400 0.0000000000
48032  -23.504  -57.226  89.010 0.0000000000
48018  -23.266  -57.197  89.805 0.0000000000
47990  -26.234  -58.160  91.951 0.0000000000
51302  -25.544  -54.543  80.566 0.0000000000
50258  -25.152  -55.548  80.934 0.0000000000
50259  -26.088  -55.161  81.272 0.0000000000
52362  -28.553  -53.242  85.239 0.0000000000
51246  -30.490  -54.421  85.884 0.0000000000
50210  -30.954  -54.957  85.868 0.0000000000
49189  -30.991  -55.621  85.925 0.0000000000
50189  -31.569  -55.242  86.270 0.0000000000
49173  -32.203  -55.781  86.756 0.0000000000
50163  -32.854  -55.618  88.386 0.0000000000
49165  -14.490  -56.418  86.629 0.0000000000
49151  -15.586  -56.202  87.429 0.0000000000
49117  -15.348  -57.224  89.506 0.0000000000
48017  -14.842  -57.546  90.017 0.0000000000
48000  -15.119  -57.701  90.686 0.0000000000
47950  -16.670  -57.673  92.839 0.0000000000
47949  -15.873  -57.877  92.637 0.0000000000
71185  -44.040  -37.896  71.996 0.0000000000
71186  -44.451  -37.401  71.740 0.0000000000
73308  -45.609  -35.446  74.113 0.0000000000
72221  -45.099  -36.380  74.597 0.0000000000
73280  -45.740  -36.185  76.600 0.0000000000
73268  -46.460  -36.007  77.477 0.0000000000
82664  -49.612  -27.489  63.739 0.0000000000
87194  -55.359  -23.755  60.370 0.0000000000
87195  -56.425  -23.570  59.962 0.0000000000
44489  -10.424  -60.371  91.573 0.0000000000
44425  -9.415  -60.449  95.768 0.0000000000
60166  -36.670  -46.384  87.657 0.0000000000
61232  -36.964  -45.367  87.211 0.0000000000
61258  -36.129  -45.077  84.478 0.0000000000
61249  -36.420  -45.047  85.087 0.0000000000
62401  -36.082  -44.460  83.658 0.0000000000
61280  -33.830  -45.883  81.503 0.0000000000
62469  -34.129  -44.475  80.092 0.0000000000
62444  -34.695  -44.503  80.974 0.0000000000
62445  -35.169  -44.193  81.366 0.0000000000
63719  -35.095  -43.862  80.879 0.0000000000
63734  -35.263  -43.376  80.560 0.0000000000
65044  -33.909  -42.889  78.225 0.0000000000
49120  -18.210  -56.328  89.493 0.0000000000
49135  -17.618  -56.047  88.426 0.0000000000
50159  -19.376  -55.756  87.921 0.0000000000
50160  -20.343  -55.843  88.027 0.0000000000
51225  -19.319  -54.830  85.802 0.0000000000
50202  -19.911  -54.845  85.868 0.0000000000
50186  -21.516  -55.660  86.557 0.0000000000
50185  -20.608  -55.345  86.508 0.0000000000
50162  -21.686  -56.240  88.043 0.0000000000
49140  -22.407  -56.655  88.519 0.0000000000
49155  -22.604  -56.426  87.715 0.0000000000
49157  -23.790  -56.963  86.911 0.0000000000
48045  -24.255  -57.529  87.285 0.0000000000
55908  -26.992  -50.551  81.332 0.0000000000
55891  -27.517  -50.739  82.074 0.0000000000
59165  -28.057  -47.742  82.189 0.0000000000
58103  -28.069  -48.610  82.276 0.0000000000
57016  -28.548  -49.761  83.081 0.0000000000
54716  -28.828  -51.650  84.475 0.0000000000
55839  -30.387  -50.526  85.507 0.0000000000
54698  -29.720  -51.502  85.454 0.0000000000
54679  -30.320  -51.520  86.265 0.0000000000
54662  -30.566  -51.646  86.871 0.0000000000
53476  -30.707  -52.195  87.589 0.0000000000
54680  -30.707  -51.254  86.644 0.0000000000
56964  -31.671  -50.243  86.382 0.0000000000
56947  -32.096  -50.352  86.944 0.0000000000
55811  -32.684  -50.829  88.029 0.0000000000
56948  -32.643  -50.398  87.296 0.0000000000
59127  -31.945  -48.330  84.784 0.0000000000
58062  -31.636  -49.017  85.193 0.0000000000
58047  -33.995  -49.324  86.090 0.0000000000
56967  -34.417  -49.788  87.028 0.0000000000
56968  -35.044  -49.498  87.262 0.0000000000
56951  -35.481  -49.222  87.715 0.0000000000
59117  -36.353  -47.363  86.625 0.0000000000
59107  -36.429  -47.215  87.298 0.0000000000
49152  -16.763  -55.869  87.574 0.0000000000
68638  -42.442  -39.802  82.791 0.0000000000
68623  -43.021  -39.252  83.695 0.0000000000
67428  -43.529  -40.558  81.383 0.0000000000
67413  -44.109  -39.945  81.966 0.0000000000
67429  -44.582  -40.682  81.403 0.0000000000
67430  -45.720  -40.540  81.637 0.0000000000
66289  -42.052  -41.583  79.368 0.0000000000
66290  -43.313  -41.887  79.467 0.0000000000
65028  -45.200  -42.004  79.438 0.0000000000
65009  -45.031  -41.985  80.147 0.0000000000
65010  -45.810  -41.941  80.090 0.0000000000
66271  -46.429  -41.625  80.617 0.0000000000
66272  -47.335  -41.658  80.384 0.0000000000
65012  -47.026  -41.845  79.830 0.0000000000
75683  -47.879  -33.107  70.399 0.0000000000
75666  -47.858  -33.428  71.538 0.0000000000
75684  -48.267  -32.952  71.070 0.0000000000
77971  -48.932  -31.773  73.539 0.0000000000
76841  -48.262  -32.068  73.808 0.0000000000
77942  -48.575  -31.511  75.465 0.0000000000
76776  -48.633  -32.254  76.911 0.0000000000
77927  -49.061  -31.190  76.110 0.0000000000
79083  -50.816  -29.919  72.481 0.0000000000
79075  -50.696  -30.434  73.537 0.0000000000
79063  -51.240  -29.890  74.314 0.0000000000
79024  -50.986  -30.725  77.352 0.0000000000
36510  -3.339  -67.662  90.923 0.0000000000
36501  -3.250  -68.262  91.233 0.0000000000
68814  -40.140  -39.979  69.393 0.0000000000
68815  -40.915  -39.795  69.676 0.0000000000
68834  -40.627  -39.429  68.889 0.0000000000
70055  -41.348  -38.558  68.694 0.0000000000
71212  -41.947  -38.263  68.863 0.0000000000
71213  -42.426  -38.166  69.008 0.0000000000
71232  -42.635  -37.290  68.636 0.0000000000
72332  -43.633  -36.088  68.455 0.0000000000
72333  -44.367  -35.925  68.715 0.0000000000
73419  -43.990  -35.242  68.270 0.0000000000
75706  -44.836  -33.517  68.403 0.0000000000
76911  -45.300  -33.032  68.607 0.0000000000
75694  -46.067  -33.503  68.834 0.0000000000
79115  -43.787  -30.607  69.603 0.0000000000
78005  -45.439  -31.264  69.778 0.0000000000
79116  -44.609  -30.643  70.012 0.0000000000
79102  -45.798  -30.429  70.327 0.0000000000
79101  -44.970  -29.961  70.359 0.0000000000
82608  -44.330  -27.649  68.593 0.0000000000
82586  -43.698  -27.936  69.069 0.0000000000
82587  -44.477  -27.616  69.339 0.0000000000
81441  -45.188  -28.308  70.432 0.0000000000
82574  -45.569  -27.406  70.244 0.0000000000
83767  -45.682  -26.986  69.681 0.0000000000
81466  -46.804  -27.943  68.292 0.0000000000
82589  -46.953  -27.011  69.247 0.0000000000
82590  -47.707  -26.909  69.326 0.0000000000
83770  -48.115  -26.378  69.867 0.0000000000
82612  -48.187  -27.509  68.993 0.0000000000
82613  -48.787  -27.447  69.147 0.0000000000
81467  -47.783  -28.253  68.401 0.0000000000
80336  -47.057  -29.325  66.722 0.0000000000
80323  -47.655  -29.106  67.599 0.0000000000
80337  -48.053  -29.576  66.662 0.0000000000
40014  -6.443  -64.572  89.444 0.0000000000
44467  -9.846  -60.855  92.236 0.0000000000
42112  -8.001  -62.629  93.478 0.0000000000
42117  -8.596  -62.398  92.734 0.0000000000
42116  -8.209  -62.935  92.433 0.0000000000
42120  -8.251  -63.039  91.528 0.0000000000
41074  -7.826  -63.384  92.073 0.0000000000
42098  -6.709  -62.761  95.543 0.0000000000
39997  -5.839  -64.674  93.849 0.0000000000
41067  -6.278  -64.120  93.661 0.0000000000
41072  -6.479  -64.163  92.923 0.0000000000
41073  -7.071  -63.848  92.175 0.0000000000
40002  -6.244  -64.289  92.333 0.0000000000
40006  -6.413  -64.359  91.537 0.0000000000
40005  -5.749  -64.667  92.050 0.0000000000
38896  -5.217  -65.128  91.860 0.0000000000
37692  -4.202  -66.908  92.735 0.0000000000
35359  -4.844  -68.142  93.892 0.0000000000
69792  -41.866  -38.441  87.654 0.0000000000
69805  -42.674  -38.293  86.856 0.0000000000
69804  -41.514  -38.508  86.620 0.0000000000
62384  -37.161  -44.617  86.679 0.0000000000
64907  -38.154  -42.067  85.462 0.0000000000
64891  -38.389  -42.519  86.644 0.0000000000
64908  -38.386  -41.962  85.993 0.0000000000
66179  -38.744  -41.252  86.738 0.0000000000
66237  -37.298  -41.335  83.291 0.0000000000
69830  -37.344  -38.717  84.301 0.0000000000
68606  -37.443  -39.504  84.549 0.0000000000
68598  -37.793  -39.595  85.121 0.0000000000
68599  -38.136  -39.295  85.723 0.0000000000
69801  -38.746  -38.708  86.044 0.0000000000
69816  -38.153  -38.287  85.230 0.0000000000
69849  -39.288  -37.979  83.883 0.0000000000
69832  -39.153  -37.934  84.555 0.0000000000
69833  -39.737  -38.170  84.504 0.0000000000
69851  -40.492  -38.719  83.810 0.0000000000
68621  -40.746  -38.961  83.545 0.0000000000
68620  -40.225  -38.840  83.297 0.0000000000
68665  -39.192  -39.785  80.737 0.0000000000
69905  -36.261  -38.733  79.205 0.0000000000
68675  -36.476  -38.763  79.338 0.0000000000
67485  -36.778  -40.850  77.354 0.0000000000
67473  -37.864  -40.713  78.638 0.0000000000
67474  -38.558  -40.901  78.847 0.0000000000
66329  -38.358  -41.471  77.776 0.0000000000
66328  -38.053  -41.445  77.699 0.0000000000
67534  -36.015  -40.596  74.293 0.0000000000
67517  -37.446  -41.159  75.460 0.0000000000
69937  -31.479  -38.232  75.804 0.0000000000
71124  -32.457  -37.239  74.834 0.0000000000
69953  -32.681  -37.569  74.460 0.0000000000
68759  -33.475  -39.151  73.184 0.0000000000
68775  -33.741  -39.492  72.945 0.0000000000
67555  -34.411  -39.651  73.523 0.0000000000
67576  -33.616  -39.851  72.394 0.0000000000
49092  -19.189  -56.811  91.308 0.0000000000
49084  -21.610  -57.151  92.437 0.0000000000
47987  -23.235  -57.199  91.593 0.0000000000
47972  -23.440  -57.265  92.610 0.0000000000
49225  -24.010  -56.487  82.811 0.0000000000
50256  -23.485  -55.944  81.997 0.0000000000
49202  -23.525  -56.434  85.002 0.0000000000
49203  -24.215  -57.040  84.615 0.0000000000
48071  -25.482  -57.911  85.235 0.0000000000
48070  -24.626  -57.546  85.326 0.0000000000
46897  -25.501  -58.094  85.803 0.0000000000
46876  -25.510  -58.250  86.303 0.0000000000
53551  -26.351  -52.710  81.598 0.0000000000
51282  -26.868  -54.030  82.262 0.0000000000
51295  -26.918  -54.475  82.256 0.0000000000
50248  -26.521  -55.288  81.842 0.0000000000
50249  -26.949  -55.095  82.305 0.0000000000
51263  -28.021  -54.166  84.249 0.0000000000
50225  -28.317  -55.137  84.155 0.0000000000
49204  -27.728  -56.516  83.780 0.0000000000
48104  -27.412  -56.811  83.725 0.0000000000
48090  -26.776  -57.628  84.335 0.0000000000
46900  -27.623  -58.275  85.911 0.0000000000
46860  -28.275  -58.494  87.800 0.0000000000
46846  -30.228  -59.342  88.962 0.0000000000
49158  -31.986  -57.323  87.215 0.0000000000
48049  -31.416  -57.965  87.509 0.0000000000
46864  -31.697  -58.620  88.226 0.0000000000
54648  -31.311  -51.960  88.457 0.0000000000
45766  -11.371  -59.449  87.295 0.0000000000
49181  -13.522  -56.916  85.819 0.0000000000
48069  -13.355  -57.218  86.475 0.0000000000
48054  -12.846  -57.802  87.467 0.0000000000
48068  -12.687  -57.646  86.128 0.0000000000
46889  -12.009  -58.238  86.207 0.0000000000
46839  -11.935  -58.633  88.614 0.0000000000
46855  -11.828  -58.762  87.662 0.0000000000
45711  -11.617  -59.249  90.392 0.0000000000
46794  -14.918  -58.205  91.953 0.0000000000
46793  -14.333  -58.441  92.150 0.0000000000
67608  -39.309  -40.506  71.122 0.0000000000
67563  -42.146  -40.560  73.302 0.0000000000
67540  -42.714  -40.617  73.971 0.0000000000
67520  -43.059  -40.792  74.806 0.0000000000
69973  -44.104  -38.301  73.967 0.0000000000
69972  -43.721  -38.932  73.955 0.0000000000
69957  -44.255  -38.454  74.745 0.0000000000
68701  -45.077  -39.134  77.090 0.0000000000
68728  -44.278  -39.394  75.926 0.0000000000
68715  -44.570  -39.524  76.442 0.0000000000
67506  -44.548  -40.122  76.596 0.0000000000
67490  -46.173  -40.214  77.109 0.0000000000
66388  -46.585  -40.824  75.079 0.0000000000
66372  -47.231  -40.897  75.960 0.0000000000
66387  -45.815  -41.485  74.832 0.0000000000
75623  -46.663  -33.593  74.162 0.0000000000
74448  -46.361  -34.235  73.677 0.0000000000
75602  -46.607  -33.609  75.176 0.0000000000
73295  -48.916  -35.751  75.980 0.0000000000
73270  -48.299  -35.731  77.842 0.0000000000
73283  -49.007  -36.221  77.407 0.0000000000
72193  -48.550  -36.955  77.398 0.0000000000
73294  -48.258  -36.601  75.616 0.0000000000
81451  -49.802  -28.013  69.358 0.0000000000
81452  -50.697  -28.326  69.509 0.0000000000
81471  -52.147  -28.962  68.596 0.0000000000
82596  -53.697  -27.462  69.452 0.0000000000
82614  -54.002  -28.077  68.797 0.0000000000
80354  -51.740  -29.243  65.507 0.0000000000
80330  -54.812  -29.192  67.060 0.0000000000
80329  -54.013  -29.342  67.159 0.0000000000
81474  -55.115  -28.351  68.182 0.0000000000
82630  -56.196  -27.843  67.448 0.0000000000
82638  -57.294  -26.954  66.064 0.0000000000
83806  -57.405  -26.853  66.801 0.0000000000
82639  -57.784  -26.561  65.905 0.0000000000
83845  -55.075  -26.885  61.863 0.0000000000
82682  -54.889  -27.144  62.196 0.0000000000
82676  -54.658  -27.435  62.716 0.0000000000
81553  -55.482  -27.775  62.746 0.0000000000
81549  -56.212  -27.977  63.481 0.0000000000
82684  -56.600  -27.256  62.767 0.0000000000
85015  -57.867  -25.634  63.717 0.0000000000
83840  -57.593  -26.166  64.101 0.0000000000
85007  -58.245  -25.765  64.294 0.0000000000
83830  -58.436  -26.270  64.936 0.0000000000
83831  -58.924  -26.203  64.448 0.0000000000
87180  -58.569  -24.030  60.922 0.0000000000
86093  -58.722  -24.405  61.591 0.0000000000
61279  -31.405  -46.565  81.948 0.0000000000
61297  -31.531  -46.276  81.299 0.0000000000
61294  -28.589  -45.346  81.492 0.0000000000
60226  -30.574  -46.929  82.595 0.0000000000
66365  -39.759  -41.814  76.151 0.0000000000
67519  -39.552  -41.632  75.452 0.0000000000
67537  -39.623  -41.354  74.587 0.0000000000
83739  -48.829  -26.088  71.395 0.0000000000
84938  -49.349  -25.921  71.693 0.0000000000
84923  -49.699  -25.895  72.101 0.0000000000
86012  -51.921  -24.704  73.089 0.0000000000
84911  -53.255  -25.013  73.404 0.0000000000
84927  -53.779  -25.589  72.969 0.0000000000
84942  -52.505  -26.148  71.929 0.0000000000
82566  -52.331  -26.989  70.976 0.0000000000
44557  -10.475  -60.805  87.249 0.0000000000
43342  -9.983  -61.414  87.580 0.0000000000
43309  -9.921  -61.439  89.215 0.0000000000
43308  -9.669  -61.729  89.779 0.0000000000
66286  -35.447  -41.742  79.707 0.0000000000
67470  -34.982  -40.350  78.146 0.0000000000
68686  -35.065  -39.829  78.058 0.0000000000
68697  -33.887  -39.365  77.093 0.0000000000
47951  -17.474  -57.528  93.093 0.0000000000
48033  -24.095  -57.469  88.347 0.0000000000
48007  -26.822  -58.290  91.315 0.0000000000
46813  -26.895  -58.359  90.505 0.0000000000
52354  -29.734  -53.231  86.227 0.0000000000
51228  -30.679  -54.031  86.495 0.0000000000
51229  -31.535  -54.351  86.773 0.0000000000
50190  -32.102  -55.035  86.812 0.0000000000
51218  -31.707  -54.127  87.681 0.0000000000
49118  -16.218  -56.766  89.458 0.0000000000
49103  -16.007  -57.173  90.384 0.0000000000
48001  -15.627  -57.543  90.772 0.0000000000
47983  -16.101  -57.518  91.262 0.0000000000
72297  -45.081  -36.583  70.472 0.0000000000
72277  -44.947  -36.747  71.475 0.0000000000
72257  -45.279  -36.155  72.214 0.0000000000
73324  -45.671  -35.563  72.866 0.0000000000
60176  -36.234  -46.975  85.871 0.0000000000
60187  -36.345  -45.880  85.516 0.0000000000
61325  -32.888  -45.479  79.985 0.0000000000
61326  -33.634  -45.182  80.247 0.0000000000
62486  -33.807  -44.215  79.379 0.0000000000
63742  -34.273  -43.606  79.358 0.0000000000
63741  -33.762  -43.800  78.925 0.0000000000
50171  -19.006  -55.395  87.058 0.0000000000
51242  -20.829  -54.800  85.267 0.0000000000
50203  -20.366  -54.912  85.887 0.0000000000
50187  -22.508  -55.991  86.559 0.0000000000
49167  -22.862  -56.259  87.119 0.0000000000
50188  -23.027  -56.170  86.148 0.0000000000
49184  -23.377  -56.476  85.847 0.0000000000
59154  -29.211  -47.926  83.109 0.0000000000
58104  -28.620  -48.654  82.840 0.0000000000
58092  -29.187  -48.668  83.412 0.0000000000
55874  -29.275  -50.224  84.175 0.0000000000
55854  -29.212  -50.879  84.378 0.0000000000
55840  -30.778  -50.514  85.938 0.0000000000
55823  -31.077  -50.665  86.427 0.0000000000
56982  -30.897  -50.077  85.631 0.0000000000
56963  -31.238  -49.953  85.700 0.0000000000
59144  -32.402  -47.795  84.031 0.0000000000
58080  -33.821  -48.365  84.859 0.0000000000
58065  -34.502  -48.612  85.289 0.0000000000
59116  -36.058  -47.587  85.951 0.0000000000
50181  -16.731  -55.350  85.984 0.0000000000
50169  -17.151  -55.482  86.831 0.0000000000
68656  -41.132  -40.239  81.715 0.0000000000
67411  -41.996  -40.314  81.998 0.0000000000
67426  -41.648  -40.564  81.156 0.0000000000
67427  -42.571  -40.563  81.301 0.0000000000
67446  -43.040  -40.982  80.755 0.0000000000
66333  -42.617  -42.061  77.494 0.0000000000
65047  -44.430  -42.017  78.931 0.0000000000
66292  -45.681  -41.872  78.984 0.0000000000
66293  -46.362  -41.796  78.982 0.0000000000
66317  -46.609  -41.524  78.309 0.0000000000
66337  -46.774  -41.141  77.466 0.0000000000
76889  -48.585  -32.346  70.822 0.0000000000
77984  -49.040  -31.569  71.047 0.0000000000
76879  -49.410  -31.734  72.121 0.0000000000
77958  -49.424  -31.172  74.006 0.0000000000
80227  -51.745  -29.415  74.985 0.0000000000
79049  -51.004  -29.898  75.363 0.0000000000
80214  -51.624  -29.469  76.052 0.0000000000
83787  -57.836  -26.508  68.736 0.0000000000
72330  -41.804  -36.419  68.194 0.0000000000
78020  -42.531  -31.660  68.575 0.0000000000
78022  -44.115  -31.738  69.115 0.0000000000
79114  -43.121  -30.119  69.374 0.0000000000
80296  -43.018  -29.423  69.291 0.0000000000
82627  -44.159  -27.912  67.841 0.0000000000
82609  -45.202  -27.257  68.864 0.0000000000
82629  -45.625  -27.639  68.352 0.0000000000
81465  -46.356  -27.840  68.239 0.0000000000
81487  -47.080  -28.560  67.937 0.0000000000
80321  -46.201  -28.806  67.302 0.0000000000
80335  -46.198  -29.057  66.755 0.0000000000
40010  -6.470  -64.476  90.519 0.0000000000
44448  -9.092  -61.246  93.826 0.0000000000
43251  -8.621  -61.810  93.838 0.0000000000
43250  -7.968  -62.107  94.241 0.0000000000
42108  -7.528  -62.476  94.377 0.0000000000
41060  -6.075  -64.080  94.999 0.0000000000
39992  -5.883  -64.676  94.455 0.0000000000
40000  -5.405  -65.192  93.466 0.0000000000
38888  -5.049  -65.761  93.696 0.0000000000
37693  -4.498  -66.641  93.324 0.0000000000
36498  -4.359  -67.287  93.477 0.0000000000
36494  -4.649  -67.313  93.954 0.0000000000
62393  -37.061  -43.991  85.449 0.0000000000
62394  -37.603  -43.472  85.837 0.0000000000
63643  -37.654  -43.065  85.270 0.0000000000
64925  -37.645  -42.377  84.461 0.0000000000
68652  -36.259  -39.356  81.920 0.0000000000
67403  -36.896  -39.859  83.358 0.0000000000
68634  -36.578  -39.327  82.851 0.0000000000
69847  -36.688  -38.786  83.218 0.0000000000
69831  -37.722  -38.331  84.600 0.0000000000
71017  -37.575  -38.109  83.989 0.0000000000
71026  -38.075  -37.819  83.541 0.0000000000
71035  -38.517  -37.862  83.174 0.0000000000
69866  -39.654  -38.593  83.050 0.0000000000
69876  -38.858  -38.257  82.149 0.0000000000
68653  -38.463  -38.393  81.418 0.0000000000
68700  -36.103  -40.067  77.920 0.0000000000
67502  -36.629  -40.931  76.243 0.0000000000
49122  -20.245  -56.506  89.585 0.0000000000
47985  -21.872  -57.134  91.883 0.0000000000
50257  -24.251  -55.927  81.268 0.0000000000
49216  -24.661  -57.045  83.565 0.0000000000
54761  -26.764  -52.171  81.873 0.0000000000
53542  -26.824  -52.826  82.298 0.0000000000
52386  -26.957  -53.504  82.579 0.0000000000
50208  -29.690  -55.435  85.199 0.0000000000
50207  -28.964  -55.817  84.732 0.0000000000
49186  -28.782  -56.757  84.924 0.0000000000
48092  -28.407  -57.062  84.717 0.0000000000
48058  -28.766  -57.924  86.535 0.0000000000
46880  -28.796  -58.135  87.132 0.0000000000
48047  -29.797  -58.064  87.615 0.0000000000
49149  -13.841  -57.067  87.612 0.0000000000
48043  -13.490  -57.422  88.115 0.0000000000
46840  -12.474  -58.252  88.893 0.0000000000
46822  -12.147  -58.560  89.319 0.0000000000
46809  -12.205  -58.790  90.015 0.0000000000
46773  -15.713  -58.264  93.654 0.0000000000
46772  -14.932  -58.567  93.848 0.0000000000
68776  -41.091  -40.110  71.384 0.0000000000
67584  -41.280  -40.195  72.179 0.0000000000
68762  -42.758  -40.053  73.182 0.0000000000
71112  -44.847  -37.469  76.222 0.0000000000
71095  -44.714  -37.988  76.472 0.0000000000
69929  -44.943  -37.988  77.222 0.0000000000
69916  -45.330  -38.540  77.333 0.0000000000
68703  -46.456  -39.336  76.809 0.0000000000
68716  -47.069  -39.256  76.349 0.0000000000
67543  -46.780  -40.170  75.015 0.0000000000
67542  -46.096  -40.473  74.431 0.0000000000
75571  -48.165  -33.054  77.202 0.0000000000
75570  -47.439  -33.790  76.923 0.0000000000
75559  -48.331  -33.800  77.666 0.0000000000
73284  -49.632  -35.219  77.143 0.0000000000
73310  -48.537  -35.177  74.537 0.0000000000
80312  -50.385  -29.391  68.264 0.0000000000
81470  -51.046  -29.016  68.924 0.0000000000
80327  -52.004  -29.452  67.505 0.0000000000
80344  -55.207  -29.079  66.440 0.0000000000
81493  -56.238  -28.019  66.911 0.0000000000
81502  -55.903  -28.518  66.331 0.0000000000
81519  -56.783  -27.517  65.286 0.0000000000
86090  -54.789  -25.056  61.206 0.0000000000
85025  -55.180  -25.816  61.228 0.0000000000
83851  -55.735  -26.583  61.464 0.0000000000
82690  -56.338  -27.157  62.131 0.0000000000
83846  -56.947  -26.774  62.553 0.0000000000
83853  -57.377  -25.992  62.407 0.0000000000
85016  -58.419  -25.367  63.740 0.0000000000
85017  -58.889  -25.458  63.560 0.0000000000
87199  -58.974  -23.855  60.038 0.0000000000
86107  -59.118  -24.335  60.592 0.0000000000
85042  -59.175  -24.792  60.172 0.0000000000
60213  -34.334  -46.868  83.180 0.0000000000
61298  -32.581  -46.071  80.853 0.0000000000
51258  -19.539  -54.291  84.454 0.0000000000
51280  -21.325  -54.545  83.708 0.0000000000
59177  -27.134  -47.704  81.520 0.0000000000
59155  -29.955  -47.991  83.553 0.0000000000
59141  -30.415  -48.488  84.030 0.0000000000
58079  -30.856  -48.777  84.462 0.0000000000
59142  -30.854  -48.221  83.909 0.0000000000
59143  -31.502  -48.070  84.150 0.0000000000
60197  -31.613  -47.688  83.647 0.0000000000
60210  -31.175  -47.372  83.150 0.0000000000
59157  -32.688  -47.466  83.451 0.0000000000
59158  -33.331  -47.515  83.574 0.0000000000
66310  -39.553  -41.291  78.632 0.0000000000
66288  -41.011  -41.116  79.449 0.0000000000
66332  -41.482  -41.995  77.679 0.0000000000
80271  -47.945  -29.039  71.119 0.0000000000
80272  -48.992  -29.418  71.242 0.0000000000
81434  -49.354  -28.708  71.727 0.0000000000
80259  -50.029  -28.691  72.038 0.0000000000
80260  -50.823  -28.816  72.460 0.0000000000
82553  -49.722  -27.123  72.400 0.0000000000
81423  -51.194  -27.917  73.016 0.0000000000
80253  -51.759  -28.702  73.347 0.0000000000
80241  -52.230  -28.783  74.547 0.0000000000
81389  -52.823  -28.331  75.889 0.0000000000
84928  -54.891  -25.581  72.960 0.0000000000
42171  -8.969  -62.385  87.811 0.0000000000
42153  -8.603  -62.786  88.532 0.0000000000
64977  -36.337  -42.810  82.032 0.0000000000
64978  -36.709  -42.465  82.462 0.0000000000
64996  -36.441  -42.257  81.751 0.0000000000
66249  -36.585  -41.483  81.773 0.0000000000
67441  -36.365  -40.704  81.344 0.0000000000
68662  -36.285  -40.006  81.321 0.0000000000
69872  -35.755  -38.557  81.037 0.0000000000
71040  -35.732  -38.014  80.863 0.0000000000
71050  -36.125  -37.730  80.552 0.0000000000
71049  -35.679  -37.960  80.128 0.0000000000
69904  -36.000  -38.803  79.092 0.0000000000
68699  -35.253  -39.606  77.219 0.0000000000
68711  -34.635  -39.220  75.813 0.0000000000
49110  -22.563  -57.025  89.859 0.0000000000
47988  -24.256  -57.399  91.707 0.0000000000
47974  -25.442  -57.996  92.651 0.0000000000
46805  -27.482  -58.812  91.515 0.0000000000
49238  -25.826  -55.933  81.658 0.0000000000
53517  -27.645  -52.925  84.094 0.0000000000
51245  -29.770  -54.424  85.489 0.0000000000
50176  -32.526  -55.368  87.404 0.0000000000
49182  -14.421  -56.176  85.549 0.0000000000
48044  -14.110  -57.101  88.205 0.0000000000
47998  -13.859  -57.974  90.529 0.0000000000
47999  -14.502  -57.817  90.549 0.0000000000
47981  -14.857  -57.980  91.254 0.0000000000
47948  -15.380  -58.017  92.220 0.0000000000
47965  -15.756  -57.817  91.865 0.0000000000
46784  -15.706  -58.059  93.146 0.0000000000
70020  -43.369  -38.551  70.802 0.0000000000
70000  -43.010  -39.053  71.646 0.0000000000
70001  -43.617  -38.448  71.810 0.0000000000
71169  -43.939  -38.229  72.644 0.0000000000
71154  -44.278  -37.929  73.434 0.0000000000
72256  -44.753  -36.832  72.515 0.0000000000
72239  -44.697  -37.121  73.686 0.0000000000
72220  -44.744  -37.148  74.925 0.0000000000
72178  -45.876  -36.972  77.590 0.0000000000
71086  -47.703  -37.486  77.458 0.0000000000
80366  -49.881  -29.138  64.875 0.0000000000
80367  -50.889  -28.971  64.792 0.0000000000
86102  -55.176  -24.577  60.718 0.0000000000
86103  -55.967  -24.766  60.325 0.0000000000
86092  -58.099  -24.539  61.694 0.0000000000
86105  -57.785  -24.154  60.814 0.0000000000
87197  -58.112  -23.622  60.439 0.0000000000
88264  -56.734  -22.428  59.634 0.0000000000
87219  -57.549  -22.987  59.812 0.0000000000
87198  -58.679  -23.777  60.330 0.0000000000
62376  -37.188  -44.816  87.185 0.0000000000
63680  -36.251  -43.607  82.726 0.0000000000
61267  -35.371  -45.082  82.831 0.0000000000
61282  -35.076  -45.068  82.151 0.0000000000
63701  -35.988  -43.466  82.145 0.0000000000
65025  -35.219  -42.499  79.771 0.0000000000
65045  -34.441  -42.676  78.726 0.0000000000
66326  -34.105  -41.481  77.342 0.0000000000
49105  -17.747  -56.610  90.373 0.0000000000
49121  -19.245  -56.357  89.572 0.0000000000
50161  -21.207  -56.066  88.048 0.0000000000
49139  -21.626  -56.439  88.617 0.0000000000
49156  -23.259  -56.661  87.379 0.0000000000
55925  -26.722  -50.160  80.606 0.0000000000
54771  -26.629  -50.908  80.992 0.0000000000
54750  -27.180  -51.928  82.525 0.0000000000
54734  -27.556  -52.020  83.249 0.0000000000
58116  -27.585  -48.615  81.734 0.0000000000
53504  -28.860  -52.439  85.230 0.0000000000
54717  -29.355  -51.309  84.824 0.0000000000
53505  -29.341  -52.195  85.519 0.0000000000
53490  -29.281  -52.557  85.634 0.0000000000
52338  -30.641  -52.775  87.587 0.0000000000
54664  -31.497  -51.573  87.944 0.0000000000
55809  -31.300  -50.939  87.037 0.0000000000
54649  -31.861  -51.594  88.548 0.0000000000
55796  -32.629  -51.175  88.858 0.0000000000
55812  -33.146  -50.760  88.475 0.0000000000
56934  -33.903  -50.346  88.674 0.0000000000
58045  -32.032  -49.526  85.796 0.0000000000
58046  -32.879  -49.337  86.017 0.0000000000
56936  -35.151  -49.265  88.680 0.0000000000
58030  -35.932  -48.594  87.498 0.0000000000
59097  -36.235  -47.850  87.951 0.0000000000
49183  -15.105  -55.793  85.524 0.0000000000
50168  -16.221  -55.731  86.647 0.0000000000
68640  -44.728  -39.328  82.657 0.0000000000
68641  -45.872  -39.142  82.641 0.0000000000
67415  -46.360  -39.825  82.176 0.0000000000
66266  -41.822  -41.158  79.961 0.0000000000
66267  -42.635  -41.387  80.106 0.0000000000
66269  -44.463  -41.535  80.585 0.0000000000
66250  -45.271  -41.148  81.159 0.0000000000
66251  -46.140  -41.168  81.232 0.0000000000
66252  -47.139  -41.209  81.188 0.0000000000
66294  -47.343  -41.830  79.395 0.0000000000
74510  -46.912  -34.394  70.636 0.0000000000
74490  -46.621  -34.698  71.607 0.0000000000
74491  -47.226  -34.089  71.342 0.0000000000
75624  -47.202  -33.052  73.686 0.0000000000
76858  -48.074  -32.792  72.714 0.0000000000
76818  -47.592  -32.464  74.254 0.0000000000
76797  -47.525  -32.472  75.324 0.0000000000
76758  -48.894  -32.888  77.650 0.0000000000
75561  -50.204  -33.411  77.789 0.0000000000
77986  -50.228  -30.473  71.966 0.0000000000
77973  -50.232  -30.841  72.623 0.0000000000
79061  -49.777  -30.684  74.867 0.0000000000
79048  -50.238  -30.366  75.670 0.0000000000
79047  -49.572  -30.796  75.844 0.0000000000
77898  -49.866  -31.916  77.591 0.0000000000
37706  -3.494  -67.163  90.331 0.0000000000
67606  -37.137  -40.726  71.488 0.0000000000
67607  -38.218  -40.712  71.327 0.0000000000
67631  -39.539  -40.385  69.980 0.0000000000
67609  -40.284  -40.263  70.861 0.0000000000
68794  -41.050  -39.976  70.502 0.0000000000
68816  -41.801  -39.518  70.036 0.0000000000
70033  -41.203  -38.978  68.838 0.0000000000
70018  -42.293  -39.071  69.809 0.0000000000
70036  -43.110  -38.593  70.142 0.0000000000
71233  -43.412  -36.903  68.739 0.0000000000
71215  -44.529  -36.974  69.828 0.0000000000
72313  -44.994  -36.090  69.434 0.0000000000
72314  -45.612  -35.569  69.607 0.0000000000
73383  -46.044  -35.314  70.017 0.0000000000
74542  -44.444  -34.379  68.280 0.0000000000
74543  -45.409  -34.351  68.646 0.0000000000
73402  -46.239  -34.888  69.787 0.0000000000
74528  -46.550  -34.324  69.594 0.0000000000
75695  -46.923  -33.371  69.445 0.0000000000
76899  -47.385  -32.608  69.603 0.0000000000
76896  -44.961  -31.815  69.219 0.0000000000
78006  -46.390  -31.772  69.417 0.0000000000
77995  -47.327  -31.477  69.759 0.0000000000
79103  -46.837  -30.488  70.301 0.0000000000
80285  -46.420  -29.535  70.788 0.0000000000
81447  -42.782  -29.126  69.082 0.0000000000
80283  -44.732  -29.003  70.299 0.0000000000
80270  -47.022  -28.816  71.042 0.0000000000
81431  -46.884  -28.158  71.058 0.0000000000
82562  -46.930  -27.536  71.028 0.0000000000
83737  -47.195  -26.760  70.786 0.0000000000
83768  -46.370  -26.886  69.565 0.0000000000
83752  -46.773  -26.629  70.216 0.0000000000
83753  -47.650  -26.378  70.393 0.0000000000
83771  -49.045  -26.435  69.903 0.0000000000
83772  -49.846  -26.724  69.992 0.0000000000
83756  -50.673  -26.650  70.533 0.0000000000
82592  -49.362  -27.336  69.440 0.0000000000
81450  -49.393  -27.840  69.239 0.0000000000
80311  -49.356  -29.163  68.290 0.0000000000
80309  -47.858  -28.763  68.066 0.0000000000
80310  -48.386  -28.875  68.168 0.0000000000
81512  -47.931  -28.909  64.993 0.0000000000
81513  -48.607  -29.098  65.003 0.0000000000
44508  -9.986  -61.210  90.138 0.0000000000
43291  -9.526  -61.819  90.723 0.0000000000
43275  -8.939  -61.919  92.234 0.0000000000
43290  -9.089  -62.101  91.426 0.0000000000
42129  -8.748  -62.618  90.573 0.0000000000
42128  -8.163  -63.129  90.902 0.0000000000
43224  -7.107  -62.327  95.753 0.0000000000
42103  -6.930  -62.663  94.847 0.0000000000
42107  -7.249  -63.010  93.978 0.0000000000
41064  -6.647  -63.490  94.257 0.0000000000
41069  -7.617  -63.293  92.840 0.0000000000
38892  -5.369  -64.972  92.421 0.0000000000
37700  -3.683  -67.117  91.267 0.0000000000
36502  -3.546  -67.825  91.879 0.0000000000
36497  -4.059  -67.573  92.978 0.0000000000
35372  -3.735  -68.389  92.471 0.0000000000
63603  -38.248  -43.713  88.523 0.0000000000
66226  -37.317  -41.762  83.382 0.0000000000
66227  -37.494  -41.427  83.822 0.0000000000
66212  -37.828  -41.240  84.648 0.0000000000
67404  -37.340  -40.337  84.066 0.0000000000
67396  -37.765  -40.279  84.875 0.0000000000
66194  -38.160  -40.917  85.410 0.0000000000
67391  -38.500  -40.388  86.136 0.0000000000
69789  -39.258  -38.988  86.943 0.0000000000
69817  -39.066  -38.083  85.256 0.0000000000
69819  -41.109  -38.565  85.560 0.0000000000
69835  -41.760  -38.753  84.782 0.0000000000
68609  -42.187  -39.032  84.171 0.0000000000
68666  -40.077  -40.221  80.756 0.0000000000
67460  -39.510  -40.695  79.493 0.0000000000
69895  -36.881  -37.922  80.141 0.0000000000
68663  -37.490  -38.314  80.375 0.0000000000
68689  -37.476  -39.914  79.129 0.0000000000
68677  -38.293  -39.801  79.838 0.0000000000
67459  -38.816  -40.552  79.373 0.0000000000
67475  -39.311  -41.057  78.885 0.0000000000
66349  -38.665  -41.626  77.161 0.0000000000
67504  -38.559  -41.608  76.511 0.0000000000
67580  -36.829  -40.667  72.501 0.0000000000
67499  -33.067  -40.249  76.202 0.0000000000
68724  -32.556  -39.451  76.107 0.0000000000
69924  -32.960  -38.822  76.619 0.0000000000
71105  -32.820  -37.567  75.671 0.0000000000
69939  -33.477  -38.067  75.929 0.0000000000
69955  -33.985  -38.782  74.648 0.0000000000
69971  -33.030  -38.524  73.509 0.0000000000
68741  -33.659  -38.874  73.944 0.0000000000
68742  -34.298  -39.356  74.147 0.0000000000
67532  -34.716  -39.775  73.979 0.0000000000
67556  -34.857  -39.967  73.413 0.0000000000
67603  -34.231  -40.412  71.852 0.0000000000
67578  -34.956  -40.272  72.613 0.0000000000
67579  -35.832  -40.546  72.563 0.0000000000
49091  -18.249  -56.795  91.218 0.0000000000
49081  -18.627  -57.024  92.003 0.0000000000
48002  -22.228  -56.996  90.901 0.0000000000
47971  -22.739  -57.213  92.282 0.0000000000
51281  -22.080  -54.970  83.909 0.0000000000
50238  -22.529  -55.416  84.165 0.0000000000
50223  -23.003  -55.866  84.557 0.0000000000
48056  -24.303  -57.427  86.283 0.0000000000
48046  -24.895  -57.976  86.781 0.0000000000
46857  -25.561  -58.410  87.145 0.0000000000
52423  -25.771  -53.222  80.746 0.0000000000
52413  -26.130  -53.509  81.307 0.0000000000
51303  -26.045  -54.300  81.131 0.0000000000
49228  -26.567  -56.004  82.244 0.0000000000
52370  -27.601  -53.510  83.873 0.0000000000
50240  -27.367  -55.284  82.951 0.0000000000
49219  -27.201  -56.292  83.154 0.0000000000
49218  -26.383  -56.799  82.983 0.0000000000
48072  -26.379  -57.979  85.098 0.0000000000
46899  -26.781  -58.365  85.784 0.0000000000
46858  -26.412  -58.673  87.407 0.0000000000
46843  -27.547  -58.548  88.666 0.0000000000
46863  -30.853  -58.707  88.122 0.0000000000
44571  -10.318  -60.628  86.219 0.0000000000
46888  -11.536  -58.640  85.565 0.0000000000
67538  -40.894  -41.194  74.074 0.0000000000
67562  -41.216  -40.639  73.038 0.0000000000
67539  -41.884  -40.973  73.921 0.0000000000
66384  -41.799  -41.476  74.720 0.0000000000
66368  -42.772  -41.396  75.394 0.0000000000
66354  -43.755  -41.194  76.380 0.0000000000
69986  -43.418  -39.050  72.664 0.0000000000
68763  -43.369  -39.629  73.459 0.0000000000
68745  -43.631  -39.733  74.435 0.0000000000
69942  -44.364  -38.835  75.771 0.0000000000
68727  -44.036  -39.557  75.447 0.0000000000
67521  -43.586  -40.264  75.100 0.0000000000
67505  -44.096  -40.243  76.017 0.0000000000
66355  -44.441  -40.578  76.721 0.0000000000
67492  -47.217  -41.060  76.544 0.0000000000
74467  -46.548  -34.454  72.722 0.0000000000
74428  -45.968  -34.674  74.136 0.0000000000
73293  -46.245  -34.956  75.922 0.0000000000
74396  -47.240  -34.437  77.150 0.0000000000
73282  -47.040  -34.939  77.248 0.0000000000
73281  -46.357  -35.492  76.859 0.0000000000
71087  -48.222  -37.133  77.537 0.0000000000
71113  -47.887  -37.612  75.859 0.0000000000
72222  -47.241  -37.352  74.509 0.0000000000
69959  -47.441  -38.084  75.284 0.0000000000
69975  -46.306  -38.761  73.711 0.0000000000
82576  -51.012  -27.296  70.296 0.0000000000
82577  -51.739  -27.185  70.670 0.0000000000
82578  -52.887  -27.202  70.485 0.0000000000
81453  -51.711  -28.445  69.435 0.0000000000
82595  -52.345  -27.796  69.930 0.0000000000
83773  -53.951  -26.849  69.989 0.0000000000
82597  -55.206  -27.148  69.200 0.0000000000
80342  -53.425  -29.385  66.427 0.0000000000
80328  -53.073  -29.370  67.252 0.0000000000
81490  -53.697  -29.007  67.874 0.0000000000
81473  -54.258  -28.484  68.353 0.0000000000
82598  -55.977  -27.037  69.063 0.0000000000
83785  -56.357  -26.878  68.909 0.0000000000
83786  -57.055  -26.625  68.528 0.0000000000
83797  -57.866  -26.642  67.672 0.0000000000
82631  -56.760  -27.277  67.133 0.0000000000
83796  -57.409  -26.791  67.430 0.0000000000
83808  -58.351  -26.845  66.666 0.0000000000
81547  -54.267  -28.019  63.513 0.0000000000
81537  -55.703  -28.393  64.225 0.0000000000
81538  -56.456  -27.860  64.418 0.0000000000
82666  -56.990  -27.178  64.547 0.0000000000
82679  -57.199  -26.788  63.923 0.0000000000
82667  -57.434  -26.580  64.676 0.0000000000
82653  -57.669  -26.558  65.387 0.0000000000
83819  -58.073  -26.395  65.592 0.0000000000
86088  -59.095  -24.789  62.278 0.0000000000
85034  -59.377  -25.368  60.909 0.0000000000
41055  -6.189  -64.266  95.327 0.0000000000
42104  -7.345  -62.294  94.833 0.0000000000
43233  -6.987  -62.417  95.413 0.0000000000
43252  -9.139  -61.406  93.413 0.0000000000
43262  -8.850  -61.848  93.032 0.0000000000
46804  -14.444  -58.247  91.540 0.0000000000
47970  -22.148  -57.186  92.153 0.0000000000
47982  -15.465  -57.782  91.259 0.0000000000
47986  -22.302  -57.094  91.498 0.0000000000
50175  -22.468  -56.178  87.210 0.0000000000
51226  -19.665  -54.829  85.848 0.0000000000
51230  -32.154  -54.628  87.300 0.0000000000
53461  -30.667  -52.449  87.608 0.0000000000
53543  -27.029  -52.593  82.700 0.0000000000
54634  -31.576  -52.078  89.099 0.0000000000
55795  -32.242  -51.198  88.186 0.0000000000
58043  -31.194  -49.710  85.375 0.0000000000
59129  -33.371  -48.329  84.826 0.0000000000
59146  -34.578  -47.468  84.103 0.0000000000
61266  -34.796  -45.739  82.570 0.0000000000
62412  -36.241  -44.118  83.545 0.0000000000
62423  -35.016  -44.708  81.644 0.0000000000
63642  -37.358  -43.355  84.920 0.0000000000
63658  -37.468  -43.024  84.724 0.0000000000
64899  -38.320  -42.313  86.124 0.0000000000
64900  -38.539  -41.956  86.436 0.0000000000
65011  -46.582  -41.906  80.013 0.0000000000
65024  -34.840  -42.950  79.535 0.0000000000
65026  -43.813  -41.988  79.427 0.0000000000
65027  -44.245  -41.989  79.663 0.0000000000
65030  -46.700  -41.847  79.539 0.0000000000
66287  -40.480  -41.043  79.250 0.0000000000
66291  -43.858  -41.837  80.065 0.0000000000
66311  -40.133  -41.256  78.840 0.0000000000
66319  -48.138  -41.894  78.219 0.0000000000
66348  -38.097  -41.508  77.429 0.0000000000
67409  -36.788  -40.182  82.671 0.0000000000
67442  -39.790  -40.369  80.090 0.0000000000
67476  -39.806  -40.944  79.168 0.0000000000
67487  -38.415  -41.219  78.315 0.0000000000
67508  -47.180  -40.758  76.192 0.0000000000
67522  -47.084  -40.504  75.632 0.0000000000
67523  -47.258  -40.590  75.985 0.0000000000
67649  -39.437  -40.139  69.112 0.0000000000
68607  -40.945  -38.851  83.976 0.0000000000
68608  -41.367  -38.932  84.047 0.0000000000
68618  -36.720  -39.293  83.343 0.0000000000
68635  -39.372  -38.626  82.465 0.0000000000
68651  -35.874  -38.841  81.418 0.0000000000
68709  -32.993  -39.246  76.516 0.0000000000
68717  -47.328  -38.825  76.270 0.0000000000
68729  -47.179  -39.449  75.562 0.0000000000
68744  -43.201  -40.127  73.855 0.0000000000
68774  -33.396  -39.582  72.539 0.0000000000
68778  -42.743  -39.630  72.242 0.0000000000
68817  -42.147  -39.503  70.693 0.0000000000
69848  -37.038  -38.403  83.652 0.0000000000
69864  -38.534  -37.963  82.455 0.0000000000
69865  -39.089  -38.180  82.774 0.0000000000
69875  -38.348  -37.901  81.852 0.0000000000
69884  -38.197  -38.201  81.236 0.0000000000
69912  -33.771  -38.964  77.098 0.0000000000
69915  -45.037  -38.762  77.192 0.0000000000
69918  -47.046  -38.123  77.388 0.0000000000
69941  -44.165  -39.176  75.386 0.0000000000
69943  -47.256  -38.931  75.503 0.0000000000
69944  -47.507  -38.574  75.892 0.0000000000
69974  -45.965  -39.081  73.256 0.0000000000
69984  -33.047  -39.014  72.803 0.0000000000
70034  -41.883  -38.768  69.129 0.0000000000
71009  -38.577  -37.941  84.806 0.0000000000
71010  -38.877  -37.898  84.752 0.0000000000
71018  -38.159  -37.882  84.353 0.0000000000
71027  -38.663  -37.859  83.675 0.0000000000
71033  -37.315  -37.714  82.510 0.0000000000
71042  -37.311  -37.652  81.659 0.0000000000
71059  -35.835  -37.999  79.673 0.0000000000
71060  -36.139  -37.787  79.986 0.0000000000
71061  -36.441  -37.770  80.354 0.0000000000
71096  -45.021  -37.360  76.877 0.0000000000
71098  -48.225  -37.339  77.106 0.0000000000
71111  -44.632  -37.705  75.497 0.0000000000
71114  -48.172  -37.464  76.579 0.0000000000
71125  -32.965  -37.533  75.182 0.0000000000
71132  -47.078  -37.807  74.528 0.0000000000
71133  -47.529  -37.654  75.140 0.0000000000
71155  -46.577  -37.699  73.503 0.0000000000
72180  -47.462  -36.680  77.888 0.0000000000
72181  -48.319  -36.786  77.843 0.0000000000
72191  -45.599  -36.759  77.200 0.0000000000
72192  -46.072  -36.195  77.251 0.0000000000
72203  -44.792  -37.219  75.454 0.0000000000
72206  -48.515  -36.952  76.506 0.0000000000
72223  -47.590  -37.077  74.927 0.0000000000
72241  -47.037  -37.185  74.118 0.0000000000
72298  -45.635  -35.910  70.269 0.0000000000
73384  -46.405  -34.867  70.312 0.0000000000
73400  -45.379  -35.406  69.143 0.0000000000
73401  -45.873  -34.938  69.289 0.0000000000
73421  -45.425  -35.023  68.875 0.0000000000
74384  -47.773  -34.636  77.613 0.0000000000
74385  -48.864  -34.598  77.913 0.0000000000
74386  -49.889  -34.368  77.834 0.0000000000
74387  -50.240  -33.828  77.674 0.0000000000
74395  -46.813  -34.465  76.560 0.0000000000
74398  -50.251  -34.006  77.515 0.0000000000
74410  -45.956  -34.837  75.002 0.0000000000
74429  -46.261  -34.168  74.618 0.0000000000
74466  -46.107  -35.038  72.345 0.0000000000
74511  -47.479  -33.807  70.771 0.0000000000
74527  -46.032  -34.322  68.998 0.0000000000
75558  -47.825  -34.059  77.503 0.0000000000
75569  -47.009  -34.021  76.551 0.0000000000
75572  -50.424  -33.833  76.914 0.0000000000
75573  -50.551  -33.445  77.152 0.0000000000
75584  -46.866  -33.871  76.109 0.0000000000
75586  -50.366  -33.667  76.409 0.0000000000
75603  -46.932  -32.917  74.724 0.0000000000
75646  -48.164  -32.936  72.252 0.0000000000
75665  -47.148  -33.971  72.183 0.0000000000
75667  -48.494  -32.725  71.664 0.0000000000
75696  -47.433  -33.255  69.799 0.0000000000
76775  -47.779  -32.748  76.382 0.0000000000
76777  -49.181  -32.296  77.445 0.0000000000
76798  -48.141  -32.028  75.914 0.0000000000
76840  -47.886  -32.651  73.289 0.0000000000
76860  -49.182  -31.944  72.314 0.0000000000
76878  -49.076  -32.043  71.738 0.0000000000
76898  -46.585  -32.609  69.205 0.0000000000
77899  -50.393  -31.643  77.540 0.0000000000
77910  -48.896  -31.829  76.856 0.0000000000
77911  -49.425  -31.635  77.110 0.0000000000
77912  -50.039  -31.289  77.274 0.0000000000
77926  -48.731  -31.688  76.429 0.0000000000
77957  -48.693  -31.545  74.433 0.0000000000
77959  -49.998  -30.966  73.390 0.0000000000
77972  -49.496  -31.560  72.793 0.0000000000
77994  -46.275  -31.087  69.950 0.0000000000
78004  -44.343  -31.392  69.398 0.0000000000
78007  -46.966  -32.100  69.382 0.0000000000
78021  -43.593  -31.443  69.100 0.0000000000
79034  -49.495  -31.073  76.488 0.0000000000
79035  -50.069  -30.830  76.763 0.0000000000
79074  -50.087  -30.738  74.074 0.0000000000
79076  -51.395  -29.664  73.379 0.0000000000
79084  -51.322  -29.201  72.825 0.0000000000
79094  -49.726  -30.194  71.483 0.0000000000
79104  -47.796  -30.612  70.335 0.0000000000
79117  -45.189  -30.605  70.178 0.0000000000
79131  -43.310  -30.731  69.301 0.0000000000
80203  -51.725  -29.779  77.029 0.0000000000
80228  -52.280  -28.884  75.530 0.0000000000
80254  -52.086  -28.720  73.936 0.0000000000
80261  -51.331  -28.674  72.859 0.0000000000
80273  -49.817  -29.383  71.681 0.0000000000
80274  -50.383  -29.361  72.047 0.0000000000
80286  -47.373  -29.773  70.757 0.0000000000
80297  -43.511  -29.498  69.656 0.0000000000
80334  -45.879  -29.015  66.533 0.0000000000
80348  -45.959  -29.052  66.253 0.0000000000
80358  -55.464  -28.888  65.730 0.0000000000
80365  -49.095  -29.231  65.093 0.0000000000
81411  -52.177  -27.968  73.967 0.0000000000
81420  -48.987  -27.765  71.884 0.0000000000
81421  -49.407  -27.943  72.041 0.0000000000
81440  -44.679  -28.395  70.146 0.0000000000
81472  -53.332  -28.503  68.627 0.0000000000
81488  -47.593  -28.702  68.023 0.0000000000
81501  -45.946  -28.819  67.163 0.0000000000
81554  -55.863  -27.819  62.830 0.0000000000
82526  -52.203  -27.112  74.510 0.0000000000
82541  -51.478  -27.086  73.704 0.0000000000
82542  -51.950  -27.397  74.067 0.0000000000
82564  -48.547  -26.825  71.547 0.0000000000
82565  -51.994  -26.983  71.012 0.0000000000
82573  -44.798  -27.835  69.970 0.0000000000
82575  -46.391  -27.133  70.601 0.0000000000
82579  -53.580  -26.985  70.219 0.0000000000
82677  -55.230  -27.711  62.712 0.0000000000
82685  -57.034  -27.014  63.363 0.0000000000
82689  -56.153  -27.031  61.824 0.0000000000
83742  -53.119  -26.768  71.323 0.0000000000
83755  -49.719  -26.098  70.469 0.0000000000
83757  -51.339  -26.646  70.931 0.0000000000
83783  -45.438  -27.098  69.354 0.0000000000
83784  -45.764  -27.045  69.233 0.0000000000
83857  -56.755  -26.081  61.306 0.0000000000
84910  -52.703  -24.887  73.231 0.0000000000
84922  -49.400  -26.011  71.957 0.0000000000
84926  -52.535  -25.313  72.708 0.0000000000
84952  -49.258  -25.804  71.326 0.0000000000
85006  -57.923  -25.840  64.260 0.0000000000
85026  -56.988  -25.922  61.443 0.0000000000
86013  -52.421  -24.820  73.164 0.0000000000
86091  -55.374  -25.218  60.806 0.0000000000
87218  -57.040  -23.137  59.838 0.0000000000
