#!ascii label  , from subject tim vox2ras=TkReg
940
43269  -14.703  -60.419  91.332 0.0000000000
61208  -37.459  -45.029  89.522 0.0000000000
69836  -42.962  -38.714  84.796 0.0000000000
63789  -45.569  -43.742  76.185 0.0000000000
55781  -34.121  -50.001  89.644 0.0000000000
67433  -48.846  -40.705  81.283 0.0000000000
74431  -49.656  -33.882  74.676 0.0000000000
79037  -53.398  -30.398  76.895 0.0000000000
62341  -40.630  -44.390  89.990 0.0000000000
67354  -44.202  -39.760  88.649 0.0000000000
68566  -39.549  -39.980  88.201 0.0000000000
45642  -16.967  -59.237  95.626 0.0000000000
45655  -20.806  -58.972  94.275 0.0000000000
45684  -25.918  -59.094  92.848 0.0000000000
45720  -29.776  -60.120  89.859 0.0000000000
48022  -33.625  -57.745  89.515 0.0000000000
51178  -34.085  -54.120  91.504 0.0000000000
56908  -37.053  -49.134  91.775 0.0000000000
63666  -47.466  -43.284  83.753 0.0000000000
80218  -54.439  -29.010  75.609 0.0000000000
62319  -38.784  -44.529  90.388 0.0000000000
66133  -40.320  -41.714  90.338 0.0000000000
63604  -38.723  -42.842  88.398 0.0000000000
47936  -16.886  -57.822  93.624 0.0000000000
46745  -19.118  -58.826  95.372 0.0000000000
50152  -32.795  -55.516  89.619 0.0000000000
49097  -33.858  -56.128  90.642 0.0000000000
51184  -32.031  -53.850  91.441 0.0000000000
59088  -35.959  -47.457  89.141 0.0000000000
57990  -35.245  -48.786  92.423 0.0000000000
60132  -37.087  -46.550  91.117 0.0000000000
59074  -38.726  -47.272  90.479 0.0000000000
70995  -44.304  -38.050  87.857 0.0000000000
66201  -46.586  -41.033  85.875 0.0000000000
68610  -47.654  -38.946  85.341 0.0000000000
65050  -48.865  -42.760  79.260 0.0000000000
62477  -48.754  -44.505  80.955 0.0000000000
61362  -46.376  -46.108  78.460 0.0000000000
60314  -46.189  -46.429  75.789 0.0000000000
73328  -51.365  -35.628  73.665 0.0000000000
71173  -49.520  -37.397  72.477 0.0000000000
54635  -31.879  -51.863  89.405 0.0000000000
66338  -47.505  -41.649  77.237 0.0000000000
76779  -51.793  -31.824  77.141 0.0000000000
74414  -53.585  -35.181  75.360 0.0000000000
76842  -54.603  -32.634  74.187 0.0000000000
61211  -41.715  -44.942  88.659 0.0000000000
66146  -42.022  -41.743  89.556 0.0000000000
68548  -41.714  -39.437  89.629 0.0000000000
44436  -16.292  -60.113  93.971 0.0000000000
44497  -22.517  -59.768  91.687 0.0000000000
45681  -23.374  -58.885  92.928 0.0000000000
44517  -24.531  -59.819  90.758 0.0000000000
43315  -26.163  -60.626  90.265 0.0000000000
43317  -28.056  -61.354  89.348 0.0000000000
42145  -30.625  -61.316  89.148 0.0000000000
45758  -31.938  -59.583  89.262 0.0000000000
46849  -34.937  -58.434  88.763 0.0000000000
55750  -32.768  -51.042  91.909 0.0000000000
54598  -35.026  -51.102  92.229 0.0000000000
54638  -36.811  -50.720  89.257 0.0000000000
56925  -38.731  -49.208  89.685 0.0000000000
59092  -40.854  -47.272  88.480 0.0000000000
66229  -49.723  -41.352  82.967 0.0000000000
68798  -46.597  -39.198  71.413 0.0000000000
63842  -45.768  -43.477  73.203 0.0000000000
43249  -14.613  -60.580  93.145 0.0000000000
62338  -38.351  -44.774  90.352 0.0000000000
62358  -38.699  -43.721  90.086 0.0000000000
63585  -38.257  -43.933  89.248 0.0000000000
51210  -31.883  -54.164  88.637 0.0000000000
51193  -32.002  -54.394  90.677 0.0000000000
51192  -31.639  -53.672  90.297 0.0000000000
60148  -36.452  -46.460  89.528 0.0000000000
60138  -35.904  -47.043  90.890 0.0000000000
60140  -37.301  -45.897  90.588 0.0000000000
61184  -38.020  -45.484  90.601 0.0000000000
69808  -46.066  -38.172  86.816 0.0000000000
69838  -45.354  -37.983  85.069 0.0000000000
63758  -47.280  -43.855  77.986 0.0000000000
62511  -47.198  -44.544  78.635 0.0000000000
62533  -46.114  -44.722  77.440 0.0000000000
60291  -46.031  -46.671  77.531 0.0000000000
61402  -45.690  -45.708  75.916 0.0000000000
71134  -51.995  -37.788  74.457 0.0000000000
71158  -51.127  -37.962  73.882 0.0000000000
68748  -52.158  -39.498  74.371 0.0000000000
79036  -50.874  -30.105  76.463 0.0000000000
77901  -52.445  -30.931  77.620 0.0000000000
75607  -53.012  -33.450  74.917 0.0000000000
76823  -53.832  -32.748  75.604 0.0000000000
74415  -54.071  -34.513  75.380 0.0000000000
76780  -54.043  -31.924  76.092 0.0000000000
79064  -54.686  -30.529  74.861 0.0000000000
61200  -41.304  -44.835  89.287 0.0000000000
63588  -41.772  -43.174  89.098 0.0000000000
63565  -41.226  -43.353  89.977 0.0000000000
67340  -39.867  -40.815  89.850 0.0000000000
68531  -40.494  -40.428  90.011 0.0000000000
68567  -39.950  -39.695  88.636 0.0000000000
69775  -41.155  -38.661  88.354 0.0000000000
68583  -39.713  -39.185  87.706 0.0000000000
44453  -17.367  -59.978  93.251 0.0000000000
44429  -17.550  -60.005  95.057 0.0000000000
45654  -20.128  -59.172  94.917 0.0000000000
47959  -25.461  -58.387  92.879 0.0000000000
45683  -25.021  -58.980  92.939 0.0000000000
44477  -23.784  -59.241  92.318 0.0000000000
44478  -24.979  -59.200  92.330 0.0000000000
44518  -25.606  -60.092  90.889 0.0000000000
44501  -26.504  -60.107  91.564 0.0000000000
43300  -28.551  -60.810  90.078 0.0000000000
42144  -29.820  -61.380  89.142 0.0000000000
43302  -30.507  -60.858  89.604 0.0000000000
48035  -33.131  -58.089  89.071 0.0000000000
46848  -32.241  -59.007  88.872 0.0000000000
46831  -32.950  -58.783  89.285 0.0000000000
44539  -32.655  -60.299  89.178 0.0000000000
45739  -33.469  -59.483  89.223 0.0000000000
44541  -33.913  -59.669  88.590 0.0000000000
46833  -34.092  -58.609  89.417 0.0000000000
50134  -33.907  -54.753  91.410 0.0000000000
49099  -34.876  -55.929  90.432 0.0000000000
50141  -34.448  -55.235  90.940 0.0000000000
52310  -34.740  -53.590  90.632 0.0000000000
54620  -32.515  -51.416  90.576 0.0000000000
55766  -33.229  -50.830  90.954 0.0000000000
57991  -35.875  -48.881  92.524 0.0000000000
56894  -35.222  -49.741  92.644 0.0000000000
55755  -36.509  -49.636  91.957 0.0000000000
54608  -36.177  -50.557  91.343 0.0000000000
55768  -36.776  -50.140  91.023 0.0000000000
56917  -38.184  -48.930  90.621 0.0000000000
61198  -40.047  -45.358  89.912 0.0000000000
59081  -39.593  -47.266  89.700 0.0000000000
60149  -40.558  -46.287  89.163 0.0000000000
61222  -41.391  -45.973  88.357 0.0000000000
46756  -15.886  -58.368  94.664 0.0000000000
46731  -15.661  -59.000  95.565 0.0000000000
44420  -15.045  -60.040  95.235 0.0000000000
66159  -43.080  -40.962  88.270 0.0000000000
66183  -44.778  -40.719  86.896 0.0000000000
64916  -46.983  -41.505  85.357 0.0000000000
67416  -47.506  -39.856  82.218 0.0000000000
68627  -47.614  -38.789  83.516 0.0000000000
67418  -49.399  -40.264  82.035 0.0000000000
61332  -47.993  -46.188  80.828 0.0000000000
62453  -48.586  -44.613  81.486 0.0000000000
68781  -48.473  -39.261  71.958 0.0000000000
70005  -47.907  -38.550  71.539 0.0000000000
67587  -47.258  -40.584  71.652 0.0000000000
66416  -46.149  -41.519  71.801 0.0000000000
65126  -46.728  -42.264  72.206 0.0000000000
62604  -47.472  -44.346  73.722 0.0000000000
82500  -53.207  -27.880  75.947 0.0000000000
80206  -53.789  -29.199  76.519 0.0000000000
83677  -53.775  -26.828  75.876 0.0000000000
84881  -54.838  -25.842  75.208 0.0000000000
62320  -39.581  -44.418  90.386 0.0000000000
63547  -40.830  -43.081  90.371 0.0000000000
63563  -39.574  -42.989  90.380 0.0000000000
64849  -39.374  -42.392  89.890 0.0000000000
66157  -39.358  -41.155  88.639 0.0000000000
46757  -17.083  -58.234  95.169 0.0000000000
45643  -17.935  -59.184  95.530 0.0000000000
47928  -20.585  -58.244  94.646 0.0000000000
49127  -33.480  -57.089  89.601 0.0000000000
48008  -34.017  -57.389  89.872 0.0000000000
49111  -33.390  -55.984  90.532 0.0000000000
51185  -32.723  -54.576  91.401 0.0000000000
51176  -32.782  -53.835  91.847 0.0000000000
58012  -34.870  -48.856  89.969 0.0000000000
56915  -34.314  -49.238  91.008 0.0000000000
59069  -35.053  -48.094  91.140 0.0000000000
59062  -35.801  -48.065  92.189 0.0000000000
59064  -37.174  -47.876  91.727 0.0000000000
57999  -37.799  -48.355  91.303 0.0000000000
60133  -37.863  -46.486  90.876 0.0000000000
61185  -38.678  -45.447  90.473 0.0000000000
47935  -16.176  -57.911  93.347 0.0000000000
69756  -44.076  -39.016  88.993 0.0000000000
66174  -45.470  -40.045  87.454 0.0000000000
69797  -45.961  -38.764  87.387 0.0000000000
67382  -47.138  -39.744  86.222 0.0000000000
67393  -48.151  -39.956  85.020 0.0000000000
66274  -49.310  -41.654  80.380 0.0000000000
66275  -49.884  -41.891  80.905 0.0000000000
63745  -48.909  -43.531  79.718 0.0000000000
61348  -47.300  -45.944  79.645 0.0000000000
74451  -50.943  -34.694  73.390 0.0000000000
73343  -49.545  -35.557  72.534 0.0000000000
72243  -50.470  -36.749  73.103 0.0000000000
69976  -50.057  -38.519  73.012 0.0000000000
61220  -36.953  -45.678  88.182 0.0000000000
59098  -36.386  -47.022  88.265 0.0000000000
69853  -44.814  -38.398  84.169 0.0000000000
66252  -47.139  -41.209  81.188 0.0000000000
66295  -48.421  -41.951  79.425 0.0000000000
65064  -48.088  -42.366  77.806 0.0000000000
65062  -46.832  -42.953  76.691 0.0000000000
75587  -50.740  -32.890  76.003 0.0000000000
75606  -51.963  -33.259  74.383 0.0000000000
74432  -52.466  -34.517  74.490 0.0000000000
72207  -53.158  -36.840  75.126 0.0000000000
77932  -54.666  -31.875  75.478 0.0000000000
75628  -54.668  -33.555  74.460 0.0000000000
63619  -41.871  -43.539  88.087 0.0000000000
64880  -42.437  -41.753  88.661 0.0000000000
66147  -42.563  -41.068  89.272 0.0000000000
66134  -40.868  -41.780  90.381 0.0000000000
67334  -42.137  -40.528  89.655 0.0000000000
68550  -43.362  -39.507  89.276 0.0000000000
69777  -43.149  -38.408  88.717 0.0000000000
69792  -41.866  -38.441  87.654 0.0000000000
63616  -38.256  -43.143  87.350 0.0000000000
64892  -38.721  -42.125  87.221 0.0000000000
68592  -38.806  -39.507  86.609 0.0000000000
44451  -15.471  -60.258  92.652 0.0000000000
44470  -16.304  -59.910  92.090 0.0000000000
45734  -22.489  -60.021  89.458 0.0000000000
49074  -20.974  -57.242  93.130 0.0000000000
47941  -21.378  -57.922  94.271 0.0000000000
45657  -22.217  -58.518  93.664 0.0000000000
44516  -23.378  -59.842  90.757 0.0000000000
43345  -26.038  -61.257  87.994 0.0000000000
43332  -27.138  -61.454  88.441 0.0000000000
46830  -29.923  -59.674  89.537 0.0000000000
45757  -31.419  -59.617  89.192 0.0000000000
44537  -30.970  -60.216  89.607 0.0000000000
43321  -31.443  -61.040  89.267 0.0000000000
42163  -31.706  -61.186  88.878 0.0000000000
46819  -34.478  -57.431  89.658 0.0000000000
53433  -31.620  -52.593  90.447 0.0000000000
53396  -31.985  -52.496  91.865 0.0000000000
53398  -33.430  -52.116  92.435 0.0000000000
56899  -34.049  -49.803  92.344 0.0000000000
54588  -34.267  -51.167  92.586 0.0000000000
53399  -34.151  -52.131  92.174 0.0000000000
53418  -34.738  -52.346  90.986 0.0000000000
54637  -35.571  -51.804  88.998 0.0000000000
55801  -40.184  -49.611  88.155 0.0000000000
58008  -38.765  -48.138  90.309 0.0000000000
58015  -40.103  -48.343  88.988 0.0000000000
56938  -40.717  -48.905  87.982 0.0000000000
59099  -41.205  -47.267  88.113 0.0000000000
44427  -14.929  -60.292  94.658 0.0000000000
69855  -47.112  -38.308  84.214 0.0000000000
68612  -48.991  -39.535  83.968 0.0000000000
66216  -48.860  -41.244  84.047 0.0000000000
64997  -49.889  -42.583  81.825 0.0000000000
64979  -49.054  -43.085  82.567 0.0000000000
62419  -47.855  -44.713  82.540 0.0000000000
66371  -46.807  -41.454  75.620 0.0000000000
65084  -45.714  -42.391  75.316 0.0000000000
73341  -47.921  -35.817  72.611 0.0000000000
72279  -46.889  -37.117  72.350 0.0000000000
67586  -45.243  -40.415  72.773 0.0000000000
65110  -44.937  -42.233  73.486 0.0000000000
62584  -45.167  -44.025  74.900 0.0000000000
62586  -46.130  -44.901  74.288 0.0000000000
62357  -38.200  -44.281  89.867 0.0000000000
62369  -37.836  -44.425  88.926 0.0000000000
51200  -31.510  -53.622  89.106 0.0000000000
52339  -31.057  -53.138  88.296 0.0000000000
61207  -36.974  -45.718  89.102 0.0000000000
61196  -37.039  -45.749  90.009 0.0000000000
61197  -37.697  -45.158  90.278 0.0000000000
69821  -43.463  -38.249  85.935 0.0000000000
69822  -44.701  -38.002  86.038 0.0000000000
69837  -44.191  -38.313  85.022 0.0000000000
63776  -46.754  -43.558  77.293 0.0000000000
62534  -46.770  -44.329  77.906 0.0000000000
62550  -45.629  -44.716  76.480 0.0000000000
69961  -52.671  -38.615  74.651 0.0000000000
69960  -52.126  -38.679  74.398 0.0000000000
80204  -52.729  -29.379  77.201 0.0000000000
77902  -53.010  -30.780  77.281 0.0000000000
77929  -53.081  -31.489  76.402 0.0000000000
77915  -53.495  -31.175  76.410 0.0000000000
76802  -54.094  -32.686  75.648 0.0000000000
62342  -41.189  -44.292  89.552 0.0000000000
67351  -39.577  -40.344  88.544 0.0000000000
68546  -40.144  -40.286  89.619 0.0000000000
69774  -40.278  -38.920  88.084 0.0000000000
68582  -39.391  -39.682  87.592 0.0000000000
44421  -16.327  -59.703  95.507 0.0000000000
46761  -20.623  -58.643  94.562 0.0000000000
44432  -20.392  -59.313  94.548 0.0000000000
46786  -25.607  -58.714  92.913 0.0000000000
46785  -24.831  -58.484  93.116 0.0000000000
45691  -25.685  -59.266  92.596 0.0000000000
44500  -25.745  -59.752  91.616 0.0000000000
44479  -26.041  -59.583  92.135 0.0000000000
44521  -28.975  -60.221  90.167 0.0000000000
43301  -29.667  -60.845  89.865 0.0000000000
48021  -33.340  -58.385  89.345 0.0000000000
46832  -33.443  -58.690  89.370 0.0000000000
46817  -33.908  -58.051  89.547 0.0000000000
50135  -34.222  -54.651  91.300 0.0000000000
51186  -34.476  -54.336  91.115 0.0000000000
52309  -34.364  -53.412  91.340 0.0000000000
55779  -33.008  -50.974  89.870 0.0000000000
55780  -33.760  -50.250  90.100 0.0000000000
57992  -36.835  -48.620  91.992 0.0000000000
56902  -36.298  -49.311  92.297 0.0000000000
55762  -36.974  -49.635  91.428 0.0000000000
55769  -37.556  -49.674  90.618 0.0000000000
56909  -37.616  -48.991  91.262 0.0000000000
60142  -40.067  -46.184  89.554 0.0000000000
61199  -40.812  -45.323  89.436 0.0000000000
46742  -16.329  -58.810  95.484 0.0000000000
45636  -16.044  -59.292  95.678 0.0000000000
44413  -15.725  -59.471  95.622 0.0000000000
66160  -43.371  -40.623  88.567 0.0000000000
66172  -43.797  -40.696  87.760 0.0000000000
66161  -44.325  -40.080  88.342 0.0000000000
64933  -47.218  -42.193  84.722 0.0000000000
63665  -46.719  -43.106  84.094 0.0000000000
62405  -46.970  -43.871  83.524 0.0000000000
62406  -47.269  -43.870  83.379 0.0000000000
67417  -48.574  -39.939  82.087 0.0000000000
74413  -49.899  -34.112  75.837 0.0000000000
67589  -48.927  -40.280  72.516 0.0000000000
67588  -47.849  -40.339  71.867 0.0000000000
66417  -47.193  -41.234  71.818 0.0000000000
63545  -39.545  -43.454  90.410 0.0000000000
63544  -39.043  -43.801  90.401 0.0000000000
63586  -38.731  -43.296  89.489 0.0000000000
64863  -39.144  -42.119  89.101 0.0000000000
66144  -39.452  -41.450  89.255 0.0000000000
64879  -38.965  -42.014  88.128 0.0000000000
47924  -16.950  -57.964  94.419 0.0000000000
47940  -20.482  -57.795  94.355 0.0000000000
50163  -32.854  -55.618  88.386 0.0000000000
49143  -33.241  -56.888  88.960 0.0000000000
49126  -33.289  -56.324  89.977 0.0000000000
50138  -32.442  -54.887  91.037 0.0000000000
58013  -35.309  -48.487  89.477 0.0000000000
58006  -35.044  -48.348  90.213 0.0000000000
59080  -35.416  -47.684  90.397 0.0000000000
60131  -36.265  -47.012  91.202 0.0000000000
60130  -35.928  -47.159  91.227 0.0000000000
59071  -36.446  -47.417  91.663 0.0000000000
59063  -36.574  -48.073  91.997 0.0000000000
59072  -37.183  -47.361  91.492 0.0000000000
62318  -38.419  -44.985  90.447 0.0000000000
61186  -39.392  -45.426  90.286 0.0000000000
47923  -16.337  -58.105  93.969 0.0000000000
70966  -44.339  -38.471  88.364 0.0000000000
69795  -45.145  -38.673  88.036 0.0000000000
70981  -44.983  -38.465  88.026 0.0000000000
69824  -46.714  -38.266  85.979 0.0000000000
69809  -46.539  -38.630  86.692 0.0000000000
69825  -47.191  -38.671  85.898 0.0000000000
67392  -47.632  -39.880  85.644 0.0000000000
68601  -47.815  -39.391  85.293 0.0000000000
65032  -49.063  -42.346  79.645 0.0000000000
63761  -49.067  -43.017  79.502 0.0000000000
61363  -46.702  -45.842  78.923 0.0000000000
62493  -47.522  -45.180  79.487 0.0000000000
60283  -46.322  -46.667  78.417 0.0000000000
73327  -50.635  -35.836  73.083 0.0000000000
68766  -49.954  -39.556  73.009 0.0000000000
60166  -36.670  -46.384  87.657 0.0000000000
66272  -47.335  -41.658  80.384 0.0000000000
66318  -47.500  -41.708  78.326 0.0000000000
66339  -47.992  -41.933  77.723 0.0000000000
65063  -47.441  -42.600  76.965 0.0000000000
65075  -47.465  -41.967  76.448 0.0000000000
77900  -51.554  -31.366  77.617 0.0000000000
76761  -51.604  -31.740  77.523 0.0000000000
76760  -50.997  -32.385  77.643 0.0000000000
76778  -51.283  -32.362  76.663 0.0000000000
75605  -50.996  -32.861  74.789 0.0000000000
76820  -51.729  -32.612  74.851 0.0000000000
74433  -53.337  -34.481  75.183 0.0000000000
73312  -52.883  -35.517  75.105 0.0000000000
73297  -53.287  -36.166  75.304 0.0000000000
72208  -53.478  -36.728  75.073 0.0000000000
73298  -53.808  -35.793  75.321 0.0000000000
75589  -54.469  -33.378  75.295 0.0000000000
80217  -54.141  -29.592  76.113 0.0000000000
79050  -54.275  -30.520  75.839 0.0000000000
80229  -54.370  -30.200  75.685 0.0000000000
77960  -54.793  -31.841  74.605 0.0000000000
77945  -55.070  -31.852  74.877 0.0000000000
62379  -41.835  -44.643  87.839 0.0000000000
62370  -41.808  -44.408  88.455 0.0000000000
63566  -41.644  -42.908  89.543 0.0000000000
64864  -42.103  -42.055  89.310 0.0000000000
64865  -42.638  -41.319  88.956 0.0000000000
66121  -40.551  -42.313  90.462 0.0000000000
64839  -40.644  -42.586  90.444 0.0000000000
68532  -41.161  -40.179  89.953 0.0000000000
67333  -41.390  -40.788  90.043 0.0000000000
68533  -41.908  -39.996  89.724 0.0000000000
68534  -42.615  -39.893  89.541 0.0000000000
68549  -42.591  -39.385  89.530 0.0000000000
69754  -43.337  -38.881  89.214 0.0000000000
69753  -42.405  -38.791  89.286 0.0000000000
69791  -40.831  -38.665  87.409 0.0000000000
44435  -15.358  -60.290  93.588 0.0000000000
44452  -16.350  -60.091  92.996 0.0000000000
46744  -18.417  -58.760  95.515 0.0000000000
44430  -18.774  -59.640  95.026 0.0000000000
44514  -21.378  -60.093  90.713 0.0000000000
44533  -22.094  -60.120  90.018 0.0000000000
44515  -22.317  -60.015  90.790 0.0000000000
47955  -21.207  -57.522  93.823 0.0000000000
45669  -22.836  -58.670  93.472 0.0000000000
44442  -22.356  -58.886  93.391 0.0000000000
44499  -24.759  -59.503  91.585 0.0000000000
44498  -23.613  -59.577  91.636 0.0000000000
44535  -24.222  -60.118  89.817 0.0000000000
44549  -23.848  -60.165  88.896 0.0000000000
44536  -25.329  -60.357  89.952 0.0000000000
43331  -26.126  -60.939  89.212 0.0000000000
43299  -27.579  -60.793  90.261 0.0000000000
43333  -27.837  -61.494  88.581 0.0000000000
42142  -28.295  -61.509  88.598 0.0000000000
42160  -29.585  -61.495  88.596 0.0000000000
41100  -30.132  -61.482  88.388 0.0000000000
41114  -30.202  -61.476  87.888 0.0000000000
41115  -30.608  -61.407  88.350 0.0000000000
45737  -31.494  -59.922  89.503 0.0000000000
44523  -30.845  -60.683  89.549 0.0000000000
44538  -31.489  -60.493  89.418 0.0000000000
43323  -32.630  -60.551  88.819 0.0000000000
43322  -32.022  -60.949  89.080 0.0000000000
43334  -32.175  -60.840  88.676 0.0000000000
42179  -31.691  -61.068  88.498 0.0000000000
45759  -34.270  -59.389  88.549 0.0000000000
44552  -33.988  -59.640  88.198 0.0000000000
45760  -34.717  -58.837  88.416 0.0000000000
47992  -33.945  -56.851  90.105 0.0000000000
48009  -34.250  -57.117  89.930 0.0000000000
47993  -34.259  -56.543  90.325 0.0000000000
53448  -31.461  -52.551  89.352 0.0000000000
54618  -31.656  -52.260  89.720 0.0000000000
54606  -32.667  -51.283  91.419 0.0000000000
54594  -32.015  -52.175  91.602 0.0000000000
54595  -32.483  -51.659  91.960 0.0000000000
53397  -32.564  -52.344  92.267 0.0000000000
54596  -33.154  -51.537  92.391 0.0000000000
57997  -34.644  -48.714  91.500 0.0000000000
56907  -34.155  -49.296  91.734 0.0000000000
57989  -34.630  -48.973  92.196 0.0000000000
55753  -35.123  -50.528  92.581 0.0000000000
55744  -34.800  -50.427  92.619 0.0000000000
54589  -34.801  -51.029  92.517 0.0000000000
53383  -34.073  -51.694  92.505 0.0000000000
53400  -34.723  -51.869  91.736 0.0000000000
54622  -36.321  -50.674  90.580 0.0000000000
54621  -35.479  -51.378  90.131 0.0000000000
55784  -38.945  -49.778  88.972 0.0000000000
55785  -39.804  -49.527  88.560 0.0000000000
58000  -38.287  -47.955  90.893 0.0000000000
58007  -38.244  -48.361  90.836 0.0000000000
59091  -40.381  -47.290  89.055 0.0000000000
59090  -39.906  -47.824  89.319 0.0000000000
58016  -40.562  -47.981  88.629 0.0000000000
58021  -40.453  -48.584  88.522 0.0000000000
58022  -40.802  -48.238  88.240 0.0000000000
58031  -40.981  -48.329  87.851 0.0000000000
61223  -41.633  -45.547  88.291 0.0000000000
60157  -41.381  -46.462  88.167 0.0000000000
66184  -45.817  -40.387  86.811 0.0000000000
66200  -45.691  -41.160  86.067 0.0000000000
68625  -45.352  -38.681  83.348 0.0000000000
69854  -45.973  -38.238  84.185 0.0000000000
68629  -49.413  -39.636  83.315 0.0000000000
68628  -48.512  -39.137  83.738 0.0000000000
67398  -49.370  -40.174  83.741 0.0000000000
66228  -49.266  -41.833  83.328 0.0000000000
63735  -49.747  -43.098  80.981 0.0000000000
63736  -49.877  -42.637  81.452 0.0000000000
62478  -49.166  -43.813  81.305 0.0000000000
62433  -48.847  -43.965  82.003 0.0000000000
62432  -48.489  -44.448  82.050 0.0000000000
63709  -48.539  -43.701  82.609 0.0000000000
61272  -47.693  -45.345  82.420 0.0000000000
65085  -46.401  -42.037  75.545 0.0000000000
65097  -45.428  -42.063  74.789 0.0000000000
72261  -49.091  -36.304  72.200 0.0000000000
73342  -48.666  -35.364  72.663 0.0000000000
71172  -48.644  -37.082  71.925 0.0000000000
70004  -47.118  -38.331  71.387 0.0000000000
72280  -47.431  -36.910  71.947 0.0000000000
71188  -46.919  -37.550  71.685 0.0000000000
71171  -46.554  -37.508  72.741 0.0000000000
70002  -45.872  -38.840  72.219 0.0000000000
68780  -45.598  -39.524  72.409 0.0000000000
67610  -45.482  -40.189  71.887 0.0000000000
65125  -45.703  -42.392  72.432 0.0000000000
65124  -44.968  -42.045  72.729 0.0000000000
65111  -45.148  -42.722  73.023 0.0000000000
63841  -45.096  -43.084  73.711 0.0000000000
63821  -45.332  -43.784  73.900 0.0000000000
62585  -45.417  -44.352  74.505 0.0000000000
62602  -45.765  -44.216  73.864 0.0000000000
62339  -38.721  -44.049  90.311 0.0000000000
63603  -38.248  -43.713  88.523 0.0000000000
51211  -32.446  -54.854  89.014 0.0000000000
50151  -32.354  -54.994  89.853 0.0000000000
51201  -32.039  -54.428  89.738 0.0000000000
59089  -36.348  -46.818  88.898 0.0000000000
60147  -35.951  -46.928  90.133 0.0000000000
60139  -36.524  -46.445  90.585 0.0000000000
69806  -44.007  -38.003  87.193 0.0000000000
70996  -44.790  -38.128  87.666 0.0000000000
69807  -45.210  -37.970  86.916 0.0000000000
69823  -45.831  -38.041  86.025 0.0000000000
69839  -46.526  -37.992  85.100 0.0000000000
63759  -47.889  -43.701  78.458 0.0000000000
61379  -46.596  -45.055  78.170 0.0000000000
61378  -46.187  -45.829  78.013 0.0000000000
61393  -45.741  -45.786  77.000 0.0000000000
72224  -51.986  -36.827  74.470 0.0000000000
72244  -51.254  -36.799  73.807 0.0000000000
69978  -51.533  -38.850  74.041 0.0000000000
79025  -52.072  -30.394  77.600 0.0000000000
77913  -52.119  -31.457  77.474 0.0000000000
76800  -52.418  -31.743  76.051 0.0000000000
77928  -52.452  -31.543  76.968 0.0000000000
76822  -53.351  -32.574  75.386 0.0000000000
75608  -53.811  -33.596  75.421 0.0000000000
74434  -53.768  -34.479  75.410 0.0000000000
75588  -54.172  -33.565  75.441 0.0000000000
76803  -54.595  -32.315  75.490 0.0000000000
81390  -54.591  -28.343  75.166 0.0000000000
80230  -54.537  -29.565  75.261 0.0000000000
77961  -54.747  -31.072  74.628 0.0000000000
76863  -54.267  -32.553  73.571 0.0000000000
62360  -41.703  -44.273  88.824 0.0000000000
62359  -41.516  -44.277  89.183 0.0000000000
63587  -41.476  -43.604  89.469 0.0000000000
64853  -41.663  -42.335  89.769 0.0000000000
67330  -39.978  -40.930  90.133 0.0000000000
67331  -40.231  -40.984  90.209 0.0000000000
68530  -40.120  -40.656  90.034 0.0000000000
68547  -40.782  -39.676  89.491 0.0000000000
69752  -41.429  -38.878  89.167 0.0000000000
68568  -40.644  -39.059  88.847 0.0000000000
69790  -39.926  -38.776  87.173 0.0000000000
44428  -16.285  -60.091  94.872 0.0000000000
44437  -17.445  -60.030  94.212 0.0000000000
44475  -21.623  -59.714  92.572 0.0000000000
44459  -23.921  -58.943  92.694 0.0000000000
44460  -24.533  -58.966  92.735 0.0000000000
43297  -26.193  -60.371  90.785 0.0000000000
42143  -28.956  -61.501  88.946 0.0000000000
43318  -29.220  -61.260  89.570 0.0000000000
43319  -30.150  -61.152  89.505 0.0000000000
48050  -32.486  -57.880  88.084 0.0000000000
45738  -32.497  -59.588  89.283 0.0000000000
44540  -33.415  -60.034  88.826 0.0000000000
45740  -34.289  -59.202  88.940 0.0000000000
45741  -34.723  -58.667  88.824 0.0000000000
50140  -33.820  -55.431  91.105 0.0000000000
49098  -34.293  -55.981  90.701 0.0000000000
51187  -34.963  -54.634  90.484 0.0000000000
54650  -32.151  -51.566  89.117 0.0000000000
54619  -31.917  -51.983  90.273 0.0000000000
55759  -32.996  -50.792  91.693 0.0000000000
57983  -35.242  -49.338  92.601 0.0000000000
57984  -35.479  -49.379  92.618 0.0000000000
55754  -35.741  -50.080  92.306 0.0000000000
54599  -35.777  -50.603  91.831 0.0000000000
55761  -36.357  -50.111  91.700 0.0000000000
55782  -37.113  -50.246  90.257 0.0000000000
55770  -38.263  -49.521  89.907 0.0000000000
60141  -39.411  -46.312  90.113 0.0000000000
59082  -40.180  -46.765  89.361 0.0000000000
60150  -40.858  -46.386  88.809 0.0000000000
60156  -41.205  -46.455  88.395 0.0000000000
61209  -40.936  -45.848  89.043 0.0000000000
61210  -41.385  -45.408  88.847 0.0000000000
46741  -15.267  -58.846  95.317 0.0000000000
46730  -14.827  -59.204  95.580 0.0000000000
64915  -46.412  -41.693  85.360 0.0000000000
68642  -47.035  -39.151  82.740 0.0000000000
68643  -48.150  -39.267  82.796 0.0000000000
68644  -49.105  -39.529  82.721 0.0000000000
68645  -49.628  -40.041  82.660 0.0000000000
61350  -48.356  -44.995  80.574 0.0000000000
69989  -48.652  -38.047  71.937 0.0000000000
67613  -47.730  -39.601  71.615 0.0000000000
67612  -47.046  -40.052  71.453 0.0000000000
66429  -45.846  -40.768  71.686 0.0000000000
66431  -46.995  -40.669  71.559 0.0000000000
63859  -46.430  -42.998  72.666 0.0000000000
62603  -46.468  -44.315  73.698 0.0000000000
81368  -53.001  -28.901  77.097 0.0000000000
80205  -53.455  -29.582  76.915 0.0000000000
81379  -53.510  -28.481  76.371 0.0000000000
82502  -54.006  -27.649  75.989 0.0000000000
82503  -54.308  -27.885  75.785 0.0000000000
84864  -54.366  -26.341  75.635 0.0000000000
82515  -54.628  -27.441  75.295 0.0000000000
83691  -55.083  -26.474  74.962 0.0000000000
62321  -40.276  -44.115  90.352 0.0000000000
63564  -40.665  -43.649  90.279 0.0000000000
63546  -40.265  -43.398  90.449 0.0000000000
64838  -40.157  -42.650  90.477 0.0000000000
64850  -39.820  -42.455  90.349 0.0000000000
63562  -39.174  -43.262  90.278 0.0000000000
66132  -39.800  -41.480  90.092 0.0000000000
66145  -39.634  -41.180  89.577 0.0000000000
66158  -39.538  -41.098  89.197 0.0000000000
67367  -39.334  -40.426  87.959 0.0000000000
46743  -17.477  -58.735  95.575 0.0000000000
46758  -18.111  -58.196  95.377 0.0000000000
46759  -19.034  -58.334  95.359 0.0000000000
46760  -19.839  -58.641  95.083 0.0000000000
45719  -29.242  -59.850  89.911 0.0000000000
48036  -33.416  -57.422  89.343 0.0000000000
49112  -33.725  -56.692  90.155 0.0000000000
49096  -33.602  -56.013  90.625 0.0000000000
50146  -32.894  -55.578  90.545 0.0000000000
50139  -33.248  -55.444  91.003 0.0000000000
50133  -33.306  -54.727  91.460 0.0000000000
51177  -33.527  -53.987  91.702 0.0000000000
56924  -34.863  -49.262  89.449 0.0000000000
56923  -34.403  -49.519  90.068 0.0000000000
58005  -34.746  -48.684  90.655 0.0000000000
59061  -35.063  -48.203  91.972 0.0000000000
59070  -35.694  -47.499  91.432 0.0000000000
57993  -37.364  -48.327  91.671 0.0000000000
59065  -37.568  -48.061  91.545 0.0000000000
59073  -37.890  -47.512  91.177 0.0000000000
60134  -38.607  -46.403  90.551 0.0000000000
62340  -40.025  -44.734  90.239 0.0000000000
46773  -15.713  -58.264  93.654 0.0000000000
68569  -44.374  -39.288  88.640 0.0000000000
67368  -44.878  -40.031  88.047 0.0000000000
68570  -44.762  -39.302  88.416 0.0000000000
68585  -45.724  -39.179  87.636 0.0000000000
67381  -46.425  -39.722  86.826 0.0000000000
70998  -45.907  -38.472  87.294 0.0000000000
68593  -46.318  -39.124  87.138 0.0000000000
66185  -46.868  -40.362  86.205 0.0000000000
66186  -47.352  -40.222  85.868 0.0000000000
66202  -47.632  -40.881  85.244 0.0000000000
66215  -47.956  -41.703  84.538 0.0000000000
67449  -49.117  -41.105  80.796 0.0000000000
67434  -49.606  -41.011  81.338 0.0000000000
65013  -49.663  -42.402  80.502 0.0000000000
63746  -49.322  -43.206  80.150 0.0000000000
62495  -48.803  -44.109  80.265 0.0000000000
62512  -48.022  -44.250  79.186 0.0000000000
62494  -48.191  -44.732  79.937 0.0000000000
61349  -47.805  -45.928  80.337 0.0000000000
75625  -50.308  -33.473  74.345 0.0000000000
74450  -49.875  -34.129  73.447 0.0000000000
74470  -50.134  -35.005  72.759 0.0000000000
73344  -50.102  -35.674  72.654 0.0000000000
71157  -50.376  -37.662  73.197 0.0000000000
71156  -49.855  -38.052  72.796 0.0000000000
69990  -49.370  -38.608  72.558 0.0000000000
61221  -37.271  -45.051  88.571 0.0000000000
61233  -37.155  -45.137  87.906 0.0000000000
56935  -34.365  -50.023  88.999 0.0000000000
58020  -35.738  -48.511  88.428 0.0000000000
60155  -36.635  -46.351  88.615 0.0000000000
68609  -42.187  -39.032  84.171 0.0000000000
69852  -43.835  -38.705  84.201 0.0000000000
68624  -44.219  -38.957  83.433 0.0000000000
68640  -44.728  -39.328  82.657 0.0000000000
67415  -46.360  -39.825  82.176 0.0000000000
67432  -47.875  -40.573  81.629 0.0000000000
66253  -48.096  -41.130  80.980 0.0000000000
66273  -48.434  -41.480  80.421 0.0000000000
66296  -48.980  -41.934  79.792 0.0000000000
65031  -48.728  -42.146  79.306 0.0000000000
66319  -48.138  -41.894  78.219 0.0000000000
63778  -48.321  -43.026  78.311 0.0000000000
63777  -47.715  -43.199  77.732 0.0000000000
63790  -46.267  -43.255  76.514 0.0000000000
75573  -50.551  -33.445  77.152 0.0000000000
75604  -50.273  -33.400  75.333 0.0000000000
75626  -50.957  -33.575  73.824 0.0000000000
75627  -51.661  -34.152  73.912 0.0000000000
74452  -51.742  -34.955  73.910 0.0000000000
76821  -52.426  -32.466  75.039 0.0000000000
73311  -52.067  -35.873  74.373 0.0000000000
72225  -52.646  -36.810  74.927 0.0000000000
69945  -53.108  -38.537  74.772 0.0000000000
79038  -53.942  -30.615  76.194 0.0000000000
77931  -54.677  -31.714  75.630 0.0000000000
75590  -54.851  -32.822  75.209 0.0000000000
79051  -54.516  -30.970  75.471 0.0000000000
76804  -54.905  -32.376  75.218 0.0000000000
63605  -41.853  -43.262  88.578 0.0000000000
64894  -42.127  -42.309  88.028 0.0000000000
64881  -42.783  -41.168  88.746 0.0000000000
67353  -43.384  -40.278  89.046 0.0000000000
64852  -41.204  -42.441  90.246 0.0000000000
66135  -41.762  -41.452  89.832 0.0000000000
67332  -40.732  -40.943  90.269 0.0000000000
66136  -42.350  -40.837  89.518 0.0000000000
67341  -42.910  -40.265  89.357 0.0000000000
67342  -43.623  -39.815  89.077 0.0000000000
69755  -43.797  -38.953  89.030 0.0000000000
69778  -44.084  -38.590  88.584 0.0000000000
69794  -43.851  -38.137  88.156 0.0000000000
69776  -42.138  -38.412  88.606 0.0000000000
69793  -42.946  -38.184  87.912 0.0000000000
69820  -42.240  -38.462  85.745 0.0000000000
63617  -38.690  -42.555  87.765 0.0000000000
66170  -39.036  -41.218  87.630 0.0000000000
67379  -38.970  -40.371  87.116 0.0000000000
69789  -39.258  -38.988  86.943 0.0000000000
69835  -41.760  -38.753  84.782 0.0000000000
44469  -15.456  -60.092  91.760 0.0000000000
44491  -16.184  -59.628  91.217 0.0000000000
44422  -17.650  -59.552  95.416 0.0000000000
47954  -20.300  -57.409  93.732 0.0000000000
46762  -21.252  -58.450  94.141 0.0000000000
45656  -21.518  -58.634  93.808 0.0000000000
44476  -22.674  -59.454  92.473 0.0000000000
44534  -23.042  -60.052  89.815 0.0000000000
43298  -26.724  -60.498  90.767 0.0000000000
43316  -26.960  -61.016  89.752 0.0000000000
42159  -28.812  -61.540  88.147 0.0000000000
45735  -29.727  -59.803  89.704 0.0000000000
46847  -31.260  -59.233  88.720 0.0000000000
45756  -30.867  -59.577  89.138 0.0000000000
45736  -30.437  -59.876  89.577 0.0000000000
44522  -30.353  -60.438  89.728 0.0000000000
43320  -30.880  -61.087  89.359 0.0000000000
42146  -31.306  -61.270  89.102 0.0000000000
42147  -31.676  -61.201  89.077 0.0000000000
42162  -31.039  -61.362  88.715 0.0000000000
46818  -34.241  -57.763  89.589 0.0000000000
46834  -34.775  -58.015  89.222 0.0000000000
48010  -34.693  -56.856  89.903 0.0000000000
46835  -35.312  -57.646  89.034 0.0000000000
52329  -31.350  -53.089  89.286 0.0000000000
52319  -31.470  -53.053  90.263 0.0000000000
51183  -31.674  -53.318  90.954 0.0000000000
53434  -31.800  -52.294  90.790 0.0000000000
53416  -31.756  -52.572  91.189 0.0000000000
52308  -31.723  -53.077  91.507 0.0000000000
52293  -32.014  -53.093  92.111 0.0000000000
52294  -32.677  -53.044  92.258 0.0000000000
52295  -33.377  -53.087  92.117 0.0000000000
56914  -33.968  -49.620  91.277 0.0000000000
56906  -33.738  -49.837  91.757 0.0000000000
55751  -33.319  -50.687  92.276 0.0000000000
56893  -34.626  -49.890  92.569 0.0000000000
55743  -34.021  -50.591  92.581 0.0000000000
55742  -33.552  -51.052  92.481 0.0000000000
53382  -33.874  -51.592  92.527 0.0000000000
52296  -33.922  -53.234  91.770 0.0000000000
53417  -34.352  -52.608  91.665 0.0000000000
53435  -34.931  -52.628  89.848 0.0000000000
54607  -35.463  -51.194  91.311 0.0000000000
56918  -38.885  -48.729  89.853 0.0000000000
58014  -39.449  -48.259  89.550 0.0000000000
56926  -39.484  -49.052  89.200 0.0000000000
59108  -41.284  -47.465  87.621 0.0000000000
59100  -41.382  -46.771  88.093 0.0000000000
43241  -14.464  -60.461  93.961 0.0000000000
66173  -44.744  -40.226  87.758 0.0000000000
69840  -47.549  -38.524  85.002 0.0000000000
69841  -48.101  -38.932  84.331 0.0000000000
68611  -48.248  -39.233  84.621 0.0000000000
67397  -48.788  -40.051  84.409 0.0000000000
66203  -48.394  -40.514  84.700 0.0000000000
64934  -48.087  -42.396  84.032 0.0000000000
67435  -50.061  -41.318  81.630 0.0000000000
67420  -50.192  -41.288  81.905 0.0000000000
64980  -49.709  -42.431  82.337 0.0000000000
63710  -49.064  -43.528  82.144 0.0000000000
64958  -49.460  -42.081  82.993 0.0000000000
64957  -48.803  -42.634  83.206 0.0000000000
63691  -47.922  -43.690  83.155 0.0000000000
66357  -47.287  -41.344  76.295 0.0000000000
65074  -46.725  -42.392  76.090 0.0000000000
65073  -45.914  -43.032  75.922 0.0000000000
63802  -45.365  -43.381  75.521 0.0000000000
74449  -49.039  -34.701  73.138 0.0000000000
73326  -48.535  -34.939  73.523 0.0000000000
73325  -47.909  -35.595  73.504 0.0000000000
71189  -47.804  -37.427  71.643 0.0000000000
72259  -47.389  -36.371  72.711 0.0000000000
72242  -47.370  -36.474  73.891 0.0000000000
68764  -45.749  -39.539  73.284 0.0000000000
67585  -45.069  -40.779  73.263 0.0000000000
66415  -45.274  -41.266  72.180 0.0000000000
66414  -44.859  -41.332  73.116 0.0000000000
66401  -45.123  -41.627  74.034 0.0000000000
65096  -45.112  -42.489  74.429 0.0000000000
65083  -45.134  -43.093  74.996 0.0000000000
62564  -45.197  -44.032  75.167 0.0000000000
62565  -45.343  -44.356  75.407 0.0000000000
61418  -45.745  -45.297  74.968 0.0000000000
61403  -46.163  -46.098  75.350 0.0000000000
61419  -46.661  -45.851  74.780 0.0000000000
41101  -30.541  -61.421  88.592 0.0000000000
42161  -30.309  -61.428  88.797 0.0000000000
43303  -31.040  -60.849  89.450 0.0000000000
44412  -15.196  -59.567  95.527 0.0000000000
44519  -26.188  -60.179  91.149 0.0000000000
45644  -18.780  -59.215  95.338 0.0000000000
45670  -23.655  -58.542  93.231 0.0000000000
45733  -21.975  -60.000  89.426 0.0000000000
46850  -35.252  -58.005  88.618 0.0000000000
47929  -21.278  -58.227  94.276 0.0000000000
47930  -21.673  -58.140  94.115 0.0000000000
47994  -34.517  -56.333  90.369 0.0000000000
49144  -33.347  -57.169  89.357 0.0000000000
50145  -32.354  -55.004  90.325 0.0000000000
51175  -32.300  -53.466  91.994 0.0000000000
51202  -32.381  -54.960  89.582 0.0000000000
52307  -31.574  -52.986  90.938 0.0000000000
53415  -31.638  -52.759  90.871 0.0000000000
54587  -33.706  -51.340  92.523 0.0000000000
54597  -34.453  -51.399  92.465 0.0000000000
54605  -32.119  -51.928  91.155 0.0000000000
54636  -32.315  -51.498  89.685 0.0000000000
55745  -35.284  -50.037  92.637 0.0000000000
55752  -33.892  -50.268  92.477 0.0000000000
55760  -33.364  -50.356  91.681 0.0000000000
55767  -33.690  -50.110  91.095 0.0000000000
55798  -33.962  -50.215  89.440 0.0000000000
56892  -34.107  -50.052  92.462 0.0000000000
56898  -33.534  -50.106  92.098 0.0000000000
56900  -34.812  -49.355  92.474 0.0000000000
56901  -35.643  -49.579  92.608 0.0000000000
56916  -37.493  -49.236  91.207 0.0000000000
56922  -34.020  -49.738  90.706 0.0000000000
57998  -37.342  -48.668  91.648 0.0000000000
59079  -35.055  -48.180  90.615 0.0000000000
59109  -41.327  -47.002  88.056 0.0000000000
59220  -46.373  -47.200  78.399 0.0000000000
60168  -41.461  -46.558  87.833 0.0000000000
61287  -47.558  -46.172  82.306 0.0000000000
61288  -47.841  -45.638  82.176 0.0000000000
62418  -47.296  -44.471  83.020 0.0000000000
62496  -49.209  -43.752  80.761 0.0000000000
62513  -48.564  -44.001  79.618 0.0000000000
63667  -48.071  -43.034  83.573 0.0000000000
63690  -47.491  -43.826  83.291 0.0000000000
63724  -49.626  -43.087  81.695 0.0000000000
63725  -49.897  -42.610  81.643 0.0000000000
63760  -48.621  -43.353  79.068 0.0000000000
63775  -45.909  -43.942  76.875 0.0000000000
63801  -45.167  -43.744  75.080 0.0000000000
63820  -45.147  -43.523  74.490 0.0000000000
64837  -39.778  -42.874  90.430 0.0000000000
64851  -40.205  -42.229  90.437 0.0000000000
64981  -50.189  -41.972  82.001 0.0000000000
64998  -50.053  -42.238  81.694 0.0000000000
65014  -49.950  -42.322  81.174 0.0000000000
65049  -48.585  -42.448  78.885 0.0000000000
66120  -40.409  -42.120  90.443 0.0000000000
66131  -39.504  -41.712  89.618 0.0000000000
66217  -49.537  -40.728  83.467 0.0000000000
66238  -50.142  -41.550  82.175 0.0000000000
66239  -50.201  -41.654  81.781 0.0000000000
66254  -48.623  -41.062  80.865 0.0000000000
66255  -49.857  -41.492  81.131 0.0000000000
66256  -50.054  -41.786  81.405 0.0000000000
66356  -47.233  -41.801  76.030 0.0000000000
66370  -46.193  -41.845  75.318 0.0000000000
66386  -45.306  -41.909  74.529 0.0000000000
66430  -46.525  -40.726  71.564 0.0000000000
67352  -39.737  -40.633  89.191 0.0000000000
67355  -45.086  -39.708  88.111 0.0000000000
67369  -45.345  -39.684  87.787 0.0000000000
67370  -45.945  -39.499  87.350 0.0000000000
67380  -45.825  -39.862  87.280 0.0000000000
67405  -49.791  -40.352  83.061 0.0000000000
67419  -49.984  -40.808  82.185 0.0000000000
67448  -48.865  -41.037  80.799 0.0000000000
67564  -45.111  -41.018  73.630 0.0000000000
67565  -45.478  -40.428  73.621 0.0000000000
67611  -46.123  -40.039  71.424 0.0000000000
68551  -43.965  -39.395  88.878 0.0000000000
68584  -45.205  -39.267  88.095 0.0000000000
68594  -46.842  -39.161  86.543 0.0000000000
68600  -47.379  -39.185  85.925 0.0000000000
68746  -46.010  -39.894  73.897 0.0000000000
68765  -46.140  -39.434  73.823 0.0000000000
68782  -49.179  -39.423  72.527 0.0000000000
68797  -45.887  -39.332  71.736 0.0000000000
68799  -47.373  -39.144  71.415 0.0000000000
68800  -47.878  -39.143  71.582 0.0000000000
69779  -44.707  -38.894  88.457 0.0000000000
69780  -45.058  -39.077  88.287 0.0000000000
69796  -45.385  -38.853  87.922 0.0000000000
69810  -47.016  -38.853  86.283 0.0000000000
69856  -47.921  -38.770  84.194 0.0000000000
69857  -48.217  -38.997  84.106 0.0000000000
69987  -45.881  -38.967  72.886 0.0000000000
70003  -46.355  -38.407  71.793 0.0000000000
70967  -44.529  -38.547  88.323 0.0000000000
70980  -44.464  -38.309  88.171 0.0000000000
70982  -45.431  -38.561  87.691 0.0000000000
70983  -45.661  -38.639  87.534 0.0000000000
70997  -45.474  -38.282  87.457 0.0000000000
71115  -53.110  -37.656  74.939 0.0000000000
71135  -52.641  -37.712  74.785 0.0000000000
71174  -50.082  -37.050  72.847 0.0000000000
71187  -46.496  -37.703  72.170 0.0000000000
72260  -48.034  -36.369  71.935 0.0000000000
72262  -49.954  -36.365  72.627 0.0000000000
72281  -47.770  -36.905  71.810 0.0000000000
74430  -49.050  -34.454  74.054 0.0000000000
74468  -48.994  -34.913  72.790 0.0000000000
74469  -49.356  -34.852  72.759 0.0000000000
75610  -55.013  -32.719  75.128 0.0000000000
76781  -54.362  -31.925  75.971 0.0000000000
76799  -51.564  -32.353  75.554 0.0000000000
76801  -53.545  -32.082  75.821 0.0000000000
76824  -54.989  -32.595  74.945 0.0000000000
76825  -55.110  -32.496  75.083 0.0000000000
77914  -52.769  -31.214  77.159 0.0000000000
77916  -54.123  -31.379  76.049 0.0000000000
77917  -54.473  -31.554  75.632 0.0000000000
77930  -53.766  -31.829  75.989 0.0000000000
77944  -55.006  -32.144  74.969 0.0000000000
79026  -52.889  -30.239  77.467 0.0000000000
79039  -54.318  -31.079  75.780 0.0000000000
80216  -53.737  -30.042  76.582 0.0000000000
81369  -53.222  -28.940  76.953 0.0000000000
81370  -53.586  -28.973  76.657 0.0000000000
81378  -53.042  -28.489  76.688 0.0000000000
81380  -54.008  -28.610  76.236 0.0000000000
81381  -54.368  -28.486  75.722 0.0000000000
82513  -52.907  -27.486  75.386 0.0000000000
82514  -54.377  -27.243  75.631 0.0000000000
83678  -54.244  -26.786  75.733 0.0000000000
83689  -53.367  -26.521  75.757 0.0000000000
83690  -54.594  -26.538  75.432 0.0000000000
84863  -54.132  -26.289  75.816 0.0000000000
84879  -53.565  -25.858  75.754 0.0000000000
84880  -54.380  -25.885  75.595 0.0000000000
85967  -54.548  -25.525  75.311 0.0000000000
