#!ascii label  , from subject tim vox2ras=TkReg
1888
62386  -40.762  -44.561  86.268 0.0000000000
42206  -30.729  -61.078  86.930 0.0000000000
62665  -43.704  -45.022  69.047 0.0000000000
63839  -39.250  -43.365  72.941 0.0000000000
57118  -44.741  -50.401  77.521 0.0000000000
53477  -36.397  -52.610  87.065 0.0000000000
50319  -25.764  -55.844  76.239 0.0000000000
58180  -31.970  -48.443  75.918 0.0000000000
44574  -22.877  -60.012  87.768 0.0000000000
68731  -53.191  -39.414  74.700 0.0000000000
41250  -23.260  -63.026  71.945 0.0000000000
62472  -39.232  -44.069  80.119 0.0000000000
60312  -43.090  -46.033  75.020 0.0000000000
62451  -43.810  -44.659  81.395 0.0000000000
55827  -40.262  -49.800  87.324 0.0000000000
55875  -34.827  -50.069  83.150 0.0000000000
59193  -37.898  -47.615  80.404 0.0000000000
62577  -35.260  -44.773  74.640 0.0000000000
69993  -54.234  -38.522  72.969 0.0000000000
43346  -26.808  -61.539  87.205 0.0000000000
45864  -23.210  -59.570  80.349 0.0000000000
42250  -26.396  -62.114  80.356 0.0000000000
56065  -44.268  -51.086  71.174 0.0000000000
46882  -35.213  -57.764  87.475 0.0000000000
48111  -28.810  -58.198  82.339 0.0000000000
50263  -32.241  -54.632  82.437 0.0000000000
53609  -28.958  -51.916  76.911 0.0000000000
45729  -19.107  -59.098  89.330 0.0000000000
58152  -47.379  -49.264  80.018 0.0000000000
58200  -48.927  -48.482  75.388 0.0000000000
66418  -48.275  -41.269  72.312 0.0000000000
62634  -50.408  -44.464  72.324 0.0000000000
63940  -53.364  -43.349  68.909 0.0000000000
46973  -19.384  -57.878  80.787 0.0000000000
45986  -25.789  -59.995  72.801 0.0000000000
63703  -39.655  -43.947  82.989 0.0000000000
62449  -41.479  -43.927  81.310 0.0000000000
64954  -41.863  -42.656  83.862 0.0000000000
60190  -40.853  -47.571  86.351 0.0000000000
58094  -39.618  -49.009  84.022 0.0000000000
60200  -38.964  -46.318  84.059 0.0000000000
61328  -37.814  -45.242  80.365 0.0000000000
63960  -41.840  -43.552  66.243 0.0000000000
63963  -44.520  -43.055  67.620 0.0000000000
42176  -28.535  -61.672  87.372 0.0000000000
42223  -26.690  -61.940  83.622 0.0000000000
42225  -27.587  -61.598  83.719 0.0000000000
61468  -40.927  -45.723  70.662 0.0000000000
59242  -43.899  -47.640  77.138 0.0000000000
58225  -43.325  -48.694  73.101 0.0000000000
56009  -43.719  -50.952  74.044 0.0000000000
53691  -42.547  -52.323  70.458 0.0000000000
53640  -44.586  -52.054  75.130 0.0000000000
50177  -35.928  -55.784  87.104 0.0000000000
49206  -34.305  -56.538  84.944 0.0000000000
51264  -35.208  -54.448  85.315 0.0000000000
57055  -33.523  -49.073  79.967 0.0000000000
55909  -32.478  -50.619  80.984 0.0000000000
55976  -29.971  -49.951  76.944 0.0000000000
63816  -37.037  -43.637  74.463 0.0000000000
57129  -47.202  -49.499  77.185 0.0000000000
63823  -50.830  -43.834  74.627 0.0000000000
62592  -53.482  -44.262  74.590 0.0000000000
63900  -51.892  -43.552  70.762 0.0000000000
62623  -55.091  -43.714  72.385 0.0000000000
66446  -54.318  -42.046  70.958 0.0000000000
45752  -20.653  -59.490  88.533 0.0000000000
46875  -19.656  -58.531  86.311 0.0000000000
45804  -21.236  -58.805  85.472 0.0000000000
44698  -23.944  -60.803  76.133 0.0000000000
47033  -22.174  -58.776  76.191 0.0000000000
42335  -22.723  -62.698  72.668 0.0000000000
49254  -27.703  -56.485  79.697 0.0000000000
45893  -26.426  -59.538  78.260 0.0000000000
47048  -24.833  -58.240  74.641 0.0000000000
62547  -39.591  -43.827  76.226 0.0000000000
62582  -41.489  -44.584  74.298 0.0000000000
61391  -41.584  -45.135  77.120 0.0000000000
61361  -43.216  -46.240  78.774 0.0000000000
60264  -44.509  -46.920  80.262 0.0000000000
54667  -38.678  -50.711  87.471 0.0000000000
54720  -36.378  -51.485  85.269 0.0000000000
55879  -38.236  -49.768  84.160 0.0000000000
57035  -37.362  -49.207  81.412 0.0000000000
58160  -35.339  -48.014  78.645 0.0000000000
60309  -33.569  -46.610  75.365 0.0000000000
60288  -36.515  -46.552  77.860 0.0000000000
62529  -37.378  -44.273  77.508 0.0000000000
68750  -54.601  -39.505  73.844 0.0000000000
74416  -54.449  -34.431  75.006 0.0000000000
44576  -24.635  -60.491  86.904 0.0000000000
45834  -23.595  -59.612  83.698 0.0000000000
43385  -25.342  -61.063  84.003 0.0000000000
43423  -24.953  -61.913  80.160 0.0000000000
43476  -25.163  -61.843  76.100 0.0000000000
60364  -42.168  -47.139  71.803 0.0000000000
57237  -42.091  -49.784  68.939 0.0000000000
59320  -43.944  -47.991  70.376 0.0000000000
44579  -33.181  -59.934  86.966 0.0000000000
44609  -29.998  -59.830  84.722 0.0000000000
46923  -32.224  -58.289  84.484 0.0000000000
49230  -31.022  -56.646  82.610 0.0000000000
50286  -28.879  -54.868  79.210 0.0000000000
53546  -33.765  -52.910  83.492 0.0000000000
52438  -30.741  -52.957  80.147 0.0000000000
51370  -27.013  -53.814  76.209 0.0000000000
64894  -42.127  -42.309  88.028 0.0000000000
43335  -32.917  -60.412  88.424 0.0000000000
49128  -35.616  -56.530  89.206 0.0000000000
52320  -35.157  -53.849  89.742 0.0000000000
64912  -44.182  -41.543  85.330 0.0000000000
63688  -45.650  -43.595  83.626 0.0000000000
59169  -46.432  -47.585  81.954 0.0000000000
59172  -47.540  -46.852  81.915 0.0000000000
54789  -46.125  -51.204  79.963 0.0000000000
54830  -46.682  -51.802  76.911 0.0000000000
57187  -46.929  -49.723  73.209 0.0000000000
60365  -46.153  -47.129  71.528 0.0000000000
62588  -48.141  -45.057  74.390 0.0000000000
60343  -50.023  -47.088  73.664 0.0000000000
62669  -46.840  -44.209  70.282 0.0000000000
65162  -47.493  -42.925  68.757 0.0000000000
63881  -56.118  -43.263  70.963 0.0000000000
45784  -17.414  -58.611  86.677 0.0000000000
44685  -18.654  -59.996  77.998 0.0000000000
46963  -22.005  -58.619  81.013 0.0000000000
47017  -19.918  -58.501  77.030 0.0000000000
44636  -27.196  -61.031  81.095 0.0000000000
43478  -26.978  -61.591  76.203 0.0000000000
42352  -24.744  -61.555  72.004 0.0000000000
44860  -20.460  -60.889  68.534 0.0000000000
62395  -39.929  -44.287  85.176 0.0000000000
63683  -40.565  -43.335  83.538 0.0000000000
64926  -40.977  -42.983  85.064 0.0000000000
61241  -40.822  -45.684  86.384 0.0000000000
60189  -40.411  -46.652  85.779 0.0000000000
61250  -39.738  -45.606  85.279 0.0000000000
62403  -38.890  -44.820  83.726 0.0000000000
61499  -42.602  -45.372  68.452 0.0000000000
62686  -42.362  -44.396  67.666 0.0000000000
63961  -42.808  -43.087  66.639 0.0000000000
63951  -44.001  -43.599  68.130 0.0000000000
42191  -29.487  -61.476  86.701 0.0000000000
42203  -28.399  -61.631  85.409 0.0000000000
43377  -29.144  -61.158  85.409 0.0000000000
63874  -39.426  -43.758  70.878 0.0000000000
63858  -40.164  -43.961  71.598 0.0000000000
58176  -44.596  -49.397  77.142 0.0000000000
58198  -44.407  -49.355  75.164 0.0000000000
57128  -44.627  -50.296  76.478 0.0000000000
54859  -44.299  -51.664  75.146 0.0000000000
55977  -44.615  -51.188  76.838 0.0000000000
52348  -36.063  -53.946  86.972 0.0000000000
51231  -35.850  -54.671  86.237 0.0000000000
52356  -36.088  -53.841  86.387 0.0000000000
57100  -32.744  -48.799  78.235 0.0000000000
57078  -32.223  -49.266  78.886 0.0000000000
57126  -31.482  -48.791  76.340 0.0000000000
57150  -28.729  -49.123  74.929 0.0000000000
63838  -38.290  -43.274  73.242 0.0000000000
63854  -36.504  -43.383  72.577 0.0000000000
63872  -37.565  -43.278  71.315 0.0000000000
66389  -51.689  -41.473  74.302 0.0000000000
66374  -53.354  -41.550  74.795 0.0000000000
62593  -54.012  -43.942  74.201 0.0000000000
65088  -54.306  -42.252  74.565 0.0000000000
45754  -22.072  -59.899  88.801 0.0000000000
45788  -21.436  -59.224  86.699 0.0000000000
45805  -22.454  -59.277  85.828 0.0000000000
43510  -23.631  -61.413  73.419 0.0000000000
44736  -22.894  -61.015  73.679 0.0000000000
40172  -22.883  -63.706  72.117 0.0000000000
40194  -21.671  -64.769  71.709 0.0000000000
41270  -22.211  -63.806  71.422 0.0000000000
49276  -26.663  -56.305  77.971 0.0000000000
48168  -26.077  -57.404  77.818 0.0000000000
49298  -25.172  -56.761  75.933 0.0000000000
62508  -39.411  -43.711  77.783 0.0000000000
62549  -40.827  -44.499  76.558 0.0000000000
62510  -41.132  -44.383  78.669 0.0000000000
62450  -42.545  -43.962  81.445 0.0000000000
61346  -42.453  -44.807  79.700 0.0000000000
61330  -43.456  -45.098  80.365 0.0000000000
60274  -43.812  -46.792  79.289 0.0000000000
61303  -44.174  -45.367  80.950 0.0000000000
54684  -39.696  -50.301  87.181 0.0000000000
55842  -38.445  -50.514  85.737 0.0000000000
55861  -39.446  -50.185  85.592 0.0000000000
59179  -38.641  -48.393  81.897 0.0000000000
57037  -38.381  -49.272  82.188 0.0000000000
58135  -37.743  -48.524  80.694 0.0000000000
58133  -36.662  -48.654  80.143 0.0000000000
58162  -36.776  -48.114  79.279 0.0000000000
59216  -36.414  -47.551  78.421 0.0000000000
60273  -37.372  -46.759  79.056 0.0000000000
62471  -38.248  -44.382  79.850 0.0000000000
62488  -37.913  -44.191  78.968 0.0000000000
63744  -38.404  -43.854  78.598 0.0000000000
63774  -38.687  -43.675  77.288 0.0000000000
43360  -25.999  -61.272  86.729 0.0000000000
44591  -25.024  -60.750  85.813 0.0000000000
43374  -26.020  -61.419  85.505 0.0000000000
42233  -26.637  -62.101  82.512 0.0000000000
43416  -25.582  -61.854  81.426 0.0000000000
42266  -25.437  -62.328  79.820 0.0000000000
43456  -24.994  -62.214  78.301 0.0000000000
42294  -25.591  -62.464  78.075 0.0000000000
61417  -42.396  -45.303  74.455 0.0000000000
61433  -42.423  -45.503  73.269 0.0000000000
60328  -43.045  -46.101  73.899 0.0000000000
56037  -42.219  -50.830  72.203 0.0000000000
56050  -42.069  -50.197  71.910 0.0000000000
54899  -40.983  -51.476  71.088 0.0000000000
54914  -43.621  -51.697  70.787 0.0000000000
56077  -42.673  -50.559  69.535 0.0000000000
56064  -43.765  -50.559  70.612 0.0000000000
58288  -43.220  -48.565  69.865 0.0000000000
57215  -44.468  -49.889  71.081 0.0000000000
45791  -34.408  -58.774  87.075 0.0000000000
45808  -32.953  -59.329  85.831 0.0000000000
46902  -34.200  -58.231  85.876 0.0000000000
50241  -33.682  -55.643  84.006 0.0000000000
49220  -32.785  -56.592  83.509 0.0000000000
50250  -31.974  -55.724  82.793 0.0000000000
50260  -29.924  -55.633  81.448 0.0000000000
51304  -30.824  -54.604  81.408 0.0000000000
55856  -35.993  -50.458  84.246 0.0000000000
53519  -35.032  -52.312  84.569 0.0000000000
54737  -34.432  -51.168  83.774 0.0000000000
55944  -30.503  -51.408  78.837 0.0000000000
54772  -31.134  -51.899  80.075 0.0000000000
53584  -29.995  -52.469  78.680 0.0000000000
51348  -28.962  -53.546  78.102 0.0000000000
61397  -34.482  -45.926  75.410 0.0000000000
51194  -35.468  -54.875  89.697 0.0000000000
55783  -37.862  -50.017  89.632 0.0000000000
66198  -43.469  -41.195  86.124 0.0000000000
64932  -46.265  -42.369  84.733 0.0000000000
63665  -46.719  -43.106  84.094 0.0000000000
61285  -45.893  -45.773  82.432 0.0000000000
61270  -46.898  -45.551  82.815 0.0000000000
59196  -47.519  -47.988  80.858 0.0000000000
57039  -46.979  -49.704  81.272 0.0000000000
57063  -47.332  -49.989  80.371 0.0000000000
54817  -46.664  -52.041  78.058 0.0000000000
55961  -47.385  -50.860  78.772 0.0000000000
58186  -48.078  -48.808  75.957 0.0000000000
55993  -48.007  -49.827  75.560 0.0000000000
57172  -47.987  -49.532  74.086 0.0000000000
58256  -46.588  -48.469  72.302 0.0000000000
58243  -48.616  -48.261  73.438 0.0000000000
63844  -47.888  -43.565  73.248 0.0000000000
61425  -52.130  -45.980  74.758 0.0000000000
60320  -51.601  -46.584  75.116 0.0000000000
61447  -50.391  -46.029  73.336 0.0000000000
61459  -48.218  -45.880  72.145 0.0000000000
62651  -48.272  -44.537  71.231 0.0000000000
63917  -47.486  -43.795  70.172 0.0000000000
63918  -48.659  -43.520  70.111 0.0000000000
63921  -52.085  -43.425  69.807 0.0000000000
63937  -50.081  -43.071  69.212 0.0000000000
65166  -51.482  -42.873  68.410 0.0000000000
69979  -54.426  -38.222  73.610 0.0000000000
66406  -54.960  -41.190  73.398 0.0000000000
67592  -54.410  -40.237  72.981 0.0000000000
46919  -19.658  -58.272  84.515 0.0000000000
46918  -18.615  -58.109  84.348 0.0000000000
46947  -18.694  -58.018  82.494 0.0000000000
46971  -17.683  -58.112  80.453 0.0000000000
48135  -18.814  -57.793  79.509 0.0000000000
45844  -23.436  -59.482  82.475 0.0000000000
45843  -22.620  -58.972  81.878 0.0000000000
45863  -22.573  -58.920  80.408 0.0000000000
47045  -20.754  -58.860  76.018 0.0000000000
37930  -22.106  -66.132  74.029 0.0000000000
46938  -29.406  -58.876  83.353 0.0000000000
45836  -28.856  -59.728  83.573 0.0000000000
45856  -27.816  -59.405  81.985 0.0000000000
45918  -26.470  -60.124  75.763 0.0000000000
44689  -26.753  -60.576  77.663 0.0000000000
44724  -26.621  -60.833  74.544 0.0000000000
43499  -26.174  -61.428  74.166 0.0000000000
44761  -25.571  -60.638  72.490 0.0000000000
43609  -19.900  -61.788  68.695 0.0000000000
62447  -39.313  -44.216  81.184 0.0000000000
62473  -40.325  -44.053  80.400 0.0000000000
63721  -40.758  -43.753  81.889 0.0000000000
63705  -41.375  -43.328  82.715 0.0000000000
63706  -42.371  -43.252  82.668 0.0000000000
58049  -40.872  -48.607  87.318 0.0000000000
56983  -40.248  -49.653  86.053 0.0000000000
59149  -40.168  -48.308  85.006 0.0000000000
60216  -39.224  -47.526  83.767 0.0000000000
60231  -38.355  -46.842  82.400 0.0000000000
61301  -37.738  -46.232  80.543 0.0000000000
61283  -37.988  -46.017  81.927 0.0000000000
62425  -38.383  -44.892  81.938 0.0000000000
65224  -44.718  -41.904  65.783 0.0000000000
42174  -27.342  -61.711  86.556 0.0000000000
43375  -26.745  -61.806  85.362 0.0000000000
42201  -27.007  -62.106  84.901 0.0000000000
42213  -27.181  -61.957  84.272 0.0000000000
42234  -27.006  -61.938  82.041 0.0000000000
60303  -43.426  -46.921  76.603 0.0000000000
60329  -43.580  -46.866  74.369 0.0000000000
59271  -44.152  -47.840  74.809 0.0000000000
57153  -43.651  -50.171  73.778 0.0000000000
54885  -42.618  -51.640  72.540 0.0000000000
53678  -42.543  -52.396  71.495 0.0000000000
54886  -42.927  -52.012  72.699 0.0000000000
53654  -44.388  -52.209  73.759 0.0000000000
53655  -44.973  -52.074  73.441 0.0000000000
49160  -35.794  -56.519  87.419 0.0000000000
48076  -34.829  -57.105  85.907 0.0000000000
49191  -35.407  -56.200  86.284 0.0000000000
50227  -34.883  -55.283  85.242 0.0000000000
50253  -33.982  -54.513  83.966 0.0000000000
57017  -35.039  -49.368  81.507 0.0000000000
55893  -33.592  -50.232  82.125 0.0000000000
55928  -32.903  -49.728  80.491 0.0000000000
55958  -30.902  -50.240  78.457 0.0000000000
55969  -29.586  -50.972  77.337 0.0000000000
54854  -27.227  -51.006  74.784 0.0000000000
56005  -28.240  -49.831  75.246 0.0000000000
62579  -36.561  -44.004  74.888 0.0000000000
63853  -35.635  -43.653  72.743 0.0000000000
59209  -47.002  -47.792  79.607 0.0000000000
57104  -47.086  -49.410  78.724 0.0000000000
59232  -46.417  -48.097  77.741 0.0000000000
59245  -46.636  -48.089  76.660 0.0000000000
59260  -47.914  -47.911  75.739 0.0000000000
67566  -49.777  -40.792  72.994 0.0000000000
65113  -49.676  -42.386  73.212 0.0000000000
65114  -50.803  -42.382  73.966 0.0000000000
63804  -52.582  -43.853  75.036 0.0000000000
62608  -52.573  -44.967  73.695 0.0000000000
63899  -50.692  -43.612  70.927 0.0000000000
63864  -52.584  -44.076  72.265 0.0000000000
63879  -52.933  -43.850  71.498 0.0000000000
62653  -54.500  -44.022  70.998 0.0000000000
71192  -53.185  -37.628  72.246 0.0000000000
67590  -53.318  -40.029  72.403 0.0000000000
67614  -52.127  -40.070  71.697 0.0000000000
45730  -19.970  -59.415  89.320 0.0000000000
45771  -19.552  -58.926  87.591 0.0000000000
45772  -20.538  -59.191  87.598 0.0000000000
46896  -20.584  -58.577  85.405 0.0000000000
46936  -20.513  -58.451  83.513 0.0000000000
45906  -23.485  -59.846  77.503 0.0000000000
45905  -22.870  -59.108  77.780 0.0000000000
45928  -22.650  -59.570  75.642 0.0000000000
44735  -22.077  -61.160  73.801 0.0000000000
41235  -21.824  -63.688  73.594 0.0000000000
39111  -22.177  -65.590  73.223 0.0000000000
39135  -21.819  -65.366  72.171 0.0000000000
48129  -28.167  -57.201  80.728 0.0000000000
46977  -27.267  -58.435  80.271 0.0000000000
46988  -26.794  -58.091  79.449 0.0000000000
45907  -25.795  -59.060  76.448 0.0000000000
47062  -25.790  -59.364  74.272 0.0000000000
62580  -39.599  -43.784  75.093 0.0000000000
62599  -40.822  -44.041  73.432 0.0000000000
62563  -41.062  -44.512  75.444 0.0000000000
61400  -41.640  -45.068  76.118 0.0000000000
61392  -42.236  -45.682  76.629 0.0000000000
62491  -41.445  -44.336  79.661 0.0000000000
61360  -42.532  -45.530  78.669 0.0000000000
60289  -42.805  -46.322  77.113 0.0000000000
60290  -43.380  -46.930  77.599 0.0000000000
59218  -43.931  -47.420  78.959 0.0000000000
58150  -44.758  -49.008  79.465 0.0000000000
54666  -37.350  -51.446  87.259 0.0000000000
53506  -36.375  -52.644  86.129 0.0000000000
54700  -37.352  -51.259  86.106 0.0000000000
55858  -37.445  -50.265  84.974 0.0000000000
55877  -36.757  -49.921  83.667 0.0000000000
57006  -39.108  -49.524  83.919 0.0000000000
55898  -38.210  -49.688  83.235 0.0000000000
57019  -36.713  -49.341  81.929 0.0000000000
57033  -35.706  -49.114  81.026 0.0000000000
57102  -34.852  -48.281  78.979 0.0000000000
58172  -33.421  -47.967  77.326 0.0000000000
58197  -32.756  -47.831  76.093 0.0000000000
59227  -34.817  -47.352  77.376 0.0000000000
60300  -35.181  -46.340  76.522 0.0000000000
61389  -35.867  -45.863  76.649 0.0000000000
61344  -37.324  -45.906  79.354 0.0000000000
62506  -36.909  -44.938  78.015 0.0000000000
62545  -36.808  -44.389  76.422 0.0000000000
63787  -37.570  -43.824  76.321 0.0000000000
63800  -38.806  -43.622  75.175 0.0000000000
68732  -53.741  -39.444  74.655 0.0000000000
72209  -53.915  -36.555  74.957 0.0000000000
72226  -54.243  -36.406  74.580 0.0000000000
71159  -54.319  -37.086  73.688 0.0000000000
73347  -54.316  -35.316  73.598 0.0000000000
74472  -53.787  -34.482  72.931 0.0000000000
44575  -23.626  -60.087  87.261 0.0000000000
45806  -23.370  -59.758  86.053 0.0000000000
44605  -24.176  -60.097  85.413 0.0000000000
45835  -24.246  -59.992  83.209 0.0000000000
44626  -24.507  -60.383  82.546 0.0000000000
43396  -25.909  -61.610  83.401 0.0000000000
43406  -25.207  -61.185  81.945 0.0000000000
44655  -23.900  -60.420  79.811 0.0000000000
44687  -23.971  -60.739  77.172 0.0000000000
44710  -24.487  -61.360  75.688 0.0000000000
43497  -24.786  -61.562  74.454 0.0000000000
62617  -41.501  -44.955  72.006 0.0000000000
61469  -41.366  -46.464  70.980 0.0000000000
59292  -43.056  -47.815  72.756 0.0000000000
60396  -43.064  -46.887  69.363 0.0000000000
60397  -43.629  -46.365  69.611 0.0000000000
43380  -32.179  -60.499  86.872 0.0000000000
44594  -29.695  -60.571  85.246 0.0000000000
45807  -32.133  -59.556  85.591 0.0000000000
45823  -30.713  -59.156  84.571 0.0000000000
46940  -30.933  -58.177  83.668 0.0000000000
48095  -33.709  -57.124  84.588 0.0000000000
48106  -31.226  -57.556  83.285 0.0000000000
48113  -30.351  -57.288  82.651 0.0000000000
48130  -28.734  -56.626  81.007 0.0000000000
50280  -28.442  -55.644  79.730 0.0000000000
50300  -28.048  -55.040  78.280 0.0000000000
53521  -35.908  -52.896  85.613 0.0000000000
52388  -34.426  -53.502  84.233 0.0000000000
52404  -33.425  -53.496  83.199 0.0000000000
54753  -33.011  -51.511  82.390 0.0000000000
53553  -32.138  -52.638  81.543 0.0000000000
51316  -31.148  -53.919  81.168 0.0000000000
51328  -29.913  -53.891  79.674 0.0000000000
51347  -28.336  -54.247  77.885 0.0000000000
59280  -32.016  -46.824  74.044 0.0000000000
61234  -41.613  -45.149  87.360 0.0000000000
63631  -41.257  -43.497  86.615 0.0000000000
44513  -20.531  -59.869  90.360 0.0000000000
44549  -23.848  -60.165  88.896 0.0000000000
44550  -25.049  -60.593  88.754 0.0000000000
43331  -26.126  -60.939  89.212 0.0000000000
42158  -27.958  -61.534  87.897 0.0000000000
41099  -29.535  -61.545  88.022 0.0000000000
42178  -31.034  -61.274  88.065 0.0000000000
43347  -32.265  -60.715  88.202 0.0000000000
43349  -33.456  -59.963  87.790 0.0000000000
44553  -34.445  -59.246  87.968 0.0000000000
45793  -35.082  -58.302  87.828 0.0000000000
48023  -35.278  -57.139  89.387 0.0000000000
48037  -35.640  -57.321  88.327 0.0000000000
50154  -35.963  -56.008  88.214 0.0000000000
52331  -35.800  -54.685  88.532 0.0000000000
53463  -35.633  -52.907  88.228 0.0000000000
54652  -36.323  -51.734  88.045 0.0000000000
54653  -37.817  -50.865  88.130 0.0000000000
54654  -39.082  -50.422  88.159 0.0000000000
60180  -41.454  -46.093  87.476 0.0000000000
66196  -41.873  -41.981  86.419 0.0000000000
64956  -43.334  -42.333  84.163 0.0000000000
63686  -43.680  -42.908  83.438 0.0000000000
66200  -45.691  -41.160  86.067 0.0000000000
63663  -45.188  -42.846  84.124 0.0000000000
63708  -44.456  -43.788  82.891 0.0000000000
61305  -45.431  -45.925  81.964 0.0000000000
59180  -45.277  -47.714  80.977 0.0000000000
57061  -45.327  -49.594  80.124 0.0000000000
59170  -46.962  -47.532  82.094 0.0000000000
57038  -46.449  -49.814  81.054 0.0000000000
55947  -45.447  -50.882  79.303 0.0000000000
53595  -45.379  -52.155  77.625 0.0000000000
53628  -45.369  -52.191  76.110 0.0000000000
54874  -45.677  -51.765  74.005 0.0000000000
55978  -47.455  -50.489  76.931 0.0000000000
54862  -47.032  -50.788  75.022 0.0000000000
56038  -45.821  -50.734  72.754 0.0000000000
58254  -45.277  -49.289  71.552 0.0000000000
59322  -45.390  -47.694  71.203 0.0000000000
61470  -44.826  -45.825  70.328 0.0000000000
60330  -47.282  -46.316  74.988 0.0000000000
60332  -48.588  -46.657  75.271 0.0000000000
62606  -49.399  -43.983  74.062 0.0000000000
60318  -50.190  -46.958  75.447 0.0000000000
58214  -49.902  -48.141  74.552 0.0000000000
60354  -48.011  -47.004  72.553 0.0000000000
61472  -46.480  -45.818  71.149 0.0000000000
62667  -45.181  -44.750  69.867 0.0000000000
63933  -45.656  -43.717  69.108 0.0000000000
65181  -45.844  -42.604  67.704 0.0000000000
65204  -46.444  -41.898  66.825 0.0000000000
63919  -49.786  -43.388  70.083 0.0000000000
65183  -48.404  -42.207  67.664 0.0000000000
66506  -47.398  -41.556  66.400 0.0000000000
65102  -55.098  -41.754  73.585 0.0000000000
63865  -55.494  -43.168  72.605 0.0000000000
63903  -55.088  -43.823  70.077 0.0000000000
65136  -55.087  -42.100  71.301 0.0000000000
63882  -56.530  -43.100  70.281 0.0000000000
63941  -54.431  -43.303  68.821 0.0000000000
45785  -18.350  -58.593  86.831 0.0000000000
45821  -22.439  -59.056  84.571 0.0000000000
46937  -21.327  -58.587  82.916 0.0000000000
46962  -21.030  -58.229  81.308 0.0000000000
47000  -21.580  -58.213  78.487 0.0000000000
48138  -21.000  -57.977  78.614 0.0000000000
48136  -19.572  -57.748  79.222 0.0000000000
45903  -18.979  -59.358  77.600 0.0000000000
44608  -28.971  -60.652  84.598 0.0000000000
43408  -27.441  -61.420  82.581 0.0000000000
42251  -26.687  -61.784  80.177 0.0000000000
45865  -26.968  -60.495  79.757 0.0000000000
43457  -26.856  -61.347  78.521 0.0000000000
42286  -26.515  -62.022  77.981 0.0000000000
42309  -26.072  -62.319  75.815 0.0000000000
43498  -25.498  -61.779  74.569 0.0000000000
41272  -23.680  -62.380  71.458 0.0000000000
48249  -24.911  -58.420  71.712 0.0000000000
46031  -24.967  -59.302  70.849 0.0000000000
44815  -24.118  -60.218  70.820 0.0000000000
43560  -23.630  -61.278  70.800 0.0000000000
42372  -22.571  -62.207  70.733 0.0000000000
41297  -22.382  -62.845  71.056 0.0000000000
63644  -40.280  -43.612  84.987 0.0000000000
63645  -40.736  -43.535  85.692 0.0000000000
61251  -40.310  -45.707  85.842 0.0000000000
62396  -40.321  -44.898  85.835 0.0000000000
61500  -43.179  -45.361  68.836 0.0000000000
62676  -42.760  -44.769  68.304 0.0000000000
62677  -43.446  -44.655  68.626 0.0000000000
62687  -43.196  -43.978  68.102 0.0000000000
63931  -44.125  -44.101  68.643 0.0000000000
42192  -30.242  -61.337  87.069 0.0000000000
42204  -29.306  -61.377  86.096 0.0000000000
42205  -30.188  -61.170  86.569 0.0000000000
63857  -39.341  -43.481  71.858 0.0000000000
63840  -40.119  -43.696  72.621 0.0000000000
55991  -44.439  -51.085  75.827 0.0000000000
53492  -36.316  -52.837  86.546 0.0000000000
57127  -32.205  -48.483  76.529 0.0000000000
57115  -32.218  -48.710  77.280 0.0000000000
63856  -38.415  -43.233  72.124 0.0000000000
63873  -38.533  -43.415  71.047 0.0000000000
68749  -52.732  -39.700  74.604 0.0000000000
67545  -52.432  -40.345  74.527 0.0000000000
67524  -52.950  -40.643  74.722 0.0000000000
67525  -53.558  -40.477  74.712 0.0000000000
45774  -22.146  -59.959  88.035 0.0000000000
45789  -22.603  -59.714  87.010 0.0000000000
43524  -23.939  -61.811  72.724 0.0000000000
43523  -23.247  -62.006  72.751 0.0000000000
42336  -23.342  -62.524  72.329 0.0000000000
40196  -22.802  -63.822  71.840 0.0000000000
50298  -26.865  -55.809  77.803 0.0000000000
49289  -25.869  -56.631  77.058 0.0000000000
49299  -25.584  -56.500  76.442 0.0000000000
62489  -39.026  -43.757  78.926 0.0000000000
62509  -40.240  -43.930  78.267 0.0000000000
62490  -40.265  -43.968  79.355 0.0000000000
62428  -43.117  -43.799  82.062 0.0000000000
62476  -43.119  -44.447  80.900 0.0000000000
54669  -39.869  -50.181  87.315 0.0000000000
55825  -39.530  -50.414  86.467 0.0000000000
55826  -40.011  -50.100  86.889 0.0000000000
59178  -38.370  -48.196  81.277 0.0000000000
58117  -38.206  -48.734  81.386 0.0000000000
59206  -37.682  -48.067  80.168 0.0000000000
58149  -37.589  -48.271  80.268 0.0000000000
59217  -36.999  -47.582  78.851 0.0000000000
59192  -37.731  -47.373  80.046 0.0000000000
44592  -25.597  -61.137  86.162 0.0000000000
42240  -26.475  -62.122  81.407 0.0000000000
42249  -25.863  -62.263  80.685 0.0000000000
42267  -26.009  -62.460  79.609 0.0000000000
42284  -25.492  -62.460  78.930 0.0000000000
42285  -26.069  -62.438  78.548 0.0000000000
54884  -41.972  -51.667  71.986 0.0000000000
56036  -41.784  -51.239  71.806 0.0000000000
54915  -44.132  -51.658  71.327 0.0000000000
56078  -43.203  -51.041  70.111 0.0000000000
57214  -43.824  -49.738  70.552 0.0000000000
56051  -44.766  -50.772  71.592 0.0000000000
45811  -34.604  -58.337  86.920 0.0000000000
45810  -34.248  -58.684  86.523 0.0000000000
46903  -34.718  -57.814  86.406 0.0000000000
50252  -33.429  -55.123  83.559 0.0000000000
49233  -32.918  -55.681  83.324 0.0000000000
50251  -32.500  -55.282  82.922 0.0000000000
50262  -31.451  -55.321  82.284 0.0000000000
55876  -35.675  -50.088  83.578 0.0000000000
54738  -35.262  -50.885  84.273 0.0000000000
54801  -30.010  -51.759  78.237 0.0000000000
54787  -30.330  -51.990  78.898 0.0000000000
53594  -29.309  -52.286  77.510 0.0000000000
52457  -29.141  -52.912  77.795 0.0000000000
53608  -28.261  -52.269  76.397 0.0000000000
61415  -34.873  -45.314  75.022 0.0000000000
62576  -34.575  -45.138  74.485 0.0000000000
62417  -46.665  -44.543  83.154 0.0000000000
59210  -47.377  -47.921  80.307 0.0000000000
60265  -47.798  -46.824  80.864 0.0000000000
58138  -47.513  -48.888  80.880 0.0000000000
55949  -47.236  -50.855  79.718 0.0000000000
57086  -47.372  -50.180  79.507 0.0000000000
58187  -48.486  -49.021  75.652 0.0000000000
57141  -48.554  -49.202  75.334 0.0000000000
57156  -48.698  -49.196  74.735 0.0000000000
58226  -48.444  -48.705  73.655 0.0000000000
57157  -49.375  -48.537  74.641 0.0000000000
67588  -47.849  -40.339  71.867 0.0000000000
65127  -47.751  -42.156  72.382 0.0000000000
63860  -47.305  -42.963  72.680 0.0000000000
63861  -48.250  -42.855  72.833 0.0000000000
61448  -50.961  -45.485  73.327 0.0000000000
61435  -51.486  -45.995  74.000 0.0000000000
62619  -50.373  -45.134  72.836 0.0000000000
62618  -49.786  -45.429  72.716 0.0000000000
62633  -49.271  -44.778  72.005 0.0000000000
62652  -48.835  -44.259  71.281 0.0000000000
63876  -49.884  -44.213  71.812 0.0000000000
63922  -53.203  -43.571  69.662 0.0000000000
63938  -51.195  -43.140  69.120 0.0000000000
63939  -52.285  -43.259  69.013 0.0000000000
65167  -52.507  -42.923  68.315 0.0000000000
68785  -54.305  -39.388  73.026 0.0000000000
45750  -18.837  -58.957  88.471 0.0000000000
46948  -19.735  -58.153  82.487 0.0000000000
46935  -19.250  -58.139  83.462 0.0000000000
46960  -19.097  -58.010  81.610 0.0000000000
46972  -18.560  -57.869  80.839 0.0000000000
45854  -23.317  -59.561  81.416 0.0000000000
45853  -22.753  -59.115  81.023 0.0000000000
40147  -21.679  -64.721  74.663 0.0000000000
46952  -29.109  -58.593  82.872 0.0000000000
45848  -29.020  -59.220  83.311 0.0000000000
46951  -28.357  -58.684  82.217 0.0000000000
45945  -26.251  -59.822  74.450 0.0000000000
45931  -26.518  -60.256  74.875 0.0000000000
45946  -26.391  -60.088  74.071 0.0000000000
44737  -26.269  -60.631  73.638 0.0000000000
44790  -25.601  -60.357  72.434 0.0000000000
62426  -39.447  -44.109  82.343 0.0000000000
62427  -40.213  -43.832  82.072 0.0000000000
63704  -40.366  -43.662  82.637 0.0000000000
63661  -41.377  -42.796  84.120 0.0000000000
63684  -41.508  -42.946  83.478 0.0000000000
63685  -42.573  -42.854  83.267 0.0000000000
59118  -41.048  -47.953  86.872 0.0000000000
59133  -40.776  -48.186  86.398 0.0000000000
60201  -39.399  -46.637  84.633 0.0000000000
60215  -38.768  -46.651  83.543 0.0000000000
59160  -38.888  -47.636  82.891 0.0000000000
61268  -38.340  -45.794  82.853 0.0000000000
62414  -39.188  -44.287  83.368 0.0000000000
62413  -38.618  -44.798  83.088 0.0000000000
62694  -41.202  -44.433  66.566 0.0000000000
63962  -43.916  -43.034  67.247 0.0000000000
65203  -45.025  -42.457  67.064 0.0000000000
42175  -27.924  -61.823  86.965 0.0000000000
42188  -27.227  -61.821  85.677 0.0000000000
42189  -27.819  -61.793  86.042 0.0000000000
42214  -27.760  -61.730  84.327 0.0000000000
42224  -27.254  -61.869  83.292 0.0000000000
43398  -27.574  -61.483  83.343 0.0000000000
62647  -40.316  -44.854  70.424 0.0000000000
59257  -44.091  -47.620  76.065 0.0000000000
59258  -44.389  -48.531  75.589 0.0000000000
57154  -44.119  -50.026  74.537 0.0000000000
58213  -44.202  -49.297  74.613 0.0000000000
56026  -43.251  -50.844  73.352 0.0000000000
54872  -43.021  -51.313  72.984 0.0000000000
54873  -43.352  -51.655  73.315 0.0000000000
53639  -44.164  -51.945  74.645 0.0000000000
53653  -43.864  -52.101  74.031 0.0000000000
50164  -35.957  -56.093  87.672 0.0000000000
49174  -35.725  -56.214  86.860 0.0000000000
51248  -35.684  -54.557  85.873 0.0000000000
50228  -35.387  -54.945  85.671 0.0000000000
50243  -34.735  -54.627  84.860 0.0000000000
50242  -34.204  -55.178  84.407 0.0000000000
51284  -34.493  -54.205  84.392 0.0000000000
57032  -34.624  -49.231  80.961 0.0000000000
57031  -33.800  -49.290  80.612 0.0000000000
57098  -31.078  -49.715  78.000 0.0000000000
57077  -31.441  -49.786  78.700 0.0000000000
57097  -30.606  -50.231  77.941 0.0000000000
55970  -30.069  -50.494  77.514 0.0000000000
55975  -29.430  -50.484  76.835 0.0000000000
57123  -28.963  -50.226  76.269 0.0000000000
57136  -28.875  -49.733  75.750 0.0000000000
63815  -36.198  -43.948  74.278 0.0000000000
63836  -36.371  -43.629  73.519 0.0000000000
60284  -46.641  -46.741  78.993 0.0000000000
59221  -46.584  -47.602  78.777 0.0000000000
60304  -46.203  -46.839  76.463 0.0000000000
60305  -46.672  -47.452  76.128 0.0000000000
59259  -47.105  -47.802  76.011 0.0000000000
60315  -46.975  -46.917  75.493 0.0000000000
69977  -50.648  -38.693  73.505 0.0000000000
71157  -50.376  -37.662  73.197 0.0000000000
67567  -50.540  -40.497  73.481 0.0000000000
66404  -50.291  -41.483  73.396 0.0000000000
65100  -52.509  -42.204  74.725 0.0000000000
63825  -52.370  -42.962  74.811 0.0000000000
62569  -52.974  -44.576  75.074 0.0000000000
61426  -52.874  -45.078  74.587 0.0000000000
61437  -52.906  -45.096  74.123 0.0000000000
63863  -52.154  -44.249  72.579 0.0000000000
62609  -53.479  -44.566  73.855 0.0000000000
62610  -54.428  -43.802  73.494 0.0000000000
62622  -53.924  -44.115  72.817 0.0000000000
62637  -54.140  -44.033  71.754 0.0000000000
63880  -53.787  -43.915  70.997 0.0000000000
70008  -52.833  -38.537  72.157 0.0000000000
45731  -20.719  -59.746  89.397 0.0000000000
45751  -19.790  -59.162  88.484 0.0000000000
45803  -20.532  -58.611  85.761 0.0000000000
46920  -20.567  -58.548  84.779 0.0000000000
45820  -21.405  -58.746  84.158 0.0000000000
45916  -23.474  -60.013  76.448 0.0000000000
43509  -22.596  -61.798  73.172 0.0000000000
44721  -22.527  -60.522  74.269 0.0000000000
43508  -21.747  -61.907  73.565 0.0000000000
42324  -22.052  -62.756  73.165 0.0000000000
39136  -22.226  -65.263  72.451 0.0000000000
40171  -22.495  -64.420  72.513 0.0000000000
41268  -20.149  -63.978  71.352 0.0000000000
40192  -19.523  -64.438  71.633 0.0000000000
48139  -27.405  -57.254  79.893 0.0000000000
48128  -27.606  -57.698  80.394 0.0000000000
48150  -26.948  -57.234  79.243 0.0000000000
48192  -25.154  -57.844  75.820 0.0000000000
48167  -25.779  -57.906  77.245 0.0000000000
47034  -25.497  -58.548  76.152 0.0000000000
45917  -25.861  -59.340  75.903 0.0000000000
47061  -25.005  -58.679  74.077 0.0000000000
62581  -40.359  -43.974  74.565 0.0000000000
62562  -40.150  -44.060  75.745 0.0000000000
62532  -40.980  -44.501  77.657 0.0000000000
62474  -41.339  -44.140  80.580 0.0000000000
62492  -41.935  -44.392  80.125 0.0000000000
61377  -42.254  -45.716  77.625 0.0000000000
60281  -42.909  -46.292  78.054 0.0000000000
60275  -44.209  -46.887  79.759 0.0000000000
59208  -44.393  -47.649  79.637 0.0000000000
59219  -44.277  -48.275  78.740 0.0000000000
54681  -37.457  -51.392  86.627 0.0000000000
54682  -38.444  -50.869  86.863 0.0000000000
55859  -38.372  -50.072  85.027 0.0000000000
55878  -37.541  -49.834  83.896 0.0000000000
58083  -40.094  -49.035  84.943 0.0000000000
58095  -39.509  -49.439  84.519 0.0000000000
57036  -38.045  -49.168  81.593 0.0000000000
57021  -38.148  -49.529  82.411 0.0000000000
57020  -37.525  -49.455  82.123 0.0000000000
55897  -37.586  -49.719  82.939 0.0000000000
57018  -35.797  -49.322  81.723 0.0000000000
57034  -36.601  -49.165  81.181 0.0000000000
58146  -35.676  -48.326  79.144 0.0000000000
57081  -35.363  -48.655  79.674 0.0000000000
58159  -34.517  -48.008  78.300 0.0000000000
58173  -34.201  -47.696  77.527 0.0000000000
58174  -35.073  -47.751  78.041 0.0000000000
60279  -36.532  -47.113  78.082 0.0000000000
60286  -35.413  -46.836  77.186 0.0000000000
60287  -36.107  -46.545  77.418 0.0000000000
61374  -36.209  -46.110  77.194 0.0000000000
61327  -37.552  -45.851  79.997 0.0000000000
62507  -37.523  -44.307  78.236 0.0000000000
62487  -37.229  -44.992  78.827 0.0000000000
62528  -36.862  -44.784  77.205 0.0000000000
62546  -37.303  -44.202  76.890 0.0000000000
63786  -37.095  -43.907  75.818 0.0000000000
62530  -39.483  -43.764  76.882 0.0000000000
63788  -38.671  -43.667  76.253 0.0000000000
62561  -39.393  -43.768  75.710 0.0000000000
73299  -54.221  -35.526  75.065 0.0000000000
73313  -54.469  -35.416  74.593 0.0000000000
72245  -54.402  -36.303  74.081 0.0000000000
74453  -54.532  -34.523  73.948 0.0000000000
74473  -54.205  -34.731  73.424 0.0000000000
73346  -53.934  -35.625  72.977 0.0000000000
75649  -54.249  -33.580  73.526 0.0000000000
44562  -24.296  -60.429  87.916 0.0000000000
44590  -24.080  -60.128  86.353 0.0000000000
44606  -24.781  -60.608  84.716 0.0000000000
44617  -24.581  -60.394  83.673 0.0000000000
43387  -26.556  -61.801  84.558 0.0000000000
43386  -25.962  -61.465  84.359 0.0000000000
42222  -26.316  -61.864  83.408 0.0000000000
43415  -25.066  -61.475  80.996 0.0000000000
44644  -24.487  -61.031  80.445 0.0000000000
44656  -24.411  -61.364  79.468 0.0000000000
44674  -23.922  -60.640  78.497 0.0000000000
44675  -24.487  -61.669  78.655 0.0000000000
43466  -25.335  -62.127  77.193 0.0000000000
44699  -24.555  -61.452  76.674 0.0000000000
44723  -24.394  -61.250  74.821 0.0000000000
43486  -24.955  -61.799  75.173 0.0000000000
62616  -40.920  -44.267  72.321 0.0000000000
62600  -41.670  -44.726  73.078 0.0000000000
61444  -42.405  -46.078  72.354 0.0000000000
61455  -41.731  -45.820  71.541 0.0000000000
61456  -42.164  -46.614  71.843 0.0000000000
59281  -43.654  -47.840  73.682 0.0000000000
58240  -42.980  -48.544  72.665 0.0000000000
56048  -41.057  -50.984  71.065 0.0000000000
53708  -42.219  -52.224  69.768 0.0000000000
58304  -42.130  -48.464  68.910 0.0000000000
59337  -42.739  -47.833  69.315 0.0000000000
59338  -43.672  -47.530  70.010 0.0000000000
59339  -44.225  -47.126  70.284 0.0000000000
44578  -32.655  -60.349  87.002 0.0000000000
44596  -32.425  -60.105  86.323 0.0000000000
45825  -32.570  -58.874  85.254 0.0000000000
45824  -31.542  -59.157  84.992 0.0000000000
46922  -31.304  -58.576  84.263 0.0000000000
46921  -30.604  -58.686  84.037 0.0000000000
48096  -34.419  -57.105  85.326 0.0000000000
48115  -31.902  -56.600  83.064 0.0000000000
48107  -32.222  -57.133  83.480 0.0000000000
48114  -31.397  -56.912  82.937 0.0000000000
48119  -30.051  -56.599  82.032 0.0000000000
48118  -29.245  -56.902  81.661 0.0000000000
50281  -29.001  -55.339  80.098 0.0000000000
50272  -29.646  -55.517  81.112 0.0000000000
50285  -28.139  -55.548  79.112 0.0000000000
54699  -36.610  -51.861  85.817 0.0000000000
53532  -34.331  -52.577  84.092 0.0000000000
53533  -34.811  -52.975  84.542 0.0000000000
52405  -33.942  -53.473  83.762 0.0000000000
54764  -32.906  -50.742  81.689 0.0000000000
54763  -32.323  -51.629  81.479 0.0000000000
53561  -31.262  -52.477  80.477 0.0000000000
53562  -31.781  -52.233  81.037 0.0000000000
53552  -31.610  -52.842  80.991 0.0000000000
52415  -32.311  -53.424  81.908 0.0000000000
52425  -31.056  -53.316  80.687 0.0000000000
52424  -30.464  -53.460  80.132 0.0000000000
51359  -28.005  -53.685  77.167 0.0000000000
51334  -29.182  -54.064  78.834 0.0000000000
51358  -27.372  -54.346  77.007 0.0000000000
59255  -33.063  -47.366  75.823 0.0000000000
59269  -32.182  -47.436  74.844 0.0000000000
59270  -32.972  -46.849  75.006 0.0000000000
44512  -19.879  -59.569  90.454 0.0000000000
44535  -24.222  -60.118  89.817 0.0000000000
43348  -32.912  -60.392  87.907 0.0000000000
43336  -33.386  -60.109  88.142 0.0000000000
45775  -34.780  -58.760  87.907 0.0000000000
45761  -35.134  -58.314  88.322 0.0000000000
49113  -35.237  -56.341  89.845 0.0000000000
48024  -35.592  -57.252  88.872 0.0000000000
49129  -35.792  -56.647  88.593 0.0000000000
50153  -35.826  -55.915  88.856 0.0000000000
51203  -35.779  -55.130  89.007 0.0000000000
52330  -35.604  -54.058  88.766 0.0000000000
53449  -35.286  -52.949  88.935 0.0000000000
54637  -35.571  -51.804  88.998 0.0000000000
54638  -36.811  -50.720  89.257 0.0000000000
54639  -38.297  -50.302  88.768 0.0000000000
55784  -38.945  -49.778  88.972 0.0000000000
55800  -39.674  -50.036  88.218 0.0000000000
61243  -41.542  -45.679  87.463 0.0000000000
64893  -41.891  -42.836  87.686 0.0000000000
64901  -41.815  -42.469  86.970 0.0000000000
66180  -42.111  -41.828  86.678 0.0000000000
66214  -43.312  -41.500  85.489 0.0000000000
64929  -43.607  -41.882  84.762 0.0000000000
63662  -44.258  -42.581  84.100 0.0000000000
63664  -45.975  -43.034  84.169 0.0000000000
64931  -45.503  -42.317  84.685 0.0000000000
63687  -44.801  -43.325  83.538 0.0000000000
62415  -45.332  -44.136  83.113 0.0000000000
62430  -45.101  -44.738  82.494 0.0000000000
62431  -45.775  -44.847  82.829 0.0000000000
60232  -46.203  -46.663  82.221 0.0000000000
60248  -45.664  -46.686  81.824 0.0000000000
59181  -45.682  -47.885  81.392 0.0000000000
59195  -45.358  -48.202  80.850 0.0000000000
58137  -45.698  -49.037  80.924 0.0000000000
61306  -48.164  -45.390  81.681 0.0000000000
61271  -47.440  -45.608  82.548 0.0000000000
60235  -47.583  -46.610  82.033 0.0000000000
55930  -46.614  -50.714  80.523 0.0000000000
55929  -46.096  -50.817  80.331 0.0000000000
57062  -45.779  -50.156  80.462 0.0000000000
55960  -45.638  -51.357  79.215 0.0000000000
54802  -45.536  -51.677  78.653 0.0000000000
54803  -45.813  -51.717  79.031 0.0000000000
53614  -46.023  -52.373  77.195 0.0000000000
53629  -46.070  -51.973  75.824 0.0000000000
53642  -45.922  -51.902  74.990 0.0000000000
57119  -47.098  -49.527  77.954 0.0000000000
57120  -47.412  -50.026  77.528 0.0000000000
56028  -47.467  -50.053  74.260 0.0000000000
56027  -46.918  -50.501  74.093 0.0000000000
56039  -46.328  -50.609  73.271 0.0000000000
57186  -46.272  -50.274  72.852 0.0000000000
57201  -45.925  -49.872  72.285 0.0000000000
59306  -46.727  -47.744  72.170 0.0000000000
59305  -46.045  -47.774  71.694 0.0000000000
60379  -44.779  -46.612  70.508 0.0000000000
60380  -45.741  -46.555  71.043 0.0000000000
62604  -47.472  -44.346  73.722 0.0000000000
62587  -47.053  -45.088  74.224 0.0000000000
61420  -47.644  -45.841  74.727 0.0000000000
60331  -47.940  -46.511  75.134 0.0000000000
61421  -48.878  -46.048  75.058 0.0000000000
63846  -50.114  -43.366  73.925 0.0000000000
63822  -50.049  -44.196  74.495 0.0000000000
60333  -51.090  -47.041  74.541 0.0000000000
60319  -50.986  -46.821  75.388 0.0000000000
59273  -50.838  -47.464  74.825 0.0000000000
59263  -50.575  -47.504  75.185 0.0000000000
59284  -50.376  -47.529  74.277 0.0000000000
59283  -49.557  -47.711  73.690 0.0000000000
59296  -49.346  -47.145  73.315 0.0000000000
62650  -47.188  -44.882  70.940 0.0000000000
62631  -47.703  -45.416  71.555 0.0000000000
61473  -46.955  -45.487  71.205 0.0000000000
62649  -45.971  -45.063  70.553 0.0000000000
62668  -46.234  -44.436  70.223 0.0000000000
63915  -45.865  -44.142  69.760 0.0000000000
63916  -46.475  -43.869  69.772 0.0000000000
63935  -47.927  -43.182  69.323 0.0000000000
63934  -46.863  -43.238  69.011 0.0000000000
63954  -46.694  -42.944  68.502 0.0000000000
65182  -47.060  -42.593  68.092 0.0000000000
63920  -50.940  -43.371  69.952 0.0000000000
65184  -49.743  -42.226  67.712 0.0000000000
65164  -49.280  -42.687  68.489 0.0000000000
65206  -48.092  -41.877  67.248 0.0000000000
68733  -54.240  -39.417  74.383 0.0000000000
67526  -54.118  -40.395  74.575 0.0000000000
67546  -54.565  -40.360  74.170 0.0000000000
65130  -55.457  -42.351  72.311 0.0000000000
65117  -55.306  -42.073  73.083 0.0000000000
63866  -55.844  -43.115  72.027 0.0000000000
62624  -55.627  -43.588  71.482 0.0000000000
66432  -53.168  -41.317  71.595 0.0000000000
66433  -54.034  -41.552  71.799 0.0000000000
65135  -54.669  -42.015  71.239 0.0000000000
63905  -56.559  -43.017  69.616 0.0000000000
63924  -55.252  -43.515  69.422 0.0000000000
45786  -19.251  -58.677  86.846 0.0000000000
45770  -18.579  -58.750  87.637 0.0000000000
46874  -19.068  -58.376  86.197 0.0000000000
46934  -18.187  -58.052  83.381 0.0000000000
46893  -17.949  -58.167  85.134 0.0000000000
46958  -17.241  -58.158  81.580 0.0000000000
45889  -18.060  -58.826  78.784 0.0000000000
44672  -17.669  -59.511  79.068 0.0000000000
44673  -18.121  -59.783  78.530 0.0000000000
43464  -18.842  -60.568  77.868 0.0000000000
45822  -23.396  -59.586  85.022 0.0000000000
45833  -22.266  -58.909  83.167 0.0000000000
46950  -21.690  -58.566  82.111 0.0000000000
46975  -21.261  -58.161  80.328 0.0000000000
47019  -22.241  -58.585  77.189 0.0000000000
47001  -22.249  -58.549  78.151 0.0000000000
47031  -20.265  -58.691  76.583 0.0000000000
48166  -20.856  -57.975  77.475 0.0000000000
48147  -20.516  -57.876  78.146 0.0000000000
48137  -20.420  -57.789  79.009 0.0000000000
48164  -19.563  -58.161  77.708 0.0000000000
46999  -19.210  -58.276  77.864 0.0000000000
47016  -19.430  -58.649  77.366 0.0000000000
39109  -21.021  -65.719  72.678 0.0000000000
37953  -21.495  -66.068  72.972 0.0000000000
44619  -29.170  -59.912  84.149 0.0000000000
45846  -27.678  -60.153  82.185 0.0000000000
44628  -27.802  -60.662  82.764 0.0000000000
44627  -27.462  -60.880  81.887 0.0000000000
43417  -27.158  -61.499  81.535 0.0000000000
43425  -26.950  -61.481  80.663 0.0000000000
45877  -26.843  -59.038  79.650 0.0000000000
45866  -26.970  -59.732  80.174 0.0000000000
45876  -26.785  -59.914  79.268 0.0000000000
43468  -26.909  -61.471  77.286 0.0000000000
42296  -26.618  -62.118  76.890 0.0000000000
42303  -26.166  -62.398  76.533 0.0000000000
42304  -26.521  -62.106  75.995 0.0000000000
43526  -25.257  -61.228  72.470 0.0000000000
43512  -25.414  -61.530  73.431 0.0000000000
43525  -24.678  -61.684  72.734 0.0000000000
42338  -24.616  -61.756  72.180 0.0000000000
47172  -24.815  -58.752  70.537 0.0000000000
47148  -25.145  -59.011  71.311 0.0000000000
46029  -23.871  -59.154  69.756 0.0000000000
44879  -20.491  -60.672  67.564 0.0000000000
44840  -22.253  -59.947  69.643 0.0000000000
44839  -21.160  -60.595  69.372 0.0000000000
44814  -23.115  -60.590  70.441 0.0000000000
43584  -21.728  -60.773  70.072 0.0000000000
42418  -19.329  -62.760  68.606 0.0000000000
43582  -20.389  -61.786  69.776 0.0000000000
43556  -20.594  -62.137  70.273 0.0000000000
42371  -21.770  -62.408  70.721 0.0000000000
42370  -20.825  -62.586  70.628 0.0000000000
63682  -39.753  -43.849  83.563 0.0000000000
63659  -39.988  -43.723  84.391 0.0000000000
63660  -40.785  -43.104  84.501 0.0000000000
60179  -41.271  -46.739  86.910 0.0000000000
60188  -39.828  -46.304  85.262 0.0000000000
61260  -39.196  -45.639  84.629 0.0000000000
61259  -38.803  -45.657  83.925 0.0000000000
62404  -39.282  -44.672  84.345 0.0000000000
61498  -41.878  -45.997  68.128 0.0000000000
61511  -42.016  -45.215  68.004 0.0000000000
62695  -42.022  -43.822  66.813 0.0000000000
63950  -43.231  -43.570  67.591 0.0000000000
42190  -28.666  -61.683  86.563 0.0000000000
43388  -28.451  -61.337  84.618 0.0000000000
62629  -40.899  -44.739  71.253 0.0000000000
59243  -44.380  -48.458  76.632 0.0000000000
58184  -44.612  -49.355  76.073 0.0000000000
57140  -44.450  -50.208  75.479 0.0000000000
56010  -44.144  -50.994  74.895 0.0000000000
54858  -43.917  -51.650  74.348 0.0000000000
54847  -44.570  -51.759  76.115 0.0000000000
51212  -35.970  -55.194  87.561 0.0000000000
50191  -35.746  -55.513  86.536 0.0000000000
51220  -35.965  -54.869  86.749 0.0000000000
52373  -35.627  -54.013  85.598 0.0000000000
57079  -33.151  -48.829  79.145 0.0000000000
57114  -31.260  -49.221  77.263 0.0000000000
57125  -30.462  -49.374  76.480 0.0000000000
57137  -29.716  -49.273  75.656 0.0000000000
57151  -29.863  -48.687  75.028 0.0000000000
63817  -38.079  -43.423  74.339 0.0000000000
63837  -37.287  -43.356  73.433 0.0000000000
63855  -37.445  -43.223  72.377 0.0000000000
68768  -51.539  -39.768  74.047 0.0000000000
67568  -51.198  -40.330  73.867 0.0000000000
67544  -51.792  -40.564  74.261 0.0000000000
66373  -52.865  -41.676  74.781 0.0000000000
63805  -53.395  -43.519  74.839 0.0000000000
63806  -53.965  -43.023  74.648 0.0000000000
63827  -54.454  -43.148  74.179 0.0000000000
45753  -21.401  -59.779  88.628 0.0000000000
45773  -21.452  -59.596  87.743 0.0000000000
44709  -23.958  -60.761  75.246 0.0000000000
45944  -23.559  -60.399  74.988 0.0000000000
44722  -23.598  -60.750  74.361 0.0000000000
40195  -22.369  -64.718  71.901 0.0000000000
41269  -21.174  -64.022  71.387 0.0000000000
49259  -26.939  -56.434  78.520 0.0000000000
48149  -26.667  -57.035  78.638 0.0000000000
49288  -25.512  -56.847  76.540 0.0000000000
48191  -24.727  -57.559  75.041 0.0000000000
62548  -40.100  -43.999  76.532 0.0000000000
62531  -40.222  -44.022  77.265 0.0000000000
62475  -42.430  -44.363  80.550 0.0000000000
61329  -42.821  -44.709  80.189 0.0000000000
61347  -43.278  -45.761  79.428 0.0000000000
60263  -43.979  -46.236  79.936 0.0000000000
61331  -44.386  -46.046  80.649 0.0000000000
54702  -39.066  -50.636  86.525 0.0000000000
55843  -39.199  -50.492  85.959 0.0000000000
55860  -39.053  -50.102  85.216 0.0000000000
59168  -38.924  -48.415  82.473 0.0000000000
58105  -39.160  -49.042  83.019 0.0000000000
58118  -38.603  -48.897  82.027 0.0000000000
57060  -37.653  -49.007  81.093 0.0000000000
57059  -37.208  -48.980  80.798 0.0000000000
58134  -37.011  -48.645  80.264 0.0000000000
58161  -36.175  -47.961  78.790 0.0000000000
58175  -35.625  -47.815  78.378 0.0000000000
60280  -36.851  -46.644  78.314 0.0000000000
62446  -38.399  -44.644  80.796 0.0000000000
62470  -37.536  -45.025  79.623 0.0000000000
63756  -37.971  -43.806  77.743 0.0000000000
63773  -37.909  -43.814  77.000 0.0000000000
63757  -38.600  -43.720  78.113 0.0000000000
44563  -25.269  -60.801  87.482 0.0000000000
44577  -25.347  -60.874  86.608 0.0000000000
43373  -25.439  -61.083  84.878 0.0000000000
42239  -26.099  -62.145  81.886 0.0000000000
42232  -26.246  -61.986  82.865 0.0000000000
42248  -25.413  -62.191  80.330 0.0000000000
43438  -24.883  -62.139  79.232 0.0000000000
61416  -41.834  -44.931  75.231 0.0000000000
62583  -42.056  -44.976  73.691 0.0000000000
60341  -42.848  -46.428  72.978 0.0000000000
57184  -42.516  -49.780  72.332 0.0000000000
56049  -41.498  -50.657  71.422 0.0000000000
53692  -43.193  -52.191  70.745 0.0000000000
54927  -42.609  -51.723  69.758 0.0000000000
54928  -43.102  -51.677  70.262 0.0000000000
57227  -42.663  -49.790  69.467 0.0000000000
58287  -42.648  -49.027  69.440 0.0000000000
57228  -43.232  -49.758  70.002 0.0000000000
58269  -43.914  -48.723  70.461 0.0000000000
44580  -33.980  -59.345  87.048 0.0000000000
44597  -33.386  -59.502  86.432 0.0000000000
44598  -33.847  -59.141  86.491 0.0000000000
45826  -33.258  -58.739  85.517 0.0000000000
46924  -33.215  -58.124  84.968 0.0000000000
49222  -33.876  -56.161  84.379 0.0000000000
48109  -33.501  -56.584  84.108 0.0000000000
49221  -33.250  -56.121  83.695 0.0000000000
49232  -32.411  -56.171  83.167 0.0000000000
49231  -31.525  -56.174  82.695 0.0000000000
49241  -30.717  -56.152  82.264 0.0000000000
50261  -30.331  -55.422  81.583 0.0000000000
50273  -29.968  -54.878  80.830 0.0000000000
54719  -35.653  -51.415  84.699 0.0000000000
54718  -34.907  -51.688  84.358 0.0000000000
53531  -33.854  -52.212  83.524 0.0000000000
55926  -31.259  -51.237  79.936 0.0000000000
54773  -31.709  -51.506  80.608 0.0000000000
54788  -30.750  -51.746  79.450 0.0000000000
53574  -30.737  -52.447  79.834 0.0000000000
52447  -30.028  -52.930  79.025 0.0000000000
51335  -29.804  -53.415  79.126 0.0000000000
52446  -29.537  -53.114  78.536 0.0000000000
52456  -28.601  -53.367  77.459 0.0000000000
60310  -34.276  -46.248  75.609 0.0000000000
44551  -33.529  -59.973  88.431 0.0000000000
44541  -33.913  -59.669  88.590 0.0000000000
50142  -35.162  -55.535  90.255 0.0000000000
50147  -35.561  -55.758  89.518 0.0000000000
51187  -34.963  -54.634  90.484 0.0000000000
55782  -37.113  -50.246  90.257 0.0000000000
66171  -42.885  -41.228  87.867 0.0000000000
66181  -42.488  -41.550  87.090 0.0000000000
66182  -43.694  -40.910  86.963 0.0000000000
66199  -44.694  -41.210  85.962 0.0000000000
63689  -46.359  -43.762  83.618 0.0000000000
61269  -46.334  -45.150  82.845 0.0000000000
61286  -46.495  -45.755  82.675 0.0000000000
60233  -46.712  -46.447  82.500 0.0000000000
61333  -48.237  -45.765  81.102 0.0000000000
60266  -47.873  -46.582  81.245 0.0000000000
59183  -47.526  -47.260  81.597 0.0000000000
59171  -47.311  -47.556  81.809 0.0000000000
59182  -47.476  -47.995  81.364 0.0000000000
57040  -47.251  -49.757  81.024 0.0000000000
54776  -46.672  -51.062  80.208 0.0000000000
54804  -46.425  -51.847  78.968 0.0000000000
54791  -46.860  -51.359  79.748 0.0000000000
54805  -47.027  -51.515  78.900 0.0000000000
54818  -47.276  -51.348  77.748 0.0000000000
58185  -47.302  -48.939  76.648 0.0000000000
57130  -47.619  -49.641  76.593 0.0000000000
57131  -48.118  -49.436  75.874 0.0000000000
56013  -48.270  -49.655  75.064 0.0000000000
57188  -47.733  -48.971  73.365 0.0000000000
58242  -48.058  -48.326  73.172 0.0000000000
59294  -47.611  -47.779  72.623 0.0000000000
63843  -46.856  -43.654  73.149 0.0000000000
62605  -48.544  -44.217  73.857 0.0000000000
61408  -52.036  -45.861  75.291 0.0000000000
62567  -51.546  -45.219  75.375 0.0000000000
60321  -51.987  -46.282  75.047 0.0000000000
60345  -51.288  -46.626  74.330 0.0000000000
60357  -50.236  -46.633  73.540 0.0000000000
60356  -49.653  -46.563  73.220 0.0000000000
61446  -49.170  -45.831  72.601 0.0000000000
62632  -48.214  -45.134  71.655 0.0000000000
63896  -47.823  -44.283  70.766 0.0000000000
63897  -48.401  -43.998  70.780 0.0000000000
65165  -50.417  -42.754  68.455 0.0000000000
67547  -54.757  -40.431  73.723 0.0000000000
67570  -54.629  -40.377  73.317 0.0000000000
66422  -54.882  -41.363  72.770 0.0000000000
66435  -55.281  -42.060  72.090 0.0000000000
66457  -54.458  -41.939  69.896 0.0000000000
65153  -55.468  -42.053  70.113 0.0000000000
45769  -17.606  -58.720  87.574 0.0000000000
46894  -18.923  -58.182  85.329 0.0000000000
46959  -18.149  -57.938  81.566 0.0000000000
46982  -18.145  -58.207  79.425 0.0000000000
46997  -18.368  -58.325  78.893 0.0000000000
46976  -22.063  -58.461  79.972 0.0000000000
45927  -21.635  -59.619  75.226 0.0000000000
47046  -21.445  -58.910  75.771 0.0000000000
45914  -20.278  -59.468  76.036 0.0000000000
44706  -19.750  -60.843  76.091 0.0000000000
41220  -20.703  -63.569  75.555 0.0000000000
39074  -22.048  -65.441  74.799 0.0000000000
37902  -20.725  -66.365  73.976 0.0000000000
44620  -29.661  -59.547  84.235 0.0000000000
45847  -28.363  -59.643  82.847 0.0000000000
45855  -27.253  -60.003  81.233 0.0000000000
45908  -26.165  -59.652  76.882 0.0000000000
44700  -26.860  -60.731  76.527 0.0000000000
43488  -26.622  -61.624  75.225 0.0000000000
43513  -25.906  -61.079  73.161 0.0000000000
43542  -24.761  -61.171  71.770 0.0000000000
43630  -20.036  -61.584  67.713 0.0000000000
43629  -19.724  -62.003  68.006 0.0000000000
62448  -40.388  -43.945  81.403 0.0000000000
63722  -41.437  -43.632  82.012 0.0000000000
63723  -42.174  -43.562  82.160 0.0000000000
56970  -40.494  -49.515  87.095 0.0000000000
56969  -40.299  -49.756  86.678 0.0000000000
58068  -40.661  -48.891  86.499 0.0000000000
58067  -40.457  -49.016  85.787 0.0000000000
58082  -39.841  -48.817  84.424 0.0000000000
60202  -40.088  -47.618  85.090 0.0000000000
59148  -39.737  -48.208  84.396 0.0000000000
59161  -39.332  -48.358  83.377 0.0000000000
59167  -38.594  -47.786  81.965 0.0000000000
60246  -38.060  -46.941  81.159 0.0000000000
60262  -37.903  -47.084  80.479 0.0000000000
61302  -37.975  -45.631  81.135 0.0000000000
42157  -27.433  -61.639  87.390 0.0000000000
43361  -26.746  -61.591  86.162 0.0000000000
42212  -26.878  -61.983  84.342 0.0000000000
42202  -27.569  -62.003  85.111 0.0000000000
60313  -43.614  -46.842  75.514 0.0000000000
58212  -43.870  -49.055  74.015 0.0000000000
59272  -44.285  -48.785  74.806 0.0000000000
57170  -43.134  -49.865  73.074 0.0000000000
57169  -42.669  -50.347  72.606 0.0000000000
56025  -42.810  -50.844  72.802 0.0000000000
53663  -42.191  -52.029  72.085 0.0000000000
53690  -41.652  -52.493  70.571 0.0000000000
53664  -42.529  -52.208  72.206 0.0000000000
53665  -43.400  -52.171  72.687 0.0000000000
53679  -43.479  -52.264  71.487 0.0000000000
53680  -44.123  -52.105  71.839 0.0000000000
54887  -44.728  -51.838  72.563 0.0000000000
48062  -35.510  -56.947  87.013 0.0000000000
46904  -35.093  -57.482  86.902 0.0000000000
48077  -35.139  -57.036  86.425 0.0000000000
49190  -35.089  -56.667  86.047 0.0000000000
49207  -34.866  -56.311  85.561 0.0000000000
50211  -35.588  -55.253  86.072 0.0000000000
49208  -35.270  -55.606  85.771 0.0000000000
50226  -34.452  -55.900  84.914 0.0000000000
51296  -32.934  -54.305  82.945 0.0000000000
55894  -34.706  -49.704  82.281 0.0000000000
55911  -34.261  -49.616  81.637 0.0000000000
55910  -33.462  -49.861  81.251 0.0000000000
55927  -31.863  -50.375  80.137 0.0000000000
57054  -32.532  -49.455  79.714 0.0000000000
55946  -31.758  -49.845  79.381 0.0000000000
55945  -31.052  -50.662  79.203 0.0000000000
54814  -29.920  -51.138  77.788 0.0000000000
54828  -29.127  -51.181  76.897 0.0000000000
54827  -28.446  -51.335  76.332 0.0000000000
55974  -28.820  -50.730  76.458 0.0000000000
56004  -27.551  -50.376  74.817 0.0000000000
56020  -27.191  -49.999  74.248 0.0000000000
62578  -36.032  -44.371  74.833 0.0000000000
62598  -35.179  -44.414  73.949 0.0000000000
63814  -35.652  -44.292  74.262 0.0000000000
63835  -35.541  -44.005  73.590 0.0000000000
63869  -34.855  -43.591  72.118 0.0000000000
63870  -35.692  -43.416  71.817 0.0000000000
60277  -47.526  -46.884  80.401 0.0000000000
57085  -47.256  -49.590  79.273 0.0000000000
58151  -47.035  -48.681  79.355 0.0000000000
58164  -46.734  -48.798  78.351 0.0000000000
58177  -46.808  -48.922  77.389 0.0000000000
60291  -46.031  -46.671  77.531 0.0000000000
59244  -46.216  -47.440  77.267 0.0000000000
59246  -47.427  -48.356  76.200 0.0000000000
58199  -48.491  -48.290  75.631 0.0000000000
66419  -49.151  -41.342  72.685 0.0000000000
65128  -48.798  -42.192  72.721 0.0000000000
66403  -49.668  -41.583  72.996 0.0000000000
63847  -50.741  -43.174  74.251 0.0000000000
65115  -51.361  -41.867  74.174 0.0000000000
65098  -51.192  -43.083  74.460 0.0000000000
63803  -51.955  -44.442  75.215 0.0000000000
61409  -52.512  -45.348  75.071 0.0000000000
61436  -52.370  -45.440  74.209 0.0000000000
62620  -51.527  -44.735  73.071 0.0000000000
63877  -50.501  -43.969  71.751 0.0000000000
62635  -51.020  -44.232  72.281 0.0000000000
63878  -51.655  -43.887  71.945 0.0000000000
62636  -53.307  -44.082  72.276 0.0000000000
63901  -53.033  -43.655  70.492 0.0000000000
71175  -53.841  -37.520  72.714 0.0000000000
68784  -53.976  -39.362  72.745 0.0000000000
69991  -53.258  -38.767  72.384 0.0000000000
67615  -52.885  -40.404  72.034 0.0000000000
67635  -52.539  -41.170  71.313 0.0000000000
45787  -20.278  -58.796  86.494 0.0000000000
46895  -19.945  -58.397  85.621 0.0000000000
46961  -20.054  -58.077  81.506 0.0000000000
45875  -23.326  -59.714  79.230 0.0000000000
45892  -23.291  -59.665  78.349 0.0000000000
45915  -22.912  -59.214  76.764 0.0000000000
45943  -23.052  -60.123  74.874 0.0000000000
45942  -22.235  -59.999  74.831 0.0000000000
44734  -21.604  -61.404  74.035 0.0000000000
39110  -21.834  -65.804  72.716 0.0000000000
40193  -20.682  -64.783  71.975 0.0000000000
48117  -28.546  -57.828  81.799 0.0000000000
46965  -27.736  -58.560  81.223 0.0000000000
46978  -27.670  -57.953  80.646 0.0000000000
46987  -26.602  -58.972  79.057 0.0000000000
47003  -26.653  -57.613  79.030 0.0000000000
47021  -25.942  -58.585  77.661 0.0000000000
45930  -26.017  -59.678  75.049 0.0000000000
47081  -26.024  -59.631  73.820 0.0000000000
63818  -39.219  -43.494  74.165 0.0000000000
63819  -39.978  -43.651  73.567 0.0000000000
61401  -42.348  -45.534  75.619 0.0000000000
60302  -42.917  -46.206  76.104 0.0000000000
61376  -41.715  -45.047  78.127 0.0000000000
61345  -41.954  -44.619  79.461 0.0000000000
61359  -41.907  -44.758  79.028 0.0000000000
60282  -43.493  -46.877  78.481 0.0000000000
59229  -43.875  -47.579  78.125 0.0000000000
59230  -44.306  -48.448  77.711 0.0000000000
58163  -44.685  -49.494  78.354 0.0000000000
54665  -36.502  -52.107  87.419 0.0000000000
53493  -36.754  -52.074  86.644 0.0000000000
53507  -36.779  -51.966  86.396 0.0000000000
54701  -38.386  -50.800  86.338 0.0000000000
54721  -37.120  -51.039  85.622 0.0000000000
55857  -36.617  -50.415  84.572 0.0000000000
56995  -39.582  -49.815  85.181 0.0000000000
56994  -39.147  -49.787  84.654 0.0000000000
55880  -38.799  -49.801  84.400 0.0000000000
57022  -38.648  -49.425  82.853 0.0000000000
55899  -38.634  -49.622  83.653 0.0000000000
55896  -36.757  -49.617  82.776 0.0000000000
55895  -35.782  -49.601  82.573 0.0000000000
57056  -34.540  -48.945  80.177 0.0000000000
57058  -36.431  -48.839  80.447 0.0000000000
57080  -34.234  -48.631  79.431 0.0000000000
57101  -33.784  -48.385  78.520 0.0000000000
57116  -33.131  -48.389  77.686 0.0000000000
58171  -32.760  -48.252  76.957 0.0000000000
58181  -32.514  -48.158  76.293 0.0000000000
58182  -33.183  -47.771  76.606 0.0000000000
59239  -33.404  -47.481  76.407 0.0000000000
59256  -33.860  -46.819  75.994 0.0000000000
59228  -35.825  -47.439  77.925 0.0000000000
59241  -34.788  -46.903  76.840 0.0000000000
60299  -34.481  -46.648  76.305 0.0000000000
60311  -34.731  -46.237  76.079 0.0000000000
61398  -34.984  -45.785  75.794 0.0000000000
61399  -35.627  -45.285  75.896 0.0000000000
60261  -37.687  -46.828  79.997 0.0000000000
61358  -36.991  -45.863  78.529 0.0000000000
61375  -36.533  -45.844  77.557 0.0000000000
61390  -36.438  -45.158  76.811 0.0000000000
62544  -36.147  -44.927  76.157 0.0000000000
62559  -35.837  -44.809  75.406 0.0000000000
62560  -36.494  -44.301  75.551 0.0000000000
63798  -36.982  -43.843  75.247 0.0000000000
63799  -37.765  -43.663  75.390 0.0000000000
69946  -53.436  -38.496  74.737 0.0000000000
69947  -53.918  -38.443  74.603 0.0000000000
71117  -54.042  -37.417  74.543 0.0000000000
69962  -54.307  -38.377  74.203 0.0000000000
71136  -54.354  -37.294  74.116 0.0000000000
71176  -54.215  -37.374  73.237 0.0000000000
75609  -54.830  -33.423  75.022 0.0000000000
73329  -54.490  -35.380  74.054 0.0000000000
72264  -54.243  -36.257  73.519 0.0000000000
72263  -53.995  -36.672  72.989 0.0000000000
72284  -53.468  -36.534  72.501 0.0000000000
73366  -52.867  -35.756  72.189 0.0000000000
74471  -53.163  -34.174  72.400 0.0000000000
44561  -23.373  -60.124  88.192 0.0000000000
45790  -23.427  -59.898  86.668 0.0000000000
44616  -24.140  -60.035  84.508 0.0000000000
45845  -24.022  -59.799  82.867 0.0000000000
44634  -23.955  -60.049  81.863 0.0000000000
44643  -23.912  -60.223  80.884 0.0000000000
43395  -25.294  -61.040  82.988 0.0000000000
43407  -25.739  -61.721  82.415 0.0000000000
44635  -24.551  -60.715  81.434 0.0000000000
44688  -24.505  -61.547  77.749 0.0000000000
43496  -24.275  -61.267  74.102 0.0000000000
50317  -24.747  -55.925  74.989 0.0000000000
62630  -41.358  -45.202  71.499 0.0000000000
61443  -42.028  -45.324  72.524 0.0000000000
61454  -41.255  -45.348  71.219 0.0000000000
60377  -40.942  -46.799  70.571 0.0000000000
60342  -43.259  -46.982  73.393 0.0000000000
60353  -42.983  -47.055  72.829 0.0000000000
59291  -42.563  -47.830  72.272 0.0000000000
58239  -42.535  -48.616  72.227 0.0000000000
58253  -42.065  -48.625  71.731 0.0000000000
59304  -42.113  -47.836  71.780 0.0000000000
56091  -42.142  -51.103  69.106 0.0000000000
59356  -42.204  -47.674  68.829 0.0000000000
60413  -42.345  -46.762  68.737 0.0000000000
60414  -43.045  -46.009  69.063 0.0000000000
61485  -43.628  -45.435  69.197 0.0000000000
43379  -31.293  -60.705  86.698 0.0000000000
43378  -30.107  -60.882  85.927 0.0000000000
44595  -31.024  -60.093  85.550 0.0000000000
44610  -30.812  -59.570  84.994 0.0000000000
45838  -30.045  -59.129  84.180 0.0000000000
46939  -30.042  -58.443  83.392 0.0000000000
46953  -29.711  -58.022  82.823 0.0000000000
46926  -34.486  -57.631  85.740 0.0000000000
46925  -33.992  -57.782  85.330 0.0000000000
48094  -32.831  -57.574  84.177 0.0000000000
48108  -33.105  -56.882  83.859 0.0000000000
48093  -32.280  -57.758  83.951 0.0000000000
48105  -30.659  -57.883  83.220 0.0000000000
48112  -29.284  -57.767  82.387 0.0000000000
48140  -27.835  -56.734  80.115 0.0000000000
49240  -29.850  -56.035  81.591 0.0000000000
49256  -28.689  -55.956  80.434 0.0000000000
49261  -27.828  -56.077  79.454 0.0000000000
50284  -27.610  -55.830  78.757 0.0000000000
50299  -27.347  -55.646  78.160 0.0000000000
50308  -26.611  -55.589  77.209 0.0000000000
52364  -35.957  -53.824  85.954 0.0000000000
52372  -35.326  -53.635  85.185 0.0000000000
53520  -35.443  -52.657  84.949 0.0000000000
52389  -34.887  -53.536  84.703 0.0000000000
51285  -34.916  -54.089  84.894 0.0000000000
51298  -34.138  -53.983  83.941 0.0000000000
51297  -33.659  -54.156  83.552 0.0000000000
54754  -33.895  -50.616  82.950 0.0000000000
54736  -33.638  -51.628  83.172 0.0000000000
53545  -33.292  -52.579  82.959 0.0000000000
54752  -32.528  -52.125  81.910 0.0000000000
52403  -32.861  -53.434  82.569 0.0000000000
51306  -32.452  -54.022  82.297 0.0000000000
51305  -31.779  -54.222  81.779 0.0000000000
51315  -30.444  -54.083  80.567 0.0000000000
50282  -29.740  -54.538  80.119 0.0000000000
51333  -28.553  -54.780  78.635 0.0000000000
50309  -27.191  -55.079  77.405 0.0000000000
51368  -25.658  -55.220  75.625 0.0000000000
62597  -34.497  -44.726  73.808 0.0000000000
62387  -41.235  -44.723  86.751 0.0000000000
63630  -40.954  -44.059  86.372 0.0000000000
62378  -41.539  -44.316  87.246 0.0000000000
63618  -41.699  -43.562  87.462 0.0000000000
45717  -20.105  -59.599  89.945 0.0000000000
44531  -21.007  -59.926  89.736 0.0000000000
45732  -21.422  -59.908  89.309 0.0000000000
45733  -21.975  -60.000  89.426 0.0000000000
45755  -22.401  -59.931  89.082 0.0000000000
44548  -22.927  -59.934  88.940 0.0000000000
44534  -23.042  -60.052  89.815 0.0000000000
43345  -26.038  -61.257  87.994 0.0000000000
43332  -27.138  -61.454  88.441 0.0000000000
41098  -29.058  -61.593  87.621 0.0000000000
41113  -29.540  -61.542  87.510 0.0000000000
41123  -30.005  -61.459  87.399 0.0000000000
42177  -30.538  -61.326  87.547 0.0000000000
42194  -31.691  -60.926  87.972 0.0000000000
42193  -31.170  -61.016  87.378 0.0000000000
43363  -32.127  -60.630  87.436 0.0000000000
43364  -33.012  -60.205  87.420 0.0000000000
43365  -33.511  -59.826  87.404 0.0000000000
44564  -33.975  -59.562  87.676 0.0000000000
44565  -34.407  -59.088  87.584 0.0000000000
45792  -34.727  -58.488  87.440 0.0000000000
46850  -35.252  -58.005  88.618 0.0000000000
46865  -35.384  -57.951  88.077 0.0000000000
48051  -35.621  -57.220  87.750 0.0000000000
49145  -35.855  -56.679  88.015 0.0000000000
51204  -35.891  -55.217  88.378 0.0000000000
52341  -35.841  -54.064  87.844 0.0000000000
53464  -35.950  -52.807  87.660 0.0000000000
53435  -34.931  -52.628  89.848 0.0000000000
54651  -35.644  -52.314  88.473 0.0000000000
54655  -39.617  -50.276  87.935 0.0000000000
55813  -39.814  -50.173  87.831 0.0000000000
55814  -40.143  -49.897  87.642 0.0000000000
55786  -40.189  -49.372  88.364 0.0000000000
56952  -40.456  -49.394  87.928 0.0000000000
56953  -40.598  -49.228  87.644 0.0000000000
60167  -41.383  -46.952  87.528 0.0000000000
61242  -41.404  -45.706  87.062 0.0000000000
63646  -41.104  -43.106  86.085 0.0000000000
64910  -41.472  -42.389  85.838 0.0000000000
64927  -41.506  -42.575  84.665 0.0000000000
66197  -42.423  -41.611  86.051 0.0000000000
64911  -42.241  -41.861  85.485 0.0000000000
64955  -42.555  -42.469  83.964 0.0000000000
63707  -43.427  -43.433  82.701 0.0000000000
66183  -44.778  -40.719  86.896 0.0000000000
64914  -45.636  -41.749  85.325 0.0000000000
64930  -44.678  -42.140  84.669 0.0000000000
62429  -44.120  -44.233  82.242 0.0000000000
62452  -44.660  -44.949  81.923 0.0000000000
61304  -44.848  -45.749  81.467 0.0000000000
60247  -45.066  -46.974  81.032 0.0000000000
59194  -44.964  -47.684  80.523 0.0000000000
58136  -45.070  -48.554  80.299 0.0000000000
57083  -45.221  -50.292  79.301 0.0000000000
62418  -47.296  -44.471  83.020 0.0000000000
60218  -47.123  -46.078  82.653 0.0000000000
58106  -46.635  -48.202  81.818 0.0000000000
58108  -47.050  -48.306  81.803 0.0000000000
58107  -46.873  -48.301  81.852 0.0000000000
58119  -46.420  -48.599  81.571 0.0000000000
57103  -44.975  -50.582  78.398 0.0000000000
55971  -44.914  -51.273  77.841 0.0000000000
54829  -44.802  -51.865  77.163 0.0000000000
53627  -44.930  -52.149  76.522 0.0000000000
53596  -45.673  -52.177  77.905 0.0000000000
53613  -45.390  -52.279  77.144 0.0000000000
53641  -45.343  -52.144  74.725 0.0000000000
54888  -45.290  -51.504  72.872 0.0000000000
57105  -47.369  -50.085  78.547 0.0000000000
55972  -47.443  -50.622  77.926 0.0000000000
54831  -47.220  -51.156  76.522 0.0000000000
55992  -47.591  -50.467  75.957 0.0000000000
54849  -47.119  -50.923  75.547 0.0000000000
54848  -46.712  -51.471  75.949 0.0000000000
54861  -46.480  -51.379  74.828 0.0000000000
54889  -45.869  -51.033  73.141 0.0000000000
56052  -45.246  -50.909  72.185 0.0000000000
57200  -45.150  -50.174  71.713 0.0000000000
58270  -44.794  -48.648  71.039 0.0000000000
58255  -45.987  -48.565  71.853 0.0000000000
58271  -45.349  -48.548  71.409 0.0000000000
59321  -44.403  -47.761  70.520 0.0000000000
61486  -44.353  -45.732  69.919 0.0000000000
60316  -48.264  -47.136  75.422 0.0000000000
59261  -48.806  -47.773  75.520 0.0000000000
63862  -48.773  -42.766  72.950 0.0000000000
62589  -49.361  -44.878  74.604 0.0000000000
61423  -50.523  -45.623  75.364 0.0000000000
61422  -49.939  -45.678  75.216 0.0000000000
61405  -49.697  -46.380  75.382 0.0000000000
61404  -49.282  -46.449  75.316 0.0000000000
59262  -49.683  -47.683  75.336 0.0000000000
58201  -49.925  -48.172  74.997 0.0000000000
57174  -49.485  -48.365  74.273 0.0000000000
59295  -48.717  -47.689  73.189 0.0000000000
59307  -47.335  -47.092  72.249 0.0000000000
60355  -48.743  -46.588  72.730 0.0000000000
60367  -47.603  -46.447  72.106 0.0000000000
60366  -46.824  -46.565  71.678 0.0000000000
61471  -45.395  -45.620  70.536 0.0000000000
61487  -44.901  -45.441  70.205 0.0000000000
62666  -44.094  -44.979  69.294 0.0000000000
62678  -44.418  -44.402  69.040 0.0000000000
63932  -44.710  -43.831  68.695 0.0000000000
63952  -45.156  -43.133  68.033 0.0000000000
63953  -46.199  -43.025  68.410 0.0000000000
65180  -45.328  -42.727  67.611 0.0000000000
63936  -48.970  -43.084  69.290 0.0000000000
65163  -48.174  -42.763  68.606 0.0000000000
65205  -47.598  -41.916  67.204 0.0000000000
65101  -54.902  -42.124  73.988 0.0000000000
63848  -55.167  -42.928  73.285 0.0000000000
63849  -55.529  -42.753  72.664 0.0000000000
62638  -55.098  -43.944  71.344 0.0000000000
62654  -55.062  -43.961  70.652 0.0000000000
63923  -54.267  -43.633  69.538 0.0000000000
67591  -53.742  -40.311  72.529 0.0000000000
66434  -54.983  -41.770  71.971 0.0000000000
65137  -55.714  -42.536  71.320 0.0000000000
65146  -55.702  -42.266  70.600 0.0000000000
65138  -56.369  -42.834  70.537 0.0000000000
63904  -55.938  -43.483  70.126 0.0000000000
46873  -18.169  -58.322  86.026 0.0000000000
44653  -17.191  -59.904  79.676 0.0000000000
45873  -17.466  -58.835  79.511 0.0000000000
46949  -20.739  -58.323  82.314 0.0000000000
45874  -22.724  -58.997  79.629 0.0000000000
46986  -22.141  -58.534  79.053 0.0000000000
47018  -21.585  -58.195  77.670 0.0000000000
46985  -21.324  -58.124  79.327 0.0000000000
46984  -20.690  -57.938  79.782 0.0000000000
48127  -20.097  -57.800  79.708 0.0000000000
48126  -19.492  -57.755  80.001 0.0000000000
48145  -19.015  -57.826  78.843 0.0000000000
46998  -18.718  -58.302  78.393 0.0000000000
45890  -18.532  -59.151  78.143 0.0000000000
44686  -19.070  -60.166  77.404 0.0000000000
43465  -19.079  -61.189  77.492 0.0000000000
37954  -21.787  -66.120  73.253 0.0000000000
43389  -28.867  -61.134  84.949 0.0000000000
44607  -28.453  -61.008  84.179 0.0000000000
44618  -28.422  -60.551  83.655 0.0000000000
43409  -27.812  -61.124  83.251 0.0000000000
42241  -26.719  -61.805  81.029 0.0000000000
46964  -27.300  -59.194  80.716 0.0000000000
44646  -27.056  -60.871  80.195 0.0000000000
44676  -26.804  -60.492  78.610 0.0000000000
44657  -26.961  -60.889  79.414 0.0000000000
44658  -26.953  -61.261  79.771 0.0000000000
43440  -26.869  -61.496  80.002 0.0000000000
42268  -26.506  -61.968  79.303 0.0000000000
43467  -25.831  -62.417  76.859 0.0000000000
43477  -25.718  -62.258  76.332 0.0000000000
42310  -26.321  -62.111  75.417 0.0000000000
42316  -25.963  -62.187  75.216 0.0000000000
43487  -25.592  -62.083  75.536 0.0000000000
43511  -24.652  -61.541  73.598 0.0000000000
42337  -23.993  -62.202  72.143 0.0000000000
49308  -24.370  -56.908  74.087 0.0000000000
48201  -24.635  -57.903  74.243 0.0000000000
47079  -24.985  -58.720  73.495 0.0000000000
48230  -24.980  -58.696  72.674 0.0000000000
47102  -25.377  -59.249  72.790 0.0000000000
46005  -25.389  -59.651  71.949 0.0000000000
46028  -23.119  -59.329  69.518 0.0000000000
46016  -24.742  -59.718  70.930 0.0000000000
44816  -24.849  -60.134  71.249 0.0000000000
44788  -24.681  -60.626  71.393 0.0000000000
43541  -24.238  -61.199  71.236 0.0000000000
43583  -21.081  -61.226  70.001 0.0000000000
43558  -21.956  -61.564  70.445 0.0000000000
42374  -23.870  -61.811  71.102 0.0000000000
42350  -23.661  -62.237  71.264 0.0000000000
41298  -22.883  -62.546  70.970 0.0000000000
41271  -23.108  -62.820  71.383 0.0000000000
41296  -21.524  -63.178  71.066 0.0000000000
41295  -20.524  -63.330  70.998 0.0000000000
37929  -21.741  -66.419  73.843 0.0000000000
37955  -22.038  -66.161  73.539 0.0000000000
39075  -22.189  -65.696  74.401 0.0000000000
39089  -22.153  -65.590  73.837 0.0000000000
39134  -21.358  -65.206  72.120 0.0000000000
40148  -22.018  -65.228  74.362 0.0000000000
41112  -29.050  -61.660  87.150 0.0000000000
41121  -29.151  -61.619  86.860 0.0000000000
41122  -29.555  -61.539  87.094 0.0000000000
41236  -22.357  -63.667  72.920 0.0000000000
41249  -22.833  -63.373  72.326 0.0000000000
41251  -23.669  -62.490  71.684 0.0000000000
41267  -19.492  -63.997  71.160 0.0000000000
41294  -19.393  -63.597  70.523 0.0000000000
42269  -26.701  -61.710  79.753 0.0000000000
42295  -26.070  -62.502  77.427 0.0000000000
42317  -26.196  -61.961  74.877 0.0000000000
42351  -24.221  -61.942  71.600 0.0000000000
42373  -23.296  -62.121  70.892 0.0000000000
42396  -19.543  -62.841  69.758 0.0000000000
42397  -20.149  -62.372  70.097 0.0000000000
42419  -19.788  -62.255  69.399 0.0000000000
42459  -19.826  -62.994  66.798 0.0000000000
43362  -31.558  -60.786  87.196 0.0000000000
43376  -28.689  -61.367  85.099 0.0000000000
43397  -26.321  -61.753  83.849 0.0000000000
43399  -28.017  -61.326  83.858 0.0000000000
43424  -25.398  -61.990  80.691 0.0000000000
43439  -26.816  -61.499  79.470 0.0000000000
43527  -25.690  -60.842  72.745 0.0000000000
43557  -21.091  -61.909  70.406 0.0000000000
43559  -22.877  -61.487  70.548 0.0000000000
43608  -19.577  -62.235  68.183 0.0000000000
44547  -22.517  -59.950  88.789 0.0000000000
44560  -22.655  -60.001  88.407 0.0000000000
44581  -34.389  -58.941  87.326 0.0000000000
44593  -29.159  -60.922  85.045 0.0000000000
44625  -24.006  -59.905  82.426 0.0000000000
44645  -27.055  -60.804  79.772 0.0000000000
44711  -26.929  -60.866  75.481 0.0000000000
44762  -25.827  -60.424  72.877 0.0000000000
44789  -25.308  -60.409  71.898 0.0000000000
44813  -22.385  -60.855  70.325 0.0000000000
44838  -20.542  -61.216  69.295 0.0000000000
44841  -23.425  -59.774  70.114 0.0000000000
44842  -24.004  -59.596  70.282 0.0000000000
45776  -35.059  -58.448  88.127 0.0000000000
45809  -33.698  -58.898  86.000 0.0000000000
45832  -21.387  -58.672  83.446 0.0000000000
45837  -29.443  -59.260  83.769 0.0000000000
45891  -22.803  -59.054  78.705 0.0000000000
45904  -19.411  -59.484  77.021 0.0000000000
45913  -19.826  -59.462  76.503 0.0000000000
45929  -23.448  -60.255  75.552 0.0000000000
45960  -25.619  -59.493  73.030 0.0000000000
45961  -25.931  -59.878  73.277 0.0000000000
45985  -25.574  -59.650  72.642 0.0000000000
46006  -25.650  -60.066  72.415 0.0000000000
46017  -25.129  -59.699  71.338 0.0000000000
46030  -24.468  -59.314  70.408 0.0000000000
46881  -34.856  -57.946  87.070 0.0000000000
46901  -33.704  -58.372  85.532 0.0000000000
46941  -31.724  -57.939  83.823 0.0000000000
46974  -20.292  -57.960  80.496 0.0000000000
46983  -18.588  -58.037  78.992 0.0000000000
47002  -26.316  -58.178  78.633 0.0000000000
47015  -18.924  -58.715  77.815 0.0000000000
47020  -25.739  -58.577  76.848 0.0000000000
47030  -19.733  -58.927  76.857 0.0000000000
47032  -21.255  -58.320  76.656 0.0000000000
47047  -22.018  -59.097  75.593 0.0000000000
47049  -25.271  -58.723  75.140 0.0000000000
47063  -26.191  -59.713  74.131 0.0000000000
47080  -25.449  -59.172  73.399 0.0000000000
47126  -25.224  -59.131  72.174 0.0000000000
48124  -18.309  -57.855  80.366 0.0000000000
48125  -18.798  -57.766  80.238 0.0000000000
48134  -18.301  -57.848  79.967 0.0000000000
48146  -19.608  -57.856  78.288 0.0000000000
48148  -21.118  -58.004  78.078 0.0000000000
48165  -20.062  -58.096  77.465 0.0000000000
48178  -20.187  -58.325  77.002 0.0000000000
48179  -20.515  -58.181  76.995 0.0000000000
48180  -25.522  -57.560  76.626 0.0000000000
48181  -25.778  -57.368  77.205 0.0000000000
48213  -24.595  -58.087  73.342 0.0000000000
48214  -24.985  -58.725  73.213 0.0000000000
49242  -31.229  -55.866  82.438 0.0000000000
49248  -28.570  -56.395  80.622 0.0000000000
49249  -29.069  -56.081  80.954 0.0000000000
49255  -28.226  -56.112  80.020 0.0000000000
49260  -27.375  -56.358  78.980 0.0000000000
49277  -27.076  -56.147  78.420 0.0000000000
50318  -25.086  -55.704  75.301 0.0000000000
51265  -35.501  -54.504  85.640 0.0000000000
51327  -29.370  -54.555  79.547 0.0000000000
51346  -27.692  -54.894  77.732 0.0000000000
51357  -26.872  -54.905  76.932 0.0000000000
52340  -35.734  -53.515  88.095 0.0000000000
52414  -31.702  -53.418  81.317 0.0000000000
52437  -30.298  -53.088  79.572 0.0000000000
53478  -36.984  -51.819  86.853 0.0000000000
53544  -32.697  -52.645  82.202 0.0000000000
53573  -30.360  -52.468  79.240 0.0000000000
53583  -29.622  -52.444  78.087 0.0000000000
53585  -45.886  -52.070  78.481 0.0000000000
53586  -46.070  -52.018  78.707 0.0000000000
53593  -28.799  -52.670  77.098 0.0000000000
53597  -46.112  -52.190  78.269 0.0000000000
53612  -45.144  -52.148  77.336 0.0000000000
53622  -27.931  -51.669  75.884 0.0000000000
53666  -44.314  -52.150  72.560 0.0000000000
53667  -44.791  -51.927  72.863 0.0000000000
54640  -38.956  -50.172  88.590 0.0000000000
54668  -39.591  -50.315  87.559 0.0000000000
54683  -39.356  -50.489  86.997 0.0000000000
54774  -46.071  -51.057  80.163 0.0000000000
54775  -46.369  -51.043  80.232 0.0000000000
54790  -46.398  -51.401  79.728 0.0000000000
54800  -29.640  -52.042  77.814 0.0000000000
54813  -29.530  -51.626  77.485 0.0000000000
54815  -45.357  -51.878  78.098 0.0000000000
54816  -45.679  -51.995  78.377 0.0000000000
54844  -27.937  -51.118  75.772 0.0000000000
54860  -45.839  -51.850  74.623 0.0000000000
54875  -46.112  -51.188  73.676 0.0000000000
54900  -41.500  -51.616  71.558 0.0000000000
54901  -44.019  -51.971  71.447 0.0000000000
54902  -44.607  -51.606  71.963 0.0000000000
54903  -45.021  -51.366  72.341 0.0000000000
54913  -43.023  -52.009  70.391 0.0000000000
54946  -42.101  -51.732  69.278 0.0000000000
55799  -39.223  -50.116  88.470 0.0000000000
55815  -40.391  -49.599  87.479 0.0000000000
55841  -37.804  -50.558  85.562 0.0000000000
55844  -39.750  -50.212  85.998 0.0000000000
55912  -46.557  -50.432  80.719 0.0000000000
55913  -46.915  -50.164  81.008 0.0000000000
55914  -47.153  -50.013  80.985 0.0000000000
55931  -47.125  -50.482  80.546 0.0000000000
55948  -45.657  -50.954  79.679 0.0000000000
55957  -30.426  -50.846  78.302 0.0000000000
55959  -45.396  -51.245  78.856 0.0000000000
55979  -47.807  -49.996  76.193 0.0000000000
55989  -27.788  -50.822  75.416 0.0000000000
55990  -28.262  -50.480  75.810 0.0000000000
56003  -27.096  -50.845  74.526 0.0000000000
56011  -46.995  -50.711  74.725 0.0000000000
56012  -47.609  -50.245  74.904 0.0000000000
56927  -40.140  -49.056  88.639 0.0000000000
56937  -40.467  -49.080  88.250 0.0000000000
56984  -40.427  -49.519  86.603 0.0000000000
57007  -39.304  -49.633  84.565 0.0000000000
57057  -35.481  -48.899  80.391 0.0000000000
57082  -35.971  -48.727  80.048 0.0000000000
57084  -45.494  -50.296  79.948 0.0000000000
57099  -31.815  -49.186  78.080 0.0000000000
57113  -30.543  -49.799  77.387 0.0000000000
57117  -33.792  -48.071  77.896 0.0000000000
57124  -29.570  -49.837  76.322 0.0000000000
57142  -49.160  -48.747  75.030 0.0000000000
57149  -27.980  -49.622  74.808 0.0000000000
57155  -48.174  -49.661  74.711 0.0000000000
57164  -27.003  -49.846  73.958 0.0000000000
57171  -47.335  -49.960  73.915 0.0000000000
57173  -48.892  -48.762  74.204 0.0000000000
57185  -42.927  -49.099  72.652 0.0000000000
57202  -46.527  -49.046  72.454 0.0000000000
58120  -46.867  -49.004  81.603 0.0000000000
58121  -47.231  -48.817  81.466 0.0000000000
58147  -36.421  -48.500  79.719 0.0000000000
58148  -37.290  -48.204  79.847 0.0000000000
58183  -33.691  -47.700  77.065 0.0000000000
58196  -32.327  -47.925  75.608 0.0000000000
58202  -50.494  -47.765  74.924 0.0000000000
58207  -29.280  -48.376  74.395 0.0000000000
58215  -50.341  -47.847  74.694 0.0000000000
58227  -49.144  -48.233  73.746 0.0000000000
58228  -49.823  -48.026  74.182 0.0000000000
58229  -50.157  -47.914  74.459 0.0000000000
58241  -47.173  -48.518  72.713 0.0000000000
59132  -40.498  -48.198  85.725 0.0000000000
59197  -47.676  -47.213  81.295 0.0000000000
59205  -37.552  -47.522  79.763 0.0000000000
59207  -44.056  -47.273  79.296 0.0000000000
59226  -34.337  -47.453  77.228 0.0000000000
59231  -46.220  -47.311  78.034 0.0000000000
59240  -33.984  -47.324  76.733 0.0000000000
59254  -32.531  -47.606  75.421 0.0000000000
59264  -51.146  -47.152  75.098 0.0000000000
59274  -51.321  -47.024  74.880 0.0000000000
59282  -49.173  -47.909  73.538 0.0000000000
59293  -47.168  -48.010  72.497 0.0000000000
60178  -40.862  -46.382  86.380 0.0000000000
60217  -46.929  -46.058  82.728 0.0000000000
60234  -47.268  -46.623  82.328 0.0000000000
60245  -37.853  -46.797  80.520 0.0000000000
60249  -47.805  -46.463  81.633 0.0000000000
60276  -47.093  -46.837  79.701 0.0000000000
60301  -35.667  -46.403  76.952 0.0000000000
60317  -49.205  -46.895  75.410 0.0000000000
60327  -33.851  -46.194  75.108 0.0000000000
60334  -51.617  -46.534  74.688 0.0000000000
60335  -51.857  -46.423  74.891 0.0000000000
60344  -50.784  -46.713  73.930 0.0000000000
60352  -42.571  -47.085  72.305 0.0000000000
60363  -41.728  -47.039  71.363 0.0000000000
60368  -48.129  -46.467  72.388 0.0000000000
60381  -46.288  -46.505  71.354 0.0000000000
60398  -44.104  -46.661  70.093 0.0000000000
61235  -41.637  -45.654  87.761 0.0000000000
61284  -45.213  -45.434  82.067 0.0000000000
61388  -35.353  -45.994  76.335 0.0000000000
61406  -50.556  -46.196  75.490 0.0000000000
61407  -51.341  -46.102  75.456 0.0000000000
61424  -51.802  -46.227  74.544 0.0000000000
61432  -42.049  -45.144  73.046 0.0000000000
61434  -50.933  -46.294  73.759 0.0000000000
61445  -48.696  -46.090  72.497 0.0000000000
61457  -46.835  -46.048  71.445 0.0000000000
61458  -47.222  -45.807  71.516 0.0000000000
61460  -48.701  -45.388  72.104 0.0000000000
62416  -46.033  -44.396  83.265 0.0000000000
62558  -35.333  -45.186  75.356 0.0000000000
62566  -50.936  -45.632  75.454 0.0000000000
62568  -52.321  -44.933  75.276 0.0000000000
62590  -50.569  -44.931  75.106 0.0000000000
62591  -51.358  -44.428  75.091 0.0000000000
62601  -42.047  -45.080  73.292 0.0000000000
62607  -52.032  -45.329  73.764 0.0000000000
62621  -52.808  -44.343  72.996 0.0000000000
62639  -55.616  -43.699  70.826 0.0000000000
62648  -45.497  -45.114  70.348 0.0000000000
62655  -55.471  -43.757  70.431 0.0000000000
62679  -44.959  -44.126  69.205 0.0000000000
63743  -38.056  -43.901  78.342 0.0000000000
63824  -51.760  -43.601  74.849 0.0000000000
63826  -53.899  -43.622  74.564 0.0000000000
63845  -48.968  -43.251  73.360 0.0000000000
63898  -49.460  -43.833  71.141 0.0000000000
63902  -54.168  -43.861  70.328 0.0000000000
64902  -42.057  -42.264  87.512 0.0000000000
64909  -41.134  -42.851  85.328 0.0000000000
64913  -44.999  -41.776  85.183 0.0000000000
64928  -42.443  -42.024  84.804 0.0000000000
65086  -53.003  -42.620  74.871 0.0000000000
65087  -53.681  -42.415  74.790 0.0000000000
65099  -51.776  -42.374  74.498 0.0000000000
65112  -49.069  -42.676  73.019 0.0000000000
65116  -55.187  -42.227  73.501 0.0000000000
65129  -49.349  -41.892  72.840 0.0000000000
65145  -55.021  -42.131  70.700 0.0000000000
65147  -56.264  -42.474  70.283 0.0000000000
65148  -56.637  -42.662  69.936 0.0000000000
65154  -56.009  -41.995  69.884 0.0000000000
66213  -42.802  -41.712  85.300 0.0000000000
66375  -53.964  -41.398  74.759 0.0000000000
66390  -52.322  -41.328  74.566 0.0000000000
66391  -54.500  -41.284  74.383 0.0000000000
66392  -54.885  -41.176  73.913 0.0000000000
66405  -51.125  -41.231  73.898 0.0000000000
66420  -53.937  -41.026  72.359 0.0000000000
66421  -54.336  -41.114  72.492 0.0000000000
66458  -55.625  -41.715  69.473 0.0000000000
67569  -54.494  -40.036  73.245 0.0000000000
67593  -54.677  -40.664  73.039 0.0000000000
67616  -53.643  -40.870  72.250 0.0000000000
68751  -54.624  -40.048  73.628 0.0000000000
68769  -54.455  -39.505  73.334 0.0000000000
68770  -54.561  -39.830  73.532 0.0000000000
68783  -53.304  -39.388  72.419 0.0000000000
68802  -52.033  -39.431  71.740 0.0000000000
68803  -52.749  -39.424  72.170 0.0000000000
69992  -53.537  -38.461  72.477 0.0000000000
70009  -53.231  -38.177  72.306 0.0000000000
71116  -53.617  -37.524  74.785 0.0000000000
73345  -53.314  -35.101  72.495 0.0000000000
73367  -53.435  -35.775  72.548 0.0000000000
74435  -54.605  -34.450  74.560 0.0000000000
