#!ascii label  , from subject tim vox2ras=TkReg
1982
63516  -31.760  -42.615  92.956 0.0000000000
81366  -46.556  -28.120  77.626 0.0000000000
74312  -34.924  -33.438  84.210 0.0000000000
53522  -6.136  -52.878  84.203 0.0000000000
53390  -18.742  -49.967  92.378 0.0000000000
67316  -9.862  -40.265  90.946 0.0000000000
63489  -5.651  -43.709  95.843 0.0000000000
74356  -41.680  -34.152  80.055 0.0000000000
68602  -4.784  -40.039  84.495 0.0000000000
49100  -1.382  -56.560  90.517 0.0000000000
66193  -32.775  -40.694  86.216 0.0000000000
58018  -26.426  -47.694  89.749 0.0000000000
53395  -25.408  -50.202  91.939 0.0000000000
85925  -47.830  -24.276  77.695 0.0000000000
75510  -38.156  -31.794  81.947 0.0000000000
54624  -13.765  -49.780  89.562 0.0000000000
73142  -4.026  -35.812  89.516 0.0000000000
60182  -7.245  -46.869  85.756 0.0000000000
61273  -8.904  -45.287  81.783 0.0000000000
53555  -8.030  -52.127  80.533 0.0000000000
47905  -6.881  -54.719  95.685 0.0000000000
53344  -4.124  -53.091  94.078 0.0000000000
74242  -32.188  -34.300  87.661 0.0000000000
54566  -23.701  -49.703  94.648 0.0000000000
54659  -20.253  -49.470  87.890 0.0000000000
64809  -7.679  -42.855  93.642 0.0000000000
61224  -4.228  -47.597  88.570 0.0000000000
76742  -43.449  -32.320  78.573 0.0000000000
50129  -9.637  -53.074  94.247 0.0000000000
52300  -12.035  -51.214  92.093 0.0000000000
67374  -7.538  -40.143  86.362 0.0000000000
62435  -3.861  -44.140  80.859 0.0000000000
61097  -5.536  -45.704  97.927 0.0000000000
56895  -3.226  -50.070  91.096 0.0000000000
51232  -3.200  -54.617  86.389 0.0000000000
66103  -32.791  -40.715  92.542 0.0000000000
63558  -30.367  -42.754  90.940 0.0000000000
63561  -32.463  -41.559  89.520 0.0000000000
61181  -29.641  -44.714  91.877 0.0000000000
61218  -27.334  -45.071  89.504 0.0000000000
57988  -28.992  -47.410  93.018 0.0000000000
82499  -47.338  -26.571  77.660 0.0000000000
80224  -42.737  -29.471  75.725 0.0000000000
82511  -44.566  -27.049  76.183 0.0000000000
85941  -45.879  -24.489  76.238 0.0000000000
74345  -36.316  -32.488  83.180 0.0000000000
75461  -31.957  -33.340  83.519 0.0000000000
75521  -33.808  -32.151  81.730 0.0000000000
76705  -35.399  -31.565  80.583 0.0000000000
56985  -6.391  -49.460  85.164 0.0000000000
56997  -7.875  -49.481  83.479 0.0000000000
52376  -7.579  -53.500  82.514 0.0000000000
50267  -6.630  -55.219  80.468 0.0000000000
49223  -7.045  -56.454  82.250 0.0000000000
47946  -6.199  -55.831  92.928 0.0000000000
46749  -5.059  -56.305  93.979 0.0000000000
75378  -31.922  -34.010  89.775 0.0000000000
70965  -33.047  -38.337  88.156 0.0000000000
71016  -32.647  -38.274  84.946 0.0000000000
70962  -30.805  -37.123  88.914 0.0000000000
73169  -29.803  -35.292  87.152 0.0000000000
60063  -27.028  -46.676  94.835 0.0000000000
53487  -23.015  -50.426  87.377 0.0000000000
52325  -22.271  -50.454  89.804 0.0000000000
91179  -46.596  -20.656  75.209 0.0000000000
92319  -48.101  -18.225  75.885 0.0000000000
63500  -6.442  -43.630  94.776 0.0000000000
62344  -6.077  -45.409  90.723 0.0000000000
61169  -4.974  -45.505  92.234 0.0000000000
73258  -42.875  -34.555  78.944 0.0000000000
74371  -38.971  -33.907  77.730 0.0000000000
71082  -40.084  -35.416  77.247 0.0000000000
74393  -41.263  -33.915  76.282 0.0000000000
50103  -10.846  -53.380  96.925 0.0000000000
51151  -12.114  -52.493  95.890 0.0000000000
69690  -9.063  -38.155  92.002 0.0000000000
69736  -7.141  -38.412  89.620 0.0000000000
68558  -9.689  -39.676  88.427 0.0000000000
59186  -6.166  -47.572  79.815 0.0000000000
63729  -6.646  -43.939  80.734 0.0000000000
60251  -4.221  -46.508  79.655 0.0000000000
58973  -6.545  -47.386  97.847 0.0000000000
51170  -2.207  -54.476  92.801 0.0000000000
55733  -4.023  -50.908  92.789 0.0000000000
52311  -2.403  -52.788  90.548 0.0000000000
53450  -2.582  -52.011  88.890 0.0000000000
50155  -2.058  -55.395  88.095 0.0000000000
68545  -33.599  -39.993  89.169 0.0000000000
57929  -27.990  -47.307  95.509 0.0000000000
56881  -28.766  -48.058  94.143 0.0000000000
54633  -25.660  -49.143  90.628 0.0000000000
89116  -47.648  -21.804  78.393 0.0000000000
88125  -46.545  -22.487  76.030 0.0000000000
76710  -40.601  -32.621  80.380 0.0000000000
76740  -37.810  -32.302  78.489 0.0000000000
55775  -17.795  -48.897  89.880 0.0000000000
54610  -15.636  -49.420  90.829 0.0000000000
69782  -4.426  -38.247  87.464 0.0000000000
63589  -8.878  -43.702  88.750 0.0000000000
63620  -9.703  -43.064  86.431 0.0000000000
60203  -8.653  -46.458  83.757 0.0000000000
58125  -8.172  -48.485  80.686 0.0000000000
55934  -5.235  -50.524  79.575 0.0000000000
53308  -7.051  -52.189  97.170 0.0000000000
56822  -6.145  -50.598  96.845 0.0000000000
51143  -5.110  -53.850  95.487 0.0000000000
47919  -3.221  -55.778  93.284 0.0000000000
74276  -33.887  -34.182  85.562 0.0000000000
74291  -30.763  -34.137  85.004 0.0000000000
52263  -21.325  -50.459  93.407 0.0000000000
53367  -24.803  -50.379  93.218 0.0000000000
52289  -21.865  -50.608  92.153 0.0000000000
54614  -19.480  -49.879  90.493 0.0000000000
69661  -9.228  -38.794  93.667 0.0000000000
67284  -8.934  -40.334  95.033 0.0000000000
64821  -8.975  -41.992  92.011 0.0000000000
62363  -7.509  -44.848  89.122 0.0000000000
60162  -5.824  -47.210  87.789 0.0000000000
55831  -4.654  -50.775  85.824 0.0000000000
79021  -44.739  -30.335  77.934 0.0000000000
76796  -41.745  -31.941  75.896 0.0000000000
52227  -8.533  -52.803  97.896 0.0000000000
49059  -8.369  -54.057  95.120 0.0000000000
50126  -7.535  -54.224  92.789 0.0000000000
53387  -15.198  -50.425  92.682 0.0000000000
52285  -13.935  -50.851  93.308 0.0000000000
52258  -12.281  -51.554  94.536 0.0000000000
52282  -10.699  -52.315  93.316 0.0000000000
51181  -8.495  -52.850  91.634 0.0000000000
70911  -4.612  -37.311  91.785 0.0000000000
68535  -5.248  -38.767  88.772 0.0000000000
66187  -5.437  -41.035  85.374 0.0000000000
64919  -8.985  -42.010  84.231 0.0000000000
64938  -6.527  -42.192  83.519 0.0000000000
64935  -3.827  -42.015  82.938 0.0000000000
63472  -4.986  -44.429  97.034 0.0000000000
57915  -4.974  -48.718  95.890 0.0000000000
59008  -3.988  -47.102  95.098 0.0000000000
61148  -3.608  -46.466  93.006 0.0000000000
59075  -2.959  -48.673  89.909 0.0000000000
55817  -3.309  -50.590  87.387 0.0000000000
52365  -4.428  -53.870  85.277 0.0000000000
46851  -1.961  -58.555  87.505 0.0000000000
48078  -2.276  -58.089  85.982 0.0000000000
48097  -5.456  -57.696  84.066 0.0000000000
64817  -32.346  -41.519  92.685 0.0000000000
64807  -31.618  -41.850  93.502 0.0000000000
63528  -31.294  -42.921  91.926 0.0000000000
63529  -31.863  -42.321  91.687 0.0000000000
61166  -30.794  -43.952  92.448 0.0000000000
62316  -30.128  -43.765  91.623 0.0000000000
62280  -30.915  -43.536  93.699 0.0000000000
61165  -30.355  -44.575  92.664 0.0000000000
82498  -46.748  -27.129  77.369 0.0000000000
80212  -44.599  -28.733  76.731 0.0000000000
81386  -43.605  -27.890  75.810 0.0000000000
81376  -45.427  -28.014  76.907 0.0000000000
83673  -46.131  -26.328  76.840 0.0000000000
74313  -35.823  -33.209  84.216 0.0000000000
73218  -37.120  -33.413  84.176 0.0000000000
73203  -36.366  -33.616  84.748 0.0000000000
75504  -32.916  -32.395  82.216 0.0000000000
74328  -34.202  -33.165  83.526 0.0000000000
74343  -34.796  -32.666  83.084 0.0000000000
54706  -6.212  -51.287  84.555 0.0000000000
55863  -7.194  -50.541  84.081 0.0000000000
53523  -6.830  -52.713  83.592 0.0000000000
50231  -7.341  -55.013  82.353 0.0000000000
51266  -6.679  -54.603  83.418 0.0000000000
47962  -5.993  -56.107  92.130 0.0000000000
46779  -5.672  -56.470  92.451 0.0000000000
70938  -32.162  -37.108  90.699 0.0000000000
70963  -31.536  -37.618  88.663 0.0000000000
72068  -30.946  -36.567  90.028 0.0000000000
73147  -30.677  -35.550  89.563 0.0000000000
91157  -47.474  -19.915  77.749 0.0000000000
92318  -47.488  -19.115  76.257 0.0000000000
93403  -48.900  -17.716  76.587 0.0000000000
63490  -6.105  -43.543  95.464 0.0000000000
62292  -5.818  -44.651  93.257 0.0000000000
62283  -5.483  -44.497  93.986 0.0000000000
72140  -42.499  -34.746  79.794 0.0000000000
73239  -43.639  -34.700  80.387 0.0000000000
74364  -40.235  -34.034  78.984 0.0000000000
72164  -39.526  -34.815  77.874 0.0000000000
72151  -40.564  -34.752  78.760 0.0000000000
72165  -41.123  -35.211  78.100 0.0000000000
52237  -13.050  -52.098  97.183 0.0000000000
52241  -13.336  -51.943  96.611 0.0000000000
53361  -19.467  -50.474  93.756 0.0000000000
53389  -17.638  -50.149  92.614 0.0000000000
69811  -5.263  -38.630  85.477 0.0000000000
68499  -9.686  -39.516  91.654 0.0000000000
69721  -9.384  -38.634  90.578 0.0000000000
67323  -10.163  -40.119  89.675 0.0000000000
58141  -4.985  -48.741  79.458 0.0000000000
59185  -5.098  -47.712  79.546 0.0000000000
58140  -4.226  -48.569  79.161 0.0000000000
60049  -7.881  -46.765  98.051 0.0000000000
57906  -7.223  -47.907  97.566 0.0000000000
49087  -1.270  -56.201  91.235 0.0000000000
51179  -2.072  -54.350  91.935 0.0000000000
50143  -1.484  -55.492  90.327 0.0000000000
51195  -1.885  -54.229  89.518 0.0000000000
50148  -1.712  -55.415  89.090 0.0000000000
66129  -33.444  -40.768  90.454 0.0000000000
64848  -33.301  -41.111  89.343 0.0000000000
68528  -33.753  -39.605  90.429 0.0000000000
69732  -33.682  -39.032  90.123 0.0000000000
58003  -28.049  -47.365  91.591 0.0000000000
56912  -27.385  -48.423  91.665 0.0000000000
55794  -25.472  -48.579  89.519 0.0000000000
54661  -24.533  -49.383  88.324 0.0000000000
88106  -48.200  -22.992  78.377 0.0000000000
85942  -46.456  -24.311  76.542 0.0000000000
87057  -46.034  -23.465  75.873 0.0000000000
87042  -46.754  -23.196  76.521 0.0000000000
88118  -47.270  -22.620  77.065 0.0000000000
76692  -39.755  -32.006  81.406 0.0000000000
76655  -40.719  -32.306  82.870 0.0000000000
76653  -39.482  -32.394  83.142 0.0000000000
75524  -36.741  -31.638  81.362 0.0000000000
76723  -36.121  -31.479  79.529 0.0000000000
75536  -38.216  -31.798  80.170 0.0000000000
75537  -38.784  -32.303  79.525 0.0000000000
73149  -3.944  -35.730  88.872 0.0000000000
72076  -3.944  -36.173  87.879 0.0000000000
70954  -3.896  -37.245  88.802 0.0000000000
61229  -8.112  -44.823  87.221 0.0000000000
62388  -8.821  -44.553  86.098 0.0000000000
61244  -7.944  -46.098  85.270 0.0000000000
54755  -8.382  -51.589  81.462 0.0000000000
57023  -8.581  -49.527  81.621 0.0000000000
55917  -8.116  -50.326  80.631 0.0000000000
55915  -6.866  -50.231  79.795 0.0000000000
54782  -6.958  -51.247  79.799 0.0000000000
52431  -6.241  -52.974  79.904 0.0000000000
51129  -6.992  -53.090  96.839 0.0000000000
52234  -6.217  -52.754  96.365 0.0000000000
49042  -5.832  -54.321  95.706 0.0000000000
45661  -4.627  -57.282  93.148 0.0000000000
46747  -4.075  -56.123  94.043 0.0000000000
45659  -3.370  -56.833  93.085 0.0000000000
46764  -2.630  -56.499  92.469 0.0000000000
74256  -33.489  -34.189  86.544 0.0000000000
74241  -31.233  -34.467  87.902 0.0000000000
74273  -30.449  -34.455  86.053 0.0000000000
74274  -31.583  -34.270  85.877 0.0000000000
74292  -31.902  -34.096  84.917 0.0000000000
55723  -23.538  -49.303  94.830 0.0000000000
53340  -21.961  -50.314  94.778 0.0000000000
53351  -22.195  -50.504  94.213 0.0000000000
54577  -27.090  -49.315  93.654 0.0000000000
54569  -26.512  -49.363  94.318 0.0000000000
53379  -24.835  -50.430  92.651 0.0000000000
53441  -21.180  -50.315  89.601 0.0000000000
52315  -22.126  -50.561  90.420 0.0000000000
53428  -20.923  -50.376  90.386 0.0000000000
53427  -20.175  -50.163  90.645 0.0000000000
54630  -19.941  -49.924  89.734 0.0000000000
55792  -18.606  -48.795  89.247 0.0000000000
64781  -7.901  -42.206  95.178 0.0000000000
66076  -8.445  -41.380  95.348 0.0000000000
66084  -9.065  -41.017  93.700 0.0000000000
64820  -8.496  -42.435  92.482 0.0000000000
63549  -8.557  -43.290  90.748 0.0000000000
63533  -7.783  -43.899  91.886 0.0000000000
61214  -4.943  -46.743  89.264 0.0000000000
61215  -6.001  -46.057  89.383 0.0000000000
60161  -4.964  -47.528  88.030 0.0000000000
58052  -4.886  -48.966  86.033 0.0000000000
58035  -4.069  -48.928  86.890 0.0000000000
77892  -44.276  -31.467  78.738 0.0000000000
79007  -45.939  -31.015  79.429 0.0000000000
76729  -45.107  -32.389  80.072 0.0000000000
75556  -42.318  -33.273  77.392 0.0000000000
76772  -41.585  -32.573  76.050 0.0000000000
76757  -42.920  -32.126  77.592 0.0000000000
77908  -42.938  -31.100  76.771 0.0000000000
54530  -10.288  -51.692  97.514 0.0000000000
50113  -10.357  -53.453  95.407 0.0000000000
50107  -9.736  -53.620  95.710 0.0000000000
49069  -8.809  -53.663  94.610 0.0000000000
49068  -8.186  -53.920  94.238 0.0000000000
50127  -8.164  -53.702  93.334 0.0000000000
54625  -14.722  -49.386  89.842 0.0000000000
53405  -15.603  -50.204  91.988 0.0000000000
53422  -14.601  -49.765  91.017 0.0000000000
52314  -11.892  -51.048  90.825 0.0000000000
53403  -13.222  -50.713  92.261 0.0000000000
52284  -12.803  -51.064  93.038 0.0000000000
52271  -13.527  -51.116  93.971 0.0000000000
52283  -11.631  -51.589  93.185 0.0000000000
51169  -11.591  -51.982  94.270 0.0000000000
52299  -11.038  -51.887  92.307 0.0000000000
51190  -8.966  -52.701  90.430 0.0000000000
70898  -4.890  -36.837  92.811 0.0000000000
68556  -7.941  -38.790  88.530 0.0000000000
69735  -6.118  -38.629  89.257 0.0000000000
68573  -6.226  -39.498  87.784 0.0000000000
67357  -5.627  -39.685  87.382 0.0000000000
67384  -5.990  -40.581  86.082 0.0000000000
62408  -9.331  -44.563  83.703 0.0000000000
64903  -9.711  -42.125  85.517 0.0000000000
62407  -9.224  -43.894  82.959 0.0000000000
62437  -5.124  -43.893  81.003 0.0000000000
63694  -6.076  -42.853  81.937 0.0000000000
63693  -5.040  -42.944  81.921 0.0000000000
64936  -4.505  -42.085  83.370 0.0000000000
64984  -3.825  -42.757  81.956 0.0000000000
64959  -2.964  -42.151  81.834 0.0000000000
62246  -5.160  -44.791  97.722 0.0000000000
53333  -5.320  -52.216  95.513 0.0000000000
56837  -5.410  -49.744  95.979 0.0000000000
54573  -4.893  -51.174  94.907 0.0000000000
56888  -3.669  -49.907  92.234 0.0000000000
56883  -4.032  -49.718  93.053 0.0000000000
57980  -3.688  -48.201  93.119 0.0000000000
60079  -3.540  -46.660  94.137 0.0000000000
59058  -3.396  -47.833  92.050 0.0000000000
60126  -3.307  -47.036  92.018 0.0000000000
57994  -2.831  -49.125  90.585 0.0000000000
52342  -2.278  -53.237  87.983 0.0000000000
54656  -2.670  -51.379  88.229 0.0000000000
53494  -3.164  -52.479  87.093 0.0000000000
54686  -3.520  -51.676  86.764 0.0000000000
52358  -3.525  -53.677  86.102 0.0000000000
44567  -1.042  -60.469  86.595 0.0000000000
46866  -1.663  -58.552  86.579 0.0000000000
66111  -33.569  -40.110  91.932 0.0000000000
63598  -29.909  -41.804  89.115 0.0000000000
63599  -30.784  -41.603  88.708 0.0000000000
63559  -31.234  -42.030  90.396 0.0000000000
64828  -32.942  -41.293  91.608 0.0000000000
59086  -27.824  -46.283  90.832 0.0000000000
61205  -28.120  -45.113  90.542 0.0000000000
63579  -28.950  -43.271  90.232 0.0000000000
59068  -28.920  -46.408  92.189 0.0000000000
84846  -47.720  -25.288  77.803 0.0000000000
82524  -43.223  -27.087  75.499 0.0000000000
83698  -43.263  -26.268  75.371 0.0000000000
84892  -43.885  -25.044  75.285 0.0000000000
83685  -44.828  -26.169  76.095 0.0000000000
84861  -46.603  -25.413  76.952 0.0000000000
75487  -37.544  -32.304  82.898 0.0000000000
75463  -38.675  -32.659  83.646 0.0000000000
74315  -37.532  -33.112  83.848 0.0000000000
73190  -37.960  -33.777  84.959 0.0000000000
75460  -30.803  -33.049  83.341 0.0000000000
75483  -31.754  -32.617  82.500 0.0000000000
76690  -32.679  -31.958  81.452 0.0000000000
76703  -33.384  -31.739  80.783 0.0000000000
76721  -34.129  -31.399  79.659 0.0000000000
75522  -34.815  -32.009  81.548 0.0000000000
75508  -36.223  -32.177  82.364 0.0000000000
59134  -6.918  -48.350  85.270 0.0000000000
59135  -7.657  -47.776  84.781 0.0000000000
56996  -7.336  -49.420  84.130 0.0000000000
54725  -8.147  -51.041  82.859 0.0000000000
52391  -8.240  -52.651  81.356 0.0000000000
51309  -6.622  -54.169  80.295 0.0000000000
51286  -7.669  -54.284  81.289 0.0000000000
49235  -7.236  -55.695  81.049 0.0000000000
47922  -7.187  -55.158  94.478 0.0000000000
47915  -6.042  -55.651  94.777 0.0000000000
46751  -6.046  -55.899  93.505 0.0000000000
74233  -32.093  -34.171  88.640 0.0000000000
69787  -33.345  -38.683  87.199 0.0000000000
69829  -32.989  -39.105  85.697 0.0000000000
70994  -33.041  -38.395  86.910 0.0000000000
70992  -31.495  -37.816  86.578 0.0000000000
70991  -30.408  -37.387  86.331 0.0000000000
72074  -29.956  -36.380  88.013 0.0000000000
74240  -30.477  -34.907  88.228 0.0000000000
56870  -25.532  -48.502  94.653 0.0000000000
53445  -23.682  -50.291  90.032 0.0000000000
52317  -23.278  -50.540  90.687 0.0000000000
53457  -22.750  -50.415  88.966 0.0000000000
53469  -21.509  -50.141  87.656 0.0000000000
91204  -46.286  -20.152  73.617 0.0000000000
91205  -46.892  -19.176  73.289 0.0000000000
92358  -47.837  -18.458  72.749 0.0000000000
92359  -49.027  -18.124  72.606 0.0000000000
63512  -7.189  -43.537  93.735 0.0000000000
62305  -7.203  -44.387  92.096 0.0000000000
63531  -6.553  -44.560  92.853 0.0000000000
62343  -5.591  -45.536  91.146 0.0000000000
61202  -4.332  -46.724  89.764 0.0000000000
74374  -42.998  -34.003  78.545 0.0000000000
74358  -44.451  -34.319  80.442 0.0000000000
71092  -38.581  -35.452  75.887 0.0000000000
71130  -39.104  -35.613  74.882 0.0000000000
73306  -40.008  -34.844  74.688 0.0000000000
72202  -40.400  -35.170  76.132 0.0000000000
73267  -42.003  -34.521  77.876 0.0000000000
53313  -10.716  -52.064  97.627 0.0000000000
52231  -11.896  -52.115  97.612 0.0000000000
51145  -11.782  -52.938  96.685 0.0000000000
50124  -10.505  -53.187  94.792 0.0000000000
52324  -12.011  -50.893  89.822 0.0000000000
52312  -10.326  -52.003  91.502 0.0000000000
70901  -7.443  -37.626  92.654 0.0000000000
69688  -6.028  -37.726  91.923 0.0000000000
70928  -7.899  -37.730  91.239 0.0000000000
68537  -8.347  -38.700  89.050 0.0000000000
68576  -8.947  -39.743  87.109 0.0000000000
60254  -7.328  -46.585  80.332 0.0000000000
62461  -7.804  -44.794  80.625 0.0000000000
60253  -6.295  -46.597  80.079 0.0000000000
61311  -5.357  -45.672  80.322 0.0000000000
61309  -3.697  -45.357  79.982 0.0000000000
61098  -8.484  -45.543  98.813 0.0000000000
60043  -6.815  -46.317  98.525 0.0000000000
60042  -5.973  -46.229  98.121 0.0000000000
52256  -3.046  -54.072  93.311 0.0000000000
54578  -4.074  -51.871  93.342 0.0000000000
53370  -3.134  -52.980  92.571 0.0000000000
53384  -2.795  -52.654  91.853 0.0000000000
54600  -2.961  -51.500  90.825 0.0000000000
55763  -2.825  -50.320  90.116 0.0000000000
53436  -2.564  -52.022  89.774 0.0000000000
52332  -2.297  -53.151  88.791 0.0000000000
51213  -2.384  -54.344  87.705 0.0000000000
63627  -31.866  -41.399  86.476 0.0000000000
63600  -31.314  -41.497  88.456 0.0000000000
63602  -32.159  -41.214  88.044 0.0000000000
67365  -33.535  -39.918  87.738 0.0000000000
69773  -33.473  -39.180  88.383 0.0000000000
70939  -33.071  -37.840  90.377 0.0000000000
54586  -27.101  -49.401  92.993 0.0000000000
57982  -29.082  -47.537  93.535 0.0000000000
55757  -27.009  -49.217  92.199 0.0000000000
54616  -25.527  -49.400  91.033 0.0000000000
53460  -24.114  -49.840  88.776 0.0000000000
87070  -45.144  -23.294  74.812 0.0000000000
89149  -46.792  -21.674  76.111 0.0000000000
90112  -47.309  -20.890  77.183 0.0000000000
75529  -41.346  -33.685  80.107 0.0000000000
75514  -42.330  -33.508  81.135 0.0000000000
76676  -42.031  -32.525  82.227 0.0000000000
76737  -34.935  -31.435  78.498 0.0000000000
75546  -38.644  -32.918  78.354 0.0000000000
75538  -39.620  -33.101  79.093 0.0000000000
54612  -17.567  -49.681  90.941 0.0000000000
53424  -17.188  -49.816  91.409 0.0000000000
54627  -17.177  -49.216  90.498 0.0000000000
55773  -15.595  -48.847  89.627 0.0000000000
70985  -4.495  -37.327  86.911 0.0000000000
69798  -4.829  -38.465  86.427 0.0000000000
64854  -9.781  -42.191  89.186 0.0000000000
64866  -10.018  -42.266  88.102 0.0000000000
63607  -9.475  -43.155  87.439 0.0000000000
62397  -9.044  -44.804  85.264 0.0000000000
61261  -9.183  -45.230  83.124 0.0000000000
59151  -8.265  -47.564  83.550 0.0000000000
59162  -8.561  -47.476  82.258 0.0000000000
59173  -8.313  -47.470  81.249 0.0000000000
58124  -7.083  -48.517  79.967 0.0000000000
56824  -6.821  -49.815  97.277 0.0000000000
54525  -6.748  -51.677  97.061 0.0000000000
54535  -5.893  -51.895  96.331 0.0000000000
52245  -4.497  -53.687  94.893 0.0000000000
47907  -4.878  -55.343  95.004 0.0000000000
50110  -4.118  -54.736  94.635 0.0000000000
51153  -3.275  -54.660  93.893 0.0000000000
50120  -2.615  -54.969  93.385 0.0000000000
47945  -1.914  -56.439  92.144 0.0000000000
47977  -1.343  -57.032  91.022 0.0000000000
74294  -34.002  -33.900  84.732 0.0000000000
73186  -35.373  -33.740  85.193 0.0000000000
73185  -34.602  -33.919  85.567 0.0000000000
68633  -32.494  -39.222  83.864 0.0000000000
75438  -30.076  -33.665  84.084 0.0000000000
75441  -32.785  -33.938  84.075 0.0000000000
53350  -21.272  -50.493  94.287 0.0000000000
53375  -19.600  -50.177  92.976 0.0000000000
58987  -27.702  -46.768  95.429 0.0000000000
55725  -25.721  -49.006  94.716 0.0000000000
53343  -24.483  -50.153  94.246 0.0000000000
52291  -23.101  -50.721  91.803 0.0000000000
52278  -23.145  -50.700  92.445 0.0000000000
52265  -22.424  -50.670  93.108 0.0000000000
52288  -21.246  -50.405  92.404 0.0000000000
53409  -20.023  -50.045  91.399 0.0000000000
54602  -19.039  -49.759  91.036 0.0000000000
55776  -18.422  -49.180  89.880 0.0000000000
92378  -50.473  -18.539  72.027 0.0000000000
91218  -51.424  -18.551  72.166 0.0000000000
91238  -52.202  -19.284  71.422 0.0000000000
69678  -9.019  -38.228  92.987 0.0000000000
68488  -9.509  -39.585  92.480 0.0000000000
68458  -9.083  -39.345  94.861 0.0000000000
67292  -9.267  -40.296  93.655 0.0000000000
64830  -9.231  -41.972  91.317 0.0000000000
63550  -9.047  -42.977  90.233 0.0000000000
62364  -8.238  -44.335  88.922 0.0000000000
61228  -7.443  -45.560  87.571 0.0000000000
62345  -6.753  -44.985  90.517 0.0000000000
61227  -6.392  -46.375  88.268 0.0000000000
60181  -6.630  -47.364  86.267 0.0000000000
59119  -5.621  -48.546  86.000 0.0000000000
55832  -5.527  -50.240  85.534 0.0000000000
55846  -5.268  -51.127  85.386 0.0000000000
79022  -45.438  -29.645  77.903 0.0000000000
74427  -40.560  -33.635  74.373 0.0000000000
76817  -40.850  -32.200  74.456 0.0000000000
77940  -41.285  -31.371  74.982 0.0000000000
77925  -42.673  -30.585  76.144 0.0000000000
79033  -44.021  -29.847  76.980 0.0000000000
53310  -8.215  -52.305  97.623 0.0000000000
50091  -7.729  -53.568  96.907 0.0000000000
51133  -9.791  -53.183  97.742 0.0000000000
50101  -8.900  -53.735  96.655 0.0000000000
49053  -7.759  -54.434  95.414 0.0000000000
47963  -6.597  -55.364  92.666 0.0000000000
53406  -16.844  -50.036  92.006 0.0000000000
53388  -16.384  -50.375  92.878 0.0000000000
52273  -15.970  -50.706  93.595 0.0000000000
53421  -13.399  -50.351  91.258 0.0000000000
53386  -14.176  -50.614  92.742 0.0000000000
52261  -15.688  -51.067  94.317 0.0000000000
52260  -14.512  -51.283  94.505 0.0000000000
52253  -14.426  -51.557  95.134 0.0000000000
52246  -13.516  -51.920  96.007 0.0000000000
51152  -12.738  -52.148  95.638 0.0000000000
51161  -10.944  -52.859  94.705 0.0000000000
51167  -10.094  -52.789  93.999 0.0000000000
51182  -9.507  -52.406  91.637 0.0000000000
51173  -9.377  -52.610  92.875 0.0000000000
51166  -8.869  -53.126  93.416 0.0000000000
50131  -7.413  -54.060  92.126 0.0000000000
72049  -4.147  -36.568  90.519 0.0000000000
69702  -5.798  -38.089  91.079 0.0000000000
69716  -4.720  -38.043  89.803 0.0000000000
70942  -4.233  -37.642  89.384 0.0000000000
69758  -4.595  -38.506  88.302 0.0000000000
68586  -4.889  -39.239  86.784 0.0000000000
67394  -4.841  -40.575  85.080 0.0000000000
66163  -10.096  -41.323  87.562 0.0000000000
67388  -9.324  -41.052  85.998 0.0000000000
66190  -8.304  -41.155  85.330 0.0000000000
63717  -8.074  -43.386  81.634 0.0000000000
64939  -7.438  -42.097  83.525 0.0000000000
66206  -6.936  -41.624  84.774 0.0000000000
66205  -5.851  -41.722  84.564 0.0000000000
66204  -4.885  -41.450  84.538 0.0000000000
67400  -4.419  -40.849  83.958 0.0000000000
67406  -3.232  -40.803  82.355 0.0000000000
57904  -6.293  -48.707  97.386 0.0000000000
58977  -5.818  -48.083  97.145 0.0000000000
58975  -4.866  -46.772  96.939 0.0000000000
55735  -4.595  -49.881  94.124 0.0000000000
57931  -4.359  -47.779  95.123 0.0000000000
60052  -4.452  -46.179  96.581 0.0000000000
61117  -4.295  -45.763  95.611 0.0000000000
62263  -4.296  -45.424  95.337 0.0000000000
62272  -4.698  -44.635  94.876 0.0000000000
61149  -3.952  -45.835  93.016 0.0000000000
60136  -3.666  -46.760  90.851 0.0000000000
60151  -3.620  -47.841  89.311 0.0000000000
56928  -2.616  -49.787  89.156 0.0000000000
58023  -2.860  -49.374  88.363 0.0000000000
59110  -3.482  -48.920  87.655 0.0000000000
55830  -3.925  -50.831  86.463 0.0000000000
54688  -4.529  -51.472  85.709 0.0000000000
52366  -5.021  -53.860  84.843 0.0000000000
46807  -1.949  -57.980  89.826 0.0000000000
45742  -1.828  -59.597  88.020 0.0000000000
48025  -1.962  -57.538  88.902 0.0000000000
48038  -2.229  -57.580  87.982 0.0000000000
49161  -2.296  -56.542  86.717 0.0000000000
49175  -2.553  -56.586  86.156 0.0000000000
48079  -2.678  -57.808  85.770 0.0000000000
50192  -3.014  -55.645  86.019 0.0000000000
50194  -3.916  -55.815  85.494 0.0000000000
50213  -4.839  -55.818  84.809 0.0000000000
50214  -5.560  -55.697  84.278 0.0000000000
49210  -6.554  -56.524  83.134 0.0000000000
46955  -6.582  -58.302  81.867 0.0000000000
63509  -32.002  -42.156  92.924 0.0000000000
64808  -32.050  -41.683  93.107 0.0000000000
63508  -31.556  -42.584  93.331 0.0000000000
62289  -31.606  -42.842  92.667 0.0000000000
63517  -32.063  -42.195  92.425 0.0000000000
62300  -31.217  -43.366  92.460 0.0000000000
62317  -30.821  -43.575  91.959 0.0000000000
62288  -31.320  -43.339  93.081 0.0000000000
81367  -47.175  -27.751  77.956 0.0000000000
81356  -46.961  -28.341  78.121 0.0000000000
80213  -45.168  -28.682  77.094 0.0000000000
81375  -44.795  -28.239  76.662 0.0000000000
81377  -46.179  -27.622  77.178 0.0000000000
73216  -35.711  -33.501  84.566 0.0000000000
74311  -34.081  -33.692  84.049 0.0000000000
74327  -33.579  -33.526  83.573 0.0000000000
74329  -35.201  -32.950  83.718 0.0000000000
54722  -5.906  -52.347  84.433 0.0000000000
54723  -6.478  -51.774  84.165 0.0000000000
52374  -6.372  -53.711  83.799 0.0000000000
47978  -5.831  -56.564  91.000 0.0000000000
70937  -31.594  -36.933  90.385 0.0000000000
63499  -5.693  -43.909  94.815 0.0000000000
62273  -5.185  -44.377  94.590 0.0000000000
72139  -41.785  -34.601  79.468 0.0000000000
73228  -42.851  -34.524  80.692 0.0000000000
73227  -42.595  -34.405  80.574 0.0000000000
73235  -40.832  -34.433  79.184 0.0000000000
73245  -40.291  -34.391  78.825 0.0000000000
72138  -41.175  -34.614  79.194 0.0000000000
72152  -41.255  -34.872  78.755 0.0000000000
54543  -14.007  -50.642  97.225 0.0000000000
53319  -13.576  -51.266  97.335 0.0000000000
52238  -13.672  -51.491  96.902 0.0000000000
53374  -18.532  -50.293  93.207 0.0000000000
68596  -5.144  -39.367  84.874 0.0000000000
69812  -5.496  -38.785  84.580 0.0000000000
67322  -10.102  -40.012  90.270 0.0000000000
66122  -10.023  -41.006  89.877 0.0000000000
57910  -7.341  -48.561  97.182 0.0000000000
50136  -1.592  -55.244  91.501 0.0000000000
49114  -1.699  -56.625  89.643 0.0000000000
67320  -33.791  -39.978  91.494 0.0000000000
67328  -33.748  -40.135  90.888 0.0000000000
68517  -34.027  -39.436  91.427 0.0000000000
69714  -34.052  -38.697  91.159 0.0000000000
58010  -27.446  -47.379  90.830 0.0000000000
56921  -26.975  -47.930  90.668 0.0000000000
56933  -26.603  -47.779  90.058 0.0000000000
87027  -47.819  -23.318  77.715 0.0000000000
87043  -47.255  -23.749  77.099 0.0000000000
76691  -38.898  -31.927  82.230 0.0000000000
76673  -39.298  -32.222  82.760 0.0000000000
76672  -38.851  -32.171  82.692 0.0000000000
75525  -37.709  -31.677  81.004 0.0000000000
75511  -38.988  -31.823  81.270 0.0000000000
73143  -4.167  -35.652  89.892 0.0000000000
72069  -3.870  -36.380  88.511 0.0000000000
72060  -3.844  -36.470  89.219 0.0000000000
61236  -7.692  -45.935  86.218 0.0000000000
60191  -7.746  -46.808  85.059 0.0000000000
53547  -8.366  -52.143  81.099 0.0000000000
55900  -8.450  -50.640  81.410 0.0000000000
54766  -8.142  -51.261  80.749 0.0000000000
54765  -7.642  -51.476  80.246 0.0000000000
53554  -7.416  -52.212  80.110 0.0000000000
53568  -6.593  -52.245  79.837 0.0000000000
50090  -7.157  -53.538  96.655 0.0000000000
51138  -6.729  -53.525  96.417 0.0000000000
49043  -6.248  -54.484  95.728 0.0000000000
45660  -4.015  -57.266  93.285 0.0000000000
74255  -32.415  -34.293  86.701 0.0000000000
74243  -33.167  -34.153  87.496 0.0000000000
64922  -32.134  -41.330  85.356 0.0000000000
74254  -31.340  -34.443  86.890 0.0000000000
56869  -24.312  -49.026  94.677 0.0000000000
53341  -22.906  -50.212  94.572 0.0000000000
53381  -26.226  -49.804  92.870 0.0000000000
53356  -26.068  -49.913  93.337 0.0000000000
53394  -24.830  -50.499  92.069 0.0000000000
53454  -20.739  -49.951  88.757 0.0000000000
53440  -20.470  -50.193  89.912 0.0000000000
54645  -19.923  -49.544  89.015 0.0000000000
64795  -8.118  -42.189  94.418 0.0000000000
64810  -8.298  -42.233  93.496 0.0000000000
64819  -7.966  -42.874  92.949 0.0000000000
63522  -7.997  -43.224  92.362 0.0000000000
61225  -4.657  -47.339  88.622 0.0000000000
60160  -4.329  -47.741  88.204 0.0000000000
60170  -4.444  -47.983  87.647 0.0000000000
60169  -4.008  -48.066  87.942 0.0000000000
77891  -43.701  -31.752  78.447 0.0000000000
77885  -44.646  -31.780  79.373 0.0000000000
76728  -44.493  -32.387  79.608 0.0000000000
75557  -42.718  -33.211  78.030 0.0000000000
76756  -42.443  -32.638  77.196 0.0000000000
77896  -43.522  -31.586  77.930 0.0000000000
50118  -10.168  -53.366  94.915 0.0000000000
50117  -9.492  -53.480  94.746 0.0000000000
50122  -9.129  -53.360  94.355 0.0000000000
50121  -8.408  -53.558  93.789 0.0000000000
50128  -9.054  -53.153  93.984 0.0000000000
53439  -14.055  -49.715  90.114 0.0000000000
70899  -5.455  -37.320  92.630 0.0000000000
68574  -7.171  -39.361  87.742 0.0000000000
68555  -6.759  -39.069  88.381 0.0000000000
68587  -6.653  -39.660  87.242 0.0000000000
67358  -6.124  -39.837  87.179 0.0000000000
67373  -6.575  -40.108  86.662 0.0000000000
62420  -8.905  -44.116  82.050 0.0000000000
62436  -4.573  -44.044  80.969 0.0000000000
63714  -4.761  -43.478  81.409 0.0000000000
63692  -4.331  -42.971  81.826 0.0000000000
63713  -3.950  -43.379  81.398 0.0000000000
64983  -3.357  -42.746  81.617 0.0000000000
63712  -3.283  -43.464  80.997 0.0000000000
61091  -6.317  -45.331  98.756 0.0000000000
61096  -5.300  -45.228  97.859 0.0000000000
54561  -4.788  -52.281  94.860 0.0000000000
54562  -5.100  -51.700  95.273 0.0000000000
54572  -4.525  -51.850  94.341 0.0000000000
56887  -3.383  -50.283  91.603 0.0000000000
57979  -3.580  -48.609  92.373 0.0000000000
57986  -3.276  -48.699  91.666 0.0000000000
59057  -3.021  -48.509  91.204 0.0000000000
57985  -3.047  -49.261  91.137 0.0000000000
52349  -2.781  -53.369  87.390 0.0000000000
53479  -2.666  -52.360  87.605 0.0000000000
52357  -3.237  -53.528  86.756 0.0000000000
44582  -0.803  -61.057  86.136 0.0000000000
44583  -1.187  -60.407  85.907 0.0000000000
66110  -33.201  -40.570  92.114 0.0000000000
63580  -29.718  -42.454  90.125 0.0000000000
63581  -30.590  -41.895  89.812 0.0000000000
63518  -32.416  -41.813  91.831 0.0000000000
63530  -32.449  -41.740  91.176 0.0000000000
66118  -33.478  -40.568  91.400 0.0000000000
60146  -28.353  -45.673  91.193 0.0000000000
60145  -27.919  -45.718  90.720 0.0000000000
61195  -28.917  -44.936  91.394 0.0000000000
63556  -29.192  -43.586  90.792 0.0000000000
63557  -29.575  -43.221  90.814 0.0000000000
60129  -29.911  -45.004  92.481 0.0000000000
60128  -29.497  -45.758  92.453 0.0000000000
60137  -28.963  -45.634  91.841 0.0000000000
59078  -28.505  -46.270  91.649 0.0000000000
83675  -47.393  -25.979  77.622 0.0000000000
84847  -48.294  -25.484  78.325 0.0000000000
83666  -47.899  -26.178  78.127 0.0000000000
80238  -42.265  -29.011  75.387 0.0000000000
80239  -42.863  -28.869  75.611 0.0000000000
82510  -43.965  -27.289  75.874 0.0000000000
83684  -43.939  -26.264  75.650 0.0000000000
83674  -46.888  -26.188  77.283 0.0000000000
84862  -47.147  -25.550  77.367 0.0000000000
74331  -36.963  -32.730  83.542 0.0000000000
74332  -37.828  -32.755  83.560 0.0000000000
73204  -37.165  -33.635  84.613 0.0000000000
74296  -37.542  -33.589  84.315 0.0000000000
73189  -37.613  -33.783  84.980 0.0000000000
75520  -33.192  -32.034  81.563 0.0000000000
76704  -34.409  -31.667  80.679 0.0000000000
74344  -35.616  -32.551  83.110 0.0000000000
75507  -35.257  -32.327  82.334 0.0000000000
75486  -36.822  -32.281  82.885 0.0000000000
58069  -6.347  -48.789  85.377 0.0000000000
58070  -6.932  -48.731  84.941 0.0000000000
55848  -6.962  -49.960  84.491 0.0000000000
53524  -7.464  -52.699  82.945 0.0000000000
54724  -7.553  -51.620  83.273 0.0000000000
54739  -7.788  -52.120  82.718 0.0000000000
54740  -8.195  -51.563  82.307 0.0000000000
53534  -7.943  -52.600  82.344 0.0000000000
52390  -7.992  -53.278  81.644 0.0000000000
51268  -7.574  -54.291  82.061 0.0000000000
50244  -7.287  -55.631  82.216 0.0000000000
50245  -7.453  -55.142  81.681 0.0000000000
49224  -7.294  -55.937  81.694 0.0000000000
49234  -6.923  -56.522  81.213 0.0000000000
47933  -6.405  -55.630  93.477 0.0000000000
47921  -6.575  -55.528  94.003 0.0000000000
74224  -31.809  -34.158  89.335 0.0000000000
70979  -33.182  -38.405  87.493 0.0000000000
70978  -32.787  -38.128  87.524 0.0000000000
70977  -31.910  -37.918  87.588 0.0000000000
70976  -30.637  -37.409  87.660 0.0000000000
70975  -30.112  -37.232  87.014 0.0000000000
72083  -30.100  -36.858  87.872 0.0000000000
74222  -30.875  -35.022  89.651 0.0000000000
74231  -30.786  -35.035  89.116 0.0000000000
59024  -26.172  -47.395  94.521 0.0000000000
57948  -26.357  -47.693  94.721 0.0000000000
53472  -23.134  -50.352  88.215 0.0000000000
53458  -23.262  -50.350  89.255 0.0000000000
53471  -22.637  -50.375  88.040 0.0000000000
91192  -46.506  -20.417  74.674 0.0000000000
92331  -47.434  -18.898  75.156 0.0000000000
91193  -46.917  -19.575  74.385 0.0000000000
92344  -47.604  -18.649  74.005 0.0000000000
92345  -48.741  -17.981  73.665 0.0000000000
92332  -48.267  -18.100  74.796 0.0000000000
63501  -6.971  -43.485  94.420 0.0000000000
63520  -6.878  -44.285  93.061 0.0000000000
63511  -6.666  -43.927  93.880 0.0000000000
62302  -5.561  -45.093  92.620 0.0000000000
62322  -5.597  -45.357  91.916 0.0000000000
61188  -4.948  -45.801  91.297 0.0000000000
61187  -4.325  -46.392  90.655 0.0000000000
74365  -43.629  -34.135  79.259 0.0000000000
73249  -43.800  -34.711  79.830 0.0000000000
73265  -38.560  -34.252  77.027 0.0000000000
71072  -39.730  -35.216  77.619 0.0000000000
71080  -38.929  -35.277  76.631 0.0000000000
71093  -39.199  -35.542  76.203 0.0000000000
71110  -39.464  -35.591  75.721 0.0000000000
72201  -40.070  -35.546  76.069 0.0000000000
72189  -40.213  -35.445  76.822 0.0000000000
73257  -42.162  -34.703  78.550 0.0000000000
73266  -41.466  -34.950  77.747 0.0000000000
74373  -42.496  -34.320  78.256 0.0000000000
53315  -12.274  -51.595  97.631 0.0000000000
51146  -12.250  -52.590  96.473 0.0000000000
51141  -12.303  -52.595  97.006 0.0000000000
51150  -11.684  -52.935  96.109 0.0000000000
50114  -11.078  -53.301  95.730 0.0000000000
51155  -11.473  -52.942  95.441 0.0000000000
52323  -11.088  -51.389  89.688 0.0000000000
70902  -8.320  -37.813  92.407 0.0000000000
70914  -7.611  -37.696  91.810 0.0000000000
70915  -8.417  -37.821  91.613 0.0000000000
68539  -9.745  -39.568  88.885 0.0000000000
69738  -9.065  -38.566  89.842 0.0000000000
68538  -8.930  -38.917  89.091 0.0000000000
68557  -9.310  -39.387  88.071 0.0000000000
59187  -7.217  -47.512  80.173 0.0000000000
59184  -4.409  -47.347  79.419 0.0000000000
60252  -5.199  -46.630  79.956 0.0000000000
61310  -4.370  -45.665  80.239 0.0000000000
60268  -3.836  -46.439  79.314 0.0000000000
58974  -7.145  -47.304  97.972 0.0000000000
60044  -7.684  -46.313  98.488 0.0000000000
58972  -5.902  -47.259  97.527 0.0000000000
51164  -2.545  -54.561  93.268 0.0000000000
53357  -3.094  -53.659  93.005 0.0000000000
52267  -2.688  -53.978  92.944 0.0000000000
52297  -2.395  -53.304  91.459 0.0000000000
54590  -3.024  -51.735  91.506 0.0000000000
53401  -2.754  -52.357  91.133 0.0000000000
53419  -2.703  -51.976  90.455 0.0000000000
51205  -2.016  -54.267  88.516 0.0000000000
63639  -31.070  -41.570  85.950 0.0000000000
63626  -31.320  -41.482  86.628 0.0000000000
63582  -31.349  -41.676  89.375 0.0000000000
63583  -31.859  -41.564  89.070 0.0000000000
66143  -33.455  -40.761  89.121 0.0000000000
64862  -33.236  -41.099  88.885 0.0000000000
66156  -33.311  -40.728  88.612 0.0000000000
66169  -33.013  -40.768  88.065 0.0000000000
68581  -33.513  -39.865  88.478 0.0000000000
68580  -33.563  -39.705  88.159 0.0000000000
68564  -33.546  -39.633  88.859 0.0000000000
70940  -33.651  -38.365  90.614 0.0000000000
57950  -28.818  -47.618  94.879 0.0000000000
55732  -28.039  -48.631  94.190 0.0000000000
55737  -27.994  -48.668  93.566 0.0000000000
59045  -29.872  -46.179  93.952 0.0000000000
56911  -27.027  -48.694  91.462 0.0000000000
56904  -27.632  -48.646  92.512 0.0000000000
55764  -26.717  -48.940  91.467 0.0000000000
54604  -26.345  -49.344  91.703 0.0000000000
53432  -24.841  -49.674  90.399 0.0000000000
54631  -24.644  -49.505  89.452 0.0000000000
54677  -24.088  -49.823  87.531 0.0000000000
90088  -47.571  -21.022  78.781 0.0000000000
84875  -44.444  -25.164  75.601 0.0000000000
85960  -44.637  -24.414  75.358 0.0000000000
85961  -45.343  -24.315  75.733 0.0000000000
87071  -45.682  -23.214  75.343 0.0000000000
88135  -45.940  -22.601  75.229 0.0000000000
89148  -46.421  -21.764  75.420 0.0000000000
89130  -47.444  -21.752  77.552 0.0000000000
89141  -47.136  -21.677  76.784 0.0000000000
90099  -47.492  -20.954  78.034 0.0000000000
75512  -41.012  -32.879  80.455 0.0000000000
75513  -41.482  -33.138  80.675 0.0000000000
76694  -41.430  -32.675  81.213 0.0000000000
75466  -41.132  -32.351  83.480 0.0000000000
76656  -41.541  -32.370  82.751 0.0000000000
74316  -38.333  -32.891  83.864 0.0000000000
74317  -38.907  -32.769  84.036 0.0000000000
76722  -35.130  -31.403  79.592 0.0000000000
76724  -37.115  -31.600  79.451 0.0000000000
76755  -37.316  -32.306  78.037 0.0000000000
76741  -38.289  -32.388  78.794 0.0000000000
75527  -39.575  -32.231  80.234 0.0000000000
75528  -40.638  -32.987  79.965 0.0000000000
55774  -16.723  -48.687  89.861 0.0000000000
73162  -3.930  -35.305  87.565 0.0000000000
70969  -4.204  -37.433  87.545 0.0000000000
70984  -4.138  -36.720  87.468 0.0000000000
63569  -9.290  -43.000  89.468 0.0000000000
63590  -9.505  -43.043  88.501 0.0000000000
62373  -8.986  -43.908  87.373 0.0000000000
61253  -8.761  -45.564  84.474 0.0000000000
61262  -9.211  -45.132  83.841 0.0000000000
58085  -7.790  -48.597  83.736 0.0000000000
59150  -7.792  -48.138  84.106 0.0000000000
58096  -8.290  -48.499  82.943 0.0000000000
58109  -8.498  -48.476  81.885 0.0000000000
59188  -7.841  -47.351  80.644 0.0000000000
55935  -6.270  -50.343  79.710 0.0000000000
57042  -6.675  -49.549  79.825 0.0000000000
51308  -5.773  -54.415  79.975 0.0000000000
55690  -7.180  -50.674  97.274 0.0000000000
52233  -5.877  -53.068  95.982 0.0000000000
53317  -5.928  -52.462  96.188 0.0000000000
52240  -5.476  -53.225  95.633 0.0000000000
53323  -5.058  -53.186  95.305 0.0000000000
52239  -4.926  -53.657  95.330 0.0000000000
46726  -5.399  -55.638  94.905 0.0000000000
46733  -4.989  -56.021  94.484 0.0000000000
47920  -3.657  -55.819  93.810 0.0000000000
47913  -4.085  -55.536  94.367 0.0000000000
49062  -3.348  -55.262  93.830 0.0000000000
50116  -3.580  -54.954  94.234 0.0000000000
50115  -3.162  -54.890  93.817 0.0000000000
49061  -2.819  -55.264  93.311 0.0000000000
46777  -2.284  -56.848  92.165 0.0000000000
47931  -2.313  -56.087  92.578 0.0000000000
47961  -1.496  -56.627  91.660 0.0000000000
73200  -34.311  -33.995  85.333 0.0000000000
74277  -34.336  -34.145  85.757 0.0000000000
69828  -32.949  -38.896  85.192 0.0000000000
68616  -32.885  -39.259  84.706 0.0000000000
69846  -32.617  -38.535  84.101 0.0000000000
74290  -29.500  -34.661  84.957 0.0000000000
74275  -32.718  -34.183  85.713 0.0000000000
74293  -32.987  -34.081  84.695 0.0000000000
53362  -20.655  -50.416  93.539 0.0000000000
53376  -20.525  -50.227  92.686 0.0000000000
54575  -25.736  -49.897  94.123 0.0000000000
55726  -26.621  -48.844  94.686 0.0000000000
54568  -25.758  -49.475  94.470 0.0000000000
53354  -24.832  -50.328  93.883 0.0000000000
52316  -22.831  -50.585  90.579 0.0000000000
52305  -23.164  -50.658  91.218 0.0000000000
52303  -21.814  -50.619  91.369 0.0000000000
52290  -22.501  -50.699  91.941 0.0000000000
52266  -22.926  -50.691  92.909 0.0000000000
52277  -22.455  -50.676  92.559 0.0000000000
52276  -21.840  -50.596  92.763 0.0000000000
52302  -21.296  -50.465  91.820 0.0000000000
53426  -19.556  -49.922  91.004 0.0000000000
53408  -19.091  -49.800  91.552 0.0000000000
54613  -18.465  -49.712  90.904 0.0000000000
54629  -19.068  -49.484  89.815 0.0000000000
55806  -18.753  -48.442  87.834 0.0000000000
92346  -49.652  -17.860  73.130 0.0000000000
92377  -49.492  -18.480  71.928 0.0000000000
93441  -50.476  -17.885  73.125 0.0000000000
92363  -52.606  -18.547  73.003 0.0000000000
69660  -8.619  -38.087  94.099 0.0000000000
69679  -9.429  -38.954  92.967 0.0000000000
68470  -9.388  -39.559  93.284 0.0000000000
67277  -8.664  -40.288  96.159 0.0000000000
66096  -8.749  -41.612  93.252 0.0000000000
66097  -9.120  -41.028  93.018 0.0000000000
66105  -9.419  -41.284  92.140 0.0000000000
64840  -9.056  -42.619  90.834 0.0000000000
63567  -8.222  -44.044  90.291 0.0000000000
62347  -8.068  -44.356  89.659 0.0000000000
62371  -7.776  -44.844  88.371 0.0000000000
61217  -7.399  -45.189  88.437 0.0000000000
62324  -6.685  -44.834  91.428 0.0000000000
62325  -7.339  -44.496  91.192 0.0000000000
60163  -6.594  -46.702  87.452 0.0000000000
60172  -6.207  -47.504  86.942 0.0000000000
59114  -6.234  -47.821  86.367 0.0000000000
56974  -5.109  -49.676  85.807 0.0000000000
80190  -46.146  -29.409  78.171 0.0000000000
79016  -45.638  -30.482  78.765 0.0000000000
73291  -40.557  -34.617  75.616 0.0000000000
73307  -40.454  -34.245  74.751 0.0000000000
74409  -40.820  -33.766  75.210 0.0000000000
75601  -40.895  -32.970  74.797 0.0000000000
76795  -41.344  -32.096  75.354 0.0000000000
77923  -41.501  -31.529  75.363 0.0000000000
77941  -41.605  -30.769  75.220 0.0000000000
77924  -42.015  -31.180  75.757 0.0000000000
77897  -43.841  -30.782  77.534 0.0000000000
77909  -43.550  -30.475  76.984 0.0000000000
80200  -44.943  -29.308  77.331 0.0000000000
54528  -8.574  -51.867  97.475 0.0000000000
51131  -8.128  -53.268  97.509 0.0000000000
52230  -11.130  -52.410  97.596 0.0000000000
52229  -10.234  -52.600  97.699 0.0000000000
50094  -10.197  -53.459  97.332 0.0000000000
49060  -9.087  -53.766  95.338 0.0000000000
49047  -9.032  -53.780  96.111 0.0000000000
49054  -8.593  -53.886  95.608 0.0000000000
49046  -8.277  -53.888  96.159 0.0000000000
49058  -7.775  -54.623  94.849 0.0000000000
49063  -7.606  -54.575  94.349 0.0000000000
49071  -7.332  -54.582  93.194 0.0000000000
49067  -7.422  -54.571  93.840 0.0000000000
49079  -7.049  -54.853  92.327 0.0000000000
54611  -16.657  -49.528  90.986 0.0000000000
53423  -16.120  -49.768  91.435 0.0000000000
52287  -15.651  -50.510  93.124 0.0000000000
53385  -13.500  -50.806  92.847 0.0000000000
52286  -14.954  -50.635  93.252 0.0000000000
52272  -14.771  -50.961  93.851 0.0000000000
52254  -15.476  -51.280  94.951 0.0000000000
52259  -13.127  -51.431  94.732 0.0000000000
52247  -14.348  -51.554  95.760 0.0000000000
52252  -13.455  -51.764  95.387 0.0000000000
51157  -12.506  -51.799  95.115 0.0000000000
52268  -10.858  -52.464  93.914 0.0000000000
51168  -11.156  -52.438  94.254 0.0000000000
51160  -10.368  -52.939  94.455 0.0000000000
51191  -9.762  -52.170  90.717 0.0000000000
51172  -8.186  -53.388  92.645 0.0000000000
51180  -7.703  -53.516  91.664 0.0000000000
72024  -4.552  -36.407  92.339 0.0000000000
73121  -4.514  -35.638  91.727 0.0000000000
72035  -4.308  -36.538  91.223 0.0000000000
69703  -6.787  -37.829  91.384 0.0000000000
69718  -6.478  -38.262  90.347 0.0000000000
68536  -5.500  -38.793  88.801 0.0000000000
69717  -5.498  -38.321  90.084 0.0000000000
69734  -5.176  -38.574  89.109 0.0000000000
69733  -4.614  -38.235  88.995 0.0000000000
70955  -4.317  -37.877  88.716 0.0000000000
68552  -4.789  -38.918  88.182 0.0000000000
67372  -5.716  -40.096  86.806 0.0000000000
67371  -5.185  -39.688  87.090 0.0000000000
67383  -5.204  -40.167  86.164 0.0000000000
64882  -9.921  -42.437  87.107 0.0000000000
64867  -10.136  -41.677  87.927 0.0000000000
64896  -10.142  -42.050  86.936 0.0000000000
64920  -9.469  -42.312  84.815 0.0000000000
66192  -9.613  -41.582  85.794 0.0000000000
66209  -9.394  -41.769  85.250 0.0000000000
67387  -8.753  -40.736  85.830 0.0000000000
66208  -8.842  -41.606  84.811 0.0000000000
62438  -7.363  -44.163  80.718 0.0000000000
63716  -7.075  -43.445  81.217 0.0000000000
64963  -6.287  -42.514  82.838 0.0000000000
64964  -7.324  -42.444  82.873 0.0000000000
66222  -7.611  -41.783  84.155 0.0000000000
66221  -6.701  -41.881  84.079 0.0000000000
66188  -6.367  -41.230  85.427 0.0000000000
66220  -6.107  -41.979  83.975 0.0000000000
64917  -4.870  -41.856  83.984 0.0000000000
66219  -4.480  -41.537  83.844 0.0000000000
66218  -3.940  -41.411  83.293 0.0000000000
67407  -3.447  -41.061  82.795 0.0000000000
66231  -3.502  -41.621  82.751 0.0000000000
63478  -5.046  -44.345  96.521 0.0000000000
56823  -6.456  -50.134  97.129 0.0000000000
57907  -5.467  -48.709  96.698 0.0000000000
58976  -5.281  -47.089  97.071 0.0000000000
58981  -4.845  -47.700  96.344 0.0000000000
54579  -4.348  -51.347  93.858 0.0000000000
55734  -4.367  -50.560  93.674 0.0000000000
57968  -3.959  -48.361  93.630 0.0000000000
57969  -4.205  -48.410  94.116 0.0000000000
57952  -4.138  -47.825  94.421 0.0000000000
58991  -4.317  -47.098  95.922 0.0000000000
60060  -4.228  -46.341  95.740 0.0000000000
60067  -3.991  -46.484  94.953 0.0000000000
61132  -3.495  -46.447  93.792 0.0000000000
61126  -3.839  -46.078  94.603 0.0000000000
61133  -3.677  -45.793  93.899 0.0000000000
62271  -4.199  -45.319  94.759 0.0000000000
62281  -4.260  -45.264  94.005 0.0000000000
59076  -3.200  -48.007  90.443 0.0000000000
60135  -3.291  -47.264  91.028 0.0000000000
60143  -3.495  -47.438  90.132 0.0000000000
59084  -3.307  -48.251  89.691 0.0000000000
54623  -2.671  -51.169  89.254 0.0000000000
55771  -2.680  -50.300  89.553 0.0000000000
54641  -2.675  -51.118  88.687 0.0000000000
55816  -3.019  -50.800  87.734 0.0000000000
55802  -2.772  -50.608  88.356 0.0000000000
56954  -2.922  -49.931  88.025 0.0000000000
58024  -3.036  -49.145  88.113 0.0000000000
56955  -3.356  -50.042  87.389 0.0000000000
56956  -3.678  -49.737  87.067 0.0000000000
56971  -3.470  -50.440  87.196 0.0000000000
53496  -3.880  -52.857  85.801 0.0000000000
54687  -4.031  -51.791  85.924 0.0000000000
53508  -4.264  -52.944  85.380 0.0000000000
53509  -4.813  -52.871  84.925 0.0000000000
45721  -2.161  -58.938  89.112 0.0000000000
45762  -1.456  -59.539  87.015 0.0000000000
46836  -2.171  -58.470  88.490 0.0000000000
46837  -2.287  -58.214  88.293 0.0000000000
48026  -2.235  -57.941  88.442 0.0000000000
46883  -1.836  -58.675  86.025 0.0000000000
48052  -1.999  -57.546  87.012 0.0000000000
48063  -2.165  -57.650  86.284 0.0000000000
48064  -2.491  -57.384  85.977 0.0000000000
49176  -2.901  -56.675  85.792 0.0000000000
49177  -3.412  -56.439  85.615 0.0000000000
50193  -3.449  -55.701  85.730 0.0000000000
49193  -3.742  -56.817  85.359 0.0000000000
49194  -4.421  -56.779  84.958 0.0000000000
49195  -5.146  -56.699  84.487 0.0000000000
51250  -5.270  -54.801  84.634 0.0000000000
50229  -6.294  -55.609  83.635 0.0000000000
64818  -32.650  -41.377  92.212 0.0000000000
66102  -32.448  -40.832  92.893 0.0000000000
66095  -32.087  -40.919  93.211 0.0000000000
63541  -31.157  -42.645  91.367 0.0000000000
61182  -30.301  -44.325  92.141 0.0000000000
62315  -29.760  -44.176  91.624 0.0000000000
63540  -30.646  -43.179  91.531 0.0000000000
61131  -30.740  -44.090  93.403 0.0000000000
63507  -31.076  -42.817  94.008 0.0000000000
82491  -47.714  -27.265  78.153 0.0000000000
79046  -43.910  -29.186  76.419 0.0000000000
80225  -43.504  -28.791  75.941 0.0000000000
80226  -44.100  -28.671  76.347 0.0000000000
81387  -44.382  -28.019  76.340 0.0000000000
81388  -44.928  -27.510  76.506 0.0000000000
82512  -45.343  -26.927  76.550 0.0000000000
82497  -45.975  -27.219  76.944 0.0000000000
74330  -36.073  -32.807  83.736 0.0000000000
74314  -36.683  -33.148  84.083 0.0000000000
73217  -36.501  -33.441  84.472 0.0000000000
75484  -32.935  -33.371  83.095 0.0000000000
75485  -33.538  -33.269  83.331 0.0000000000
75505  -33.686  -32.783  82.822 0.0000000000
75506  -34.413  -32.448  82.438 0.0000000000
55847  -6.306  -50.509  84.922 0.0000000000
55862  -6.527  -51.031  84.421 0.0000000000
52375  -7.076  -53.623  83.223 0.0000000000
51267  -7.257  -54.438  82.780 0.0000000000
50230  -7.038  -55.503  82.919 0.0000000000
46790  -5.489  -56.818  91.666 0.0000000000
70952  -32.222  -37.745  89.541 0.0000000000
70964  -32.442  -38.020  88.419 0.0000000000
70951  -31.264  -37.118  89.797 0.0000000000
70950  -30.854  -36.947  89.387 0.0000000000
72067  -30.655  -36.497  89.374 0.0000000000
72057  -30.827  -35.998  90.133 0.0000000000
73148  -30.926  -35.135  89.998 0.0000000000
60076  -27.242  -46.075  94.845 0.0000000000
53486  -22.519  -50.504  87.170 0.0000000000
91171  -47.268  -20.030  76.716 0.0000000000
91180  -46.899  -20.063  75.561 0.0000000000
93391  -48.812  -17.895  77.616 0.0000000000
63510  -6.083  -44.137  93.989 0.0000000000
62291  -5.097  -45.043  93.161 0.0000000000
72154  -42.783  -34.792  79.424 0.0000000000
72155  -43.325  -34.874  79.736 0.0000000000
73238  -42.955  -34.768  80.364 0.0000000000
73229  -43.404  -34.582  80.787 0.0000000000
74363  -39.776  -34.001  78.591 0.0000000000
73254  -39.034  -34.440  77.480 0.0000000000
73244  -39.804  -34.547  78.398 0.0000000000
71062  -40.032  -35.076  78.268 0.0000000000
71073  -40.213  -35.316  77.869 0.0000000000
71083  -40.390  -35.374  77.596 0.0000000000
71064  -40.935  -35.188  78.278 0.0000000000
73246  -41.703  -34.807  78.816 0.0000000000
53316  -13.042  -51.553  97.512 0.0000000000
51142  -12.779  -52.353  96.752 0.0000000000
51147  -12.821  -52.297  96.244 0.0000000000
53349  -20.276  -50.514  94.364 0.0000000000
70999  -5.185  -37.570  86.073 0.0000000000
69706  -9.511  -38.711  91.430 0.0000000000
69705  -9.019  -38.081  91.169 0.0000000000
68509  -9.809  -39.389  90.803 0.0000000000
68519  -9.719  -39.334  89.822 0.0000000000
67335  -10.190  -40.112  89.111 0.0000000000
58122  -5.453  -48.528  79.568 0.0000000000
59200  -4.492  -47.933  79.352 0.0000000000
59199  -3.977  -47.305  79.204 0.0000000000
58978  -7.541  -47.344  97.756 0.0000000000
50130  -1.850  -55.200  92.421 0.0000000000
51188  -1.946  -54.064  90.732 0.0000000000
64847  -33.093  -41.307  89.888 0.0000000000
67329  -33.562  -40.278  90.084 0.0000000000
68529  -33.602  -39.981  89.714 0.0000000000
68544  -33.592  -39.598  89.579 0.0000000000
62367  -27.931  -43.990  89.518 0.0000000000
57996  -28.658  -47.221  92.355 0.0000000000
57987  -28.422  -47.864  92.732 0.0000000000
56913  -27.830  -47.944  91.851 0.0000000000
56920  -26.712  -48.500  90.948 0.0000000000
55778  -25.942  -48.841  90.396 0.0000000000
54647  -24.732  -49.216  89.058 0.0000000000
55793  -25.115  -48.892  89.290 0.0000000000
88091  -47.939  -22.435  78.505 0.0000000000
85962  -45.929  -24.140  76.109 0.0000000000
88126  -46.920  -22.201  76.512 0.0000000000
88105  -47.740  -22.492  77.922 0.0000000000
76674  -40.300  -32.097  82.172 0.0000000000
76654  -39.864  -32.340  83.044 0.0000000000
75465  -40.166  -32.413  83.596 0.0000000000
76706  -36.384  -31.471  80.487 0.0000000000
76707  -37.312  -31.534  80.352 0.0000000000
76725  -38.021  -31.935  79.475 0.0000000000
76726  -38.487  -32.391  79.003 0.0000000000
75526  -38.581  -31.841  80.659 0.0000000000
55791  -17.505  -48.186  88.931 0.0000000000
70968  -3.958  -37.092  88.015 0.0000000000
69781  -4.191  -37.655  87.812 0.0000000000
62372  -8.387  -44.395  87.883 0.0000000000
62380  -8.577  -44.389  86.942 0.0000000000
61237  -8.171  -45.092  86.593 0.0000000000
61245  -8.387  -45.330  85.621 0.0000000000
61252  -8.128  -46.260  84.800 0.0000000000
55881  -8.403  -50.454  82.372 0.0000000000
57008  -8.379  -49.471  82.622 0.0000000000
57044  -8.342  -49.695  80.858 0.0000000000
57043  -7.699  -49.513  80.319 0.0000000000
55916  -7.439  -50.519  80.105 0.0000000000
55936  -6.928  -50.577  79.783 0.0000000000
54781  -5.955  -51.361  79.666 0.0000000000
53567  -5.656  -52.314  79.778 0.0000000000
52225  -7.306  -52.669  97.231 0.0000000000
51128  -6.799  -53.002  96.766 0.0000000000
51137  -6.471  -53.235  96.408 0.0000000000
50106  -5.532  -54.185  95.640 0.0000000000
45649  -4.815  -56.870  93.415 0.0000000000
46748  -4.673  -56.281  94.048 0.0000000000
45647  -4.060  -56.660  93.674 0.0000000000
45646  -3.717  -56.441  93.546 0.0000000000
46765  -3.029  -56.283  92.778 0.0000000000
47932  -2.660  -55.991  92.656 0.0000000000
45658  -2.950  -56.719  92.598 0.0000000000
45672  -2.858  -57.246  92.267 0.0000000000
71015  -32.083  -37.906  84.769 0.0000000000
74253  -30.271  -34.858  87.140 0.0000000000
54565  -22.673  -49.837  95.039 0.0000000000
53363  -21.597  -50.545  93.740 0.0000000000
55727  -27.355  -48.804  94.496 0.0000000000
56872  -27.442  -48.259  94.975 0.0000000000
54570  -27.030  -49.260  94.075 0.0000000000
53355  -25.588  -50.118  93.585 0.0000000000
53442  -21.905  -50.412  89.562 0.0000000000
53429  -21.505  -50.449  90.162 0.0000000000
53411  -21.440  -50.524  90.721 0.0000000000
53410  -20.892  -50.381  91.188 0.0000000000
54615  -20.001  -50.109  90.208 0.0000000000
54644  -19.431  -49.117  88.533 0.0000000000
91233  -46.671  -19.330  71.571 0.0000000000
66083  -8.701  -41.356  94.223 0.0000000000
64829  -8.750  -42.581  91.506 0.0000000000
63534  -8.237  -43.206  91.650 0.0000000000
63548  -7.984  -43.957  91.004 0.0000000000
62346  -7.533  -44.592  90.201 0.0000000000
61204  -5.865  -45.727  90.081 0.0000000000
61226  -5.462  -46.928  88.585 0.0000000000
60171  -5.229  -47.837  87.320 0.0000000000
59113  -5.492  -48.285  86.511 0.0000000000
58036  -4.595  -48.754  86.535 0.0000000000
58051  -4.229  -49.340  86.518 0.0000000000
79015  -44.895  -30.792  78.607 0.0000000000
77893  -44.994  -31.031  78.963 0.0000000000
77886  -45.295  -31.589  79.591 0.0000000000
74394  -41.710  -33.885  76.988 0.0000000000
75567  -41.466  -33.205  76.170 0.0000000000
75568  -41.893  -33.196  76.759 0.0000000000
76773  -42.190  -31.990  76.450 0.0000000000
77907  -42.381  -31.411  76.298 0.0000000000
76774  -42.603  -31.949  77.000 0.0000000000
53312  -9.819  -52.213  97.625 0.0000000000
50108  -10.545  -53.500  96.095 0.0000000000
50112  -9.649  -53.588  95.177 0.0000000000
49065  -8.901  -53.913  94.932 0.0000000000
49064  -8.237  -54.046  94.698 0.0000000000
49072  -7.884  -54.057  93.739 0.0000000000
53420  -12.604  -50.811  91.537 0.0000000000
52301  -12.661  -50.986  92.368 0.0000000000
52270  -12.159  -51.441  94.108 0.0000000000
52269  -11.374  -52.094  93.881 0.0000000000
51189  -7.909  -53.478  90.309 0.0000000000
69762  -7.549  -38.542  89.133 0.0000000000
69761  -6.967  -38.649  88.908 0.0000000000
69760  -6.418  -38.842  88.742 0.0000000000
68554  -5.921  -39.085  88.504 0.0000000000
68572  -5.463  -39.370  87.920 0.0000000000
63647  -9.604  -43.305  84.676 0.0000000000
63632  -9.756  -42.825  85.538 0.0000000000
64941  -9.338  -42.657  83.970 0.0000000000
63668  -8.984  -42.890  83.200 0.0000000000
62459  -5.564  -44.552  80.623 0.0000000000
63715  -5.774  -43.603  81.144 0.0000000000
64962  -5.239  -42.546  82.753 0.0000000000
64937  -5.532  -42.149  83.707 0.0000000000
64961  -4.251  -42.556  82.511 0.0000000000
64960  -3.426  -42.240  82.363 0.0000000000
55689  -5.809  -51.124  96.467 0.0000000000
56825  -5.780  -50.086  96.503 0.0000000000
55704  -5.361  -50.778  96.000 0.0000000000
55716  -5.201  -50.589  95.366 0.0000000000
56857  -5.188  -49.678  95.281 0.0000000000
55739  -3.533  -50.977  92.331 0.0000000000
56882  -3.821  -50.372  92.554 0.0000000000
56889  -3.815  -48.919  92.854 0.0000000000
59047  -3.761  -47.769  93.503 0.0000000000
59028  -3.762  -47.232  94.152 0.0000000000
59046  -3.591  -47.517  93.184 0.0000000000
60097  -3.545  -46.888  93.574 0.0000000000
60115  -3.520  -46.993  92.941 0.0000000000
59067  -3.132  -47.829  91.212 0.0000000000
59066  -2.957  -48.531  90.562 0.0000000000
53465  -2.405  -52.229  88.168 0.0000000000
54670  -2.776  -51.574  87.762 0.0000000000
54685  -3.068  -51.647  87.357 0.0000000000
53495  -3.561  -52.641  86.402 0.0000000000
52359  -3.920  -53.803  85.639 0.0000000000
45777  -1.346  -59.500  86.218 0.0000000000
48081  -3.921  -57.714  84.968 0.0000000000
63610  -29.030  -42.034  88.520 0.0000000000
63560  -31.923  -41.767  89.897 0.0000000000
63542  -31.863  -41.992  90.813 0.0000000000
63543  -32.504  -41.650  90.331 0.0000000000
64836  -33.071  -41.315  90.808 0.0000000000
59085  -27.406  -46.795  90.422 0.0000000000
59096  -27.432  -46.329  90.287 0.0000000000
60154  -27.530  -45.756  90.172 0.0000000000
62368  -27.907  -44.725  89.959 0.0000000000
62336  -29.375  -43.991  91.303 0.0000000000
62335  -28.893  -43.880  90.722 0.0000000000
62356  -28.471  -44.142  90.165 0.0000000000
63597  -29.047  -42.418  89.455 0.0000000000
59060  -29.655  -46.474  93.171 0.0000000000
61146  -30.301  -44.916  93.341 0.0000000000
60125  -29.920  -45.785  92.954 0.0000000000
59059  -29.402  -46.574  92.785 0.0000000000
58004  -28.484  -46.832  91.834 0.0000000000
58011  -27.800  -46.930  91.000 0.0000000000
87028  -48.401  -23.807  78.265 0.0000000000
85926  -48.383  -24.728  78.266 0.0000000000
81397  -42.829  -28.182  75.495 0.0000000000
82523  -42.247  -27.286  75.205 0.0000000000
84874  -43.884  -25.484  75.425 0.0000000000
84876  -45.167  -25.390  76.112 0.0000000000
83686  -45.472  -26.034  76.414 0.0000000000
84860  -45.847  -25.196  76.444 0.0000000000
85943  -47.157  -24.770  77.255 0.0000000000
75488  -38.464  -32.352  83.005 0.0000000000
74297  -38.054  -33.470  84.267 0.0000000000
75503  -32.293  -32.210  81.921 0.0000000000
76702  -32.385  -31.618  80.607 0.0000000000
76720  -33.139  -31.431  79.649 0.0000000000
75523  -35.770  -31.825  81.479 0.0000000000
75509  -37.171  -31.862  82.147 0.0000000000
59121  -7.342  -47.366  85.359 0.0000000000
58084  -7.387  -48.659  84.372 0.0000000000
55864  -8.056  -50.445  83.221 0.0000000000
53535  -8.283  -52.326  81.728 0.0000000000
52407  -8.163  -52.799  80.945 0.0000000000
52418  -7.742  -52.798  80.499 0.0000000000
52406  -7.804  -53.519  80.787 0.0000000000
51299  -7.243  -54.263  80.639 0.0000000000
50254  -7.333  -54.967  80.988 0.0000000000
49246  -6.116  -56.403  80.503 0.0000000000
47910  -6.928  -55.050  95.433 0.0000000000
47904  -6.453  -54.891  95.590 0.0000000000
47916  -6.534  -55.478  94.678 0.0000000000
46736  -6.166  -55.758  94.008 0.0000000000
46750  -5.712  -56.129  93.674 0.0000000000
46768  -5.966  -56.091  92.937 0.0000000000
46767  -5.584  -56.547  93.118 0.0000000000
46766  -5.337  -56.595  93.415 0.0000000000
45662  -5.133  -57.125  93.010 0.0000000000
74234  -32.903  -34.089  88.310 0.0000000000
75388  -32.778  -34.041  88.874 0.0000000000
68597  -33.319  -39.579  86.610 0.0000000000
68605  -33.037  -39.469  85.584 0.0000000000
69814  -33.123  -39.157  86.209 0.0000000000
69813  -32.954  -38.929  85.910 0.0000000000
71008  -32.765  -38.544  85.975 0.0000000000
70993  -32.452  -38.110  86.704 0.0000000000
71007  -32.215  -38.014  85.718 0.0000000000
71006  -31.310  -37.703  85.507 0.0000000000
71005  -30.491  -37.390  85.325 0.0000000000
72092  -30.056  -37.190  85.747 0.0000000000
72082  -29.803  -36.753  87.296 0.0000000000
73160  -29.759  -36.028  87.779 0.0000000000
73155  -30.175  -35.818  88.509 0.0000000000
73161  -29.913  -35.404  87.640 0.0000000000
57965  -25.730  -47.839  94.554 0.0000000000
55724  -24.601  -49.171  94.619 0.0000000000
53431  -24.390  -50.070  90.628 0.0000000000
53430  -23.973  -50.381  90.941 0.0000000000
52328  -23.408  -50.438  90.364 0.0000000000
52337  -23.001  -50.429  89.620 0.0000000000
53443  -22.373  -50.423  89.380 0.0000000000
53456  -22.245  -50.375  88.750 0.0000000000
53455  -21.627  -50.265  88.705 0.0000000000
91216  -46.315  -19.602  72.547 0.0000000000
91217  -46.980  -18.975  72.331 0.0000000000
91234  -47.706  -18.781  71.554 0.0000000000
92376  -48.563  -18.457  71.976 0.0000000000
93415  -49.034  -17.680  75.523 0.0000000000
64794  -7.419  -42.847  94.573 0.0000000000
63521  -7.483  -43.702  92.819 0.0000000000
62293  -6.837  -44.453  92.759 0.0000000000
62323  -6.163  -45.142  91.696 0.0000000000
63519  -6.398  -44.423  93.277 0.0000000000
62303  -6.147  -44.851  92.578 0.0000000000
61203  -5.228  -46.033  90.258 0.0000000000
61213  -4.161  -47.356  89.026 0.0000000000
75548  -43.387  -33.424  78.864 0.0000000000
76727  -43.812  -32.951  79.306 0.0000000000
75540  -43.790  -33.594  79.315 0.0000000000
72174  -38.790  -34.757  76.972 0.0000000000
72188  -38.380  -35.120  76.228 0.0000000000
72219  -39.674  -35.397  75.176 0.0000000000
73290  -40.146  -35.186  75.542 0.0000000000
73279  -40.897  -34.875  76.720 0.0000000000
72177  -40.625  -35.325  77.328 0.0000000000
74381  -41.592  -34.398  77.216 0.0000000000
74382  -42.184  -33.894  77.573 0.0000000000
74383  -42.597  -33.814  78.027 0.0000000000
54541  -11.518  -51.111  97.601 0.0000000000
53314  -11.669  -51.756  97.825 0.0000000000
51135  -11.205  -52.805  97.479 0.0000000000
52236  -12.175  -52.397  97.418 0.0000000000
51140  -11.570  -53.178  97.071 0.0000000000
50104  -11.417  -53.181  96.825 0.0000000000
50119  -10.800  -53.262  95.110 0.0000000000
50123  -10.059  -53.139  94.531 0.0000000000
54642  -13.362  -50.039  89.207 0.0000000000
53452  -12.805  -50.366  88.675 0.0000000000
53451  -12.530  -50.577  89.504 0.0000000000
52313  -11.077  -51.457  91.198 0.0000000000
52322  -10.352  -51.750  90.525 0.0000000000
70900  -6.486  -37.501  92.707 0.0000000000
70913  -6.956  -37.650  92.115 0.0000000000
69704  -7.464  -37.758  91.245 0.0000000000
69719  -7.614  -37.913  90.553 0.0000000000
69720  -8.687  -38.072  90.394 0.0000000000
69737  -8.175  -38.404  89.498 0.0000000000
68575  -8.165  -39.346  87.478 0.0000000000
68589  -8.206  -39.773  86.750 0.0000000000
61289  -8.459  -45.271  80.903 0.0000000000
61313  -7.756  -45.716  80.490 0.0000000000
61312  -6.525  -45.617  80.243 0.0000000000
62458  -4.509  -44.840  80.607 0.0000000000
62457  -3.794  -44.795  80.445 0.0000000000
62434  -3.473  -44.125  80.561 0.0000000000
60045  -8.182  -45.889  98.680 0.0000000000
61093  -8.116  -45.283  99.144 0.0000000000
61092  -7.254  -45.062  99.167 0.0000000000
60048  -5.538  -46.093  97.820 0.0000000000
52257  -3.513  -53.890  93.780 0.0000000000
54571  -4.088  -52.525  93.758 0.0000000000
53358  -3.531  -53.104  93.367 0.0000000000
53371  -3.556  -52.484  92.937 0.0000000000
54583  -3.604  -51.877  92.583 0.0000000000
52280  -2.582  -53.676  92.293 0.0000000000
54582  -3.191  -51.875  92.074 0.0000000000
55738  -3.239  -50.946  91.859 0.0000000000
55746  -3.156  -50.899  91.253 0.0000000000
55756  -3.011  -50.648  90.613 0.0000000000
52321  -2.247  -53.035  89.690 0.0000000000
51221  -2.866  -54.487  87.032 0.0000000000
63640  -31.610  -41.502  85.861 0.0000000000
64906  -32.412  -41.126  86.021 0.0000000000
63611  -30.166  -41.586  87.975 0.0000000000
63613  -31.223  -41.440  87.545 0.0000000000
63584  -32.310  -41.402  88.811 0.0000000000
63601  -31.695  -41.382  88.275 0.0000000000
63614  -31.667  -41.344  87.371 0.0000000000
63615  -32.141  -41.200  87.188 0.0000000000
64898  -32.622  -40.853  86.943 0.0000000000
67377  -33.408  -40.125  87.290 0.0000000000
68591  -33.507  -39.574  87.373 0.0000000000
69772  -33.345  -38.699  87.880 0.0000000000
69750  -33.245  -38.739  88.721 0.0000000000
69751  -33.471  -39.170  89.224 0.0000000000
69731  -33.351  -38.604  89.712 0.0000000000
70953  -32.872  -38.296  89.154 0.0000000000
57930  -28.391  -47.476  95.313 0.0000000000
54581  -27.134  -49.335  93.256 0.0000000000
54591  -26.059  -49.848  92.465 0.0000000000
56886  -28.790  -48.033  93.878 0.0000000000
56897  -28.078  -48.449  92.975 0.0000000000
55741  -27.876  -48.704  93.238 0.0000000000
54593  -27.192  -49.298  92.833 0.0000000000
54592  -26.691  -49.473  92.474 0.0000000000
53414  -25.066  -49.875  91.263 0.0000000000
53459  -23.791  -50.064  89.026 0.0000000000
53473  -23.591  -50.211  88.322 0.0000000000
54660  -24.272  -49.755  88.241 0.0000000000
53489  -23.819  -50.115  87.859 0.0000000000
87056  -45.550  -23.554  75.454 0.0000000000
87082  -44.594  -22.887  74.030 0.0000000000
90132  -46.388  -21.089  74.968 0.0000000000
90133  -46.679  -21.029  75.602 0.0000000000
90125  -47.008  -20.904  76.324 0.0000000000
74346  -41.970  -33.865  80.511 0.0000000000
75490  -41.951  -32.817  81.472 0.0000000000
76675  -41.308  -32.328  81.931 0.0000000000
75464  -39.331  -32.495  83.515 0.0000000000
75442  -39.567  -32.619  84.128 0.0000000000
75555  -38.474  -33.530  77.520 0.0000000000
75547  -39.266  -33.595  78.359 0.0000000000
75539  -40.198  -33.654  79.185 0.0000000000
74355  -40.827  -33.996  79.461 0.0000000000
53425  -17.796  -49.813  91.249 0.0000000000
53407  -18.022  -49.872  91.670 0.0000000000
54626  -16.076  -49.101  90.379 0.0000000000
54643  -13.608  -49.733  88.695 0.0000000000
72084  -4.078  -35.961  87.395 0.0000000000
68595  -5.015  -39.555  85.653 0.0000000000
62381  -9.169  -43.808  86.631 0.0000000000
62389  -9.398  -43.839  85.582 0.0000000000
62398  -9.386  -44.430  84.510 0.0000000000
59136  -8.191  -47.102  84.144 0.0000000000
60219  -8.910  -46.457  82.625 0.0000000000
60236  -8.547  -46.358  81.366 0.0000000000
60255  -8.022  -46.700  80.774 0.0000000000
58123  -6.032  -48.508  79.729 0.0000000000
57041  -5.757  -49.116  79.679 0.0000000000
52416  -6.260  -53.638  80.069 0.0000000000
55685  -6.827  -50.867  97.239 0.0000000000
55684  -6.483  -51.122  96.966 0.0000000000
53307  -6.533  -52.275  96.726 0.0000000000
54524  -6.309  -51.858  96.653 0.0000000000
53324  -5.508  -52.528  95.698 0.0000000000
53332  -4.927  -52.735  95.109 0.0000000000
52251  -4.434  -53.268  94.594 0.0000000000
47903  -5.941  -55.016  95.510 0.0000000000
49050  -5.264  -54.762  95.403 0.0000000000
50105  -5.030  -54.360  95.403 0.0000000000
46732  -4.404  -55.797  94.397 0.0000000000
49057  -4.108  -55.047  94.953 0.0000000000
51149  -4.596  -54.222  95.145 0.0000000000
51148  -4.183  -54.272  94.671 0.0000000000
52244  -4.045  -53.797  94.332 0.0000000000
52250  -3.946  -53.861  94.281 0.0000000000
51158  -3.130  -54.535  93.663 0.0000000000
50125  -2.080  -54.992  92.991 0.0000000000
49070  -1.973  -55.788  92.643 0.0000000000
49078  -1.645  -55.979  91.992 0.0000000000
74295  -34.534  -33.661  84.557 0.0000000000
73215  -35.086  -33.589  84.673 0.0000000000
73201  -34.754  -33.752  84.996 0.0000000000
74257  -34.419  -33.995  86.277 0.0000000000
68617  -32.886  -39.817  85.022 0.0000000000
67401  -32.679  -39.874  84.417 0.0000000000
69862  -32.153  -38.814  83.400 0.0000000000
75459  -29.661  -33.245  82.987 0.0000000000
75440  -32.240  -33.847  84.158 0.0000000000
75462  -32.640  -33.751  83.704 0.0000000000
74310  -33.298  -33.836  83.924 0.0000000000
54560  -22.071  -49.670  95.365 0.0000000000
54564  -21.691  -50.040  95.242 0.0000000000
59005  -27.265  -46.900  95.065 0.0000000000
56854  -27.281  -47.654  95.145 0.0000000000
56871  -26.793  -48.039  94.958 0.0000000000
57949  -27.085  -47.490  95.050 0.0000000000
54567  -24.745  -49.660  94.480 0.0000000000
53342  -23.797  -50.134  94.356 0.0000000000
53412  -24.115  -50.527  91.602 0.0000000000
53393  -24.159  -50.611  92.165 0.0000000000
53378  -23.995  -50.584  92.718 0.0000000000
52304  -22.591  -50.683  91.240 0.0000000000
53366  -24.016  -50.508  93.368 0.0000000000
53377  -23.443  -50.633  92.977 0.0000000000
53353  -23.895  -50.439  93.930 0.0000000000
53364  -22.370  -50.617  93.656 0.0000000000
52264  -21.796  -50.589  93.289 0.0000000000
52275  -21.240  -50.409  93.023 0.0000000000
53392  -20.632  -50.239  91.944 0.0000000000
53391  -19.768  -49.983  92.165 0.0000000000
54601  -18.630  -49.792  91.288 0.0000000000
54628  -18.105  -49.390  90.386 0.0000000000
91235  -48.877  -18.693  71.231 0.0000000000
91236  -49.964  -18.859  71.320 0.0000000000
92379  -50.952  -18.526  72.098 0.0000000000
91237  -51.121  -18.841  71.695 0.0000000000
90170  -52.787  -19.579  71.065 0.0000000000
70890  -8.111  -37.724  93.304 0.0000000000
69691  -9.466  -38.815  92.277 0.0000000000
67310  -9.624  -40.377  91.864 0.0000000000
68459  -9.287  -39.444  94.073 0.0000000000
67291  -9.112  -40.630  94.229 0.0000000000
67303  -9.354  -40.345  92.744 0.0000000000
66112  -9.654  -41.199  91.093 0.0000000000
64841  -9.568  -42.202  90.326 0.0000000000
63568  -8.657  -43.709  89.736 0.0000000000
60173  -7.024  -46.701  86.696 0.0000000000
62361  -6.298  -45.504  90.064 0.0000000000
62362  -6.833  -45.270  89.664 0.0000000000
61216  -6.907  -45.533  88.728 0.0000000000
59120  -6.533  -48.021  85.757 0.0000000000
58053  -5.675  -48.884  85.728 0.0000000000
55833  -6.055  -49.928  85.405 0.0000000000
54705  -5.631  -51.854  84.798 0.0000000000
53510  -5.475  -52.914  84.541 0.0000000000
80201  -45.749  -28.778  77.468 0.0000000000
80191  -46.931  -28.861  78.390 0.0000000000
74334  -43.027  -33.798  81.574 0.0000000000
73202  -35.582  -33.659  84.857 0.0000000000
73187  -36.109  -33.723  85.083 0.0000000000
74445  -40.089  -34.050  73.326 0.0000000000
74446  -40.357  -33.598  73.660 0.0000000000
75583  -41.234  -33.101  75.610 0.0000000000
75622  -40.601  -32.989  73.997 0.0000000000
76839  -40.554  -32.391  73.681 0.0000000000
77956  -40.601  -31.334  73.996 0.0000000000
79059  -41.244  -30.496  74.767 0.0000000000
79060  -41.966  -30.056  75.346 0.0000000000
79044  -42.522  -30.225  75.840 0.0000000000
79045  -43.237  -29.928  76.280 0.0000000000
53309  -7.583  -52.222  97.410 0.0000000000
52226  -7.821  -52.756  97.609 0.0000000000
51130  -7.509  -53.137  97.165 0.0000000000
50099  -7.297  -53.920  96.278 0.0000000000
52228  -9.375  -52.733  97.873 0.0000000000
50102  -9.772  -53.654  96.524 0.0000000000
50093  -9.347  -53.624  97.267 0.0000000000
51132  -8.925  -53.307  97.715 0.0000000000
50092  -8.461  -53.657  97.041 0.0000000000
49040  -7.901  -53.821  96.472 0.0000000000
49052  -7.346  -54.730  95.496 0.0000000000
47917  -7.329  -55.095  95.085 0.0000000000
47934  -7.023  -55.162  93.926 0.0000000000
47947  -6.825  -55.227  93.382 0.0000000000
47979  -6.349  -55.575  91.697 0.0000000000
53373  -17.361  -50.513  93.504 0.0000000000
52262  -16.784  -50.797  94.117 0.0000000000
53438  -13.307  -50.065  89.990 0.0000000000
53404  -14.351  -50.331  92.016 0.0000000000
52243  -14.975  -51.245  96.066 0.0000000000
51156  -11.889  -52.337  95.263 0.0000000000
51162  -11.791  -51.963  94.655 0.0000000000
52298  -10.187  -52.292  92.484 0.0000000000
51174  -10.068  -52.555  93.381 0.0000000000
51165  -8.432  -53.412  93.186 0.0000000000
50132  -7.808  -53.860  92.771 0.0000000000
50137  -7.245  -54.224  90.844 0.0000000000
49088  -6.758  -54.908  91.291 0.0000000000
73133  -4.276  -35.846  90.489 0.0000000000
72048  -3.990  -36.515  89.966 0.0000000000
70912  -5.321  -37.715  91.659 0.0000000000
69701  -4.940  -37.901  90.830 0.0000000000
70927  -4.208  -37.232  90.370 0.0000000000
70926  -4.008  -36.964  89.989 0.0000000000
70941  -3.910  -37.056  89.636 0.0000000000
69757  -4.208  -37.787  88.181 0.0000000000
68571  -4.873  -39.123  87.732 0.0000000000
66137  -10.086  -41.527  88.784 0.0000000000
66149  -10.132  -41.124  88.228 0.0000000000
67360  -9.971  -40.710  87.742 0.0000000000
64895  -9.946  -42.131  86.314 0.0000000000
66175  -9.752  -41.265  86.424 0.0000000000
67359  -9.633  -40.118  87.523 0.0000000000
67376  -9.278  -40.417  86.533 0.0000000000
67375  -8.428  -40.175  86.210 0.0000000000
67386  -7.873  -40.659  85.816 0.0000000000
63696  -8.417  -42.974  82.401 0.0000000000
64965  -8.150  -42.445  83.068 0.0000000000
63695  -7.217  -42.793  82.072 0.0000000000
64940  -8.456  -42.139  83.683 0.0000000000
66207  -7.892  -41.498  84.772 0.0000000000
66189  -7.360  -41.171  85.366 0.0000000000
67385  -6.920  -40.686  85.975 0.0000000000
64918  -5.232  -41.833  84.235 0.0000000000
68613  -3.895  -40.429  83.020 0.0000000000
68631  -3.582  -40.396  82.620 0.0000000000
68646  -3.235  -40.453  82.108 0.0000000000
66230  -3.070  -41.472  82.272 0.0000000000
67421  -2.951  -40.880  81.814 0.0000000000
63488  -5.133  -44.237  95.812 0.0000000000
57905  -6.950  -48.573  97.436 0.0000000000
57903  -5.921  -49.547  97.107 0.0000000000
57908  -5.816  -48.772  97.214 0.0000000000
60041  -5.571  -46.571  97.601 0.0000000000
60046  -4.757  -46.472  97.022 0.0000000000
55729  -4.442  -51.066  94.126 0.0000000000
55730  -4.801  -50.518  94.517 0.0000000000
56874  -4.727  -49.348  94.552 0.0000000000
56884  -4.291  -49.217  93.954 0.0000000000
57953  -4.422  -48.470  94.532 0.0000000000
57932  -4.727  -48.602  95.161 0.0000000000
58992  -4.587  -47.942  95.694 0.0000000000
58980  -4.688  -46.857  96.672 0.0000000000
60053  -4.610  -46.017  97.122 0.0000000000
61101  -4.449  -45.746  96.678 0.0000000000
61110  -4.524  -45.246  96.427 0.0000000000
60080  -3.694  -46.602  94.529 0.0000000000
61118  -4.514  -45.192  95.910 0.0000000000
62255  -4.709  -44.771  96.463 0.0000000000
62264  -4.641  -44.829  95.687 0.0000000000
63498  -5.211  -44.092  95.188 0.0000000000
62282  -4.871  -44.857  94.018 0.0000000000
62290  -4.492  -45.293  93.383 0.0000000000
61150  -4.505  -45.570  92.717 0.0000000000
61167  -3.655  -46.482  92.297 0.0000000000
61168  -4.158  -46.169  91.822 0.0000000000
60144  -3.828  -46.842  90.130 0.0000000000
61201  -3.837  -47.266  89.565 0.0000000000
60152  -3.795  -47.744  88.920 0.0000000000
56910  -2.739  -49.696  90.046 0.0000000000
56919  -2.654  -49.603  89.624 0.0000000000
58009  -2.686  -49.198  89.462 0.0000000000
56939  -2.705  -49.914  88.606 0.0000000000
59083  -2.929  -48.788  89.238 0.0000000000
59093  -2.959  -48.898  88.621 0.0000000000
59102  -3.362  -48.631  88.179 0.0000000000
59103  -3.752  -48.279  88.005 0.0000000000
59111  -3.862  -48.523  87.530 0.0000000000
58050  -3.878  -49.476  86.877 0.0000000000
56973  -4.375  -49.909  86.216 0.0000000000
54704  -4.700  -51.986  85.440 0.0000000000
46798  -1.922  -57.606  90.560 0.0000000000
47995  -1.716  -57.207  90.240 0.0000000000
44542  -1.585  -60.540  88.034 0.0000000000
44524  -1.930  -60.067  88.640 0.0000000000
46820  -2.017  -58.096  89.265 0.0000000000
48011  -1.846  -57.506  89.623 0.0000000000
49130  -1.934  -56.499  88.550 0.0000000000
49146  -2.163  -56.491  87.562 0.0000000000
50165  -2.408  -55.458  87.242 0.0000000000
50178  -2.720  -55.563  86.544 0.0000000000
46905  -2.172  -58.737  85.732 0.0000000000
51233  -3.504  -54.711  85.873 0.0000000000
51234  -3.931  -54.810  85.499 0.0000000000
50212  -4.297  -56.045  85.232 0.0000000000
51249  -4.510  -54.992  85.128 0.0000000000
52367  -5.685  -53.797  84.354 0.0000000000
51251  -5.997  -54.701  84.079 0.0000000000
46969  -6.475  -57.853  81.329 0.0000000000
45648  -4.570  -56.778  93.611 0.0000000000
46725  -5.115  -55.479  95.033 0.0000000000
46734  -5.278  -55.934  94.428 0.0000000000
46746  -3.475  -56.180  93.386 0.0000000000
46852  -2.290  -58.255  87.988 0.0000000000
47906  -4.473  -55.258  94.773 0.0000000000
47908  -5.436  -55.240  95.271 0.0000000000
47909  -6.046  -55.449  95.223 0.0000000000
47911  -7.344  -54.900  95.362 0.0000000000
47912  -3.604  -55.532  93.951 0.0000000000
47914  -4.547  -55.583  94.619 0.0000000000
47918  -2.562  -55.626  92.921 0.0000000000
48039  -2.345  -57.991  88.159 0.0000000000
49041  -8.285  -53.778  96.610 0.0000000000
49044  -6.826  -54.412  95.848 0.0000000000
49045  -7.378  -54.351  95.805 0.0000000000
49048  -9.568  -53.645  96.246 0.0000000000
49049  -4.703  -54.925  95.115 0.0000000000
49051  -5.711  -54.794  95.523 0.0000000000
49055  -9.184  -53.739  95.719 0.0000000000
49056  -3.822  -55.192  94.339 0.0000000000
49066  -2.351  -55.496  93.020 0.0000000000
49192  -3.136  -57.110  85.585 0.0000000000
49247  -6.813  -56.017  80.719 0.0000000000
50095  -10.683  -53.286  97.373 0.0000000000
50096  -6.007  -53.758  95.938 0.0000000000
50097  -6.339  -53.868  96.026 0.0000000000
50098  -6.827  -54.020  96.122 0.0000000000
50100  -8.513  -53.759  96.652 0.0000000000
50109  -11.274  -53.264  96.397 0.0000000000
50111  -4.579  -54.685  95.084 0.0000000000
51134  -10.616  -53.004  97.613 0.0000000000
51136  -6.032  -53.253  96.090 0.0000000000
51139  -11.022  -53.144  97.397 0.0000000000
51144  -5.596  -53.677  95.729 0.0000000000
51154  -3.628  -54.497  94.199 0.0000000000
51159  -3.498  -54.245  93.950 0.0000000000
51163  -12.364  -51.631  94.760 0.0000000000
51171  -7.709  -53.644  92.212 0.0000000000
52223  -6.616  -52.779  96.677 0.0000000000
52224  -6.928  -52.659  96.955 0.0000000000
52232  -12.526  -52.100  97.505 0.0000000000
52235  -11.614  -52.521  97.472 0.0000000000
52279  -23.596  -50.670  92.178 0.0000000000
52281  -10.085  -52.440  93.069 0.0000000000
52292  -23.611  -50.639  91.709 0.0000000000
52306  -23.600  -50.548  91.162 0.0000000000
52318  -23.569  -50.457  90.656 0.0000000000
52326  -22.676  -50.449  89.785 0.0000000000
52327  -23.170  -50.413  90.024 0.0000000000
52336  -22.914  -50.426  89.388 0.0000000000
52417  -7.084  -53.273  80.150 0.0000000000
53306  -6.169  -52.064  96.453 0.0000000000
53318  -6.078  -52.271  96.334 0.0000000000
53339  -20.962  -50.372  94.975 0.0000000000
53345  -4.578  -52.691  94.603 0.0000000000
53352  -23.059  -50.499  94.070 0.0000000000
53365  -23.161  -50.621  93.441 0.0000000000
53368  -25.530  -50.169  93.068 0.0000000000
53369  -26.112  -49.904  93.021 0.0000000000
53380  -25.659  -50.115  92.619 0.0000000000
53402  -12.624  -50.940  92.081 0.0000000000
53413  -24.607  -50.276  91.438 0.0000000000
53444  -23.355  -50.357  89.773 0.0000000000
53446  -24.317  -49.857  89.611 0.0000000000
53447  -24.743  -49.604  89.837 0.0000000000
53474  -23.975  -50.032  88.264 0.0000000000
54531  -11.160  -51.493  97.611 0.0000000000
54550  -5.515  -51.749  95.933 0.0000000000
54574  -25.125  -49.965  94.320 0.0000000000
54576  -26.401  -49.665  93.773 0.0000000000
54580  -26.589  -49.630  93.294 0.0000000000
54584  -26.126  -49.863  92.751 0.0000000000
54585  -26.540  -49.665  92.893 0.0000000000
54603  -25.876  -49.741  91.838 0.0000000000
54609  -2.769  -51.139  90.044 0.0000000000
54617  -26.027  -49.101  91.082 0.0000000000
54632  -25.169  -49.249  89.974 0.0000000000
54646  -24.383  -49.573  88.884 0.0000000000
54678  -24.385  -49.587  87.877 0.0000000000
54703  -4.203  -52.388  85.616 0.0000000000
55683  -6.173  -51.365  96.698 0.0000000000
55705  -5.386  -50.287  95.791 0.0000000000
55717  -5.313  -50.343  95.615 0.0000000000
55736  -27.534  -49.042  93.781 0.0000000000
55740  -27.542  -48.997  93.213 0.0000000000
55747  -27.137  -49.266  92.610 0.0000000000
55748  -27.450  -49.011  92.798 0.0000000000
55749  -27.830  -48.720  93.079 0.0000000000
55758  -27.273  -48.882  92.075 0.0000000000
55765  -27.143  -48.771  91.693 0.0000000000
55777  -25.421  -48.896  89.778 0.0000000000
55787  -2.657  -50.474  88.906 0.0000000000
55828  -3.063  -51.225  87.544 0.0000000000
55829  -3.366  -50.907  87.167 0.0000000000
55845  -4.784  -51.342  85.610 0.0000000000
56838  -5.402  -50.022  95.648 0.0000000000
56855  -27.530  -47.714  95.198 0.0000000000
56856  -28.012  -47.837  95.259 0.0000000000
56858  -5.327  -50.163  95.471 0.0000000000
56873  -28.128  -48.179  94.875 0.0000000000
56880  -28.472  -48.239  94.372 0.0000000000
56885  -28.460  -48.372  93.899 0.0000000000
56890  -28.393  -48.306  93.495 0.0000000000
56891  -28.781  -47.913  93.624 0.0000000000
56896  -27.722  -48.759  92.901 0.0000000000
56903  -2.961  -49.838  90.559 0.0000000000
56905  -27.920  -48.208  92.359 0.0000000000
56932  -26.226  -48.179  89.854 0.0000000000
56972  -3.764  -50.079  86.830 0.0000000000
56975  -5.824  -49.470  85.525 0.0000000000
56986  -6.874  -49.434  84.658 0.0000000000
57928  -27.486  -47.293  95.245 0.0000000000
57947  -25.239  -48.246  94.538 0.0000000000
57966  -28.810  -47.896  94.399 0.0000000000
57967  -29.102  -47.601  94.317 0.0000000000
57977  -29.068  -47.681  93.863 0.0000000000
57978  -3.390  -49.455  91.659 0.0000000000
57981  -28.640  -47.892  93.257 0.0000000000
57995  -28.181  -47.756  92.203 0.0000000000
58001  -2.724  -49.116  90.024 0.0000000000
58002  -27.562  -47.837  91.326 0.0000000000
58017  -2.703  -49.307  88.886 0.0000000000
58019  -26.806  -47.305  89.975 0.0000000000
58032  -2.974  -49.443  88.069 0.0000000000
58033  -3.211  -49.334  87.787 0.0000000000
58034  -3.634  -49.280  87.277 0.0000000000
58971  -5.609  -46.933  97.407 0.0000000000
59004  -26.756  -47.175  94.781 0.0000000000
59027  -3.591  -47.034  93.773 0.0000000000
59055  -29.437  -46.965  93.347 0.0000000000
59056  -29.733  -46.398  93.503 0.0000000000
59077  -28.168  -46.689  91.361 0.0000000000
59087  -28.202  -46.251  91.282 0.0000000000
59094  -3.297  -48.437  88.950 0.0000000000
59101  -3.004  -48.994  88.295 0.0000000000
59112  -4.577  -48.377  87.039 0.0000000000
60047  -5.093  -46.045  97.500 0.0000000000
60124  -29.640  -46.073  92.759 0.0000000000
60127  -3.517  -46.728  91.587 0.0000000000
60158  -3.593  -48.120  88.744 0.0000000000
60159  -3.869  -47.924  88.431 0.0000000000
60192  -8.175  -46.644  84.494 0.0000000000
61102  -4.602  -45.470  97.107 0.0000000000
61109  -4.417  -45.743  96.344 0.0000000000
61125  -3.532  -46.378  94.222 0.0000000000
61147  -30.833  -44.067  92.890 0.0000000000
61183  -30.597  -44.117  92.300 0.0000000000
61194  -28.693  -44.519  90.892 0.0000000000
61206  -28.511  -45.069  91.031 0.0000000000
61212  -3.836  -47.541  89.187 0.0000000000
61254  -9.265  -44.969  84.127 0.0000000000
62294  -7.039  -44.345  92.672 0.0000000000
62301  -31.606  -42.730  92.249 0.0000000000
62304  -6.690  -44.618  92.444 0.0000000000
62337  -29.867  -43.405  91.238 0.0000000000
62355  -28.376  -43.742  89.769 0.0000000000
62439  -8.240  -44.266  81.116 0.0000000000
62460  -6.845  -44.677  80.460 0.0000000000
63532  -6.741  -44.502  92.798 0.0000000000
63578  -28.576  -43.593  89.917 0.0000000000
63606  -9.105  -43.678  87.996 0.0000000000
63628  -32.175  -41.244  86.677 0.0000000000
63641  -31.906  -41.682  86.036 0.0000000000
63669  -9.465  -43.637  83.786 0.0000000000
63728  -6.185  -44.176  80.700 0.0000000000
64861  -32.921  -41.358  89.165 0.0000000000
64875  -28.666  -42.614  89.244 0.0000000000
64877  -32.769  -41.172  88.533 0.0000000000
64878  -33.041  -41.140  88.533 0.0000000000
64883  -10.153  -41.910  87.431 0.0000000000
64889  -32.615  -40.952  87.761 0.0000000000
64890  -32.874  -40.976  88.270 0.0000000000
64897  -32.204  -41.274  86.338 0.0000000000
64904  -32.029  -41.408  85.644 0.0000000000
64905  -32.063  -41.409  85.885 0.0000000000
64921  -31.659  -41.461  85.298 0.0000000000
64923  -32.293  -41.232  85.643 0.0000000000
66104  -8.948  -41.667  92.584 0.0000000000
66119  -33.681  -40.071  91.709 0.0000000000
66123  -10.192  -40.520  89.427 0.0000000000
66130  -33.438  -40.793  89.696 0.0000000000
66138  -10.225  -40.753  88.968 0.0000000000
66148  -10.107  -41.667  88.269 0.0000000000
66162  -9.917  -40.868  87.088 0.0000000000
66168  -32.831  -40.821  87.709 0.0000000000
66176  -10.084  -41.590  86.944 0.0000000000
66177  -32.988  -40.666  87.186 0.0000000000
66178  -33.008  -40.687  87.676 0.0000000000
66191  -9.088  -41.274  85.455 0.0000000000
66223  -8.364  -41.787  84.303 0.0000000000
67285  -9.207  -40.013  94.398 0.0000000000
67339  -33.538  -40.370  89.411 0.0000000000
67343  -9.641  -39.867  87.966 0.0000000000
67344  -9.936  -40.110  88.306 0.0000000000
67350  -33.525  -40.303  88.811 0.0000000000
67356  -5.253  -39.492  87.528 0.0000000000
67366  -33.437  -40.275  88.118 0.0000000000
67378  -33.175  -40.512  87.683 0.0000000000
67389  -33.203  -40.167  86.378 0.0000000000
67395  -32.932  -40.249  85.571 0.0000000000
67399  -3.875  -40.714  83.177 0.0000000000
68520  -10.042  -39.752  89.382 0.0000000000
68553  -5.114  -38.918  88.459 0.0000000000
68565  -33.583  -39.925  88.713 0.0000000000
68588  -7.355  -39.646  86.979 0.0000000000
68590  -8.761  -39.943  86.591 0.0000000000
68604  -32.986  -39.205  85.111 0.0000000000
68630  -3.341  -40.574  82.363 0.0000000000
69689  -6.538  -37.685  92.033 0.0000000000
69759  -4.839  -38.595  88.713 0.0000000000
69788  -33.496  -39.122  87.619 0.0000000000
69799  -33.123  -38.793  86.536 0.0000000000
69800  -33.414  -39.102  86.898 0.0000000000
70929  -8.360  -37.840  90.989 0.0000000000
70990  -29.904  -37.090  86.697 0.0000000000
71023  -32.498  -38.126  84.372 0.0000000000
71063  -40.571  -35.128  78.352 0.0000000000
71074  -40.661  -35.329  77.898 0.0000000000
71081  -39.512  -35.338  76.917 0.0000000000
71094  -39.772  -35.505  76.501 0.0000000000
72058  -31.426  -36.474  90.570 0.0000000000
72075  -30.278  -36.727  88.437 0.0000000000
72141  -43.093  -34.973  80.015 0.0000000000
72142  -43.508  -34.922  79.996 0.0000000000
72150  -40.143  -34.805  78.498 0.0000000000
72153  -42.049  -34.738  79.174 0.0000000000
72163  -39.242  -34.645  77.610 0.0000000000
72166  -42.312  -34.765  79.118 0.0000000000
72167  -42.546  -34.788  79.169 0.0000000000
72175  -39.282  -35.079  77.238 0.0000000000
72176  -40.306  -35.409  77.135 0.0000000000
72190  -40.427  -35.322  76.627 0.0000000000
73132  -4.043  -35.967  89.967 0.0000000000
73140  -30.891  -35.488  90.090 0.0000000000
73154  -29.936  -36.068  88.100 0.0000000000
73184  -34.293  -34.163  85.505 0.0000000000
73205  -37.779  -33.752  84.635 0.0000000000
73236  -41.440  -34.361  79.588 0.0000000000
73237  -42.284  -34.473  80.217 0.0000000000
73247  -41.966  -34.781  78.825 0.0000000000
73248  -43.318  -34.692  79.426 0.0000000000
73255  -39.376  -34.386  77.995 0.0000000000
73256  -41.600  -34.896  78.474 0.0000000000
74223  -31.344  -34.525  89.887 0.0000000000
74252  -29.759  -35.234  86.880 0.0000000000
74333  -38.295  -32.721  83.619 0.0000000000
74342  -34.247  -32.749  83.024 0.0000000000
74347  -42.579  -34.200  80.807 0.0000000000
74357  -42.164  -34.205  80.392 0.0000000000
74366  -44.098  -34.289  79.812 0.0000000000
74372  -39.258  -33.944  78.107 0.0000000000
74426  -40.213  -34.189  74.047 0.0000000000
74465  -40.248  -33.613  73.205 0.0000000000
75489  -38.914  -32.453  83.282 0.0000000000
75541  -44.266  -33.624  79.815 0.0000000000
75545  -38.138  -32.710  78.066 0.0000000000
76693  -40.800  -32.503  80.904 0.0000000000
76708  -37.825  -31.675  80.255 0.0000000000
76709  -40.289  -32.397  80.489 0.0000000000
76743  -43.932  -32.248  79.140 0.0000000000
79032  -43.442  -30.312  76.722 0.0000000000
80202  -46.342  -28.780  77.869 0.0000000000
81365  -45.917  -28.300  77.280 0.0000000000
82490  -47.037  -27.554  77.751 0.0000000000
88117  -46.875  -22.610  76.537 0.0000000000
90169  -52.376  -19.576  71.011 0.0000000000
91239  -53.218  -19.233  71.782 0.0000000000
92360  -50.062  -18.132  72.530 0.0000000000
