#!ascii label  , from subject tim vox2ras=TkReg
1125
47996  -5.829  -56.747  89.815 0.0000000000
63673  -26.201  -41.745  84.437 0.0000000000
69900  -27.743  -38.077  78.633 0.0000000000
54730  -21.561  -50.573  83.681 0.0000000000
75692  -36.547  -33.274  69.283 0.0000000000
76853  -30.973  -31.986  72.301 0.0000000000
63610  -29.030  -42.034  88.520 0.0000000000
59153  -24.277  -47.416  84.485 0.0000000000
79072  -40.313  -30.655  73.660 0.0000000000
84890  -42.126  -25.124  74.438 0.0000000000
90146  -45.340  -21.313  73.188 0.0000000000
75481  -29.517  -32.914  81.854 0.0000000000
74405  -26.839  -33.601  75.998 0.0000000000
76720  -33.139  -31.431  79.649 0.0000000000
74391  -36.374  -33.584  75.486 0.0000000000
58056  -15.990  -47.486  85.890 0.0000000000
44445  -3.833  -58.257  92.018 0.0000000000
65022  -28.744  -40.811  80.670 0.0000000000
72110  -30.623  -37.413  83.830 0.0000000000
58112  -18.320  -48.387  81.020 0.0000000000
57093  -22.350  -49.108  78.433 0.0000000000
87144  -45.487  -22.924  66.254 0.0000000000
91250  -48.210  -19.080  70.585 0.0000000000
74505  -34.292  -34.192  70.629 0.0000000000
72254  -38.628  -35.503  73.314 0.0000000000
50150  -8.316  -54.114  88.016 0.0000000000
42149  -2.410  -61.838  87.778 0.0000000000
82522  -41.584  -27.543  74.788 0.0000000000
76701  -31.168  -31.580  80.518 0.0000000000
56987  -14.217  -49.111  84.648 0.0000000000
45688  -5.056  -57.705  91.513 0.0000000000
65002  -26.895  -41.499  80.001 0.0000000000
64971  -28.101  -41.703  82.729 0.0000000000
55885  -19.951  -49.677  82.333 0.0000000000
57047  -19.989  -48.993  79.612 0.0000000000
55922  -21.982  -50.069  80.880 0.0000000000
62400  -24.298  -44.178  85.664 0.0000000000
60222  -23.705  -46.858  82.670 0.0000000000
62409  -22.993  -43.798  83.196 0.0000000000
54675  -21.140  -49.822  86.233 0.0000000000
55835  -19.627  -48.778  85.017 0.0000000000
86035  -39.144  -24.391  69.081 0.0000000000
87142  -43.454  -22.956  66.695 0.0000000000
90168  -45.900  -19.928  71.716 0.0000000000
76788  -28.306  -32.253  74.643 0.0000000000
75661  -32.428  -32.906  71.111 0.0000000000
72217  -36.547  -35.267  74.417 0.0000000000
52345  -12.236  -51.024  87.520 0.0000000000
51199  -10.590  -51.767  88.847 0.0000000000
51191  -9.762  -52.170  90.717 0.0000000000
51215  -9.499  -53.479  86.687 0.0000000000
42151  -3.899  -61.812  87.965 0.0000000000
63651  -27.336  -41.656  85.516 0.0000000000
63677  -30.099  -41.438  84.815 0.0000000000
63625  -30.834  -41.561  86.810 0.0000000000
54715  -23.764  -49.610  86.227 0.0000000000
55871  -23.529  -49.266  84.269 0.0000000000
58059  -25.042  -47.290  87.426 0.0000000000
62383  -26.161  -43.771  87.468 0.0000000000
76875  -37.996  -32.068  71.177 0.0000000000
81417  -38.477  -28.539  72.453 0.0000000000
84918  -39.419  -26.020  72.553 0.0000000000
87100  -41.268  -23.449  71.174 0.0000000000
87096  -43.401  -22.105  70.651 0.0000000000
87081  -43.860  -23.096  73.595 0.0000000000
73242  -28.702  -35.556  80.364 0.0000000000
73261  -26.659  -35.711  77.887 0.0000000000
75544  -28.335  -33.002  78.794 0.0000000000
76732  -29.290  -31.610  78.122 0.0000000000
76767  -31.554  -31.074  76.453 0.0000000000
75599  -34.180  -32.281  74.450 0.0000000000
76752  -34.764  -31.529  77.488 0.0000000000
56941  -14.935  -48.578  87.987 0.0000000000
54690  -13.041  -50.551  85.578 0.0000000000
88202  -51.156  -22.501  67.440 0.0000000000
45686  -2.416  -57.568  91.554 0.0000000000
65058  -27.309  -41.031  78.073 0.0000000000
68696  -28.882  -39.478  78.877 0.0000000000
66234  -31.135  -40.810  83.457 0.0000000000
68649  -31.237  -38.939  82.178 0.0000000000
72149  -29.985  -37.618  80.494 0.0000000000
72114  -29.096  -36.036  82.985 0.0000000000
57051  -23.702  -49.352  80.929 0.0000000000
55806  -18.753  -48.442  87.834 0.0000000000
58088  -17.183  -47.596  83.268 0.0000000000
89211  -44.937  -21.081  69.275 0.0000000000
88182  -46.841  -21.622  68.099 0.0000000000
88184  -48.912  -21.799  68.050 0.0000000000
90185  -50.805  -20.228  70.074 0.0000000000
46853  -6.469  -57.943  87.443 0.0000000000
45743  -5.498  -59.029  88.049 0.0000000000
73398  -35.255  -34.546  69.643 0.0000000000
74443  -35.253  -34.108  73.298 0.0000000000
72293  -36.051  -35.105  72.059 0.0000000000
74508  -37.942  -34.306  70.982 0.0000000000
75642  -40.182  -33.135  72.641 0.0000000000
49115  -6.983  -55.375  88.773 0.0000000000
43289  -4.450  -59.908  89.014 0.0000000000
43286  -3.132  -60.241  89.682 0.0000000000
44524  -1.930  -60.067  88.640 0.0000000000
46800  -5.447  -57.368  90.874 0.0000000000
64944  -25.044  -41.738  83.151 0.0000000000
64970  -27.095  -41.785  82.418 0.0000000000
64946  -27.248  -41.675  83.492 0.0000000000
55869  -20.699  -50.244  83.094 0.0000000000
55886  -20.499  -50.016  82.155 0.0000000000
54745  -21.830  -50.556  83.036 0.0000000000
63649  -24.960  -42.628  85.419 0.0000000000
62399  -24.035  -43.521  84.963 0.0000000000
63672  -25.115  -42.024  84.274 0.0000000000
63670  -23.242  -42.683  82.735 0.0000000000
53501  -22.435  -50.528  86.298 0.0000000000
53485  -21.970  -50.455  86.861 0.0000000000
54694  -21.601  -50.243  85.476 0.0000000000
54709  -20.530  -49.803  83.990 0.0000000000
87123  -42.263  -22.857  67.795 0.0000000000
68707  -27.184  -39.511  77.015 0.0000000000
69922  -26.360  -38.313  77.092 0.0000000000
76812  -30.213  -31.573  74.116 0.0000000000
76851  -29.493  -32.795  71.876 0.0000000000
76854  -32.264  -32.033  72.305 0.0000000000
52351  -11.708  -51.657  86.324 0.0000000000
52344  -11.766  -51.464  87.492 0.0000000000
52343  -11.067  -52.011  87.214 0.0000000000
51208  -10.402  -52.178  88.097 0.0000000000
51224  -10.228  -53.206  85.833 0.0000000000
63622  -28.270  -42.048  87.607 0.0000000000
63636  -28.928  -41.651  86.363 0.0000000000
63611  -30.166  -41.586  87.975 0.0000000000
56945  -24.866  -48.391  88.412 0.0000000000
56980  -24.522  -48.712  86.807 0.0000000000
58042  -25.205  -47.601  88.088 0.0000000000
64887  -28.396  -42.775  89.149 0.0000000000
62375  -27.098  -44.132  88.866 0.0000000000
63621  -27.152  -42.914  87.929 0.0000000000
62392  -26.225  -42.951  86.899 0.0000000000
77982  -39.468  -31.414  72.284 0.0000000000
79091  -38.683  -30.649  72.077 0.0000000000
80257  -39.320  -29.759  72.837 0.0000000000
83696  -41.534  -26.432  74.547 0.0000000000
83712  -40.266  -26.714  73.623 0.0000000000
84907  -41.403  -24.804  73.540 0.0000000000
84937  -40.476  -24.647  72.158 0.0000000000
86009  -41.789  -23.989  72.745 0.0000000000
87088  -42.316  -23.486  72.525 0.0000000000
86000  -43.259  -23.720  73.989 0.0000000000
73233  -28.808  -35.052  80.884 0.0000000000
74362  -28.200  -34.170  79.792 0.0000000000
75519  -28.793  -33.066  80.634 0.0000000000
76719  -32.048  -31.337  79.575 0.0000000000
76718  -30.714  -31.291  79.474 0.0000000000
76734  -31.795  -31.139  78.518 0.0000000000
76748  -30.433  -31.063  77.314 0.0000000000
76750  -32.769  -31.231  77.561 0.0000000000
76769  -33.687  -31.464  76.592 0.0000000000
76736  -33.932  -31.358  78.572 0.0000000000
56943  -17.029  -47.636  87.724 0.0000000000
55790  -16.139  -48.409  89.152 0.0000000000
58025  -15.403  -48.121  87.711 0.0000000000
55834  -13.553  -49.975  85.486 0.0000000000
88175  -51.995  -21.718  68.664 0.0000000000
89217  -53.215  -21.550  68.418 0.0000000000
44443  -2.758  -57.980  91.576 0.0000000000
65021  -28.158  -41.187  80.088 0.0000000000
65019  -26.834  -41.390  79.137 0.0000000000
65042  -27.831  -40.978  79.083 0.0000000000
66324  -28.030  -40.266  78.689 0.0000000000
66306  -28.772  -40.133  79.505 0.0000000000
63679  -30.924  -41.586  85.095 0.0000000000
64974  -30.381  -41.219  83.876 0.0000000000
66224  -32.270  -40.688  84.484 0.0000000000
71015  -32.083  -37.906  84.769 0.0000000000
69861  -32.111  -38.472  83.558 0.0000000000
71031  -31.485  -38.153  82.989 0.0000000000
71048  -30.689  -38.099  81.465 0.0000000000
72123  -30.290  -37.281  82.724 0.0000000000
72122  -29.619  -36.662  82.305 0.0000000000
72115  -29.723  -36.828  83.243 0.0000000000
57071  -20.691  -49.402  78.982 0.0000000000
58091  -24.224  -48.194  84.497 0.0000000000
55907  -23.701  -49.791  82.304 0.0000000000
58102  -24.104  -48.342  82.830 0.0000000000
59174  -23.388  -47.416  81.215 0.0000000000
54644  -19.431  -49.117  88.533 0.0000000000
57000  -18.941  -48.769  82.941 0.0000000000
56990  -18.774  -48.118  84.263 0.0000000000
58099  -17.331  -47.933  82.224 0.0000000000
58110  -16.769  -48.476  81.661 0.0000000000
88164  -44.011  -21.977  71.502 0.0000000000
88171  -43.975  -21.525  69.313 0.0000000000
88165  -44.615  -21.376  71.206 0.0000000000
91249  -47.254  -19.261  70.825 0.0000000000
89198  -45.997  -20.445  69.713 0.0000000000
90195  -47.962  -20.089  69.419 0.0000000000
88183  -47.874  -21.772  68.039 0.0000000000
90196  -49.025  -20.275  69.371 0.0000000000
90197  -49.948  -20.547  69.485 0.0000000000
91251  -49.334  -19.217  70.545 0.0000000000
73276  -26.926  -34.455  77.150 0.0000000000
73274  -26.111  -36.191  76.560 0.0000000000
73397  -34.285  -34.840  69.069 0.0000000000
73377  -34.710  -34.484  70.223 0.0000000000
75581  -35.222  -32.574  75.558 0.0000000000
75621  -34.700  -33.145  73.484 0.0000000000
74425  -35.821  -34.187  74.349 0.0000000000
71128  -37.804  -35.631  74.415 0.0000000000
71164  -36.328  -35.599  73.967 0.0000000000
71183  -37.186  -35.681  72.980 0.0000000000
73358  -36.986  -35.248  71.857 0.0000000000
73360  -38.518  -34.937  72.118 0.0000000000
74487  -39.358  -33.912  71.587 0.0000000000
73339  -39.634  -34.374  72.858 0.0000000000
51197  -8.518  -53.386  88.868 0.0000000000
51196  -7.836  -53.940  89.242 0.0000000000
50137  -7.245  -54.224  90.844 0.0000000000
50149  -7.809  -54.630  88.334 0.0000000000
49131  -7.481  -55.815  87.774 0.0000000000
50156  -8.083  -55.470  87.341 0.0000000000
44543  -5.384  -60.028  87.673 0.0000000000
44526  -4.952  -59.428  88.601 0.0000000000
43325  -4.813  -60.931  87.694 0.0000000000
41085  -3.070  -62.114  87.875 0.0000000000
42126  -3.348  -60.645  88.956 0.0000000000
42133  -2.593  -61.341  88.283 0.0000000000
43285  -2.533  -59.994  89.582 0.0000000000
42132  -2.200  -61.167  88.280 0.0000000000
59095  -26.998  -46.400  89.717 0.0000000000
79060  -41.966  -30.056  75.346 0.0000000000
80252  -40.788  -29.407  74.220 0.0000000000
80238  -42.265  -29.011  75.387 0.0000000000
76687  -29.806  -32.505  81.302 0.0000000000
58086  -15.317  -48.183  84.020 0.0000000000
58072  -14.979  -48.003  84.995 0.0000000000
45663  -5.215  -57.051  92.660 0.0000000000
44465  -4.727  -58.172  91.539 0.0000000000
66243  -25.626  -41.539  80.795 0.0000000000
64990  -27.893  -41.762  81.633 0.0000000000
65004  -28.450  -41.471  81.077 0.0000000000
72091  -29.613  -36.761  86.126 0.0000000000
58101  -18.814  -48.516  81.635 0.0000000000
58128  -19.292  -48.641  79.971 0.0000000000
57026  -19.820  -49.018  80.699 0.0000000000
57048  -20.745  -49.527  80.299 0.0000000000
55940  -22.290  -49.650  80.157 0.0000000000
61256  -24.230  -45.401  85.353 0.0000000000
60206  -24.115  -46.442  84.618 0.0000000000
61265  -24.022  -45.596  84.797 0.0000000000
61263  -23.085  -45.265  83.175 0.0000000000
63697  -22.862  -43.444  82.206 0.0000000000
53468  -20.959  -49.841  87.296 0.0000000000
54658  -19.703  -49.091  87.149 0.0000000000
54691  -20.045  -49.145  85.170 0.0000000000
55850  -19.589  -48.885  83.732 0.0000000000
84969  -37.797  -25.829  69.382 0.0000000000
87143  -44.456  -22.887  66.470 0.0000000000
90140  -46.085  -20.940  74.248 0.0000000000
90156  -45.747  -20.361  72.663 0.0000000000
75580  -27.347  -33.034  75.480 0.0000000000
74503  -32.178  -34.054  70.090 0.0000000000
74485  -33.997  -33.666  70.953 0.0000000000
74378  -37.382  -33.737  76.375 0.0000000000
73289  -36.747  -34.462  75.159 0.0000000000
72173  -38.251  -34.526  76.578 0.0000000000
53452  -12.805  -50.366  88.675 0.0000000000
52334  -12.062  -51.073  88.624 0.0000000000
52323  -11.088  -51.389  89.688 0.0000000000
51198  -9.852  -52.222  89.383 0.0000000000
51207  -9.464  -52.863  87.896 0.0000000000
51206  -8.797  -53.819  87.534 0.0000000000
50167  -8.464  -55.466  86.655 0.0000000000
51214  -8.931  -54.546  86.407 0.0000000000
63675  -28.294  -41.495  84.545 0.0000000000
63652  -28.515  -41.528  85.444 0.0000000000
63654  -30.408  -41.554  85.406 0.0000000000
54713  -22.803  -50.054  85.194 0.0000000000
54747  -22.857  -49.914  83.322 0.0000000000
55852  -23.496  -49.403  85.117 0.0000000000
56991  -24.237  -48.769  85.565 0.0000000000
59140  -24.593  -47.362  86.126 0.0000000000
60165  -26.579  -45.736  89.051 0.0000000000
60175  -25.635  -45.738  87.637 0.0000000000
60184  -24.967  -45.807  86.749 0.0000000000
62391  -25.527  -43.818  86.752 0.0000000000
63634  -26.263  -42.373  86.374 0.0000000000
53503  -23.264  -50.286  86.858 0.0000000000
76895  -36.842  -32.930  69.960 0.0000000000
76894  -36.563  -32.177  69.612 0.0000000000
77992  -37.182  -31.138  70.930 0.0000000000
80282  -36.797  -29.602  71.001 0.0000000000
82559  -37.510  -28.013  71.577 0.0000000000
82538  -40.234  -27.928  73.752 0.0000000000
82561  -38.758  -26.879  72.318 0.0000000000
83750  -38.060  -26.433  71.118 0.0000000000
86028  -38.746  -25.034  70.486 0.0000000000
86030  -39.970  -23.898  69.825 0.0000000000
87107  -41.425  -23.250  70.092 0.0000000000
87115  -42.147  -22.731  68.722 0.0000000000
87101  -42.096  -22.928  70.767 0.0000000000
88163  -43.354  -22.473  71.972 0.0000000000
88156  -44.696  -22.159  73.274 0.0000000000
85984  -44.786  -24.037  75.192 0.0000000000
89158  -45.989  -21.703  74.647 0.0000000000
72161  -28.593  -36.612  79.592 0.0000000000
72159  -26.985  -36.800  78.531 0.0000000000
73252  -27.654  -35.500  79.205 0.0000000000
74369  -27.737  -34.107  78.740 0.0000000000
75550  -28.033  -33.051  77.919 0.0000000000
76700  -29.635  -32.049  80.467 0.0000000000
75551  -28.610  -32.165  77.845 0.0000000000
76746  -28.420  -32.028  76.997 0.0000000000
76765  -29.253  -31.403  76.057 0.0000000000
76790  -30.291  -31.237  75.178 0.0000000000
76813  -31.313  -31.372  74.351 0.0000000000
76837  -32.261  -31.617  73.503 0.0000000000
76792  -32.580  -31.387  75.612 0.0000000000
76794  -34.357  -32.008  75.703 0.0000000000
75565  -35.821  -32.588  76.209 0.0000000000
76738  -35.938  -31.591  78.497 0.0000000000
75553  -36.667  -32.682  76.758 0.0000000000
55788  -14.477  -49.156  88.866 0.0000000000
56976  -13.913  -48.936  86.039 0.0000000000
55818  -13.636  -49.526  86.789 0.0000000000
54657  -13.233  -49.846  87.532 0.0000000000
53482  -12.670  -50.563  86.958 0.0000000000
67497  -27.792  -40.091  77.885 0.0000000000
69911  -28.470  -38.868  78.456 0.0000000000
64972  -29.014  -41.504  83.286 0.0000000000
64992  -29.446  -41.427  82.485 0.0000000000
66245  -30.309  -40.663  82.162 0.0000000000
67422  -31.143  -39.627  82.198 0.0000000000
67438  -29.975  -39.674  80.818 0.0000000000
68672  -30.152  -38.821  80.058 0.0000000000
69902  -29.769  -38.342  79.578 0.0000000000
71070  -29.134  -37.718  79.469 0.0000000000
72136  -29.396  -36.637  80.720 0.0000000000
72128  -29.102  -35.752  81.442 0.0000000000
74326  -28.918  -33.923  82.356 0.0000000000
73199  -29.080  -35.687  84.713 0.0000000000
74290  -29.500  -34.661  84.957 0.0000000000
54760  -22.740  -50.188  82.549 0.0000000000
55923  -22.911  -50.040  80.766 0.0000000000
55941  -22.886  -49.551  79.956 0.0000000000
59164  -23.915  -47.579  82.346 0.0000000000
58129  -23.492  -48.082  80.631 0.0000000000
55805  -18.009  -47.853  88.062 0.0000000000
56959  -17.865  -47.708  86.450 0.0000000000
55819  -19.277  -48.631  86.379 0.0000000000
56977  -18.094  -47.632  85.203 0.0000000000
58057  -17.030  -47.372  85.619 0.0000000000
58098  -16.285  -48.194  82.480 0.0000000000
87116  -42.942  -22.361  68.409 0.0000000000
88195  -44.411  -21.861  68.150 0.0000000000
88196  -45.137  -21.917  67.874 0.0000000000
89188  -45.771  -20.344  70.551 0.0000000000
88181  -45.819  -21.483  68.313 0.0000000000
87127  -46.331  -22.538  66.927 0.0000000000
87128  -47.321  -22.662  66.896 0.0000000000
87129  -48.304  -22.740  66.921 0.0000000000
87130  -49.296  -22.742  66.898 0.0000000000
88201  -50.190  -22.407  67.582 0.0000000000
88173  -50.616  -21.489  68.928 0.0000000000
48012  -5.911  -57.058  88.933 0.0000000000
46821  -5.708  -57.551  89.262 0.0000000000
45744  -5.899  -58.401  87.942 0.0000000000
71090  -25.895  -37.614  76.607 0.0000000000
74525  -36.118  -34.250  69.811 0.0000000000
75640  -33.650  -32.574  72.439 0.0000000000
74462  -34.331  -33.529  71.879 0.0000000000
74486  -34.671  -34.113  71.583 0.0000000000
73305  -36.099  -34.829  74.321 0.0000000000
73338  -35.657  -34.949  72.874 0.0000000000
73356  -35.002  -34.538  71.329 0.0000000000
73378  -35.643  -34.758  71.070 0.0000000000
74506  -36.495  -34.393  70.467 0.0000000000
74526  -36.728  -33.748  70.015 0.0000000000
75680  -38.465  -33.718  70.776 0.0000000000
76877  -39.787  -32.305  72.143 0.0000000000
77970  -40.442  -32.048  73.314 0.0000000000
47979  -6.349  -55.575  91.697 0.0000000000
49088  -6.758  -54.908  91.291 0.0000000000
48013  -6.293  -56.190  89.166 0.0000000000
48028  -6.772  -56.367  88.104 0.0000000000
46868  -7.203  -57.750  86.637 0.0000000000
45708  -5.221  -58.240  89.910 0.0000000000
44507  -4.979  -58.691  89.871 0.0000000000
44485  -4.230  -59.286  90.598 0.0000000000
42136  -4.261  -60.649  88.374 0.0000000000
43287  -3.695  -60.276  89.603 0.0000000000
43260  -3.583  -59.221  90.779 0.0000000000
44484  -2.710  -58.973  90.581 0.0000000000
45707  -2.205  -58.495  89.976 0.0000000000
42148  -1.986  -61.639  87.726 0.0000000000
44542  -1.585  -60.540  88.034 0.0000000000
47978  -5.831  -56.564  91.000 0.0000000000
64945  -26.193  -41.784  83.328 0.0000000000
55870  -21.096  -50.538  83.295 0.0000000000
63648  -24.507  -42.698  84.723 0.0000000000
53513  -22.099  -50.438  85.250 0.0000000000
53500  -21.892  -50.397  85.799 0.0000000000
54711  -21.735  -50.364  84.881 0.0000000000
54710  -21.074  -50.067  84.451 0.0000000000
87140  -41.579  -23.250  67.214 0.0000000000
69910  -27.941  -38.682  78.327 0.0000000000
69923  -26.947  -38.856  77.238 0.0000000000
69909  -26.992  -38.217  78.019 0.0000000000
76835  -30.075  -31.769  73.028 0.0000000000
76852  -30.049  -32.219  72.116 0.0000000000
76872  -30.730  -32.415  71.678 0.0000000000
76873  -31.491  -32.379  71.621 0.0000000000
52350  -10.929  -52.440  86.085 0.0000000000
51216  -10.195  -52.595  86.935 0.0000000000
63623  -29.548  -41.761  87.192 0.0000000000
56946  -25.107  -48.107  88.833 0.0000000000
56962  -24.984  -47.988  88.270 0.0000000000
58028  -26.038  -47.484  89.176 0.0000000000
64888  -28.562  -42.490  88.961 0.0000000000
63609  -27.902  -42.876  88.809 0.0000000000
55808  -25.055  -48.563  89.057 0.0000000000
77969  -40.126  -31.343  73.055 0.0000000000
79081  -39.650  -30.783  72.777 0.0000000000
79082  -39.894  -30.297  73.261 0.0000000000
84889  -41.388  -25.478  74.175 0.0000000000
85998  -41.995  -24.344  73.707 0.0000000000
85999  -42.580  -23.820  73.490 0.0000000000
85982  -42.901  -24.384  74.381 0.0000000000
74341  -28.803  -33.791  81.271 0.0000000000
74354  -28.508  -34.122  80.464 0.0000000000
76735  -32.923  -31.303  78.577 0.0000000000
58027  -16.393  -47.593  87.190 0.0000000000
58026  -15.893  -47.744  87.500 0.0000000000
58039  -15.837  -47.646  86.782 0.0000000000
89204  -51.888  -21.255  69.311 0.0000000000
88176  -52.681  -21.701  68.399 0.0000000000
89205  -53.065  -21.272  69.103 0.0000000000
45674  -4.208  -57.763  92.675 0.0000000000
45673  -3.532  -57.612  92.596 0.0000000000
45672  -2.858  -57.246  92.267 0.0000000000
44444  -3.205  -58.088  91.851 0.0000000000
65043  -28.401  -40.663  79.760 0.0000000000
66283  -28.800  -40.398  80.109 0.0000000000
64951  -31.921  -41.300  84.863 0.0000000000
66225  -32.477  -40.772  84.959 0.0000000000
71014  -31.012  -37.604  84.431 0.0000000000
71022  -32.007  -38.076  84.039 0.0000000000
71021  -31.009  -37.652  83.347 0.0000000000
71030  -30.769  -37.767  82.391 0.0000000000
72116  -30.357  -37.268  83.441 0.0000000000
72109  -29.999  -37.106  84.217 0.0000000000
58126  -17.921  -48.675  80.433 0.0000000000
58090  -24.169  -48.288  83.589 0.0000000000
58100  -18.329  -48.150  82.022 0.0000000000
58089  -18.186  -47.877  83.088 0.0000000000
58111  -17.509  -48.473  81.218 0.0000000000
87145  -46.496  -23.057  66.203 0.0000000000
89174  -44.612  -21.779  72.446 0.0000000000
89184  -44.796  -21.386  71.955 0.0000000000
91234  -47.706  -18.781  71.554 0.0000000000
90182  -47.544  -19.573  70.075 0.0000000000
89200  -48.306  -20.694  68.900 0.0000000000
90183  -48.656  -19.648  69.911 0.0000000000
74389  -26.657  -34.258  76.375 0.0000000000
73287  -26.341  -34.763  75.903 0.0000000000
73376  -33.828  -34.558  69.635 0.0000000000
73396  -33.388  -35.489  68.809 0.0000000000
75582  -35.888  -33.265  75.309 0.0000000000
74406  -35.571  -33.434  74.755 0.0000000000
71151  -38.221  -35.701  73.855 0.0000000000
71166  -36.998  -35.671  73.500 0.0000000000
72253  -38.184  -35.648  73.131 0.0000000000
72274  -38.119  -35.458  72.632 0.0000000000
72275  -38.837  -35.068  72.620 0.0000000000
72276  -39.215  -34.662  72.621 0.0000000000
72255  -39.262  -34.996  73.160 0.0000000000
43326  -5.186  -60.680  87.524 0.0000000000
41084  -2.806  -62.001  87.859 0.0000000000
75482  -30.404  -32.672  82.395 0.0000000000
46789  -5.210  -57.057  91.951 0.0000000000
46778  -5.420  -56.778  92.605 0.0000000000
45677  -5.062  -57.304  92.171 0.0000000000
45676  -4.920  -57.524  92.270 0.0000000000
44466  -4.904  -57.977  91.467 0.0000000000
64987  -25.311  -41.546  81.205 0.0000000000
64989  -26.752  -41.657  81.180 0.0000000000
64991  -28.775  -41.733  82.066 0.0000000000
57012  -19.509  -49.128  82.028 0.0000000000
57013  -20.004  -49.657  81.972 0.0000000000
55904  -21.374  -50.152  81.578 0.0000000000
55903  -20.817  -49.894  81.120 0.0000000000
55921  -21.264  -49.879  80.716 0.0000000000
57049  -21.342  -49.682  80.185 0.0000000000
61255  -23.940  -44.811  84.909 0.0000000000
62410  -23.578  -44.297  84.132 0.0000000000
61275  -22.748  -45.401  82.433 0.0000000000
62422  -22.608  -44.601  82.141 0.0000000000
64942  -23.512  -42.204  82.215 0.0000000000
53484  -21.442  -50.098  86.447 0.0000000000
53470  -22.110  -50.342  87.859 0.0000000000
53483  -21.065  -49.833  86.586 0.0000000000
54674  -20.622  -49.549  86.437 0.0000000000
54692  -20.465  -49.516  85.047 0.0000000000
55868  -19.958  -49.660  83.134 0.0000000000
55851  -20.108  -49.258  84.260 0.0000000000
57001  -19.443  -49.224  82.859 0.0000000000
84970  -38.310  -25.307  68.786 0.0000000000
75598  -27.653  -32.850  74.193 0.0000000000
74484  -33.128  -33.522  70.646 0.0000000000
74379  -38.178  -33.785  76.936 0.0000000000
73264  -37.833  -34.321  76.369 0.0000000000
71109  -38.857  -35.618  75.422 0.0000000000
52335  -12.412  -50.759  88.066 0.0000000000
52333  -11.196  -51.661  88.321 0.0000000000
52322  -10.352  -51.750  90.525 0.0000000000
63624  -30.413  -41.636  86.907 0.0000000000
63637  -30.019  -41.653  86.134 0.0000000000
63638  -30.657  -41.620  86.031 0.0000000000
54714  -23.344  -49.816  85.735 0.0000000000
54733  -23.186  -49.643  84.764 0.0000000000
55853  -23.818  -49.349  85.679 0.0000000000
58058  -24.755  -47.861  87.283 0.0000000000
56992  -24.464  -48.667  86.172 0.0000000000
58077  -24.575  -48.048  86.170 0.0000000000
58076  -24.395  -48.139  85.384 0.0000000000
59124  -24.778  -47.092  86.827 0.0000000000
60153  -27.104  -45.773  89.603 0.0000000000
59105  -26.489  -46.409  89.158 0.0000000000
62374  -26.753  -43.834  88.197 0.0000000000
61230  -26.293  -44.843  88.307 0.0000000000
61239  -25.824  -44.796  87.660 0.0000000000
60174  -25.362  -45.474  87.178 0.0000000000
61238  -25.536  -44.827  87.150 0.0000000000
61247  -25.210  -44.880  86.706 0.0000000000
62382  -25.708  -44.156  87.126 0.0000000000
63635  -27.247  -42.075  86.778 0.0000000000
63650  -26.226  -41.899  85.482 0.0000000000
54696  -23.921  -49.665  86.791 0.0000000000
54695  -23.546  -49.956  86.621 0.0000000000
53516  -23.204  -50.190  86.337 0.0000000000
76885  -37.140  -32.216  70.553 0.0000000000
76874  -37.484  -31.725  71.019 0.0000000000
80268  -38.210  -29.829  72.120 0.0000000000
80267  -37.424  -29.481  71.585 0.0000000000
81439  -36.876  -28.686  71.082 0.0000000000
81395  -41.316  -28.250  74.620 0.0000000000
81408  -40.233  -28.699  73.745 0.0000000000
84919  -39.913  -25.894  72.955 0.0000000000
83724  -39.758  -26.605  73.162 0.0000000000
83723  -39.295  -26.538  72.671 0.0000000000
83735  -38.476  -26.435  71.696 0.0000000000
84934  -38.648  -25.947  71.532 0.0000000000
84950  -38.395  -25.806  70.910 0.0000000000
84951  -38.889  -25.362  71.272 0.0000000000
86018  -41.002  -24.120  71.920 0.0000000000
86024  -40.194  -24.022  70.983 0.0000000000
87099  -40.742  -23.665  70.971 0.0000000000
87113  -40.669  -23.450  69.470 0.0000000000
87080  -43.167  -23.432  73.415 0.0000000000
87089  -42.981  -23.069  72.632 0.0000000000
87090  -43.676  -22.700  72.819 0.0000000000
88155  -44.274  -22.246  72.723 0.0000000000
88144  -44.497  -22.509  73.506 0.0000000000
88134  -45.561  -22.328  74.540 0.0000000000
72147  -28.797  -36.084  80.030 0.0000000000
73253  -28.126  -35.205  79.764 0.0000000000
74370  -28.029  -34.106  79.305 0.0000000000
75543  -28.053  -33.402  78.469 0.0000000000
76688  -30.537  -32.102  81.224 0.0000000000
76733  -30.510  -31.174  78.363 0.0000000000
76717  -29.323  -31.778  79.196 0.0000000000
76747  -29.333  -31.421  77.130 0.0000000000
76766  -30.380  -31.074  76.260 0.0000000000
76791  -31.447  -31.231  75.423 0.0000000000
76814  -32.457  -31.474  74.565 0.0000000000
76751  -33.819  -31.337  77.532 0.0000000000
76770  -34.816  -31.859  76.440 0.0000000000
76771  -35.311  -31.908  76.802 0.0000000000
76739  -36.854  -31.855  78.587 0.0000000000
76754  -36.744  -32.185  77.728 0.0000000000
75554  -37.783  -32.876  77.497 0.0000000000
56929  -15.192  -48.549  88.498 0.0000000000
55789  -15.134  -48.689  88.856 0.0000000000
55804  -14.625  -48.917  88.431 0.0000000000
58071  -14.490  -48.457  85.659 0.0000000000
54672  -13.006  -50.340  86.515 0.0000000000
53467  -12.818  -50.311  87.301 0.0000000000
46788  -1.877  -57.192  91.482 0.0000000000
65040  -26.237  -41.589  78.390 0.0000000000
66325  -28.715  -39.950  79.014 0.0000000000
66345  -27.917  -40.036  78.277 0.0000000000
67481  -28.456  -39.849  78.601 0.0000000000
68694  -27.881  -39.138  78.009 0.0000000000
68684  -29.155  -39.009  79.050 0.0000000000
63676  -29.271  -41.422  84.401 0.0000000000
64948  -28.745  -41.455  83.975 0.0000000000
64994  -30.723  -41.003  83.413 0.0000000000
64973  -29.740  -41.329  83.389 0.0000000000
64993  -30.199  -41.134  82.840 0.0000000000
65006  -29.691  -40.940  82.003 0.0000000000
66246  -30.909  -40.541  82.763 0.0000000000
69870  -31.577  -38.645  82.752 0.0000000000
68650  -31.802  -39.181  83.090 0.0000000000
67439  -30.449  -39.530  81.310 0.0000000000
68660  -30.754  -38.964  81.455 0.0000000000
67456  -30.162  -39.299  80.747 0.0000000000
69892  -30.574  -38.632  80.947 0.0000000000
71047  -30.416  -37.974  80.893 0.0000000000
69891  -30.329  -38.356  80.360 0.0000000000
71057  -29.943  -37.823  80.029 0.0000000000
71071  -29.673  -37.829  79.680 0.0000000000
72162  -29.465  -37.371  79.770 0.0000000000
72137  -29.887  -37.287  80.976 0.0000000000
72129  -29.419  -36.444  81.328 0.0000000000
72121  -29.093  -35.842  82.012 0.0000000000
73225  -28.856  -34.998  81.635 0.0000000000
73222  -28.815  -35.014  82.717 0.0000000000
73168  -29.497  -35.768  86.898 0.0000000000
73183  -29.265  -35.738  85.694 0.0000000000
74309  -29.184  -34.219  83.512 0.0000000000
58143  -19.354  -48.923  79.257 0.0000000000
57070  -19.828  -49.324  78.755 0.0000000000
54748  -23.187  -49.580  83.905 0.0000000000
55889  -23.305  -49.996  82.611 0.0000000000
57029  -23.851  -49.426  81.528 0.0000000000
55906  -23.258  -50.020  81.793 0.0000000000
57028  -23.561  -49.729  81.000 0.0000000000
57050  -23.374  -49.157  80.370 0.0000000000
56944  -18.174  -47.869  87.379 0.0000000000
54673  -19.970  -49.097  85.852 0.0000000000
58075  -17.990  -47.588  83.910 0.0000000000
58074  -17.243  -47.390  84.447 0.0000000000
58087  -16.188  -47.759  83.676 0.0000000000
87109  -42.801  -22.311  69.311 0.0000000000
88172  -44.489  -21.228  69.640 0.0000000000
88179  -44.068  -21.684  68.630 0.0000000000
90167  -45.411  -20.646  71.830 0.0000000000
90180  -45.673  -20.295  71.102 0.0000000000
89213  -46.483  -21.010  68.728 0.0000000000
88197  -46.114  -22.043  67.633 0.0000000000
88198  -47.119  -22.158  67.504 0.0000000000
88199  -48.118  -22.344  67.573 0.0000000000
88200  -49.161  -22.352  67.605 0.0000000000
89202  -50.224  -21.143  69.100 0.0000000000
89189  -50.810  -20.812  69.543 0.0000000000
89203  -51.025  -21.211  69.280 0.0000000000
48027  -6.338  -57.091  88.292 0.0000000000
46838  -6.057  -57.763  88.474 0.0000000000
72171  -26.562  -36.592  77.934 0.0000000000
72170  -26.317  -36.978  77.509 0.0000000000
72184  -26.121  -36.833  77.045 0.0000000000
74538  -35.484  -34.369  68.925 0.0000000000
74524  -35.572  -34.384  69.445 0.0000000000
76838  -33.254  -31.871  73.666 0.0000000000
76855  -32.905  -31.964  72.953 0.0000000000
75620  -34.107  -32.339  73.887 0.0000000000
75641  -34.670  -33.509  72.677 0.0000000000
74463  -34.975  -34.091  72.422 0.0000000000
72198  -36.436  -35.009  74.981 0.0000000000
73288  -36.479  -34.821  74.814 0.0000000000
72216  -36.406  -35.111  74.605 0.0000000000
72252  -36.292  -35.461  72.915 0.0000000000
72251  -35.864  -35.264  73.334 0.0000000000
73337  -35.234  -34.535  72.216 0.0000000000
73357  -35.606  -34.857  72.079 0.0000000000
73380  -37.507  -34.908  71.524 0.0000000000
73379  -36.483  -34.713  70.944 0.0000000000
74507  -36.973  -34.313  70.564 0.0000000000
75679  -37.426  -33.474  70.382 0.0000000000
74488  -39.582  -34.038  72.247 0.0000000000
75663  -39.400  -33.348  71.263 0.0000000000
75664  -39.788  -33.199  72.037 0.0000000000
76856  -40.227  -32.469  72.726 0.0000000000
76857  -40.444  -32.531  73.213 0.0000000000
50144  -7.327  -54.404  89.559 0.0000000000
49101  -6.690  -55.096  90.013 0.0000000000
49147  -7.949  -56.221  86.914 0.0000000000
48041  -7.201  -56.787  87.191 0.0000000000
48053  -7.828  -57.124  86.292 0.0000000000
45723  -5.685  -58.248  88.758 0.0000000000
45709  -5.455  -58.002  89.576 0.0000000000
45722  -5.278  -58.593  89.124 0.0000000000
44525  -4.648  -59.693  88.811 0.0000000000
44506  -4.660  -59.352  89.376 0.0000000000
44486  -4.544  -58.995  90.408 0.0000000000
43274  -4.410  -59.648  89.637 0.0000000000
42152  -4.328  -61.093  88.002 0.0000000000
42127  -3.739  -60.486  89.067 0.0000000000
43272  -3.594  -59.814  90.261 0.0000000000
43271  -3.018  -59.460  90.422 0.0000000000
43259  -3.254  -59.016  90.899 0.0000000000
44505  -2.271  -59.516  89.372 0.0000000000
44483  -2.468  -58.961  90.199 0.0000000000
42165  -1.750  -62.185  87.166 0.0000000000
64969  -26.016  -41.703  82.219 0.0000000000
54728  -20.523  -50.039  83.491 0.0000000000
55887  -21.413  -50.413  82.680 0.0000000000
63671  -23.920  -42.712  83.910 0.0000000000
53502  -22.910  -50.465  86.634 0.0000000000
53499  -21.566  -50.198  85.783 0.0000000000
54693  -21.257  -49.922  85.559 0.0000000000
87141  -42.382  -23.212  66.814 0.0000000000
67496  -27.321  -40.284  76.949 0.0000000000
76811  -29.196  -31.944  73.847 0.0000000000
76810  -28.451  -32.512  73.619 0.0000000000
76834  -29.118  -32.448  72.783 0.0000000000
75639  -32.855  -32.412  71.871 0.0000000000
52352  -12.040  -51.252  86.956 0.0000000000
51223  -9.693  -54.123  85.619 0.0000000000
55820  -24.203  -49.429  87.019 0.0000000000
55837  -24.195  -49.249  86.377 0.0000000000
56961  -24.812  -48.295  87.929 0.0000000000
58041  -24.877  -47.922  87.757 0.0000000000
61231  -26.792  -44.967  88.941 0.0000000000
63608  -27.222  -43.461  88.431 0.0000000000
55807  -24.820  -48.766  88.532 0.0000000000
77981  -38.505  -31.430  71.585 0.0000000000
80269  -38.829  -30.039  72.396 0.0000000000
81430  -38.658  -29.407  72.459 0.0000000000
82539  -40.905  -27.451  74.280 0.0000000000
83713  -40.799  -26.579  74.139 0.0000000000
84906  -40.713  -25.795  73.748 0.0000000000
84936  -39.974  -25.061  72.258 0.0000000000
84920  -40.733  -24.843  72.776 0.0000000000
86008  -41.240  -24.368  72.565 0.0000000000
86019  -41.613  -23.786  72.072 0.0000000000
87094  -42.057  -23.336  71.896 0.0000000000
86010  -42.413  -23.578  72.843 0.0000000000
75535  -28.593  -32.947  79.883 0.0000000000
76749  -31.650  -31.048  77.479 0.0000000000
76768  -32.652  -31.276  76.591 0.0000000000
56931  -16.415  -48.022  88.576 0.0000000000
56942  -15.824  -47.919  88.097 0.0000000000
56958  -14.780  -48.556  87.461 0.0000000000
55849  -13.703  -50.167  84.065 0.0000000000
54671  -12.790  -50.714  85.959 0.0000000000
88186  -51.106  -22.129  68.213 0.0000000000
88187  -52.034  -22.118  67.985 0.0000000000
88188  -52.972  -21.821  67.814 0.0000000000
65020  -27.525  -41.386  79.525 0.0000000000
65059  -27.687  -40.667  78.655 0.0000000000
66305  -28.154  -40.539  79.129 0.0000000000
67468  -29.133  -39.497  79.294 0.0000000000
63678  -30.755  -41.466  85.013 0.0000000000
63700  -30.377  -41.359  84.529 0.0000000000
64949  -30.777  -41.355  84.512 0.0000000000
64975  -31.123  -41.227  84.017 0.0000000000
66235  -31.653  -40.663  83.765 0.0000000000
69846  -32.617  -38.535  84.101 0.0000000000
71039  -30.953  -38.195  82.097 0.0000000000
69881  -30.779  -38.435  81.425 0.0000000000
71038  -30.513  -37.783  81.567 0.0000000000
72130  -30.107  -37.261  81.830 0.0000000000
74272  -29.681  -35.070  86.291 0.0000000000
57003  -23.853  -48.801  84.593 0.0000000000
55890  -23.691  -49.768  83.206 0.0000000000
57002  -23.888  -48.885  83.602 0.0000000000
57014  -24.014  -49.203  82.479 0.0000000000
60221  -23.025  -46.131  82.387 0.0000000000
59163  -23.496  -47.003  81.949 0.0000000000
57024  -16.825  -49.092  81.007 0.0000000000
87103  -43.355  -21.913  69.801 0.0000000000
88167  -43.927  -21.633  70.253 0.0000000000
88168  -44.520  -21.306  70.544 0.0000000000
90181  -46.406  -19.849  70.614 0.0000000000
90194  -46.971  -19.996  69.665 0.0000000000
89199  -47.204  -20.517  69.058 0.0000000000
89214  -47.565  -21.176  68.528 0.0000000000
89215  -48.599  -21.289  68.466 0.0000000000
89216  -49.459  -21.389  68.567 0.0000000000
89201  -49.315  -20.853  68.902 0.0000000000
90184  -49.722  -19.903  69.985 0.0000000000
46867  -7.131  -58.913  86.426 0.0000000000
73275  -26.465  -35.414  76.998 0.0000000000
73286  -25.966  -35.676  75.727 0.0000000000
75600  -34.634  -32.602  74.650 0.0000000000
74424  -35.325  -33.703  74.067 0.0000000000
72218  -37.005  -35.429  74.403 0.0000000000
72236  -36.306  -35.586  74.002 0.0000000000
71149  -36.711  -35.531  73.879 0.0000000000
71182  -36.791  -35.643  72.958 0.0000000000
72272  -36.630  -35.432  72.547 0.0000000000
72294  -36.361  -35.068  71.728 0.0000000000
72273  -37.409  -35.466  72.448 0.0000000000
72295  -37.724  -35.260  72.145 0.0000000000
73381  -38.267  -34.719  71.623 0.0000000000
74509  -38.751  -34.283  71.343 0.0000000000
73382  -38.654  -34.613  71.784 0.0000000000
74464  -40.063  -33.681  72.741 0.0000000000
51190  -8.966  -52.701  90.430 0.0000000000
51189  -7.909  -53.478  90.309 0.0000000000
45763  -5.732  -59.657  87.478 0.0000000000
43307  -4.959  -60.250  87.914 0.0000000000
43306  -4.594  -60.281  88.370 0.0000000000
42150  -3.374  -62.301  87.753 0.0000000000
42134  -3.173  -61.510  88.270 0.0000000000
42125  -2.806  -60.749  88.885 0.0000000000
42124  -2.416  -60.726  88.717 0.0000000000
43304  -2.170  -60.427  88.800 0.0000000000
58029  -26.488  -46.860  89.286 0.0000000000
63596  -28.455  -43.143  89.540 0.0000000000
79073  -40.744  -30.130  74.217 0.0000000000
80237  -41.361  -29.285  74.757 0.0000000000
81396  -41.908  -28.257  75.117 0.0000000000
83697  -42.606  -26.267  75.085 0.0000000000
84891  -43.302  -25.373  75.112 0.0000000000
75459  -29.661  -33.245  82.987 0.0000000000
76671  -30.892  -32.325  81.862 0.0000000000
76689  -31.694  -31.977  81.477 0.0000000000
76702  -32.385  -31.618  80.607 0.0000000000
59123  -15.824  -47.540  85.462 0.0000000000
59122  -15.507  -47.679  85.504 0.0000000000
56988  -14.794  -48.613  84.235 0.0000000000
44447  -4.740  -57.847  92.094 0.0000000000
44446  -4.454  -58.141  92.057 0.0000000000
66261  -26.174  -41.503  80.387 0.0000000000
64988  -25.807  -41.611  81.366 0.0000000000
65003  -27.694  -41.569  80.545 0.0000000000
65005  -29.057  -41.245  81.623 0.0000000000
72102  -29.887  -37.112  85.194 0.0000000000
58127  -18.547  -48.639  80.090 0.0000000000
58113  -19.081  -48.546  80.905 0.0000000000
57027  -20.225  -49.560  81.382 0.0000000000
57072  -21.642  -49.552  79.446 0.0000000000
60193  -24.461  -46.081  85.838 0.0000000000
60205  -23.551  -46.260  83.377 0.0000000000
61264  -23.688  -45.498  84.223 0.0000000000
60204  -23.223  -45.889  82.974 0.0000000000
54659  -20.253  -49.470  87.890 0.0000000000
55836  -20.081  -49.170  84.849 0.0000000000
57011  -18.890  -48.624  82.185 0.0000000000
83766  -37.423  -26.500  69.563 0.0000000000
89166  -45.708  -21.362  74.057 0.0000000000
90155  -45.331  -21.072  72.678 0.0000000000
90147  -45.661  -20.939  73.463 0.0000000000
91204  -46.286  -20.152  73.617 0.0000000000
92376  -48.563  -18.457  71.976 0.0000000000
74404  -26.666  -33.836  75.364 0.0000000000
75579  -27.043  -33.416  75.178 0.0000000000
75566  -36.622  -33.358  76.078 0.0000000000
74408  -36.599  -34.087  75.203 0.0000000000
74392  -36.881  -33.971  75.626 0.0000000000
73277  -37.333  -34.430  75.791 0.0000000000
72186  -37.316  -34.710  75.562 0.0000000000
71091  -37.911  -35.293  75.540 0.0000000000
71108  -38.193  -35.572  75.132 0.0000000000
71129  -38.496  -35.643  74.653 0.0000000000
71152  -38.761  -35.600  74.254 0.0000000000
72238  -39.254  -35.325  74.104 0.0000000000
52324  -12.011  -50.893  89.822 0.0000000000
50157  -8.387  -54.694  87.387 0.0000000000
41092  -2.623  -62.612  87.364 0.0000000000
63674  -27.313  -41.587  84.499 0.0000000000
63653  -29.633  -41.549  85.366 0.0000000000
63655  -30.862  -41.542  85.393 0.0000000000
63612  -30.846  -41.516  87.697 0.0000000000
54712  -22.343  -50.257  84.855 0.0000000000
54731  -22.233  -50.209  84.020 0.0000000000
54732  -22.715  -49.855  84.332 0.0000000000
56979  -24.410  -48.912  86.210 0.0000000000
55872  -23.742  -49.087  85.062 0.0000000000
59139  -24.477  -47.356  85.377 0.0000000000
59104  -26.047  -46.593  88.510 0.0000000000
59115  -25.399  -46.820  87.673 0.0000000000
60164  -26.143  -45.760  88.359 0.0000000000
60185  -25.167  -46.506  87.240 0.0000000000
60194  -24.590  -46.769  86.185 0.0000000000
60183  -24.660  -45.640  86.291 0.0000000000
61246  -24.760  -44.961  86.222 0.0000000000
62390  -24.933  -43.669  86.168 0.0000000000
63633  -25.491  -42.767  86.200 0.0000000000
53488  -23.545  -50.179  87.452 0.0000000000
53514  -22.418  -50.418  85.533 0.0000000000
76884  -36.594  -31.780  70.132 0.0000000000
79090  -37.828  -30.599  71.541 0.0000000000
79100  -37.094  -30.244  71.140 0.0000000000
79099  -36.553  -30.348  70.409 0.0000000000
80251  -40.263  -29.521  73.749 0.0000000000
81419  -39.642  -28.657  73.299 0.0000000000
81418  -38.820  -28.708  72.647 0.0000000000
82551  -39.667  -27.347  73.253 0.0000000000
82550  -38.985  -27.685  72.715 0.0000000000
82549  -38.509  -28.220  72.468 0.0000000000
82560  -38.241  -27.527  72.120 0.0000000000
83734  -37.757  -27.033  71.344 0.0000000000
83749  -37.643  -26.533  70.527 0.0000000000
84961  -37.773  -25.916  70.152 0.0000000000
84962  -38.196  -25.358  69.898 0.0000000000
86034  -38.673  -24.823  69.679 0.0000000000
86017  -40.101  -24.592  71.736 0.0000000000
86029  -39.290  -24.425  70.217 0.0000000000
86036  -39.904  -23.739  68.799 0.0000000000
87121  -40.602  -23.302  68.606 0.0000000000
87114  -41.375  -23.064  69.099 0.0000000000
87122  -41.200  -23.017  68.005 0.0000000000
87108  -42.152  -22.818  69.705 0.0000000000
87102  -42.804  -22.446  70.274 0.0000000000
87095  -42.942  -22.590  71.390 0.0000000000
89175  -44.946  -21.711  72.970 0.0000000000
85983  -44.030  -24.161  74.811 0.0000000000
87069  -44.402  -23.349  74.322 0.0000000000
88145  -45.048  -22.261  73.877 0.0000000000
89165  -45.377  -21.551  73.628 0.0000000000
71069  -28.149  -37.496  79.102 0.0000000000
71068  -27.195  -37.405  78.560 0.0000000000
72160  -27.340  -36.432  78.825 0.0000000000
72172  -26.829  -35.918  78.324 0.0000000000
73262  -27.058  -35.119  78.153 0.0000000000
74377  -27.315  -33.816  77.615 0.0000000000
74390  -27.038  -33.616  76.610 0.0000000000
75502  -29.219  -32.783  81.114 0.0000000000
75563  -27.544  -32.775  76.817 0.0000000000
76764  -28.226  -32.023  75.819 0.0000000000
76789  -29.216  -31.638  74.933 0.0000000000
76836  -31.185  -31.580  73.245 0.0000000000
76815  -33.659  -31.907  74.743 0.0000000000
76793  -33.539  -31.622  75.756 0.0000000000
76816  -34.081  -32.034  75.231 0.0000000000
75564  -35.289  -32.333  76.049 0.0000000000
76737  -34.935  -31.435  78.498 0.0000000000
76723  -36.121  -31.479  79.529 0.0000000000
76753  -35.814  -31.931  77.268 0.0000000000
75552  -36.117  -32.383  76.699 0.0000000000
75555  -38.474  -33.530  77.520 0.0000000000
58055  -15.122  -47.894  86.101 0.0000000000
58037  -14.663  -48.519  86.971 0.0000000000
56957  -14.425  -48.786  87.191 0.0000000000
56940  -14.471  -48.891  87.717 0.0000000000
55803  -14.119  -49.189  87.920 0.0000000000
53453  -12.860  -50.103  87.951 0.0000000000
53466  -12.564  -50.587  87.554 0.0000000000
53481  -12.432  -50.994  86.461 0.0000000000
66344  -27.489  -40.493  77.791 0.0000000000
68708  -27.693  -39.679  77.635 0.0000000000
64947  -28.176  -41.553  83.723 0.0000000000
63698  -29.502  -41.341  83.814 0.0000000000
65023  -29.345  -40.679  81.273 0.0000000000
67408  -32.198  -39.947  83.733 0.0000000000
67423  -31.555  -40.063  83.113 0.0000000000
66263  -30.648  -40.182  81.898 0.0000000000
66262  -30.011  -40.293  81.392 0.0000000000
66284  -29.376  -40.114  80.457 0.0000000000
67455  -29.870  -39.307  80.190 0.0000000000
68685  -29.784  -38.998  79.572 0.0000000000
69903  -30.092  -38.632  79.826 0.0000000000
69901  -28.697  -38.440  78.945 0.0000000000
72148  -29.426  -36.822  80.258 0.0000000000
73243  -29.153  -36.331  80.496 0.0000000000
73234  -29.079  -36.011  80.769 0.0000000000
72101  -29.278  -36.532  85.004 0.0000000000
72108  -29.162  -36.315  83.983 0.0000000000
73214  -28.948  -35.286  83.830 0.0000000000
54746  -22.231  -50.314  83.117 0.0000000000
54759  -22.328  -50.251  82.576 0.0000000000
55905  -22.278  -50.233  81.940 0.0000000000
57073  -22.498  -49.345  79.360 0.0000000000
59152  -24.073  -47.467  83.528 0.0000000000
58115  -23.838  -48.292  81.615 0.0000000000
59175  -23.714  -47.555  81.740 0.0000000000
58130  -23.761  -48.895  80.960 0.0000000000
57074  -22.992  -48.991  79.408 0.0000000000
55791  -17.505  -48.186  88.931 0.0000000000
58040  -16.731  -47.493  86.639 0.0000000000
56960  -18.628  -48.187  86.746 0.0000000000
56978  -18.787  -48.174  85.689 0.0000000000
58073  -15.933  -47.481  84.921 0.0000000000
87124  -43.189  -22.589  67.546 0.0000000000
87110  -43.441  -21.864  68.923 0.0000000000
87117  -43.726  -22.058  68.162 0.0000000000
87125  -44.259  -22.345  67.413 0.0000000000
87126  -45.319  -22.427  67.089 0.0000000000
89187  -45.164  -20.791  70.836 0.0000000000
89197  -45.046  -20.886  69.818 0.0000000000
89212  -45.497  -20.995  69.044 0.0000000000
87146  -47.467  -23.148  66.219 0.0000000000
87147  -48.430  -23.147  66.214 0.0000000000
87131  -50.263  -22.774  66.827 0.0000000000
88185  -50.112  -21.790  68.356 0.0000000000
88174  -51.120  -21.660  68.845 0.0000000000
90186  -52.096  -19.886  70.594 0.0000000000
45764  -6.196  -59.260  87.153 0.0000000000
69908  -26.520  -38.036  77.587 0.0000000000
74403  -26.077  -34.725  74.937 0.0000000000
74539  -36.098  -33.981  68.574 0.0000000000
75662  -33.591  -33.160  71.334 0.0000000000
74407  -36.239  -34.147  74.848 0.0000000000
74444  -35.655  -34.434  73.940 0.0000000000
72235  -36.213  -35.387  74.052 0.0000000000
73322  -35.750  -34.882  73.593 0.0000000000
73321  -35.395  -34.545  72.899 0.0000000000
73399  -35.832  -34.546  70.384 0.0000000000
75693  -36.780  -33.371  69.965 0.0000000000
76886  -38.211  -32.879  70.808 0.0000000000
75681  -39.108  -33.782  71.016 0.0000000000
76887  -38.928  -33.252  70.941 0.0000000000
76876  -39.107  -32.467  71.408 0.0000000000
77983  -39.980  -31.898  72.514 0.0000000000
77955  -40.347  -31.143  73.574 0.0000000000
73323  -39.738  -34.644  73.678 0.0000000000
47997  -6.237  -55.836  90.511 0.0000000000
48040  -6.683  -57.106  87.642 0.0000000000
46854  -6.812  -57.369  87.191 0.0000000000
50166  -8.250  -55.822  86.905 0.0000000000
49148  -8.315  -56.018  86.579 0.0000000000
46808  -5.514  -57.344  90.117 0.0000000000
45698  -5.311  -57.811  90.237 0.0000000000
45697  -5.143  -57.952  90.687 0.0000000000
44487  -4.893  -58.249  90.923 0.0000000000
44464  -4.148  -58.861  91.228 0.0000000000
43305  -4.261  -60.380  88.697 0.0000000000
42135  -3.838  -60.814  88.499 0.0000000000
43288  -4.131  -60.245  89.267 0.0000000000
43273  -4.152  -59.767  90.116 0.0000000000
43261  -3.963  -59.440  90.622 0.0000000000
44463  -3.486  -58.718  91.342 0.0000000000
44462  -2.953  -58.687  91.125 0.0000000000
44461  -2.543  -58.377  90.992 0.0000000000
43270  -2.655  -59.365  90.199 0.0000000000
45696  -2.252  -58.008  90.790 0.0000000000
46798  -1.922  -57.606  90.560 0.0000000000
41091  -2.164  -62.465  87.240 0.0000000000
43324  -1.829  -60.922  88.243 0.0000000000
45675  -4.725  -57.630  92.561 0.0000000000
45687  -4.911  -57.739  91.816 0.0000000000
46799  -5.278  -57.427  91.371 0.0000000000
53515  -22.882  -50.313  85.929 0.0000000000
54676  -23.777  -49.917  87.074 0.0000000000
54729  -20.870  -50.313  83.696 0.0000000000
55772  -14.954  -49.028  89.318 0.0000000000
55821  -24.509  -49.191  87.579 0.0000000000
55838  -24.366  -49.173  86.921 0.0000000000
55867  -19.495  -49.160  83.144 0.0000000000
55888  -22.029  -50.384  82.679 0.0000000000
55920  -20.933  -49.807  80.700 0.0000000000
55939  -21.710  -49.708  80.308 0.0000000000
56930  -15.578  -48.343  88.573 0.0000000000
56989  -18.132  -47.599  84.496 0.0000000000
57094  -22.702  -48.970  78.898 0.0000000000
58038  -15.032  -48.233  87.162 0.0000000000
58054  -14.570  -48.470  86.532 0.0000000000
58114  -23.614  -47.926  81.126 0.0000000000
58142  -18.880  -48.809  79.466 0.0000000000
59125  -25.094  -46.954  87.292 0.0000000000
59137  -15.508  -47.674  85.170 0.0000000000
59138  -15.696  -47.593  85.268 0.0000000000
61219  -27.708  -45.192  90.052 0.0000000000
63656  -31.180  -41.516  85.358 0.0000000000
63699  -29.830  -41.277  84.091 0.0000000000
64876  -28.826  -42.311  89.062 0.0000000000
64950  -31.230  -41.423  84.845 0.0000000000
64976  -31.677  -41.146  84.392 0.0000000000
66210  -32.303  -40.959  84.838 0.0000000000
66211  -32.534  -40.883  85.440 0.0000000000
66244  -26.102  -41.590  80.929 0.0000000000
66247  -31.303  -40.508  83.283 0.0000000000
66307  -29.356  -39.636  79.792 0.0000000000
67402  -32.673  -40.381  84.972 0.0000000000
67469  -29.550  -39.301  79.677 0.0000000000
67480  -28.125  -39.733  78.209 0.0000000000
67482  -28.973  -39.796  79.098 0.0000000000
67498  -28.093  -39.940  78.274 0.0000000000
68673  -30.369  -38.945  80.681 0.0000000000
68683  -28.846  -38.926  78.683 0.0000000000
68693  -27.516  -39.036  77.687 0.0000000000
68695  -28.632  -39.314  78.526 0.0000000000
69845  -32.472  -38.248  83.923 0.0000000000
69871  -31.878  -38.930  82.980 0.0000000000
69880  -30.542  -38.264  80.844 0.0000000000
69890  -30.117  -38.177  79.918 0.0000000000
69899  -27.311  -37.942  78.471 0.0000000000
71013  -30.336  -37.308  84.781 0.0000000000
71058  -30.214  -37.946  80.403 0.0000000000
71078  -26.371  -37.514  77.524 0.0000000000
71079  -26.703  -37.455  78.093 0.0000000000
71107  -37.496  -35.446  74.814 0.0000000000
71126  -36.576  -35.485  73.770 0.0000000000
71127  -37.099  -35.491  74.232 0.0000000000
71147  -36.138  -35.594  73.914 0.0000000000
71148  -36.286  -35.739  73.911 0.0000000000
71150  -37.405  -35.642  73.850 0.0000000000
71165  -36.400  -35.529  73.707 0.0000000000
71167  -37.746  -35.713  73.268 0.0000000000
71168  -38.199  -35.681  73.379 0.0000000000
71184  -37.636  -35.632  72.841 0.0000000000
72185  -26.277  -36.231  77.142 0.0000000000
72187  -37.741  -34.780  75.934 0.0000000000
72199  -36.887  -34.880  75.058 0.0000000000
72200  -37.215  -35.163  75.039 0.0000000000
72237  -38.720  -35.572  73.859 0.0000000000
72271  -36.048  -35.234  72.743 0.0000000000
72296  -38.049  -35.083  72.017 0.0000000000
73226  -29.068  -35.670  81.141 0.0000000000
73263  -37.532  -34.212  76.169 0.0000000000
73278  -37.624  -34.520  76.040 0.0000000000
73359  -37.435  -35.259  72.010 0.0000000000
73361  -39.010  -34.460  72.093 0.0000000000
73362  -39.343  -34.369  72.446 0.0000000000
74380  -38.564  -33.909  77.254 0.0000000000
75597  -27.057  -33.402  74.680 0.0000000000
75643  -40.413  -33.081  73.195 0.0000000000
76669  -29.807  -32.635  81.603 0.0000000000
76670  -30.127  -32.487  81.702 0.0000000000
77968  -39.780  -31.200  72.700 0.0000000000
77980  -37.782  -31.401  71.267 0.0000000000
77991  -36.711  -31.356  70.391 0.0000000000
79092  -39.206  -30.541  72.477 0.0000000000
80258  -39.770  -29.574  73.320 0.0000000000
81409  -40.737  -28.658  74.164 0.0000000000
81428  -37.429  -28.708  71.652 0.0000000000
81429  -38.089  -28.705  72.204 0.0000000000
83736  -38.899  -26.354  72.190 0.0000000000
84905  -40.287  -26.129  73.458 0.0000000000
84921  -41.310  -24.489  72.889 0.0000000000
84935  -39.128  -25.703  71.953 0.0000000000
84949  -37.936  -26.075  70.508 0.0000000000
85981  -42.337  -24.346  74.078 0.0000000000
86016  -39.609  -25.004  71.813 0.0000000000
86022  -38.821  -25.237  70.968 0.0000000000
86023  -39.324  -24.873  71.197 0.0000000000
86025  -40.810  -23.790  71.281 0.0000000000
87093  -41.508  -23.676  71.769 0.0000000000
87106  -40.725  -23.608  70.412 0.0000000000
88154  -43.645  -22.472  72.326 0.0000000000
88180  -44.782  -21.396  68.727 0.0000000000
89157  -45.542  -21.821  74.162 0.0000000000
89183  -44.417  -21.830  72.154 0.0000000000
90198  -50.459  -20.702  69.534 0.0000000000
91235  -48.877  -18.693  71.231 0.0000000000
