#!ascii label  , from subject tim vox2ras=TkReg
1215
119000  -53.391  7.302  66.365 0.0000000000
131331  -44.496  23.542  58.968 0.0000000000
127162  -45.154  19.005  66.865 0.0000000000
127197  -49.662  18.516  66.072 0.0000000000
128201  -51.181  19.897  56.664 0.0000000000
132006  -50.729  24.390  63.132 0.0000000000
127247  -50.503  19.280  60.154 0.0000000000
126333  -45.931  17.396  63.508 0.0000000000
118190  -45.805  7.330  63.561 0.0000000000
119836  -48.103  9.616  67.648 0.0000000000
136134  -44.081  30.377  56.856 0.0000000000
134770  -50.741  27.750  54.979 0.0000000000
126469  -48.864  17.673  52.665 0.0000000000
123082  -48.345  13.379  68.520 0.0000000000
130422  -46.200  23.010  68.061 0.0000000000
128032  -50.762  19.706  68.907 0.0000000000
122333  -52.622  13.407  64.783 0.0000000000
122385  -48.988  12.494  61.083 0.0000000000
123180  -42.794  13.554  59.816 0.0000000000
118196  -52.300  7.961  64.003 0.0000000000
125585  -52.098  16.932  55.505 0.0000000000
128994  -52.328  19.928  59.032 0.0000000000
127307  -50.157  18.023  56.906 0.0000000000
128147  -47.631  19.493  58.990 0.0000000000
119875  -48.095  9.123  64.976 0.0000000000
120688  -44.765  10.285  68.120 0.0000000000
136826  -40.400  31.580  58.916 0.0000000000
130583  -50.115  22.623  54.199 0.0000000000
123079  -45.799  13.019  68.108 0.0000000000
125445  -46.947  16.629  67.186 0.0000000000
132031  -42.729  23.992  60.663 0.0000000000
130497  -45.279  23.175  63.727 0.0000000000
129709  -50.896  21.370  65.410 0.0000000000
131226  -50.916  22.971  67.120 0.0000000000
128946  -52.192  19.516  67.001 0.0000000000
125439  -52.649  16.428  67.590 0.0000000000
124711  -52.071  15.748  65.390 0.0000000000
122352  -51.485  12.914  62.905 0.0000000000
123914  -49.821  14.774  65.432 0.0000000000
123937  -43.815  14.835  62.843 0.0000000000
129761  -47.996  22.048  57.933 0.0000000000
131300  -47.722  23.774  61.533 0.0000000000
129737  -50.497  22.049  59.948 0.0000000000
129730  -50.945  21.494  61.920 0.0000000000
128094  -49.195  20.350  63.682 0.0000000000
126329  -47.796  17.741  64.619 0.0000000000
127211  -47.425  18.683  62.603 0.0000000000
128104  -45.239  19.244  61.258 0.0000000000
117338  -48.562  6.272  63.772 0.0000000000
118170  -50.391  7.388  65.599 0.0000000000
118991  -51.225  7.954  68.182 0.0000000000
134048  -37.554  27.522  60.957 0.0000000000
133418  -40.438  26.933  58.759 0.0000000000
133425  -43.670  26.408  57.535 0.0000000000
132080  -47.384  25.184  56.703 0.0000000000
131368  -50.957  23.981  55.584 0.0000000000
127360  -51.562  18.726  54.100 0.0000000000
124026  -50.500  14.957  52.673 0.0000000000
124872  -48.464  15.030  50.750 0.0000000000
120632  -44.845  10.379  70.355 0.0000000000
121490  -48.208  10.601  70.415 0.0000000000
120680  -50.366  10.523  68.846 0.0000000000
129664  -46.692  22.343  70.412 0.0000000000
131241  -48.850  23.624  65.011 0.0000000000
131195  -49.662  23.404  69.908 0.0000000000
128038  -48.052  20.063  67.987 0.0000000000
125436  -50.507  16.416  68.609 0.0000000000
122325  -50.711  13.305  67.004 0.0000000000
120717  -51.331  10.200  64.980 0.0000000000
120736  -52.568  11.243  61.954 0.0000000000
121588  -50.113  11.810  59.860 0.0000000000
121612  -47.579  12.037  58.748 0.0000000000
123940  -46.370  14.596  64.131 0.0000000000
122382  -46.073  12.646  60.737 0.0000000000
122423  -43.976  12.172  58.061 0.0000000000
118166  -53.345  6.871  66.707 0.0000000000
118184  -53.219  7.153  65.192 0.0000000000
119020  -52.854  8.161  64.821 0.0000000000
125600  -50.988  16.143  54.717 0.0000000000
126413  -51.687  17.271  56.383 0.0000000000
126428  -48.916  17.329  55.321 0.0000000000
127306  -49.010  18.251  56.315 0.0000000000
126285  -46.275  18.014  67.050 0.0000000000
132038  -43.259  23.953  59.867 0.0000000000
128085  -50.485  20.122  66.036 0.0000000000
128945  -51.469  20.383  66.530 0.0000000000
127186  -51.274  18.587  66.488 0.0000000000
126315  -52.321  17.005  66.089 0.0000000000
125472  -51.064  16.801  66.252 0.0000000000
123915  -51.120  14.887  65.431 0.0000000000
125479  -49.405  16.699  66.076 0.0000000000
129772  -49.498  21.247  57.518 0.0000000000
129750  -49.080  21.540  59.029 0.0000000000
128991  -50.689  20.831  58.703 0.0000000000
128148  -51.775  19.091  59.592 0.0000000000
128980  -52.143  20.355  60.182 0.0000000000
128108  -50.840  20.065  60.937 0.0000000000
128965  -49.912  21.102  63.174 0.0000000000
128107  -49.846  19.857  61.289 0.0000000000
127212  -48.251  19.060  62.709 0.0000000000
127230  -49.258  19.477  61.217 0.0000000000
128146  -46.747  19.543  59.664 0.0000000000
119846  -47.933  9.748  66.757 0.0000000000
119004  -49.190  8.546  65.238 0.0000000000
119862  -49.491  8.869  66.657 0.0000000000
118163  -51.352  7.339  66.984 0.0000000000
119838  -49.733  8.717  68.573 0.0000000000
136132  -41.810  30.482  57.670 0.0000000000
135446  -40.106  29.597  58.336 0.0000000000
134750  -41.695  28.480  57.712 0.0000000000
133423  -41.987  26.978  57.977 0.0000000000
134752  -43.910  28.372  56.947 0.0000000000
134768  -49.504  28.669  55.505 0.0000000000
134071  -47.901  27.601  56.375 0.0000000000
133433  -49.363  26.610  56.312 0.0000000000
132082  -49.162  24.839  56.367 0.0000000000
132812  -51.074  25.628  55.480 0.0000000000
129067  -49.368  20.019  53.868 0.0000000000
129069  -51.129  20.830  53.749 0.0000000000
127359  -50.763  18.494  53.477 0.0000000000
126472  -51.472  17.357  53.452 0.0000000000
125633  -50.340  16.126  52.302 0.0000000000
124047  -49.485  14.519  51.821 0.0000000000
125645  -48.583  16.393  51.650 0.0000000000
122319  -41.176  12.632  68.201 0.0000000000
121524  -40.797  11.452  69.740 0.0000000000
122297  -42.574  12.055  69.416 0.0000000000
121485  -43.526  10.866  70.689 0.0000000000
122278  -43.810  12.023  69.799 0.0000000000
123081  -47.325  13.379  68.291 0.0000000000
122281  -46.765  12.013  69.767 0.0000000000
122283  -48.518  11.685  69.624 0.0000000000
120638  -49.795  10.133  70.283 0.0000000000
122304  -49.206  12.112  68.704 0.0000000000
131210  -45.884  23.514  69.053 0.0000000000
131171  -45.686  23.738  72.671 0.0000000000
131181  -47.503  24.205  71.233 0.0000000000
132004  -49.662  24.725  62.576 0.0000000000
131271  -48.489  24.261  63.370 0.0000000000
131254  -49.713  24.486  64.465 0.0000000000
129682  -50.848  21.326  68.653 0.0000000000
131214  -50.305  23.247  68.948 0.0000000000
129667  -49.942  21.712  69.431 0.0000000000
129666  -48.987  21.976  69.552 0.0000000000
128040  -49.703  19.351  68.594 0.0000000000
126277  -49.333  17.655  68.261 0.0000000000
127156  -50.763  18.097  68.855 0.0000000000
123910  -53.128  14.968  66.212 0.0000000000
123908  -52.150  14.588  67.147 0.0000000000
122329  -51.889  13.270  65.977 0.0000000000
121540  -50.592  11.726  65.881 0.0000000000
121543  -51.995  12.203  64.599 0.0000000000
120727  -52.189  10.929  63.476 0.0000000000
121548  -52.431  12.222  63.422 0.0000000000
122371  -50.208  12.565  62.098 0.0000000000
122402  -51.155  12.356  61.023 0.0000000000
122417  -49.917  12.404  60.160 0.0000000000
121599  -48.624  11.981  59.219 0.0000000000
122415  -48.512  12.328  59.562 0.0000000000
125492  -46.803  16.853  64.172 0.0000000000
125485  -47.129  16.317  64.632 0.0000000000
124729  -45.632  15.613  63.890 0.0000000000
123964  -43.272  13.932  61.493 0.0000000000
123162  -44.647  13.345  62.128 0.0000000000
123182  -44.646  13.154  60.151 0.0000000000
123191  -45.165  12.969  59.416 0.0000000000
122409  -43.121  12.377  58.532 0.0000000000
121607  -43.129  11.489  58.147 0.0000000000
115649  -52.191  4.138  65.229 0.0000000000
119039  -50.739  8.522  62.836 0.0000000000
128203  -52.077  19.031  55.923 0.0000000000
129019  -52.079  19.786  57.930 0.0000000000
127291  -52.318  18.421  57.329 0.0000000000
126387  -51.898  18.017  57.926 0.0000000000
127274  -50.285  18.683  58.732 0.0000000000
127258  -49.347  19.186  59.596 0.0000000000
127288  -49.669  18.586  57.596 0.0000000000
119026  -46.076  8.628  63.806 0.0000000000
119873  -45.825  9.621  64.564 0.0000000000
120703  -46.453  10.152  67.392 0.0000000000
137566  -44.118  32.370  57.586 0.0000000000
132829  -50.357  25.448  54.385 0.0000000000
128245  -47.819  18.841  53.175 0.0000000000
127377  -47.538  17.716  52.144 0.0000000000
122322  -44.176  12.748  68.283 0.0000000000
123888  -47.105  14.296  67.741 0.0000000000
123861  -48.079  14.235  68.158 0.0000000000
130465  -46.330  22.557  65.357 0.0000000000
131255  -51.228  23.474  64.373 0.0000000000
131973  -51.050  24.112  65.378 0.0000000000
130468  -51.314  22.501  66.028 0.0000000000
128932  -51.712  20.402  67.334 0.0000000000
128912  -51.869  19.409  68.069 0.0000000000
126272  -52.074  17.799  68.568 0.0000000000
127167  -52.555  17.890  67.343 0.0000000000
125475  -53.011  15.984  65.708 0.0000000000
124717  -52.838  15.084  65.209 0.0000000000
123150  -52.404  13.282  63.705 0.0000000000
123925  -52.196  14.675  64.668 0.0000000000
123128  -50.461  13.535  64.128 0.0000000000
123146  -48.910  12.971  63.780 0.0000000000
124728  -44.682  15.447  63.496 0.0000000000
128928  -44.235  20.475  67.758 0.0000000000
130532  -46.502  22.608  58.843 0.0000000000
131310  -45.862  23.148  60.625 0.0000000000
130509  -47.347  22.680  60.380 0.0000000000
131313  -49.124  23.416  60.895 0.0000000000
131303  -50.508  24.294  61.793 0.0000000000
129753  -51.831  21.085  59.528 0.0000000000
130513  -51.443  22.720  60.997 0.0000000000
130502  -51.249  22.883  62.886 0.0000000000
130501  -50.903  22.349  63.452 0.0000000000
128962  -49.782  20.987  64.586 0.0000000000
128083  -48.856  19.493  64.928 0.0000000000
126324  -48.875  17.652  65.714 0.0000000000
127200  -48.306  18.730  64.561 0.0000000000
127202  -47.661  18.463  63.375 0.0000000000
126345  -46.586  18.069  63.137 0.0000000000
127245  -48.418  19.262  60.528 0.0000000000
127227  -46.371  19.056  61.432 0.0000000000
119029  -48.491  7.791  64.164 0.0000000000
117325  -49.770  6.322  64.518 0.0000000000
116495  -51.118  5.635  65.277 0.0000000000
117317  -51.950  6.161  66.316 0.0000000000
118164  -52.088  7.011  67.180 0.0000000000
118993  -52.289  8.042  68.076 0.0000000000
132737  -38.330  25.771  61.596 0.0000000000
133412  -38.728  27.028  59.636 0.0000000000
132745  -39.227  25.732  60.560 0.0000000000
132756  -41.161  25.439  59.454 0.0000000000
132045  -42.722  24.904  58.881 0.0000000000
132047  -44.244  24.392  58.260 0.0000000000
136149  -46.159  30.350  56.517 0.0000000000
134758  -46.153  28.457  56.455 0.0000000000
133427  -45.456  26.423  56.979 0.0000000000
132063  -45.924  24.438  57.369 0.0000000000
131344  -47.482  23.554  57.081 0.0000000000
130552  -49.416  22.990  56.373 0.0000000000
129782  -50.403  21.783  55.865 0.0000000000
132122  -51.998  23.794  53.934 0.0000000000
129808  -51.460  21.504  54.215 0.0000000000
128218  -51.666  19.625  55.336 0.0000000000
126450  -52.271  17.741  54.734 0.0000000000
124810  -51.068  15.714  54.125 0.0000000000
124846  -48.893  14.652  52.582 0.0000000000
124045  -47.812  14.295  51.482 0.0000000000
125653  -47.804  16.323  51.027 0.0000000000
120675  -45.027  10.024  69.159 0.0000000000
120677  -47.000  9.867  69.377 0.0000000000
122280  -45.748  12.075  69.731 0.0000000000
120634  -46.782  10.273  70.410 0.0000000000
119826  -48.472  9.098  69.680 0.0000000000
119809  -49.473  9.136  70.091 0.0000000000
119829  -51.275  8.999  69.565 0.0000000000
119840  -52.023  9.382  67.873 0.0000000000
128905  -45.251  21.300  68.928 0.0000000000
131287  -46.890  23.803  62.148 0.0000000000
130483  -47.399  23.194  64.460 0.0000000000
130441  -47.589  22.898  66.891 0.0000000000
131233  -50.394  24.043  66.464 0.0000000000
131224  -49.568  23.664  67.529 0.0000000000
131194  -48.655  23.981  69.930 0.0000000000
130406  -48.482  22.780  70.527 0.0000000000
129678  -47.217  21.762  69.321 0.0000000000
128053  -46.476  19.589  67.490 0.0000000000
127165  -47.672  18.357  67.517 0.0000000000
125447  -48.611  16.470  67.934 0.0000000000
123862  -49.155  14.410  68.397 0.0000000000
125437  -51.439  16.416  68.613 0.0000000000
123890  -50.882  14.489  68.016 0.0000000000
123108  -49.914  13.269  68.002 0.0000000000
121537  -49.776  11.756  67.394 0.0000000000
119863  -50.945  10.044  66.510 0.0000000000
119865  -52.427  9.078  65.371 0.0000000000
119878  -52.236  9.441  64.130 0.0000000000
119041  -52.170  9.571  62.589 0.0000000000
119891  -51.722  9.820  61.956 0.0000000000
121569  -52.515  12.041  62.002 0.0000000000
120753  -51.624  11.240  60.763 0.0000000000
120751  -49.923  10.602  60.849 0.0000000000
120769  -48.846  10.707  60.194 0.0000000000
120781  -47.699  10.904  59.400 0.0000000000
125478  -48.391  16.507  65.500 0.0000000000
123921  -47.918  14.784  64.939 0.0000000000
122348  -47.467  12.649  62.865 0.0000000000
123939  -45.198  14.578  63.571 0.0000000000
123164  -46.450  12.857  62.712 0.0000000000
122383  -47.052  12.631  60.875 0.0000000000
122413  -46.747  12.576  59.275 0.0000000000
122425  -45.866  12.380  58.172 0.0000000000
118173  -53.546  6.871  65.958 0.0000000000
119008  -53.295  7.637  65.778 0.0000000000
119021  -53.157  7.626  65.278 0.0000000000
125599  -50.097  16.186  54.496 0.0000000000
125582  -49.674  16.716  54.990 0.0000000000
125581  -49.140  16.742  54.890 0.0000000000
126310  -45.121  17.400  66.645 0.0000000000
127163  -45.980  18.863  67.103 0.0000000000
131330  -43.918  23.697  59.582 0.0000000000
131321  -43.935  23.542  60.282 0.0000000000
131322  -44.666  23.266  59.988 0.0000000000
127185  -50.464  19.119  66.291 0.0000000000
128072  -50.990  19.816  66.311 0.0000000000
126314  -51.586  17.525  66.291 0.0000000000
126313  -50.598  17.882  66.382 0.0000000000
125480  -50.248  16.966  66.301 0.0000000000
126325  -49.718  17.552  66.212 0.0000000000
129016  -50.103  20.742  56.854 0.0000000000
129004  -50.315  20.584  57.823 0.0000000000
127248  -51.040  19.287  60.144 0.0000000000
128129  -51.598  19.660  60.246 0.0000000000
128128  -50.695  19.597  60.530 0.0000000000
128971  -50.465  20.333  61.384 0.0000000000
128106  -49.133  19.531  61.520 0.0000000000
127246  -49.546  19.380  60.554 0.0000000000
119861  -48.769  9.201  65.868 0.0000000000
119847  -48.805  9.365  67.112 0.0000000000
119848  -49.561  8.858  67.587 0.0000000000
119837  -48.734  9.192  68.285 0.0000000000
136133  -42.969  30.415  57.406 0.0000000000
135450  -41.535  29.495  57.650 0.0000000000
135451  -42.345  29.443  57.473 0.0000000000
134751  -42.794  28.434  57.371 0.0000000000
135452  -43.348  29.395  57.113 0.0000000000
134784  -50.188  28.227  54.761 0.0000000000
135471  -49.648  29.603  55.187 0.0000000000
134769  -50.288  28.356  55.081 0.0000000000
134076  -49.574  27.891  55.774 0.0000000000
134074  -50.394  27.049  55.676 0.0000000000
132800  -50.485  25.998  55.790 0.0000000000
133441  -51.308  26.276  55.187 0.0000000000
128246  -48.951  19.053  53.489 0.0000000000
128247  -50.046  19.294  53.649 0.0000000000
127358  -49.703  18.351  53.248 0.0000000000
126471  -50.410  17.624  52.995 0.0000000000
126488  -49.884  17.010  52.495 0.0000000000
125646  -49.607  15.761  51.713 0.0000000000
125631  -48.866  16.696  52.016 0.0000000000
123102  -41.734  13.365  67.537 0.0000000000
122320  -42.177  12.697  68.285 0.0000000000
122296  -41.488  12.073  69.133 0.0000000000
122277  -43.218  12.019  69.730 0.0000000000
122302  -47.534  12.553  69.044 0.0000000000
122303  -48.433  12.452  68.979 0.0000000000
122284  -49.031  11.440  69.611 0.0000000000
130439  -45.691  22.646  67.256 0.0000000000
131180  -45.951  24.483  70.648 0.0000000000
131192  -46.659  23.931  69.532 0.0000000000
131989  -49.837  24.744  63.225 0.0000000000
131978  -49.437  24.596  63.559 0.0000000000
131980  -50.527  24.489  64.377 0.0000000000
128896  -50.944  20.397  68.843 0.0000000000
129668  -50.477  21.192  69.012 0.0000000000
128895  -50.346  20.682  68.975 0.0000000000
128894  -49.703  21.034  68.995 0.0000000000
128910  -50.106  20.021  68.835 0.0000000000
128041  -50.452  19.040  68.793 0.0000000000
123122  -52.762  13.841  65.437 0.0000000000
123116  -52.920  14.454  66.055 0.0000000000
122332  -52.069  12.846  65.185 0.0000000000
122338  -52.241  12.425  64.419 0.0000000000
122339  -52.578  12.806  64.087 0.0000000000
122370  -49.255  12.393  62.007 0.0000000000
122386  -49.895  12.481  61.193 0.0000000000
122416  -49.451  12.370  59.944 0.0000000000
122399  -48.772  12.471  60.283 0.0000000000
126334  -46.643  17.454  63.679 0.0000000000
125491  -46.099  16.627  63.884 0.0000000000
123170  -43.039  13.791  60.687 0.0000000000
123171  -43.813  13.490  60.904 0.0000000000
123181  -43.669  13.425  59.978 0.0000000000
123190  -44.353  13.141  59.264 0.0000000000
123189  -43.421  13.192  59.125 0.0000000000
123188  -42.514  13.065  59.161 0.0000000000
115642  -52.824  4.926  66.001 0.0000000000
119030  -51.061  7.744  63.319 0.0000000000
119031  -51.700  8.258  63.377 0.0000000000
127309  -52.396  18.342  56.293 0.0000000000
126414  -52.199  17.560  56.363 0.0000000000
126412  -50.830  17.612  56.750 0.0000000000
126397  -51.483  17.844  57.512 0.0000000000
127290  -51.320  18.028  57.822 0.0000000000
127275  -51.449  18.272  58.295 0.0000000000
127289  -50.826  18.074  57.567 0.0000000000
127305  -47.671  18.933  56.544 0.0000000000
120721  -44.987  10.102  65.032 0.0000000000
120689  -45.732  10.214  68.259 0.0000000000
137552  -43.466  32.774  57.907 0.0000000000
129053  -47.725  20.662  54.101 0.0000000000
128256  -47.182  18.861  52.691 0.0000000000
129815  -46.311  21.093  53.227 0.0000000000
124700  -46.101  16.267  66.874 0.0000000000
124675  -46.338  15.386  67.179 0.0000000000
124676  -47.492  15.614  67.553 0.0000000000
132016  -41.896  24.065  61.620 0.0000000000
130481  -45.490  22.739  64.475 0.0000000000
130485  -51.141  22.361  64.931 0.0000000000
129721  -51.011  21.676  65.236 0.0000000000
128933  -51.987  19.507  67.684 0.0000000000
127158  -52.299  18.264  68.129 0.0000000000
128056  -52.306  18.767  67.499 0.0000000000
126326  -52.553  16.883  65.790 0.0000000000
126316  -52.598  16.657  66.200 0.0000000000
125482  -52.674  16.097  65.802 0.0000000000
124713  -52.930  15.446  65.612 0.0000000000
124712  -52.650  15.498  65.383 0.0000000000
123926  -52.698  14.769  64.869 0.0000000000
123917  -52.254  15.108  65.063 0.0000000000
123119  -50.682  14.235  64.863 0.0000000000
123923  -49.842  14.007  64.803 0.0000000000
122336  -49.885  13.099  63.669 0.0000000000
123127  -49.380  13.508  64.376 0.0000000000
130533  -47.343  22.302  58.440 0.0000000000
130522  -46.599  22.560  59.785 0.0000000000
130523  -47.538  22.265  59.461 0.0000000000
129736  -49.425  21.993  59.791 0.0000000000
130511  -49.810  22.765  60.413 0.0000000000
131314  -50.202  23.666  60.887 0.0000000000
130512  -50.841  22.869  60.515 0.0000000000
129007  -52.207  19.810  58.319 0.0000000000
128993  -52.089  20.388  58.955 0.0000000000
129754  -52.196  20.574  59.577 0.0000000000
128973  -51.605  20.695  60.734 0.0000000000
129739  -51.872  21.255  60.296 0.0000000000
129731  -51.328  21.831  61.473 0.0000000000
130504  -51.426  22.953  61.946 0.0000000000
129728  -51.259  22.455  62.201 0.0000000000
129727  -50.882  21.988  62.582 0.0000000000
128091  -49.181  20.131  64.624 0.0000000000
128090  -48.653  19.605  64.101 0.0000000000
126346  -47.129  18.059  63.348 0.0000000000
127257  -48.262  19.357  59.494 0.0000000000
128125  -46.054  19.368  60.659 0.0000000000
127243  -46.625  19.293  60.751 0.0000000000
119016  -46.673  9.026  64.130 0.0000000000
119027  -47.202  8.168  63.796 0.0000000000
119017  -47.669  8.710  64.279 0.0000000000
119005  -49.950  8.139  65.876 0.0000000000
118180  -49.904  7.341  64.997 0.0000000000
117326  -50.554  6.296  65.072 0.0000000000
116496  -51.806  5.367  65.741 0.0000000000
117316  -51.231  6.256  65.635 0.0000000000
118156  -51.537  7.522  67.579 0.0000000000
118157  -51.926  7.454  67.878 0.0000000000
118165  -52.539  7.141  67.278 0.0000000000
118992  -51.849  7.864  68.474 0.0000000000
134724  -37.700  28.149  62.406 0.0000000000
134040  -37.778  27.284  63.758 0.0000000000
133401  -37.579  26.668  62.397 0.0000000000
132736  -37.831  26.039  62.123 0.0000000000
133404  -37.808  26.587  61.342 0.0000000000
136825  -39.781  31.196  59.478 0.0000000000
136120  -39.786  30.619  58.787 0.0000000000
134057  -40.120  27.698  58.527 0.0000000000
134740  -39.061  28.013  58.933 0.0000000000
134056  -39.474  27.587  58.904 0.0000000000
133410  -39.212  26.209  60.069 0.0000000000
132754  -39.646  25.910  60.003 0.0000000000
132755  -40.286  25.759  59.705 0.0000000000
133414  -40.684  26.174  59.094 0.0000000000
133424  -42.581  26.510  57.898 0.0000000000
133420  -42.223  26.033  58.298 0.0000000000
132781  -43.240  25.663  57.945 0.0000000000
132767  -43.588  24.965  58.226 0.0000000000
132782  -44.215  25.351  57.693 0.0000000000
135457  -45.610  29.385  56.466 0.0000000000
133431  -47.325  26.632  56.566 0.0000000000
133430  -46.320  26.579  56.708 0.0000000000
132796  -46.841  25.667  56.753 0.0000000000
132783  -45.333  25.423  57.287 0.0000000000
132784  -46.204  25.176  57.066 0.0000000000
131343  -46.555  23.483  57.518 0.0000000000
132065  -47.579  24.184  56.825 0.0000000000
131367  -50.373  24.242  55.898 0.0000000000
131355  -49.658  24.038  56.196 0.0000000000
130564  -50.261  23.450  55.937 0.0000000000
130553  -50.102  22.573  56.006 0.0000000000
130565  -50.877  22.866  55.491 0.0000000000
132108  -50.616  24.424  54.166 0.0000000000
132109  -51.575  24.140  53.959 0.0000000000
131382  -50.801  23.462  53.888 0.0000000000
129816  -51.454  21.689  53.904 0.0000000000
129057  -51.492  20.541  54.317 0.0000000000
129041  -51.455  20.571  54.780 0.0000000000
128232  -51.698  19.419  54.598 0.0000000000
128219  -51.995  18.975  55.079 0.0000000000
127361  -51.837  18.375  54.323 0.0000000000
125634  -51.345  16.189  52.907 0.0000000000
125618  -51.817  16.547  53.880 0.0000000000
124830  -51.275  15.628  53.547 0.0000000000
124829  -50.653  15.346  53.542 0.0000000000
124005  -50.265  14.935  53.032 0.0000000000
124025  -49.892  14.623  52.472 0.0000000000
124873  -48.979  14.717  51.281 0.0000000000
124046  -48.502  14.365  51.543 0.0000000000
124061  -48.176  14.473  50.928 0.0000000000
123245  -47.019  14.112  50.814 0.0000000000
124071  -47.677  14.642  50.338 0.0000000000
126498  -47.768  17.212  51.805 0.0000000000
120648  -42.475  9.949  69.954 0.0000000000
121486  -44.437  10.870  70.659 0.0000000000
120650  -44.418  9.921  69.972 0.0000000000
120651  -45.371  10.002  69.951 0.0000000000
120676  -46.005  10.121  69.250 0.0000000000
120633  -45.817  10.395  70.310 0.0000000000
122300  -45.442  12.536  68.725 0.0000000000
122299  -44.403  12.363  69.020 0.0000000000
121505  -47.946  11.263  70.271 0.0000000000
121504  -47.022  11.376  70.308 0.0000000000
121489  -47.329  10.720  70.524 0.0000000000
120653  -47.299  9.836  70.107 0.0000000000
120654  -48.187  9.707  70.240 0.0000000000
119808  -48.625  9.183  70.020 0.0000000000
119794  -48.946  9.570  70.458 0.0000000000
120655  -50.519  9.962  69.846 0.0000000000
120681  -51.263  9.694  69.004 0.0000000000
119830  -52.083  8.995  68.709 0.0000000000
120695  -51.597  9.781  68.295 0.0000000000
130404  -46.098  22.867  71.844 0.0000000000
131299  -46.779  23.564  61.494 0.0000000000
131298  -45.830  23.563  61.553 0.0000000000
132001  -47.489  23.998  62.160 0.0000000000
131252  -48.038  23.681  64.036 0.0000000000
131240  -48.040  23.225  64.794 0.0000000000
130466  -47.421  22.814  65.248 0.0000000000
131231  -48.739  23.207  65.966 0.0000000000
131234  -51.009  23.362  66.489 0.0000000000
131243  -50.920  23.963  65.840 0.0000000000
131225  -50.486  23.379  67.693 0.0000000000
131196  -50.234  22.967  69.472 0.0000000000
131213  -49.631  23.789  68.854 0.0000000000
131212  -48.557  23.672  68.709 0.0000000000
131182  -48.733  23.647  70.683 0.0000000000
130394  -48.867  23.189  70.754 0.0000000000
128908  -48.606  20.688  68.481 0.0000000000
129679  -48.263  21.603  69.022 0.0000000000
128907  -47.655  21.012  68.472 0.0000000000
128931  -47.066  20.392  67.825 0.0000000000
128054  -47.418  19.350  67.610 0.0000000000
128055  -48.344  19.037  67.837 0.0000000000
126288  -48.634  17.076  67.891 0.0000000000
125435  -49.330  16.443  68.256 0.0000000000
124660  -48.845  15.241  68.179 0.0000000000
124661  -49.857  15.461  68.483 0.0000000000
126281  -52.487  17.351  68.064 0.0000000000
126280  -51.885  17.179  68.664 0.0000000000
125438  -52.196  16.481  68.273 0.0000000000
123110  -51.728  14.319  67.217 0.0000000000
123891  -51.678  14.823  67.704 0.0000000000
123109  -50.911  13.877  67.418 0.0000000000
123084  -50.290  13.969  68.098 0.0000000000
122324  -50.023  12.699  67.481 0.0000000000
122327  -50.087  12.346  66.947 0.0000000000
120716  -50.841  10.641  65.595 0.0000000000
120706  -50.349  10.736  66.841 0.0000000000
119864  -51.563  9.676  65.849 0.0000000000
119877  -51.793  9.674  64.844 0.0000000000
120728  -52.474  10.802  62.833 0.0000000000
119883  -52.403  9.863  63.042 0.0000000000
119892  -52.343  10.338  62.033 0.0000000000
122353  -52.055  12.856  62.894 0.0000000000
122354  -52.371  12.496  62.991 0.0000000000
122373  -51.701  12.636  62.171 0.0000000000
121589  -50.582  12.079  60.084 0.0000000000
120772  -51.404  11.819  60.542 0.0000000000
120771  -50.786  11.579  60.304 0.0000000000
120752  -50.880  10.922  60.691 0.0000000000
120750  -49.059  10.310  61.102 0.0000000000
120770  -49.862  11.350  60.121 0.0000000000
121598  -48.057  11.588  58.993 0.0000000000
120791  -47.302  11.482  58.724 0.0000000000
120790  -46.552  10.879  58.561 0.0000000000
121611  -46.509  11.849  58.250 0.0000000000
126330  -48.319  18.076  65.146 0.0000000000
126323  -48.140  17.375  65.227 0.0000000000
124715  -47.080  15.356  64.635 0.0000000000
123125  -47.306  13.922  64.428 0.0000000000
123145  -47.850  13.101  63.759 0.0000000000
123144  -46.795  13.338  63.668 0.0000000000
124727  -43.899  15.243  63.058 0.0000000000
123938  -44.231  14.617  63.042 0.0000000000
123173  -45.334  12.878  61.488 0.0000000000
123163  -45.495  13.092  62.449 0.0000000000
122367  -46.244  12.658  61.702 0.0000000000
122397  -46.866  12.642  60.008 0.0000000000
122396  -45.798  12.770  59.839 0.0000000000
122411  -45.078  12.866  58.618 0.0000000000
122412  -45.915  12.711  58.949 0.0000000000
122424  -44.926  12.359  57.916 0.0000000000
121620  -45.066  11.586  57.715 0.0000000000
117313  -53.097  6.166  66.826 0.0000000000
117319  -53.437  6.064  66.183 0.0000000000
117328  -53.017  6.352  64.668 0.0000000000
125584  -51.581  16.790  55.615 0.0000000000
125571  -52.052  17.033  56.016 0.0000000000
126430  -51.178  17.037  55.959 0.0000000000
126429  -50.208  17.138  55.749 0.0000000000
126411  -49.746  17.678  56.155 0.0000000000
126410  -49.236  17.758  55.910 0.0000000000
125471  -46.209  16.868  66.854 0.0000000000
126312  -46.472  17.331  66.993 0.0000000000
131308  -43.797  23.576  61.013 0.0000000000
131285  -44.791  23.632  62.467 0.0000000000
128953  -50.685  20.742  65.704 0.0000000000
128954  -51.145  20.749  66.076 0.0000000000
128944  -51.085  20.438  66.190 0.0000000000
128073  -51.775  19.143  66.625 0.0000000000
128074  -52.325  18.483  66.877 0.0000000000
127187  -52.029  18.041  66.475 0.0000000000
124703  -51.891  16.260  65.646 0.0000000000
124710  -51.542  15.747  65.586 0.0000000000
124702  -51.346  16.311  65.945 0.0000000000
124709  -50.527  15.954  66.049 0.0000000000
124708  -49.117  15.685  65.758 0.0000000000
129762  -48.808  21.569  58.160 0.0000000000
129749  -48.188  21.906  58.760 0.0000000000
129751  -50.085  21.383  59.288 0.0000000000
128149  -52.156  19.358  59.286 0.0000000000
128981  -52.303  20.118  59.661 0.0000000000
128130  -52.185  19.840  59.884 0.0000000000
128972  -50.931  20.820  61.423 0.0000000000
128969  -50.532  21.289  62.301 0.0000000000
128968  -50.147  20.650  61.960 0.0000000000
128097  -49.397  20.257  62.510 0.0000000000
128093  -48.724  19.660  63.103 0.0000000000
128096  -48.934  19.632  62.086 0.0000000000
127229  -48.523  19.287  61.571 0.0000000000
127256  -47.512  19.446  59.668 0.0000000000
117337  -47.539  6.244  63.566 0.0000000000
119860  -47.395  9.770  65.772 0.0000000000
119876  -48.738  8.826  65.095 0.0000000000
118171  -51.063  7.143  66.124 0.0000000000
118997  -50.156  8.336  67.013 0.0000000000
118990  -50.385  8.399  67.917 0.0000000000
118983  -50.583  8.416  68.654 0.0000000000
134735  -37.796  28.709  61.312 0.0000000000
136122  -41.391  31.021  57.943 0.0000000000
136131  -41.256  30.037  57.772 0.0000000000
134745  -40.682  28.531  58.088 0.0000000000
134746  -41.214  27.984  57.994 0.0000000000
134061  -41.600  27.476  58.001 0.0000000000
134062  -42.300  27.538  57.680 0.0000000000
134063  -43.215  27.412  57.357 0.0000000000
135470  -49.180  29.684  55.483 0.0000000000
134759  -47.318  28.544  56.252 0.0000000000
134760  -48.554  28.619  55.892 0.0000000000
133432  -48.370  26.667  56.510 0.0000000000
132081  -48.005  24.752  56.591 0.0000000000
132799  -49.813  25.743  56.182 0.0000000000
132811  -50.457  25.440  55.808 0.0000000000
132095  -51.435  24.687  55.287 0.0000000000
129805  -49.402  21.705  54.296 0.0000000000
129806  -50.356  21.787  53.996 0.0000000000
129068  -50.356  20.316  53.782 0.0000000000
128248  -50.980  19.634  53.662 0.0000000000
126489  -50.892  16.837  52.804 0.0000000000
124847  -50.633  15.418  52.477 0.0000000000
124048  -50.076  14.643  52.245 0.0000000000
125647  -50.197  15.373  51.945 0.0000000000
124862  -48.980  15.345  51.305 0.0000000000
125654  -48.334  15.645  51.015 0.0000000000
123882  -40.359  14.145  67.136 0.0000000000
123101  -40.784  13.342  67.539 0.0000000000
122318  -40.241  12.612  68.078 0.0000000000
122295  -40.568  11.988  68.881 0.0000000000
121499  -42.174  10.709  70.401 0.0000000000
121500  -43.030  11.477  70.293 0.0000000000
121501  -44.066  11.477  70.343 0.0000000000
123080  -46.368  13.023  68.273 0.0000000000
122301  -46.545  12.500  68.936 0.0000000000
122282  -47.711  11.880  69.727 0.0000000000
121491  -48.979  10.517  70.370 0.0000000000
121506  -48.753  11.102  70.143 0.0000000000
121507  -49.573  10.871  69.702 0.0000000000
131172  -46.820  24.143  72.665 0.0000000000
130392  -47.144  23.480  71.909 0.0000000000
132019  -48.791  24.399  61.794 0.0000000000
131987  -48.224  24.337  62.697 0.0000000000
131988  -49.094  24.619  63.031 0.0000000000
131253  -49.159  24.312  64.107 0.0000000000
131242  -49.606  24.238  64.965 0.0000000000
130424  -50.814  22.047  68.271 0.0000000000
130442  -50.639  22.744  68.319 0.0000000000
130423  -50.513  22.417  68.987 0.0000000000
129681  -50.413  21.843  69.214 0.0000000000
130408  -50.115  22.534  69.661 0.0000000000
130407  -49.374  22.721  70.140 0.0000000000
128909  -49.408  20.346  68.633 0.0000000000
128039  -48.930  19.702  68.259 0.0000000000
127154  -49.169  18.685  68.233 0.0000000000
127155  -49.974  18.359  68.587 0.0000000000
126278  -50.210  17.360  68.584 0.0000000000
124704  -52.948  15.356  66.595 0.0000000000
124678  -52.208  15.437  67.702 0.0000000000
123909  -52.685  14.842  66.758 0.0000000000
123115  -52.036  13.873  66.546 0.0000000000
123114  -51.140  13.530  66.820 0.0000000000
122328  -50.896  12.877  66.332 0.0000000000
122331  -51.205  12.340  65.551 0.0000000000
121542  -51.387  11.733  64.927 0.0000000000
120724  -51.772  10.514  64.160 0.0000000000
121546  -51.574  11.218  64.379 0.0000000000
121554  -52.391  11.295  63.254 0.0000000000
121555  -52.530  11.709  62.878 0.0000000000
122372  -51.057  12.640  62.170 0.0000000000
122388  -51.352  12.480  61.561 0.0000000000
122387  -50.716  12.481  61.374 0.0000000000
122401  -50.425  12.372  60.533 0.0000000000
121601  -50.049  12.311  59.981 0.0000000000
120783  -49.446  11.782  59.609 0.0000000000
121600  -49.578  12.103  59.697 0.0000000000
122428  -47.926  12.420  59.230 0.0000000000
125493  -47.323  17.087  64.455 0.0000000000
125486  -47.678  16.827  64.958 0.0000000000
124730  -46.468  15.901  64.297 0.0000000000
123953  -44.164  13.997  62.498 0.0000000000
123161  -43.894  13.677  61.830 0.0000000000
123172  -44.569  13.210  61.194 0.0000000000
122381  -45.252  12.902  60.581 0.0000000000
123183  -45.194  12.959  59.845 0.0000000000
122410  -44.136  12.787  58.511 0.0000000000
122422  -43.504  11.902  58.127 0.0000000000
121597  -42.463  11.536  58.595 0.0000000000
114705  -51.812  3.613  64.583 0.0000000000
128202  -51.535  19.726  56.239 0.0000000000
129018  -51.699  19.838  57.685 0.0000000000
128186  -52.138  19.331  57.236 0.0000000000
128169  -52.342  19.215  58.275 0.0000000000
126398  -52.070  17.817  57.365 0.0000000000
127276  -52.115  18.486  58.274 0.0000000000
127261  -51.819  18.743  59.056 0.0000000000
127260  -51.147  18.872  59.567 0.0000000000
127259  -50.210  19.069  59.715 0.0000000000
127273  -49.094  19.129  58.580 0.0000000000
127272  -48.270  19.358  58.542 0.0000000000
127287  -48.360  19.148  57.511 0.0000000000
119015  -46.179  9.142  64.087 0.0000000000
119874  -47.031  9.508  64.739 0.0000000000
120722  -45.430  10.049  65.054 0.0000000000
119859  -46.338  9.967  65.323 0.0000000000
120715  -47.093  10.001  66.739 0.0000000000
120704  -47.320  9.886  67.573 0.0000000000
137550  -41.748  32.378  58.671 0.0000000000
136828  -41.921  31.989  58.012 0.0000000000
137565  -43.253  32.155  57.678 0.0000000000
136841  -43.626  31.364  57.388 0.0000000000
134092  -51.266  26.381  54.815 0.0000000000
130582  -49.029  22.618  54.493 0.0000000000
129054  -48.782  20.763  54.167 0.0000000000
129066  -48.256  19.846  53.807 0.0000000000
127357  -48.605  18.113  52.852 0.0000000000
127370  -48.331  17.788  52.589 0.0000000000
127369  -47.801  18.019  52.524 0.0000000000
127368  -47.350  18.289  52.419 0.0000000000
123887  -45.841  14.245  67.418 0.0000000000
123106  -46.191  13.522  67.831 0.0000000000
123107  -46.771  13.528  67.997 0.0000000000
123860  -47.535  13.954  68.050 0.0000000000
130453  -46.040  22.481  66.334 0.0000000000
130440  -46.778  22.880  67.250 0.0000000000
131991  -50.993  24.198  63.754 0.0000000000
131981  -51.086  24.174  64.783 0.0000000000
131244  -51.256  23.491  65.409 0.0000000000
130456  -51.183  22.606  66.807 0.0000000000
129710  -51.224  21.411  65.817 0.0000000000
129703  -51.399  21.590  66.827 0.0000000000
129697  -51.250  21.315  67.818 0.0000000000
128911  -51.508  20.102  68.205 0.0000000000
128033  -51.357  19.414  68.674 0.0000000000
127148  -51.156  18.764  68.888 0.0000000000
127149  -51.825  18.491  68.578 0.0000000000
126273  -52.274  17.859  68.345 0.0000000000
127188  -52.455  17.480  66.630 0.0000000000
126289  -52.778  16.874  66.958 0.0000000000
125448  -52.835  16.212  67.117 0.0000000000
124705  -53.063  15.506  66.177 0.0000000000
123918  -53.174  14.999  65.733 0.0000000000
123131  -52.797  13.943  64.622 0.0000000000
123130  -52.371  14.049  64.238 0.0000000000
123149  -51.933  13.456  63.539 0.0000000000
123924  -51.650  14.655  64.842 0.0000000000
123129  -51.522  14.052  64.310 0.0000000000
123148  -51.159  13.334  63.584 0.0000000000
122337  -50.410  13.196  63.614 0.0000000000
122350  -49.574  12.663  62.944 0.0000000000
122349  -48.532  12.589  62.915 0.0000000000
125490  -45.193  16.553  63.581 0.0000000000
125489  -44.207  16.179  63.301 0.0000000000
123952  -43.368  14.670  62.386 0.0000000000
131332  -45.539  23.162  58.699 0.0000000000
131323  -45.362  23.015  59.620 0.0000000000
130531  -45.963  22.759  59.400 0.0000000000
130508  -46.471  22.889  60.379 0.0000000000
131312  -48.048  23.257  60.942 0.0000000000
130524  -48.529  21.990  59.496 0.0000000000
130510  -48.540  22.570  60.259 0.0000000000
131301  -48.569  23.911  61.392 0.0000000000
131302  -49.476  24.166  61.402 0.0000000000
132021  -50.072  24.688  62.233 0.0000000000
131289  -50.703  24.369  62.340 0.0000000000
129005  -51.232  20.290  58.139 0.0000000000
128992  -51.552  20.675  58.867 0.0000000000
129752  -51.083  21.341  59.413 0.0000000000
129738  -51.365  21.927  60.113 0.0000000000
131316  -51.325  23.341  61.217 0.0000000000
131304  -51.206  23.536  61.583 0.0000000000
131290  -51.040  23.950  62.608 0.0000000000
131273  -51.230  23.516  63.498 0.0000000000
130499  -51.122  22.818  63.891 0.0000000000
130498  -50.852  22.171  64.241 0.0000000000
128966  -50.421  21.561  62.920 0.0000000000
129719  -50.194  21.463  64.276 0.0000000000
128963  -50.254  21.099  65.191 0.0000000000
128952  -50.074  20.764  65.371 0.0000000000
128084  -49.764  19.929  65.648 0.0000000000
127196  -48.884  18.771  65.411 0.0000000000
127203  -48.210  18.965  63.635 0.0000000000
127199  -47.803  18.334  64.027 0.0000000000
126335  -47.318  17.690  63.926 0.0000000000
127228  -47.438  19.020  61.502 0.0000000000
127244  -47.284  19.328  60.448 0.0000000000
118191  -46.822  7.306  63.564 0.0000000000
118192  -47.822  7.217  63.646 0.0000000000
119018  -48.801  8.142  64.529 0.0000000000
118179  -49.215  7.140  64.435 0.0000000000
117339  -49.317  6.009  64.051 0.0000000000
116504  -50.585  5.326  64.726 0.0000000000
115648  -51.343  4.383  64.892 0.0000000000
115640  -51.834  4.661  65.441 0.0000000000
116497  -52.561  5.421  66.259 0.0000000000
118172  -51.785  6.788  66.724 0.0000000000
117311  -52.289  6.405  66.792 0.0000000000
116491  -52.817  5.708  66.656 0.0000000000
118999  -52.938  7.858  66.887 0.0000000000
135439  -37.872  28.931  60.468 0.0000000000
134743  -38.920  28.988  58.920 0.0000000000
134739  -38.606  28.462  59.271 0.0000000000
134049  -37.915  27.269  60.387 0.0000000000
133409  -38.478  26.555  60.336 0.0000000000
132744  -38.635  25.867  60.946 0.0000000000
132014  -39.653  24.969  61.455 0.0000000000
132015  -40.443  24.690  61.251 0.0000000000
132029  -40.658  24.969  60.489 0.0000000000
132030  -41.427  24.695  60.289 0.0000000000
133415  -41.216  25.907  58.938 0.0000000000
132757  -41.807  25.259  59.239 0.0000000000
132037  -42.375  24.661  59.487 0.0000000000
132046  -43.410  24.370  58.928 0.0000000000
136148  -45.031  30.263  56.591 0.0000000000
135456  -44.745  29.351  56.571 0.0000000000
134753  -44.457  27.904  56.866 0.0000000000
134064  -44.223  27.282  57.125 0.0000000000
134070  -46.763  27.529  56.469 0.0000000000
134069  -45.611  27.421  56.706 0.0000000000
133426  -44.625  26.305  57.254 0.0000000000
132062  -45.002  24.458  57.688 0.0000000000
131341  -44.939  23.795  58.241 0.0000000000
131333  -46.144  23.074  58.152 0.0000000000
130541  -46.710  22.725  58.057 0.0000000000
130542  -47.388  22.690  57.624 0.0000000000
131353  -47.949  23.932  56.753 0.0000000000
131345  -48.128  23.384  56.855 0.0000000000
129771  -48.669  22.093  57.287 0.0000000000
129781  -49.646  21.836  56.591 0.0000000000
129028  -50.248  21.223  56.335 0.0000000000
129029  -50.858  20.655  56.074 0.0000000000
133455  -51.358  25.748  54.699 0.0000000000
132096  -51.691  24.390  54.701 0.0000000000
131383  -51.748  23.458  54.397 0.0000000000
130594  -51.510  22.458  53.800 0.0000000000
130585  -51.626  22.504  54.239 0.0000000000
130566  -51.447  22.700  54.779 0.0000000000
129790  -51.039  21.777  55.281 0.0000000000
129040  -51.242  20.990  55.219 0.0000000000
129030  -51.352  20.290  55.500 0.0000000000
127326  -52.292  18.344  55.343 0.0000000000
126432  -52.355  17.586  55.496 0.0000000000
125619  -52.143  17.266  54.135 0.0000000000
125602  -52.236  16.967  54.716 0.0000000000
125601  -51.682  16.273  54.621 0.0000000000
124809  -50.446  15.661  54.026 0.0000000000
124024  -49.167  14.419  52.224 0.0000000000
124023  -48.371  14.344  52.054 0.0000000000
126499  -48.323  16.934  51.932 0.0000000000
120674  -44.056  10.046  69.100 0.0000000000
120649  -43.455  9.918  69.969 0.0000000000
120690  -46.695  10.020  68.416 0.0000000000
120691  -47.724  9.611  68.580 0.0000000000
122279  -44.729  12.079  69.762 0.0000000000
121502  -45.041  11.491  70.328 0.0000000000
121503  -46.038  11.452  70.306 0.0000000000
120652  -46.331  9.979  69.999 0.0000000000
120692  -48.320  9.185  69.082 0.0000000000
119827  -48.959  8.907  69.382 0.0000000000
119828  -50.249  8.808  69.401 0.0000000000
119796  -50.123  9.778  70.262 0.0000000000
119810  -50.373  9.340  70.111 0.0000000000
118984  -51.228  8.403  68.909 0.0000000000
118986  -52.166  8.483  68.559 0.0000000000
119841  -52.358  8.610  67.801 0.0000000000
119851  -52.328  8.935  66.692 0.0000000000
149212  -44.552  21.218  69.062 0.0000000000
128929  -45.031  20.586  67.848 0.0000000000
128052  -45.563  19.748  67.361 0.0000000000
131269  -45.788  23.573  63.222 0.0000000000
131270  -47.214  23.916  63.001 0.0000000000
131251  -46.838  23.421  63.840 0.0000000000
131250  -45.990  23.186  63.946 0.0000000000
130482  -46.585  22.950  64.530 0.0000000000
130454  -47.052  22.650  66.218 0.0000000000
131222  -47.545  23.070  67.491 0.0000000000
131972  -50.559  24.341  65.377 0.0000000000
131965  -49.998  24.388  65.435 0.0000000000
131232  -49.583  23.785  66.033 0.0000000000
131223  -48.443  23.211  67.216 0.0000000000
131211  -47.230  23.399  68.449 0.0000000000
131193  -47.457  24.045  69.798 0.0000000000
130393  -48.090  23.380  71.172 0.0000000000
130405  -47.456  22.819  71.124 0.0000000000
129665  -47.862  22.343  69.960 0.0000000000
128906  -46.570  21.218  68.598 0.0000000000
128930  -46.001  20.555  67.892 0.0000000000
127164  -46.801  18.639  67.333 0.0000000000
126286  -47.000  17.721  67.247 0.0000000000
126287  -47.821  17.380  67.510 0.0000000000
127166  -48.550  18.030  67.799 0.0000000000
125446  -48.007  16.501  67.629 0.0000000000
124677  -48.414  15.876  67.890 0.0000000000
126271  -51.509  17.910  68.814 0.0000000000
126279  -51.095  17.217  68.802 0.0000000000
124663  -51.755  15.671  68.209 0.0000000000
124662  -50.872  15.606  68.512 0.0000000000
123863  -50.255  14.648  68.368 0.0000000000
123083  -49.355  13.471  68.394 0.0000000000
121527  -49.661  11.415  68.319 0.0000000000
120693  -50.111  10.957  67.798 0.0000000000
121539  -50.063  11.803  66.674 0.0000000000
120705  -49.921  11.262  67.170 0.0000000000
120694  -50.924  10.250  68.016 0.0000000000
119850  -51.549  9.613  67.014 0.0000000000
119007  -52.933  8.366  65.920 0.0000000000
119032  -52.258  8.902  63.505 0.0000000000
120725  -52.234  10.292  63.472 0.0000000000
119040  -51.669  9.084  62.716 0.0000000000
119890  -50.842  9.521  62.269 0.0000000000
121591  -51.595  12.264  61.085 0.0000000000
120754  -52.142  11.672  61.156 0.0000000000
119906  -52.273  10.949  61.270 0.0000000000
119905  -51.734  10.529  61.241 0.0000000000
119904  -50.874  10.262  61.461 0.0000000000
119903  -49.791  9.835  61.727 0.0000000000
119922  -48.348  10.163  60.795 0.0000000000
120782  -48.785  11.453  59.539 0.0000000000
124716  -47.633  15.870  65.143 0.0000000000
124707  -48.284  15.475  65.349 0.0000000000
123922  -48.950  14.216  64.994 0.0000000000
123126  -48.335  13.670  64.481 0.0000000000
123142  -44.843  13.793  62.941 0.0000000000
123143  -45.769  13.594  63.386 0.0000000000
122368  -47.234  12.583  61.838 0.0000000000
122384  -48.031  12.543  60.981 0.0000000000
122398  -47.830  12.536  60.131 0.0000000000
122414  -47.594  12.505  59.461 0.0000000000
122427  -47.472  12.393  59.019 0.0000000000
122426  -46.696  12.323  58.700 0.0000000000
115641  -52.421  4.761  65.733 0.0000000000
116492  -52.966  5.795  66.771 0.0000000000
116505  -51.346  5.029  65.247 0.0000000000
117312  -52.666  6.262  66.883 0.0000000000
117318  -52.523  5.934  66.661 0.0000000000
117324  -49.086  6.613  64.138 0.0000000000
117342  -52.628  6.140  64.275 0.0000000000
118158  -52.119  7.616  67.953 0.0000000000
118181  -50.650  6.902  65.455 0.0000000000
118193  -48.587  7.305  64.046 0.0000000000
118985  -51.905  8.408  68.855 0.0000000000
118998  -50.873  7.855  67.420 0.0000000000
119006  -50.652  7.742  66.694 0.0000000000
119019  -49.516  8.098  65.085 0.0000000000
119028  -48.122  7.927  63.964 0.0000000000
119795  -49.678  9.659  70.394 0.0000000000
119811  -50.860  9.454  69.895 0.0000000000
119831  -52.270  8.529  68.338 0.0000000000
119839  -51.483  9.849  67.731 0.0000000000
119849  -51.000  10.040  67.260 0.0000000000
119858  -45.875  10.010  65.143 0.0000000000
120630  -43.053  10.394  70.414 0.0000000000
120631  -43.917  10.281  70.512 0.0000000000
120635  -47.711  10.165  70.454 0.0000000000
120636  -48.543  10.077  70.495 0.0000000000
120637  -49.244  10.055  70.497 0.0000000000
120656  -51.054  9.532  69.675 0.0000000000
120678  -47.990  9.423  69.610 0.0000000000
120679  -48.403  9.104  69.467 0.0000000000
120682  -51.855  9.516  68.550 0.0000000000
120723  -51.247  10.853  64.733 0.0000000000
120773  -51.733  12.061  60.890 0.0000000000
121484  -42.900  10.825  70.619 0.0000000000
121487  -45.396  10.869  70.592 0.0000000000
121488  -46.372  10.819  70.578 0.0000000000
121492  -49.416  10.394  70.297 0.0000000000
121526  -42.334  11.447  70.141 0.0000000000
121547  -52.136  11.724  63.928 0.0000000000
121582  -52.060  12.212  61.406 0.0000000000
121590  -51.189  12.188  60.616 0.0000000000
121610  -46.117  12.091  58.001 0.0000000000
121613  -48.063  12.281  59.078 0.0000000000
122323  -44.788  12.665  68.429 0.0000000000
122351  -50.596  12.889  63.088 0.0000000000
122369  -48.240  12.441  61.930 0.0000000000
122374  -52.139  12.474  62.133 0.0000000000
122389  -51.766  12.420  61.571 0.0000000000
122395  -45.212  12.945  60.094 0.0000000000
122400  -49.614  12.454  60.449 0.0000000000
122403  -51.491  12.367  61.281 0.0000000000
122432  -45.360  12.053  57.762 0.0000000000
122433  -45.535  12.231  57.863 0.0000000000
123117  -53.171  14.726  65.866 0.0000000000
123120  -51.266  14.443  64.858 0.0000000000
123121  -52.279  13.465  65.784 0.0000000000
123123  -53.090  14.530  65.537 0.0000000000
123132  -53.069  14.291  65.149 0.0000000000
123147  -50.674  13.244  63.593 0.0000000000
123232  -47.392  14.148  51.098 0.0000000000
123233  -47.939  14.268  51.192 0.0000000000
123234  -48.141  14.314  51.197 0.0000000000
123246  -47.685  14.234  50.928 0.0000000000
123247  -48.010  14.298  50.964 0.0000000000
123864  -51.137  15.045  68.247 0.0000000000
123889  -48.016  15.043  67.890 0.0000000000
123892  -52.347  15.063  67.349 0.0000000000
123912  -48.265  15.072  65.219 0.0000000000
123913  -48.677  14.968  65.348 0.0000000000
123916  -51.906  15.193  65.097 0.0000000000
123920  -47.150  14.664  64.522 0.0000000000
123927  -53.023  14.799  65.201 0.0000000000
124006  -50.816  15.151  53.133 0.0000000000
124007  -51.066  15.231  53.129 0.0000000000
124027  -50.897  15.131  52.908 0.0000000000
124060  -47.463  14.416  50.482 0.0000000000
124062  -48.797  14.503  51.426 0.0000000000
124664  -52.356  15.936  67.842 0.0000000000
124679  -52.702  15.637  67.217 0.0000000000
124680  -52.931  15.768  66.673 0.0000000000
124701  -51.004  16.334  66.122 0.0000000000
124718  -53.075  15.064  65.455 0.0000000000
124848  -51.049  15.342  52.918 0.0000000000
124863  -49.708  14.991  51.542 0.0000000000
124864  -50.228  14.851  52.041 0.0000000000
125449  -52.939  16.029  66.480 0.0000000000
125470  -45.573  16.715  66.722 0.0000000000
125473  -51.810  16.773  65.905 0.0000000000
125474  -52.103  16.608  65.748 0.0000000000
125476  -52.971  15.914  66.080 0.0000000000
125481  -52.530  16.211  65.695 0.0000000000
125483  -52.898  15.994  65.871 0.0000000000
125570  -51.808  16.992  55.997 0.0000000000
125583  -50.683  16.628  55.269 0.0000000000
125632  -49.353  16.519  52.062 0.0000000000
125644  -48.035  16.601  51.488 0.0000000000
126290  -52.843  16.368  66.683 0.0000000000
126311  -45.875  17.413  66.800 0.0000000000
126317  -52.809  16.333  66.367 0.0000000000
126327  -52.397  16.658  65.862 0.0000000000
126386  -51.656  18.020  57.936 0.0000000000
126396  -51.098  17.801  57.303 0.0000000000
126431  -51.579  16.989  55.985 0.0000000000
126449  -48.577  16.833  54.676 0.0000000000
126470  -49.361  17.660  52.780 0.0000000000
126473  -51.922  17.959  54.229 0.0000000000
126486  -48.032  17.459  52.262 0.0000000000
126487  -48.632  17.251  52.345 0.0000000000
126490  -51.326  16.771  53.026 0.0000000000
127150  -52.142  18.083  68.449 0.0000000000
127157  -52.035  18.701  68.308 0.0000000000
127184  -45.529  18.151  66.815 0.0000000000
127286  -47.862  19.197  57.124 0.0000000000
127308  -50.640  17.875  57.092 0.0000000000
127325  -48.710  17.919  55.746 0.0000000000
127342  -51.750  18.884  54.455 0.0000000000
127343  -51.956  18.569  54.614 0.0000000000
127356  -48.053  18.331  52.860 0.0000000000
127376  -47.157  17.985  52.034 0.0000000000
128042  -51.796  19.154  68.335 0.0000000000
128043  -52.100  18.962  68.027 0.0000000000
128071  -50.440  19.784  66.148 0.0000000000
128109  -51.282  20.291  60.815 0.0000000000
128126  -46.700  19.403  60.396 0.0000000000
128127  -50.166  19.522  60.595 0.0000000000
128184  -51.197  19.794  56.946 0.0000000000
128185  -51.468  19.691  57.006 0.0000000000
128233  -51.886  18.962  54.753 0.0000000000
128244  -47.342  19.231  53.146 0.0000000000
128249  -51.423  20.053  54.068 0.0000000000
128257  -47.568  18.579  52.797 0.0000000000
128903  -43.903  20.774  68.301 0.0000000000
128904  -44.413  20.949  68.619 0.0000000000
129006  -51.924  20.166  58.325 0.0000000000
129017  -50.929  20.009  57.163 0.0000000000
129055  -49.822  20.945  54.016 0.0000000000
129056  -50.577  21.135  53.811 0.0000000000
129070  -51.450  21.087  54.055 0.0000000000
129680  -49.054  21.198  68.861 0.0000000000
129720  -50.601  21.601  64.817 0.0000000000
129724  -50.034  21.377  63.942 0.0000000000
129725  -50.442  21.744  63.680 0.0000000000
129740  -52.276  20.605  59.935 0.0000000000
129763  -49.709  21.094  58.441 0.0000000000
129770  -47.994  22.380  57.506 0.0000000000
129780  -49.058  22.415  56.735 0.0000000000
129791  -51.387  21.690  54.664 0.0000000000
129807  -51.051  21.755  53.701 0.0000000000
129817  -51.548  21.665  54.033 0.0000000000
130386  -46.461  23.519  72.425 0.0000000000
130443  -51.001  22.418  67.558 0.0000000000
130455  -47.996  22.826  66.173 0.0000000000
130464  -45.246  22.372  65.474 0.0000000000
130467  -48.260  23.088  65.422 0.0000000000
130484  -50.934  22.021  64.645 0.0000000000
130507  -46.085  22.935  60.371 0.0000000000
130521  -45.992  22.765  60.072 0.0000000000
130543  -48.013  22.796  57.169 0.0000000000
130551  -48.627  22.882  56.789 0.0000000000
130584  -50.921  22.575  53.735 0.0000000000
130595  -51.665  22.192  54.010 0.0000000000
131183  -49.256  23.299  70.504 0.0000000000
131272  -49.073  24.487  63.496 0.0000000000
131288  -47.382  23.899  61.914 0.0000000000
131311  -47.023  23.235  60.916 0.0000000000
131315  -51.068  23.552  61.073 0.0000000000
131342  -45.625  23.663  57.843 0.0000000000
131354  -48.685  23.827  56.532 0.0000000000
131369  -51.524  23.709  55.040 0.0000000000
131393  -51.523  23.258  53.770 0.0000000000
131394  -51.929  23.175  53.958 0.0000000000
131918  -46.029  24.465  72.911 0.0000000000
131934  -46.236  24.725  72.098 0.0000000000
131966  -50.155  24.258  65.854 0.0000000000
131971  -50.066  24.565  64.791 0.0000000000
131979  -49.896  24.639  64.010 0.0000000000
131986  -47.592  24.052  62.416 0.0000000000
131990  -50.416  24.577  63.524 0.0000000000
132002  -48.016  24.271  62.067 0.0000000000
132003  -48.896  24.583  62.354 0.0000000000
132005  -50.422  24.599  62.667 0.0000000000
132018  -48.270  24.146  61.712 0.0000000000
132020  -49.580  24.642  61.977 0.0000000000
132032  -43.407  23.739  60.443 0.0000000000
132036  -41.679  24.992  59.596 0.0000000000
132064  -46.974  24.545  56.972 0.0000000000
132083  -50.045  24.871  56.011 0.0000000000
132094  -50.776  24.831  55.683 0.0000000000
132110  -51.855  23.983  54.213 0.0000000000
132121  -51.854  23.603  53.846 0.0000000000
132732  -37.642  25.961  62.904 0.0000000000
132738  -39.064  25.302  61.369 0.0000000000
132739  -39.675  25.176  60.990 0.0000000000
132746  -40.076  25.322  60.412 0.0000000000
132747  -40.715  25.223  60.054 0.0000000000
132764  -41.575  25.686  58.933 0.0000000000
132765  -42.215  25.476  58.728 0.0000000000
132766  -42.944  25.164  58.455 0.0000000000
132780  -42.625  25.754  58.233 0.0000000000
132795  -46.005  25.838  56.912 0.0000000000
132797  -47.776  25.778  56.622 0.0000000000
132798  -48.764  25.743  56.507 0.0000000000
132813  -51.638  25.373  55.036 0.0000000000
132830  -51.164  25.161  54.406 0.0000000000
132831  -51.542  24.947  54.617 0.0000000000
133405  -38.290  26.186  61.042 0.0000000000
133408  -37.861  26.949  60.713 0.0000000000
133413  -39.540  26.654  59.414 0.0000000000
133417  -39.881  27.204  58.878 0.0000000000
133419  -41.525  26.445  58.450 0.0000000000
133434  -50.144  26.541  55.943 0.0000000000
133435  -50.767  26.477  55.534 0.0000000000
133442  -51.477  25.946  54.885 0.0000000000
133454  -50.950  26.121  54.598 0.0000000000
134043  -37.560  27.386  62.849 0.0000000000
134045  -37.504  27.421  61.908 0.0000000000
134051  -37.758  27.853  60.330 0.0000000000
134052  -38.246  27.567  59.817 0.0000000000
134053  -38.908  27.534  59.287 0.0000000000
134058  -40.930  27.504  58.305 0.0000000000
134065  -44.941  27.005  57.014 0.0000000000
134068  -44.818  27.596  56.843 0.0000000000
134072  -48.989  27.551  56.124 0.0000000000
134073  -49.825  27.256  55.954 0.0000000000
134077  -50.137  27.761  55.525 0.0000000000
134078  -50.810  27.230  55.197 0.0000000000
134079  -51.316  26.687  54.968 0.0000000000
134091  -50.752  27.213  54.809 0.0000000000
134729  -37.600  28.209  61.540 0.0000000000
134730  -37.970  28.796  61.918 0.0000000000
134734  -37.715  28.499  60.779 0.0000000000
134738  -37.866  28.469  59.965 0.0000000000
134744  -39.474  28.556  58.637 0.0000000000
134749  -41.187  29.004  57.750 0.0000000000
134756  -44.405  28.860  56.672 0.0000000000
134757  -44.937  28.406  56.608 0.0000000000
134761  -49.185  28.182  55.810 0.0000000000
134767  -49.002  29.171  55.599 0.0000000000
134785  -50.545  27.919  54.926 0.0000000000
135436  -37.837  28.921  60.756 0.0000000000
135445  -39.150  29.675  58.884 0.0000000000
135449  -40.902  29.546  57.870 0.0000000000
135455  -44.115  29.364  56.726 0.0000000000
136121  -40.819  30.599  58.113 0.0000000000
136135  -44.700  30.756  56.762 0.0000000000
136147  -44.468  29.847  56.638 0.0000000000
136827  -41.274  31.612  58.326 0.0000000000
136839  -41.762  31.346  57.849 0.0000000000
136840  -42.541  31.511  57.647 0.0000000000
136862  -45.014  30.898  56.716 0.0000000000
138246  -43.900  33.026  57.883 0.0000000000
