#!ascii label  , from subject tim vox2ras=TkReg
406
99496  -18.875  -12.362  14.631 0.0000000000
94074  -15.599  -17.559  17.006 0.0000000000
94113  -21.491  -17.658  16.284 0.0000000000
88819  -19.155  -22.475  15.741 0.0000000000
111427  -20.937  -0.431  17.600 0.0000000000
107614  -23.733  -4.950  17.830 0.0000000000
103605  -15.162  -8.619  16.828 0.0000000000
83322  -18.780  -26.539  16.872 0.0000000000
91911  -17.374  -19.553  15.927 0.0000000000
88804  -16.652  -22.323  17.152 0.0000000000
109513  -22.441  -2.612  18.032 0.0000000000
107635  -19.819  -4.473  16.095 0.0000000000
99430  -15.372  -12.609  17.384 0.0000000000
101552  -13.566  -10.540  19.064 0.0000000000
101612  -16.406  -10.684  15.540 0.0000000000
103621  -20.904  -8.409  15.578 0.0000000000
101614  -21.391  -10.352  15.914 0.0000000000
99456  -22.238  -12.334  16.996 0.0000000000
96161  -14.676  -15.210  18.442 0.0000000000
97263  -16.763  -14.911  15.401 0.0000000000
97264  -19.568  -14.849  15.030 0.0000000000
94110  -18.841  -17.242  15.190 0.0000000000
91914  -20.009  -19.478  15.514 0.0000000000
89827  -22.651  -22.052  15.913 0.0000000000
105670  -14.602  -6.679  18.059 0.0000000000
106673  -19.367  -5.860  14.946 0.0000000000
105655  -24.904  -6.571  18.154 0.0000000000
86664  -16.765  -24.602  17.516 0.0000000000
87748  -18.904  -24.082  16.293 0.0000000000
89824  -15.728  -21.245  17.368 0.0000000000
88790  -15.797  -22.362  17.757 0.0000000000
108593  -19.401  -3.780  16.537 0.0000000000
107632  -16.731  -4.701  16.698 0.0000000000
99476  -16.552  -12.560  15.299 0.0000000000
100536  -15.929  -11.751  16.257 0.0000000000
100574  -17.598  -11.544  14.769 0.0000000000
101626  -19.692  -10.554  14.466 0.0000000000
100577  -20.015  -11.487  14.590 0.0000000000
100537  -21.956  -11.341  16.617 0.0000000000
99477  -20.721  -12.383  15.565 0.0000000000
95121  -14.942  -16.432  18.029 0.0000000000
97237  -15.712  -14.880  16.639 0.0000000000
96178  -15.973  -15.676  16.345 0.0000000000
95165  -17.722  -16.388  14.922 0.0000000000
94086  -16.614  -17.740  15.932 0.0000000000
90837  -17.647  -20.489  15.773 0.0000000000
91913  -18.956  -19.502  15.375 0.0000000000
90839  -19.418  -20.545  15.482 0.0000000000
90841  -21.601  -20.732  15.641 0.0000000000
89842  -20.914  -21.703  15.448 0.0000000000
110505  -20.305  -1.470  17.523 0.0000000000
111425  -19.288  -0.146  18.080 0.0000000000
112362  -20.251  0.675  17.347 0.0000000000
113293  -20.712  1.727  17.349 0.0000000000
112342  -22.598  0.492  18.463 0.0000000000
108560  -23.702  -3.418  18.425 0.0000000000
102561  -14.498  -9.688  17.758 0.0000000000
103559  -13.707  -8.574  18.793 0.0000000000
104684  -14.741  -7.570  17.442 0.0000000000
106669  -15.946  -6.181  15.892 0.0000000000
105720  -17.530  -7.118  15.141 0.0000000000
103609  -23.008  -8.373  16.895 0.0000000000
104711  -22.459  -7.395  16.694 0.0000000000
104691  -24.792  -7.550  17.851 0.0000000000
95168  -20.682  -16.190  16.121 0.0000000000
96180  -21.442  -15.319  16.642 0.0000000000
84439  -17.131  -26.474  17.427 0.0000000000
85593  -17.509  -25.504  17.233 0.0000000000
86678  -17.937  -24.555  16.961 0.0000000000
85606  -18.882  -25.342  16.772 0.0000000000
92999  -15.507  -18.499  17.286 0.0000000000
93010  -16.511  -18.602  16.430 0.0000000000
90826  -16.199  -20.132  16.861 0.0000000000
89837  -16.760  -20.989  16.364 0.0000000000
88817  -17.748  -21.890  16.181 0.0000000000
110506  -21.212  -1.659  17.500 0.0000000000
110507  -21.921  -1.658  17.831 0.0000000000
109533  -20.771  -2.765  17.119 0.0000000000
108576  -21.593  -3.538  17.074 0.0000000000
108596  -21.790  -4.501  17.024 0.0000000000
99407  -14.240  -12.558  18.774 0.0000000000
100490  -14.486  -11.851  18.213 0.0000000000
101572  -15.174  -10.785  17.074 0.0000000000
102589  -16.036  -9.592  16.194 0.0000000000
103620  -17.312  -8.556  15.131 0.0000000000
102614  -18.424  -9.606  14.528 0.0000000000
102602  -21.423  -9.333  15.914 0.0000000000
102568  -23.039  -9.280  17.158 0.0000000000
101578  -23.675  -10.392  17.536 0.0000000000
83312  -19.783  -27.828  16.790 0.0000000000
84453  -19.726  -26.211  16.676 0.0000000000
98332  -14.717  -13.475  18.137 0.0000000000
98378  -15.823  -13.468  16.259 0.0000000000
98396  -16.800  -13.447  14.889 0.0000000000
97286  -19.742  -13.606  14.828 0.0000000000
96226  -18.629  -15.303  14.704 0.0000000000
95187  -18.941  -16.167  14.987 0.0000000000
94111  -19.788  -17.371  15.578 0.0000000000
93025  -17.641  -18.612  15.579 0.0000000000
93027  -19.401  -18.406  15.530 0.0000000000
93029  -21.305  -18.308  15.904 0.0000000000
91916  -22.253  -20.087  16.009 0.0000000000
90827  -23.120  -20.798  15.949 0.0000000000
110478  -24.219  -0.891  18.993 0.0000000000
106654  -16.833  -5.262  15.892 0.0000000000
107654  -18.602  -5.276  15.618 0.0000000000
106658  -22.307  -5.880  16.986 0.0000000000
105723  -19.747  -7.387  14.747 0.0000000000
105697  -22.328  -6.633  16.803 0.0000000000
106634  -24.082  -5.668  17.946 0.0000000000
98357  -20.547  -13.644  15.852 0.0000000000
97220  -23.252  -14.268  17.524 0.0000000000
87715  -15.375  -23.359  18.616 0.0000000000
88791  -16.312  -22.959  17.499 0.0000000000
88806  -17.988  -22.963  16.657 0.0000000000
87760  -18.800  -23.002  16.097 0.0000000000
85608  -20.278  -25.495  16.256 0.0000000000
86692  -20.238  -24.683  15.830 0.0000000000
87762  -20.286  -23.690  15.592 0.0000000000
107610  -15.810  -4.875  17.971 0.0000000000
99494  -17.214  -12.508  14.826 0.0000000000
100558  -16.819  -11.612  15.101 0.0000000000
99495  -18.049  -12.447  14.611 0.0000000000
100576  -19.252  -11.451  14.565 0.0000000000
99497  -19.573  -12.279  14.708 0.0000000000
99498  -20.140  -12.317  14.949 0.0000000000
98400  -19.823  -12.919  14.789 0.0000000000
94073  -15.107  -17.500  17.549 0.0000000000
95122  -15.423  -16.513  17.406 0.0000000000
95138  -15.847  -16.609  16.766 0.0000000000
95139  -16.386  -16.690  16.161 0.0000000000
94085  -16.142  -17.636  16.522 0.0000000000
89840  -18.821  -21.516  15.645 0.0000000000
90838  -18.449  -20.523  15.532 0.0000000000
89841  -19.808  -21.594  15.506 0.0000000000
111426  -19.826  -0.325  17.465 0.0000000000
111411  -21.438  0.101  17.780 0.0000000000
112363  -21.047  0.677  17.660 0.0000000000
111412  -22.031  -0.478  17.951 0.0000000000
108578  -23.317  -4.141  17.916 0.0000000000
108561  -24.608  -3.718  18.730 0.0000000000
107598  -25.197  -4.678  18.629 0.0000000000
103583  -14.674  -8.647  17.295 0.0000000000
103560  -14.206  -8.615  17.960 0.0000000000
104660  -14.079  -7.606  18.265 0.0000000000
104708  -14.974  -8.080  17.043 0.0000000000
104709  -15.428  -7.526  16.756 0.0000000000
104719  -15.920  -7.451  16.056 0.0000000000
103589  -24.443  -8.385  17.674 0.0000000000
103588  -23.587  -8.215  17.270 0.0000000000
94087  -21.340  -16.820  16.421 0.0000000000
95140  -21.234  -15.989  16.414 0.0000000000
83310  -18.452  -27.192  16.914 0.0000000000
83309  -17.556  -27.329  17.318 0.0000000000
84440  -17.872  -26.333  17.144 0.0000000000
85605  -18.215  -25.393  17.016 0.0000000000
84451  -18.543  -26.131  17.033 0.0000000000
91884  -15.545  -19.431  17.646 0.0000000000
91895  -15.968  -19.401  17.137 0.0000000000
88803  -16.133  -21.759  17.236 0.0000000000
89825  -16.266  -21.119  16.791 0.0000000000
89826  -16.884  -21.643  16.585 0.0000000000
89838  -17.306  -21.351  16.135 0.0000000000
109532  -19.800  -2.365  17.414 0.0000000000
109549  -19.961  -3.131  16.782 0.0000000000
107634  -18.922  -4.564  16.203 0.0000000000
108594  -20.216  -3.908  16.488 0.0000000000
108595  -20.997  -3.995  16.746 0.0000000000
107636  -20.596  -4.814  16.275 0.0000000000
99408  -14.596  -12.797  18.367 0.0000000000
101611  -16.058  -11.214  15.905 0.0000000000
101596  -15.772  -10.687  16.279 0.0000000000
102588  -15.407  -9.651  16.746 0.0000000000
102599  -16.461  -9.572  15.671 0.0000000000
102600  -16.863  -9.203  15.201 0.0000000000
102613  -17.470  -9.577  14.802 0.0000000000
101627  -20.410  -10.585  15.000 0.0000000000
102616  -20.017  -9.639  14.802 0.0000000000
102590  -21.690  -9.831  16.204 0.0000000000
102591  -22.234  -9.312  16.499 0.0000000000
102567  -22.606  -9.831  16.936 0.0000000000
101599  -22.347  -10.428  16.789 0.0000000000
100538  -22.622  -11.369  17.112 0.0000000000
98335  -23.558  -13.415  17.679 0.0000000000
82177  -19.733  -28.426  17.041 0.0000000000
82178  -20.434  -28.272  17.517 0.0000000000
97200  -14.306  -14.321  19.000 0.0000000000
97217  -14.521  -14.147  18.376 0.0000000000
97261  -15.635  -14.159  16.596 0.0000000000
97262  -16.143  -14.557  15.960 0.0000000000
98379  -16.275  -13.469  15.557 0.0000000000
97282  -16.549  -14.197  15.226 0.0000000000
97284  -18.167  -14.409  14.476 0.0000000000
97283  -17.206  -14.517  14.779 0.0000000000
94130  -18.265  -16.797  14.863 0.0000000000
95186  -18.331  -16.118  14.791 0.0000000000
94131  -18.597  -16.588  14.919 0.0000000000
95166  -19.420  -16.610  15.291 0.0000000000
91910  -16.859  -19.509  16.374 0.0000000000
93024  -16.988  -18.675  15.936 0.0000000000
93028  -20.430  -18.382  15.674 0.0000000000
91915  -21.288  -19.440  15.722 0.0000000000
91897  -21.720  -18.813  15.968 0.0000000000
89843  -22.009  -21.735  15.713 0.0000000000
90842  -22.467  -20.857  15.760 0.0000000000
89844  -22.770  -21.442  15.853 0.0000000000
89829  -23.827  -21.165  16.721 0.0000000000
110487  -22.647  -1.536  18.425 0.0000000000
110488  -23.686  -1.393  18.837 0.0000000000
100477  -13.196  -11.424  19.377 0.0000000000
105647  -13.517  -6.723  19.342 0.0000000000
106630  -15.118  -6.173  18.049 0.0000000000
106631  -15.346  -5.610  17.554 0.0000000000
106672  -18.239  -5.989  15.129 0.0000000000
106671  -17.318  -5.880  15.540 0.0000000000
106656  -21.089  -5.543  16.311 0.0000000000
106675  -21.192  -6.127  16.191 0.0000000000
104733  -19.413  -7.923  14.630 0.0000000000
104732  -18.609  -7.820  14.653 0.0000000000
104734  -20.202  -7.921  14.924 0.0000000000
104689  -23.506  -7.284  17.342 0.0000000000
105698  -22.649  -7.066  17.007 0.0000000000
105676  -23.966  -6.573  17.668 0.0000000000
105674  -22.595  -6.276  17.106 0.0000000000
105654  -24.380  -6.123  18.039 0.0000000000
105656  -25.993  -6.567  18.761 0.0000000000
97265  -20.037  -14.390  15.208 0.0000000000
97238  -20.536  -14.649  15.826 0.0000000000
97240  -21.599  -14.393  16.921 0.0000000000
86663  -16.201  -24.492  17.789 0.0000000000
87729  -15.937  -23.560  17.806 0.0000000000
87730  -16.763  -23.577  17.426 0.0000000000
86679  -18.613  -24.580  16.648 0.0000000000
87746  -17.578  -23.588  17.057 0.0000000000
87747  -18.430  -23.588  16.483 0.0000000000
90816  -15.522  -20.439  17.791 0.0000000000
89814  -15.402  -21.345  18.164 0.0000000000
108592  -18.459  -3.926  16.991 0.0000000000
108591  -17.474  -4.501  16.972 0.0000000000
107633  -17.754  -4.847  16.205 0.0000000000
99453  -15.726  -12.597  16.670 0.0000000000
100511  -15.563  -11.688  16.951 0.0000000000
101623  -17.104  -10.649  14.863 0.0000000000
101624  -17.974  -10.567  14.625 0.0000000000
100559  -20.947  -11.162  15.531 0.0000000000
100560  -21.460  -11.234  16.065 0.0000000000
99478  -21.179  -11.795  15.801 0.0000000000
99455  -21.408  -12.355  16.321 0.0000000000
96162  -15.175  -15.406  17.725 0.0000000000
96177  -15.556  -15.585  17.027 0.0000000000
96203  -16.612  -15.698  15.780 0.0000000000
96204  -17.214  -15.614  15.179 0.0000000000
95164  -17.054  -16.791  15.484 0.0000000000
94109  -17.840  -17.497  15.123 0.0000000000
91912  -18.065  -19.539  15.570 0.0000000000
90840  -20.514  -20.585  15.508 0.0000000000
110504  -19.312  -1.313  17.891 0.0000000000
113273  -23.108  1.456  18.701 0.0000000000
108559  -23.014  -3.316  18.084 0.0000000000
109514  -23.249  -2.479  18.502 0.0000000000
109515  -24.215  -2.475  18.760 0.0000000000
103547  -13.212  -8.510  19.654 0.0000000000
104659  -13.554  -7.614  19.046 0.0000000000
105695  -15.380  -6.446  16.858 0.0000000000
104685  -15.253  -7.024  17.165 0.0000000000
105708  -16.173  -6.725  15.780 0.0000000000
105710  -17.637  -6.516  15.192 0.0000000000
103622  -21.670  -8.378  16.055 0.0000000000
104724  -22.107  -7.826  16.304 0.0000000000
103608  -22.560  -8.210  16.588 0.0000000000
104690  -24.114  -7.482  17.536 0.0000000000
105677  -24.429  -7.028  17.757 0.0000000000
96206  -20.314  -15.375  15.680 0.0000000000
96179  -20.842  -15.336  16.172 0.0000000000
85592  -16.682  -25.588  17.591 0.0000000000
86665  -17.283  -24.670  17.290 0.0000000000
87731  -17.133  -24.124  17.342 0.0000000000
92998  -15.018  -18.470  17.780 0.0000000000
93009  -16.004  -18.542  16.849 0.0000000000
91896  -16.398  -19.433  16.766 0.0000000000
90825  -15.855  -20.307  17.212 0.0000000000
90835  -16.581  -20.288  16.552 0.0000000000
90836  -17.069  -20.388  16.186 0.0000000000
89839  -17.975  -21.413  15.781 0.0000000000
88818  -18.297  -22.399  16.177 0.0000000000
109531  -19.212  -2.395  17.776 0.0000000000
111428  -21.547  -1.037  17.636 0.0000000000
109534  -21.749  -2.667  17.452 0.0000000000
109550  -20.488  -3.430  16.757 0.0000000000
108577  -22.465  -3.849  17.444 0.0000000000
107613  -22.980  -4.992  17.608 0.0000000000
101553  -14.148  -10.702  18.336 0.0000000000
100510  -15.086  -11.730  17.625 0.0000000000
101571  -14.707  -10.813  17.721 0.0000000000
102562  -14.962  -10.051  17.326 0.0000000000
102587  -14.859  -9.342  17.118 0.0000000000
103618  -16.192  -7.965  15.922 0.0000000000
103619  -16.554  -8.487  15.649 0.0000000000
103631  -18.106  -8.674  14.818 0.0000000000
103633  -19.686  -8.771  14.743 0.0000000000
102615  -19.292  -9.619  14.424 0.0000000000
103634  -20.292  -8.839  15.072 0.0000000000
102603  -21.877  -8.845  16.191 0.0000000000
102592  -22.736  -8.758  16.744 0.0000000000
102570  -24.922  -9.437  17.984 0.0000000000
101579  -24.590  -10.486  17.894 0.0000000000
83311  -19.306  -27.651  16.858 0.0000000000
83323  -19.182  -26.807  16.785 0.0000000000
98314  -14.414  -13.431  18.628 0.0000000000
98333  -15.117  -13.498  17.637 0.0000000000
97218  -14.867  -14.352  17.908 0.0000000000
98356  -15.477  -13.459  16.985 0.0000000000
98397  -17.636  -13.444  14.578 0.0000000000
98399  -19.323  -13.144  14.587 0.0000000000
98398  -18.549  -13.353  14.488 0.0000000000
97285  -19.198  -14.316  14.680 0.0000000000
96225  -17.832  -15.419  14.646 0.0000000000
96205  -19.776  -15.365  15.282 0.0000000000
95167  -19.987  -16.303  15.639 0.0000000000
94112  -20.708  -17.298  15.966 0.0000000000
94108  -17.182  -17.882  15.549 0.0000000000
93026  -18.453  -18.469  15.394 0.0000000000
93011  -21.943  -18.341  16.288 0.0000000000
91898  -22.203  -19.170  16.127 0.0000000000
91917  -22.785  -20.375  15.946 0.0000000000
111413  -23.021  -0.508  18.696 0.0000000000
110489  -24.750  -1.302  19.032 0.0000000000
107631  -15.887  -4.886  17.123 0.0000000000
106653  -15.813  -5.549  16.299 0.0000000000
107653  -17.850  -5.437  15.640 0.0000000000
107655  -19.552  -5.119  15.709 0.0000000000
107656  -20.151  -4.978  15.842 0.0000000000
107638  -21.924  -5.330  16.920 0.0000000000
104721  -17.124  -7.690  15.410 0.0000000000
105721  -18.217  -6.905  14.736 0.0000000000
105712  -20.065  -6.793  15.073 0.0000000000
104723  -21.432  -7.516  16.063 0.0000000000
105713  -20.918  -6.721  15.862 0.0000000000
105696  -21.635  -6.685  16.353 0.0000000000
106633  -23.423  -5.798  17.572 0.0000000000
107597  -24.382  -4.831  18.273 0.0000000000
98380  -20.169  -13.212  15.170 0.0000000000
99454  -20.866  -12.948  16.105 0.0000000000
98359  -21.811  -13.332  17.053 0.0000000000
97239  -20.956  -14.479  16.349 0.0000000000
98358  -21.123  -13.510  16.488 0.0000000000
98334  -22.693  -13.315  17.392 0.0000000000
87745  -17.174  -22.945  17.116 0.0000000000
88805  -17.468  -22.378  16.639 0.0000000000
84452  -19.100  -26.061  16.871 0.0000000000
85607  -19.492  -25.463  16.463 0.0000000000
86680  -19.356  -24.609  16.221 0.0000000000
85619  -20.559  -25.114  16.003 0.0000000000
86691  -19.734  -24.174  15.732 0.0000000000
88820  -20.109  -22.668  15.483 0.0000000000
82185  -20.159  -27.930  16.836 0.0000000000
86681  -19.806  -25.077  16.132 0.0000000000
87761  -19.291  -23.558  15.859 0.0000000000
95141  -21.882  -16.265  16.714 0.0000000000
95188  -19.465  -15.948  15.252 0.0000000000
96227  -19.263  -15.325  14.982 0.0000000000
97219  -22.407  -14.283  17.333 0.0000000000
97236  -15.340  -14.464  17.232 0.0000000000
99429  -14.932  -12.663  17.955 0.0000000000
99475  -16.084  -12.595  15.947 0.0000000000
100557  -16.293  -11.734  15.663 0.0000000000
100575  -18.444  -11.484  14.626 0.0000000000
100578  -20.432  -11.588  15.116 0.0000000000
101577  -22.894  -10.426  17.247 0.0000000000
101580  -25.532  -10.583  18.251 0.0000000000
101597  -16.208  -10.133  15.954 0.0000000000
101598  -21.805  -10.401  16.384 0.0000000000
101613  -20.961  -10.181  15.525 0.0000000000
101625  -18.847  -10.551  14.399 0.0000000000
102538  -13.939  -9.612  18.569 0.0000000000
102569  -24.014  -9.334  17.601 0.0000000000
102601  -20.663  -9.492  15.312 0.0000000000
102612  -16.792  -9.923  15.130 0.0000000000
103606  -15.891  -8.521  16.292 0.0000000000
103607  -16.236  -9.030  15.952 0.0000000000
103623  -22.124  -8.484  16.299 0.0000000000
103632  -18.923  -8.724  14.588 0.0000000000
104667  -25.601  -7.518  18.307 0.0000000000
104710  -22.014  -7.200  16.471 0.0000000000
104712  -22.953  -7.581  17.024 0.0000000000
104720  -16.461  -7.493  15.714 0.0000000000
104722  -20.695  -7.467  15.541 0.0000000000
104731  -17.826  -7.783  14.998 0.0000000000
105648  -14.006  -6.696  18.659 0.0000000000
105671  -15.105  -6.569  17.510 0.0000000000
105675  -22.985  -6.649  17.291 0.0000000000
105707  -15.672  -6.613  16.178 0.0000000000
105709  -16.952  -6.764  15.534 0.0000000000
105711  -19.502  -6.484  14.757 0.0000000000
105722  -19.233  -6.981  14.541 0.0000000000
106614  -24.739  -5.594  18.268 0.0000000000
106632  -22.770  -5.824  17.306 0.0000000000
106655  -17.409  -5.309  15.774 0.0000000000
106657  -21.750  -5.901  16.573 0.0000000000
106670  -16.438  -6.011  15.710 0.0000000000
106674  -20.405  -5.737  15.756 0.0000000000
106683  -18.844  -6.374  14.692 0.0000000000
106684  -19.242  -6.401  14.685 0.0000000000
107612  -22.313  -5.127  17.320 0.0000000000
107637  -21.372  -5.041  16.663 0.0000000000
108579  -23.904  -4.265  18.325 0.0000000000
