#!ascii label  , from subject tim vox2ras=TkReg
692
15387  -36.372  -87.461  18.471 0.0000000000
17604  -42.742  -84.408  18.287 0.0000000000
20774  -39.170  -82.567  24.555 0.0000000000
15355  -40.854  -88.508  21.847 0.0000000000
22916  -45.247  -80.948  25.411 0.0000000000
21860  -31.417  -81.496  23.746 0.0000000000
25036  -34.700  -78.147  26.848 0.0000000000
29703  -37.508  -74.394  29.254 0.0000000000
25078  -39.041  -78.447  23.320 0.0000000000
21848  -41.742  -81.585  24.329 0.0000000000
26242  -42.254  -77.261  23.919 0.0000000000
21792  -33.313  -80.916  27.438 0.0000000000
22852  -36.130  -80.505  29.577 0.0000000000
36215  -31.794  -68.313  30.291 0.0000000000
34043  -32.605  -70.057  27.502 0.0000000000
11463  -37.291  -91.162  15.125 0.0000000000
16447  -42.299  -86.086  21.118 0.0000000000
14401  -39.270  -87.830  15.023 0.0000000000
17632  -41.308  -85.448  14.555 0.0000000000
17518  -37.508  -85.803  22.251 0.0000000000
14333  -38.564  -89.356  20.418 0.0000000000
17489  -43.820  -85.508  24.512 0.0000000000
19703  -45.874  -83.943  23.910 0.0000000000
19716  -35.301  -83.139  23.136 0.0000000000
23929  -36.340  -79.943  24.948 0.0000000000
28591  -36.418  -75.660  23.824 0.0000000000
23894  -40.435  -79.137  28.789 0.0000000000
27352  -36.896  -76.017  27.832 0.0000000000
30858  -33.942  -72.451  25.798 0.0000000000
34082  -36.718  -70.288  24.853 0.0000000000
13380  -38.963  -90.458  16.110 0.0000000000
19756  -40.904  -83.387  20.553 0.0000000000
19815  -40.998  -83.440  16.278 0.0000000000
22051  -39.754  -81.308  11.243 0.0000000000
28594  -39.096  -75.592  23.357 0.0000000000
26240  -40.595  -77.416  23.442 0.0000000000
14386  -37.006  -89.047  16.606 0.0000000000
17564  -42.258  -85.534  19.554 0.0000000000
17601  -40.750  -85.671  17.361 0.0000000000
17609  -41.443  -85.249  16.214 0.0000000000
18708  -41.491  -84.536  13.273 0.0000000000
18692  -41.966  -84.125  15.764 0.0000000000
18601  -38.200  -84.760  23.713 0.0000000000
18583  -39.284  -84.304  24.422 0.0000000000
22914  -43.470  -80.485  24.701 0.0000000000
19685  -42.884  -83.670  24.618 0.0000000000
20779  -44.360  -82.651  25.002 0.0000000000
17491  -45.222  -84.648  24.242 0.0000000000
20761  -46.297  -82.522  25.152 0.0000000000
18624  -34.517  -84.308  21.235 0.0000000000
20802  -33.298  -82.244  22.801 0.0000000000
22876  -34.266  -79.833  27.317 0.0000000000
21805  -35.002  -80.943  26.337 0.0000000000
23914  -34.989  -79.372  26.109 0.0000000000
26220  -36.166  -77.539  24.101 0.0000000000
27387  -35.025  -76.407  24.815 0.0000000000
27336  -39.598  -76.534  28.558 0.0000000000
26173  -38.909  -77.200  28.347 0.0000000000
28524  -37.734  -75.075  28.319 0.0000000000
36245  -33.444  -68.279  26.391 0.0000000000
31915  -33.337  -72.053  26.579 0.0000000000
35150  -34.095  -69.438  25.790 0.0000000000
33015  -35.371  -71.288  25.051 0.0000000000
14320  -39.686  -89.342  21.474 0.0000000000
12383  -39.095  -90.732  18.652 0.0000000000
14353  -39.486  -89.677  18.805 0.0000000000
14431  -39.055  -88.033  12.754 0.0000000000
19754  -38.895  -83.170  20.187 0.0000000000
19786  -40.536  -83.638  18.219 0.0000000000
22002  -38.483  -81.287  13.189 0.0000000000
22910  -39.189  -80.556  23.938 0.0000000000
20775  -40.184  -82.593  24.497 0.0000000000
22923  -40.718  -79.979  23.772 0.0000000000
23956  -42.184  -79.136  24.151 0.0000000000
25066  -44.040  -78.319  24.765 0.0000000000
21821  -32.611  -81.297  25.854 0.0000000000
22866  -33.998  -80.375  28.842 0.0000000000
23891  -34.956  -79.196  28.887 0.0000000000
31877  -33.864  -72.076  29.505 0.0000000000
32977  -35.020  -71.982  28.771 0.0000000000
35119  -32.225  -69.185  28.629 0.0000000000
37433  -32.461  -67.677  27.553 0.0000000000
38622  -33.727  -66.207  26.683 0.0000000000
16445  -40.574  -87.684  20.925 0.0000000000
15389  -39.416  -88.258  18.773 0.0000000000
16474  -39.821  -86.595  18.631 0.0000000000
16519  -40.178  -86.458  15.064 0.0000000000
17656  -39.940  -85.898  11.684 0.0000000000
18738  -41.055  -84.189  11.659 0.0000000000
19906  -41.335  -83.218  10.855 0.0000000000
20986  -41.358  -81.980  10.268 0.0000000000
16443  -37.064  -87.270  20.796 0.0000000000
15376  -37.244  -88.198  19.206 0.0000000000
15339  -39.752  -88.262  22.724 0.0000000000
15323  -41.092  -87.943  23.679 0.0000000000
19684  -41.795  -83.627  24.569 0.0000000000
17487  -41.844  -85.553  24.460 0.0000000000
15342  -42.287  -87.444  23.304 0.0000000000
16397  -43.701  -86.373  23.629 0.0000000000
17521  -44.425  -85.334  22.659 0.0000000000
18627  -44.114  -84.615  21.375 0.0000000000
17547  -35.959  -86.053  20.759 0.0000000000
18613  -36.549  -84.674  22.269 0.0000000000
19680  -37.461  -83.405  24.616 0.0000000000
20769  -34.389  -82.142  24.733 0.0000000000
20771  -35.739  -82.532  25.134 0.0000000000
22897  -37.448  -81.202  24.769 0.0000000000
25064  -37.356  -78.870  23.926 0.0000000000
27405  -37.529  -76.575  23.409 0.0000000000
30879  -37.462  -74.086  23.753 0.0000000000
23876  -38.868  -79.685  29.270 0.0000000000
25010  -37.124  -77.981  28.775 0.0000000000
26188  -35.539  -77.027  27.487 0.0000000000
31903  -35.084  -72.840  28.166 0.0000000000
29721  -34.603  -74.540  27.236 0.0000000000
28572  -34.322  -75.217  25.948 0.0000000000
29752  -34.844  -74.383  24.936 0.0000000000
31939  -36.344  -72.269  24.443 0.0000000000
13360  -37.793  -90.215  17.479 0.0000000000
11465  -38.132  -91.389  15.341 0.0000000000
14400  -38.932  -88.862  15.180 0.0000000000
13428  -38.429  -89.467  13.317 0.0000000000
21863  -46.617  -81.791  23.918 0.0000000000
19720  -45.311  -83.550  22.722 0.0000000000
19776  -43.341  -83.959  20.270 0.0000000000
19775  -42.817  -83.810  19.578 0.0000000000
19803  -42.323  -83.692  17.772 0.0000000000
19841  -41.119  -83.470  14.462 0.0000000000
20966  -40.775  -82.206  11.484 0.0000000000
30881  -39.417  -73.850  23.864 0.0000000000
28595  -40.083  -75.533  23.543 0.0000000000
14399  -36.358  -88.884  15.720 0.0000000000
14367  -36.795  -88.532  16.900 0.0000000000
17586  -42.635  -84.963  18.652 0.0000000000
17585  -41.650  -85.404  18.452 0.0000000000
17603  -42.274  -84.712  17.674 0.0000000000
17621  -41.785  -84.737  15.579 0.0000000000
18678  -42.231  -84.150  17.131 0.0000000000
19681  -38.686  -83.442  24.615 0.0000000000
19682  -39.705  -83.492  24.580 0.0000000000
22915  -44.519  -80.692  25.118 0.0000000000
21850  -43.912  -81.635  24.818 0.0000000000
21851  -44.785  -81.727  25.244 0.0000000000
20759  -45.159  -82.633  25.350 0.0000000000
21827  -45.540  -81.737  25.451 0.0000000000
20800  -31.432  -82.104  22.140 0.0000000000
20801  -32.275  -82.107  22.445 0.0000000000
19714  -33.521  -82.841  22.038 0.0000000000
21872  -32.950  -81.766  23.578 0.0000000000
23913  -34.592  -79.219  26.843 0.0000000000
25037  -34.771  -78.633  26.244 0.0000000000
25053  -35.103  -78.426  25.463 0.0000000000
26215  -34.660  -77.241  26.151 0.0000000000
30791  -36.526  -73.945  29.696 0.0000000000
29691  -36.638  -74.484  30.144 0.0000000000
28488  -38.353  -75.283  29.762 0.0000000000
28490  -39.898  -76.236  29.219 0.0000000000
28507  -38.733  -75.289  28.962 0.0000000000
28525  -38.425  -75.514  28.383 0.0000000000
30805  -37.146  -73.870  28.982 0.0000000000
36246  -34.039  -67.755  26.123 0.0000000000
36260  -33.820  -68.871  25.991 0.0000000000
35151  -34.903  -69.342  25.496 0.0000000000
37452  -35.212  -67.415  25.619 0.0000000000
14335  -40.171  -89.258  21.382 0.0000000000
14344  -39.436  -89.641  19.823 0.0000000000
15367  -40.054  -88.955  20.619 0.0000000000
19800  -39.695  -83.556  17.161 0.0000000000
20904  -39.246  -82.707  14.481 0.0000000000
21977  -38.497  -81.911  14.304 0.0000000000
23953  -39.353  -79.501  23.582 0.0000000000
22922  -39.863  -80.032  23.729 0.0000000000
25079  -39.981  -78.416  23.339 0.0000000000
26241  -41.455  -77.357  23.625 0.0000000000
25081  -41.769  -78.229  23.788 0.0000000000
25082  -42.532  -78.104  24.121 0.0000000000
23945  -43.061  -79.254  24.524 0.0000000000
25065  -43.193  -78.118  24.453 0.0000000000
22867  -34.466  -79.854  28.978 0.0000000000
23873  -35.668  -79.674  29.390 0.0000000000
32945  -32.639  -71.501  30.086 0.0000000000
34004  -32.275  -70.305  29.988 0.0000000000
34021  -32.628  -70.255  29.142 0.0000000000
35106  -32.047  -69.255  29.664 0.0000000000
38621  -33.329  -65.995  27.198 0.0000000000
11477  -37.557  -91.386  14.470 0.0000000000
16446  -41.461  -86.567  20.972 0.0000000000
16459  -40.632  -86.466  19.918 0.0000000000
16508  -40.867  -85.696  16.030 0.0000000000
16507  -40.345  -86.211  15.840 0.0000000000
16530  -40.667  -85.972  14.332 0.0000000000
17657  -40.414  -85.469  12.406 0.0000000000
17680  -40.201  -85.264  11.042 0.0000000000
18721  -41.606  -83.960  12.919 0.0000000000
18739  -41.432  -84.029  12.336 0.0000000000
19907  -41.536  -83.069  11.518 0.0000000000
19921  -40.985  -83.093  9.612 0.0000000000
20987  -41.419  -82.590  11.212 0.0000000000
16427  -37.079  -86.750  21.267 0.0000000000
15322  -40.256  -87.704  23.342 0.0000000000
16394  -40.776  -87.087  23.888 0.0000000000
21847  -40.687  -81.669  24.242 0.0000000000
20776  -41.226  -82.621  24.449 0.0000000000
18586  -42.373  -84.649  24.562 0.0000000000
17488  -42.871  -85.623  24.569 0.0000000000
15307  -42.620  -87.070  24.124 0.0000000000
16377  -43.195  -86.370  24.377 0.0000000000
15326  -43.427  -86.721  23.908 0.0000000000
18603  -45.658  -84.271  24.068 0.0000000000
17508  -45.076  -84.946  23.871 0.0000000000
17522  -44.898  -85.018  23.307 0.0000000000
17535  -44.363  -85.150  21.854 0.0000000000
18628  -44.640  -84.785  22.099 0.0000000000
19736  -34.935  -83.746  21.929 0.0000000000
18612  -35.812  -84.118  22.157 0.0000000000
19717  -36.278  -83.834  22.849 0.0000000000
18599  -36.924  -84.199  23.126 0.0000000000
19701  -36.444  -83.504  23.848 0.0000000000
21803  -32.892  -81.204  26.718 0.0000000000
21842  -33.475  -81.599  25.064 0.0000000000
21822  -33.628  -81.430  25.954 0.0000000000
21806  -35.537  -80.841  26.037 0.0000000000
21824  -35.633  -81.477  25.877 0.0000000000
21825  -36.490  -81.493  25.486 0.0000000000
20758  -36.793  -82.214  25.350 0.0000000000
22896  -36.953  -80.683  24.872 0.0000000000
22908  -37.402  -80.142  24.392 0.0000000000
23941  -36.954  -79.573  24.407 0.0000000000
27388  -35.825  -76.548  24.175 0.0000000000
26236  -36.989  -77.496  23.637 0.0000000000
27404  -36.652  -76.592  23.697 0.0000000000
29765  -37.846  -74.817  23.573 0.0000000000
29764  -37.010  -74.869  23.661 0.0000000000
23877  -39.754  -79.491  28.962 0.0000000000
26172  -37.748  -77.252  28.412 0.0000000000
25011  -38.255  -78.061  28.781 0.0000000000
26171  -36.727  -77.345  28.299 0.0000000000
26170  -35.966  -77.414  28.030 0.0000000000
26189  -36.391  -76.740  27.869 0.0000000000
32975  -33.424  -71.371  28.472 0.0000000000
31892  -34.713  -72.179  28.406 0.0000000000
32982  -33.119  -71.414  27.754 0.0000000000
31933  -33.626  -71.955  25.904 0.0000000000
30826  -33.676  -72.792  27.064 0.0000000000
30838  -33.890  -73.358  26.559 0.0000000000
28555  -34.634  -75.360  26.874 0.0000000000
29746  -34.395  -74.324  25.531 0.0000000000
28578  -34.533  -75.029  25.267 0.0000000000
30866  -34.665  -73.802  25.165 0.0000000000
34081  -35.929  -70.628  25.002 0.0000000000
33016  -36.164  -71.311  24.792 0.0000000000
33017  -37.140  -71.242  24.616 0.0000000000
31940  -37.514  -72.199  24.218 0.0000000000
14342  -37.844  -89.208  19.226 0.0000000000
14352  -37.666  -89.259  18.312 0.0000000000
13336  -38.183  -89.866  18.835 0.0000000000
12415  -39.217  -90.750  16.921 0.0000000000
12414  -38.610  -91.222  16.465 0.0000000000
12436  -38.528  -90.785  15.299 0.0000000000
11478  -38.128  -91.066  14.218 0.0000000000
12461  -38.421  -90.179  14.299 0.0000000000
15408  -39.365  -87.538  17.400 0.0000000000
14369  -39.332  -89.097  17.644 0.0000000000
14388  -39.219  -88.570  16.289 0.0000000000
15480  -38.776  -88.125  11.705 0.0000000000
14430  -38.856  -88.409  13.255 0.0000000000
21830  -46.914  -80.889  24.744 0.0000000000
21864  -46.863  -81.255  24.186 0.0000000000
19719  -44.695  -83.349  22.335 0.0000000000
19740  -44.145  -83.782  21.730 0.0000000000
19759  -43.623  -83.965  20.998 0.0000000000
19801  -40.717  -83.474  17.325 0.0000000000
19774  -41.697  -83.634  19.405 0.0000000000
19787  -41.334  -83.552  18.285 0.0000000000
19788  -42.308  -83.713  18.343 0.0000000000
19802  -41.887  -83.666  17.249 0.0000000000
19816  -41.642  -83.740  16.039 0.0000000000
19830  -41.059  -83.474  15.327 0.0000000000
22027  -39.689  -81.895  11.923 0.0000000000
20946  -40.001  -82.692  12.617 0.0000000000
20965  -40.057  -82.062  11.773 0.0000000000
27407  -39.399  -76.507  23.269 0.0000000000
26239  -39.681  -77.460  23.279 0.0000000000
27408  -40.371  -76.451  23.441 0.0000000000
27409  -41.215  -76.474  23.602 0.0000000000
28597  -41.635  -75.888  23.821 0.0000000000
37389  -32.069  -67.298  30.021 0.0000000000
38565  -32.714  -66.827  30.769 0.0000000000
12435  -37.296  -90.342  15.794 0.0000000000
17548  -42.099  -85.887  20.470 0.0000000000
17563  -41.359  -85.774  19.391 0.0000000000
17602  -41.301  -85.379  17.207 0.0000000000
17620  -41.399  -85.362  15.378 0.0000000000
17642  -41.574  -85.024  14.174 0.0000000000
17633  -41.715  -84.891  14.736 0.0000000000
18701  -41.879  -84.234  14.879 0.0000000000
19842  -41.617  -83.729  14.248 0.0000000000
17502  -37.922  -85.221  23.059 0.0000000000
17503  -38.642  -85.488  23.431 0.0000000000
17504  -39.460  -85.792  23.722 0.0000000000
17485  -39.843  -85.179  24.216 0.0000000000
21849  -42.847  -81.551  24.514 0.0000000000
20777  -42.303  -82.631  24.509 0.0000000000
20778  -43.381  -82.646  24.688 0.0000000000
19686  -43.953  -83.631  24.773 0.0000000000
18588  -44.545  -84.424  24.745 0.0000000000
18569  -45.140  -83.836  25.045 0.0000000000
19666  -45.937  -83.365  25.142 0.0000000000
19689  -46.264  -83.310  24.630 0.0000000000
19715  -34.242  -82.972  22.447 0.0000000000
20803  -34.268  -82.540  23.260 0.0000000000
22881  -33.959  -80.400  27.212 0.0000000000
21804  -33.969  -80.918  26.591 0.0000000000
22882  -34.601  -80.151  26.685 0.0000000000
22883  -35.322  -80.247  26.054 0.0000000000
23928  -35.649  -79.502  25.327 0.0000000000
23940  -36.237  -79.233  24.644 0.0000000000
25062  -35.780  -78.491  24.639 0.0000000000
26219  -35.408  -77.483  24.733 0.0000000000
28580  -35.652  -75.526  24.289 0.0000000000
26175  -40.869  -77.525  28.809 0.0000000000
26174  -40.023  -77.453  28.536 0.0000000000
25012  -39.533  -78.514  28.704 0.0000000000
27354  -38.240  -75.947  28.119 0.0000000000
28545  -37.355  -75.443  28.003 0.0000000000
35135  -32.831  -69.401  26.873 0.0000000000
34044  -32.761  -70.716  27.271 0.0000000000
34054  -33.062  -70.377  26.582 0.0000000000
34071  -33.666  -70.326  25.932 0.0000000000
33011  -33.942  -71.178  25.690 0.0000000000
31935  -34.776  -72.093  25.182 0.0000000000
34072  -34.397  -70.298  25.528 0.0000000000
35152  -35.779  -69.290  25.270 0.0000000000
35153  -36.553  -69.300  25.004 0.0000000000
13318  -39.142  -89.659  20.743 0.0000000000
13337  -38.710  -90.289  19.085 0.0000000000
13329  -39.315  -89.753  20.228 0.0000000000
13347  -39.251  -90.600  18.386 0.0000000000
13362  -39.370  -90.277  17.703 0.0000000000
14416  -39.216  -87.784  14.464 0.0000000000
18650  -38.959  -83.792  19.080 0.0000000000
18651  -39.572  -83.800  19.005 0.0000000000
19773  -40.414  -83.726  19.261 0.0000000000
18668  -39.892  -83.771  18.464 0.0000000000
18677  -40.086  -83.669  17.805 0.0000000000
19814  -40.075  -83.354  16.359 0.0000000000
19829  -40.241  -83.283  15.444 0.0000000000
20923  -39.090  -82.370  13.525 0.0000000000
22026  -39.019  -81.417  12.179 0.0000000000
21845  -38.655  -81.625  24.465 0.0000000000
21846  -39.667  -81.640  24.283 0.0000000000
22911  -40.205  -80.784  23.956 0.0000000000
22912  -41.183  -80.703  24.064 0.0000000000
25080  -40.890  -78.310  23.544 0.0000000000
23955  -41.231  -79.140  23.759 0.0000000000
22913  -42.293  -80.268  24.327 0.0000000000
23946  -44.261  -79.512  24.988 0.0000000000
21861  -32.283  -81.472  24.051 0.0000000000
21784  -33.240  -81.377  28.435 0.0000000000
22875  -33.730  -80.170  27.919 0.0000000000
23904  -34.466  -79.195  27.829 0.0000000000
25024  -34.884  -78.276  27.587 0.0000000000
31865  -34.522  -72.760  29.803 0.0000000000
30803  -35.432  -72.994  29.601 0.0000000000
31880  -36.192  -72.819  29.077 0.0000000000
32961  -33.579  -71.455  29.223 0.0000000000
34022  -32.987  -70.777  28.649 0.0000000000
34036  -32.542  -70.058  28.276 0.0000000000
36228  -31.860  -68.051  29.087 0.0000000000
36235  -32.168  -68.263  27.978 0.0000000000
35125  -32.435  -69.216  27.705 0.0000000000
36244  -32.624  -68.305  27.185 0.0000000000
37435  -33.813  -67.140  26.373 0.0000000000
38641  -34.380  -66.352  26.200 0.0000000000
16429  -40.780  -88.220  21.513 0.0000000000
16444  -40.089  -88.444  20.560 0.0000000000
16458  -39.822  -87.668  19.908 0.0000000000
15423  -39.663  -87.053  15.931 0.0000000000
16560  -40.007  -86.206  12.851 0.0000000000
18720  -41.230  -84.553  12.700 0.0000000000
18783  -40.486  -84.045  9.088 0.0000000000
21005  -40.980  -82.071  8.937 0.0000000000
15375  -36.507  -87.414  19.463 0.0000000000
15388  -37.127  -88.297  17.961 0.0000000000
15366  -37.316  -87.831  20.316 0.0000000000
14318  -38.143  -88.564  20.792 0.0000000000
15338  -38.884  -87.825  22.259 0.0000000000
14319  -38.807  -89.188  21.286 0.0000000000
14304  -40.110  -88.996  22.461 0.0000000000
14306  -41.272  -88.499  22.825 0.0000000000
18584  -40.266  -84.424  24.498 0.0000000000
16395  -41.698  -87.263  24.140 0.0000000000
15324  -41.904  -87.706  23.528 0.0000000000
15341  -41.804  -87.907  22.844 0.0000000000
16413  -41.970  -87.353  22.455 0.0000000000
16431  -42.200  -86.680  21.939 0.0000000000
16432  -43.039  -86.221  22.368 0.0000000000
16379  -44.367  -85.880  24.011 0.0000000000
17520  -43.719  -85.948  22.799 0.0000000000
17533  -42.831  -85.959  21.553 0.0000000000
17549  -42.910  -85.581  20.593 0.0000000000
17550  -43.630  -85.013  20.503 0.0000000000
17565  -43.192  -85.016  19.517 0.0000000000
16457  -35.983  -87.010  19.215 0.0000000000
16442  -36.272  -86.733  20.406 0.0000000000
17531  -36.387  -85.709  21.350 0.0000000000
18625  -35.454  -84.828  21.337 0.0000000000
18626  -36.092  -84.793  21.723 0.0000000000
17517  -36.940  -85.265  22.123 0.0000000000
18600  -37.560  -84.533  23.409 0.0000000000
18581  -37.745  -84.202  24.014 0.0000000000
20773  -38.211  -82.541  24.788 0.0000000000
21862  -33.115  -81.637  24.259 0.0000000000
20768  -33.800  -81.940  24.334 0.0000000000
20790  -34.953  -82.585  24.097 0.0000000000
21823  -34.646  -81.633  25.934 0.0000000000
20770  -35.217  -82.499  24.874 0.0000000000
19700  -35.672  -82.868  24.282 0.0000000000
19679  -36.314  -82.886  24.878 0.0000000000
20772  -37.419  -82.400  25.073 0.0000000000
21844  -37.804  -81.697  24.782 0.0000000000
22909  -37.942  -80.704  24.327 0.0000000000
23943  -38.546  -79.923  23.850 0.0000000000
25077  -38.072  -78.477  23.539 0.0000000000
25063  -36.659  -78.504  24.104 0.0000000000
25076  -37.359  -78.178  23.679 0.0000000000
26238  -38.729  -77.491  23.263 0.0000000000
27406  -38.443  -76.544  23.260 0.0000000000
29766  -38.781  -74.736  23.551 0.0000000000
24992  -38.560  -78.935  29.077 0.0000000000
24991  -37.531  -78.742  29.187 0.0000000000
23874  -36.694  -79.501  29.440 0.0000000000
23892  -35.902  -78.961  29.218 0.0000000000
25025  -35.378  -77.850  27.846 0.0000000000
26187  -35.002  -77.651  27.331 0.0000000000
30817  -36.574  -73.569  28.586 0.0000000000
30829  -36.140  -73.554  28.283 0.0000000000
28544  -36.587  -75.272  27.785 0.0000000000
31901  -33.414  -72.080  27.436 0.0000000000
30827  -34.469  -73.567  27.466 0.0000000000
28543  -35.616  -75.159  27.563 0.0000000000
27365  -35.194  -75.783  27.244 0.0000000000
27364  -34.899  -76.173  26.861 0.0000000000
27380  -34.587  -76.228  26.233 0.0000000000
27381  -34.684  -76.629  25.578 0.0000000000
28579  -34.974  -75.288  24.796 0.0000000000
29753  -35.581  -74.468  24.410 0.0000000000
30860  -34.927  -72.686  25.049 0.0000000000
30867  -35.290  -73.306  24.730 0.0000000000
30868  -36.641  -73.537  24.041 0.0000000000
30869  -37.980  -73.103  23.901 0.0000000000
14368  -37.141  -88.884  17.168 0.0000000000
12413  -37.779  -90.950  16.578 0.0000000000
12399  -38.427  -90.882  17.637 0.0000000000
11451  -37.990  -91.347  16.022 0.0000000000
11464  -37.587  -91.164  15.482 0.0000000000
14387  -39.040  -89.587  15.928 0.0000000000
13419  -38.635  -89.146  14.271 0.0000000000
13401  -38.728  -89.884  15.209 0.0000000000
28581  -41.722  -75.030  24.117 0.0000000000
26222  -43.857  -77.221  24.582 0.0000000000
23947  -45.531  -79.853  25.330 0.0000000000
23930  -45.942  -80.157  25.461 0.0000000000
21828  -46.184  -81.665  25.383 0.0000000000
20780  -46.489  -82.559  24.759 0.0000000000
19722  -46.183  -83.274  23.871 0.0000000000
21878  -46.262  -81.860  23.456 0.0000000000
20809  -45.834  -82.756  23.150 0.0000000000
19741  -44.744  -84.124  22.108 0.0000000000
18639  -43.554  -84.405  20.468 0.0000000000
18652  -43.197  -84.333  19.329 0.0000000000
19757  -42.101  -83.467  20.481 0.0000000000
19758  -42.974  -83.639  20.711 0.0000000000
18669  -42.970  -84.024  18.603 0.0000000000
18679  -42.520  -83.985  17.808 0.0000000000
18684  -42.120  -83.980  16.507 0.0000000000
19831  -41.618  -83.753  15.119 0.0000000000
19852  -41.142  -83.381  13.696 0.0000000000
19868  -40.718  -83.134  13.259 0.0000000000
20947  -41.135  -82.778  12.355 0.0000000000
11450  -37.771  -91.170  16.005 0.0000000000
11476  -37.143  -91.302  14.728 0.0000000000
12382  -38.972  -90.594  18.889 0.0000000000
12390  -38.805  -90.733  18.487 0.0000000000
12391  -39.091  -90.968  18.159 0.0000000000
12398  -37.963  -90.837  17.310 0.0000000000
12400  -39.102  -91.014  17.563 0.0000000000
12434  -36.999  -90.779  15.128 0.0000000000
13319  -39.487  -89.587  20.804 0.0000000000
13328  -38.898  -89.931  19.938 0.0000000000
13338  -39.194  -90.276  19.267 0.0000000000
13345  -37.951  -89.960  18.204 0.0000000000
13346  -38.405  -90.463  18.397 0.0000000000
13361  -38.152  -90.508  17.972 0.0000000000
13378  -36.838  -89.268  16.048 0.0000000000
13379  -37.229  -89.628  16.349 0.0000000000
13381  -39.243  -89.880  16.784 0.0000000000
13400  -37.098  -89.837  15.871 0.0000000000
14289  -41.242  -88.390  23.204 0.0000000000
14290  -41.576  -88.216  23.128 0.0000000000
14303  -39.242  -88.804  22.062 0.0000000000
14305  -40.800  -88.717  22.699 0.0000000000
14321  -40.591  -89.028  22.032 0.0000000000
14322  -40.937  -88.716  22.520 0.0000000000
14332  -37.927  -88.822  19.954 0.0000000000
14334  -39.768  -89.332  20.723 0.0000000000
14343  -38.395  -89.608  19.597 0.0000000000
14385  -36.587  -88.672  16.316 0.0000000000
14415  -39.015  -88.128  14.221 0.0000000000
14456  -38.911  -88.248  12.569 0.0000000000
15308  -43.292  -86.713  24.116 0.0000000000
15309  -43.646  -86.596  23.991 0.0000000000
15325  -42.869  -86.982  23.677 0.0000000000
15340  -40.560  -88.481  23.103 0.0000000000
15354  -38.471  -88.280  21.564 0.0000000000
15356  -41.147  -88.475  22.365 0.0000000000
15365  -36.813  -87.561  19.875 0.0000000000
15368  -40.381  -88.761  21.226 0.0000000000
15377  -39.692  -88.906  19.934 0.0000000000
15406  -36.609  -88.110  17.219 0.0000000000
15407  -36.974  -88.409  17.454 0.0000000000
15437  -39.669  -87.059  14.875 0.0000000000
15448  -39.165  -87.767  13.773 0.0000000000
15458  -39.073  -87.974  13.596 0.0000000000
16376  -42.292  -86.453  24.387 0.0000000000
16396  -43.097  -86.707  23.411 0.0000000000
16398  -44.174  -86.116  23.896 0.0000000000
16414  -42.544  -86.973  22.955 0.0000000000
16415  -43.238  -86.452  23.082 0.0000000000
16426  -36.555  -86.415  21.031 0.0000000000
16430  -41.359  -87.726  21.885 0.0000000000
16460  -41.548  -85.984  20.076 0.0000000000
16475  -40.741  -85.838  18.909 0.0000000000
16495  -40.297  -86.039  16.988 0.0000000000
16496  -40.961  -85.552  16.605 0.0000000000
16520  -40.806  -85.865  15.196 0.0000000000
16559  -39.660  -86.649  12.229 0.0000000000
17490  -44.609  -85.199  24.235 0.0000000000
17506  -44.104  -85.849  23.214 0.0000000000
17507  -44.454  -85.646  23.640 0.0000000000
17530  -35.683  -85.425  21.071 0.0000000000
17532  -37.182  -86.180  21.650 0.0000000000
17534  -43.704  -85.516  21.674 0.0000000000
17566  -43.362  -84.589  19.913 0.0000000000
17584  -40.702  -85.720  17.929 0.0000000000
17587  -43.019  -84.524  18.825 0.0000000000
17610  -41.966  -84.614  16.559 0.0000000000
17641  -41.205  -85.245  13.565 0.0000000000
18570  -45.447  -83.633  25.079 0.0000000000
18582  -38.364  -84.213  24.299 0.0000000000
18589  -45.498  -84.102  24.677 0.0000000000
18590  -45.991  -83.792  24.592 0.0000000000
18602  -38.940  -84.983  24.031 0.0000000000
18604  -45.833  -83.984  24.411 0.0000000000
18614  -37.272  -84.912  22.674 0.0000000000
18615  -45.087  -84.482  22.808 0.0000000000
18616  -45.343  -84.534  23.516 0.0000000000
18653  -43.309  -84.201  19.866 0.0000000000
18667  -39.218  -83.814  18.575 0.0000000000
18709  -41.678  -84.392  13.899 0.0000000000
19663  -36.535  -82.555  25.241 0.0000000000
19664  -36.907  -82.753  25.131 0.0000000000
19665  -45.488  -83.335  25.227 0.0000000000
19667  -46.282  -83.139  24.968 0.0000000000
19678  -35.733  -82.703  24.812 0.0000000000
19683  -40.732  -83.558  24.585 0.0000000000
19687  -44.835  -83.489  25.108 0.0000000000
19688  -46.062  -83.610  24.857 0.0000000000
19702  -37.230  -83.971  23.821 0.0000000000
19704  -46.062  -83.629  24.021 0.0000000000
19721  -45.784  -83.733  23.515 0.0000000000
19772  -39.330  -83.636  19.579 0.0000000000
19853  -41.549  -83.578  13.433 0.0000000000
19869  -41.058  -83.120  13.019 0.0000000000
19887  -41.414  -83.446  11.546 0.0000000000
19888  -41.515  -83.440  12.107 0.0000000000
20755  -34.751  -82.107  25.323 0.0000000000
20756  -35.347  -82.158  25.500 0.0000000000
20757  -36.129  -82.271  25.483 0.0000000000
20760  -45.826  -82.598  25.391 0.0000000000
20788  -33.637  -82.057  23.686 0.0000000000
20789  -34.314  -82.300  23.947 0.0000000000
20791  -46.429  -82.784  24.207 0.0000000000
20804  -34.720  -82.635  23.609 0.0000000000
20810  -46.228  -82.732  23.668 0.0000000000
20818  -32.190  -82.572  21.728 0.0000000000
20819  -32.878  -82.556  22.064 0.0000000000
20945  -39.066  -82.008  12.833 0.0000000000
20967  -41.440  -82.784  11.845 0.0000000000
21826  -37.173  -81.624  25.131 0.0000000000
21829  -46.688  -81.504  24.940 0.0000000000
21841  -32.425  -81.335  24.923 0.0000000000
21843  -34.182  -81.819  25.419 0.0000000000
21852  -46.693  -81.847  24.435 0.0000000000
21853  -46.896  -81.085  24.514 0.0000000000
21870  -31.464  -81.729  22.887 0.0000000000
21871  -32.298  -81.729  23.222 0.0000000000
22850  -34.345  -80.888  29.285 0.0000000000
22895  -36.021  -80.604  25.572 0.0000000000
22898  -45.931  -80.721  25.535 0.0000000000
22900  -46.942  -80.554  24.913 0.0000000000
22917  -47.133  -80.621  24.166 0.0000000000
22921  -39.452  -80.042  23.740 0.0000000000
22924  -41.510  -79.853  23.992 0.0000000000
22928  -46.917  -80.950  23.893 0.0000000000
23095  -39.614  -80.686  10.654 0.0000000000
23875  -37.881  -79.630  29.443 0.0000000000
23878  -40.323  -79.665  28.966 0.0000000000
23890  -34.333  -79.659  28.576 0.0000000000
23893  -39.913  -79.041  28.767 0.0000000000
23903  -34.057  -79.814  28.298 0.0000000000
23931  -46.300  -79.943  25.367 0.0000000000
23942  -37.808  -79.569  23.978 0.0000000000
23944  -42.493  -79.555  24.340 0.0000000000
23952  -38.541  -79.199  23.604 0.0000000000
23954  -40.335  -79.248  23.555 0.0000000000
23957  -42.726  -78.655  24.325 0.0000000000
24990  -36.608  -78.619  29.123 0.0000000000
24993  -39.193  -79.144  28.974 0.0000000000
25008  -35.024  -78.487  28.187 0.0000000000
25009  -35.899  -78.158  28.621 0.0000000000
25013  -40.611  -78.262  28.654 0.0000000000
25052  -34.760  -77.973  26.010 0.0000000000
26190  -37.268  -76.616  28.120 0.0000000000
26191  -38.132  -76.507  28.197 0.0000000000
26200  -34.885  -76.994  26.870 0.0000000000
26201  -35.237  -76.421  27.222 0.0000000000
26216  -34.866  -77.376  25.425 0.0000000000
26237  -37.830  -77.470  23.390 0.0000000000
27320  -40.142  -76.475  28.983 0.0000000000
27321  -40.694  -76.967  29.096 0.0000000000
27335  -38.781  -76.219  28.285 0.0000000000
27337  -40.329  -76.927  28.728 0.0000000000
27351  -35.949  -76.064  27.499 0.0000000000
27353  -37.675  -76.003  27.986 0.0000000000
27386  -34.623  -75.821  25.408 0.0000000000
27410  -41.921  -76.429  23.840 0.0000000000
28489  -39.444  -75.907  29.440 0.0000000000
28506  -38.188  -74.893  29.224 0.0000000000
28508  -39.564  -75.972  28.919 0.0000000000
28526  -39.100  -75.841  28.533 0.0000000000
28542  -34.951  -74.994  27.413 0.0000000000
28546  -37.919  -75.582  28.147 0.0000000000
28556  -35.035  -75.371  27.335 0.0000000000
28592  -37.251  -75.688  23.535 0.0000000000
28593  -38.148  -75.648  23.382 0.0000000000
29692  -37.402  -74.718  29.843 0.0000000000
29702  -36.938  -74.176  29.607 0.0000000000
29704  -38.034  -74.680  28.931 0.0000000000
29710  -36.766  -74.001  28.460 0.0000000000
29711  -37.281  -74.280  28.617 0.0000000000
29712  -38.078  -74.945  28.643 0.0000000000
29722  -35.239  -74.348  27.657 0.0000000000
29723  -36.361  -74.244  28.091 0.0000000000
29724  -37.121  -74.815  28.107 0.0000000000
29730  -34.152  -74.272  26.482 0.0000000000
29754  -36.340  -74.727  23.967 0.0000000000
29767  -39.730  -74.690  23.685 0.0000000000
30790  -35.938  -73.765  29.905 0.0000000000
30802  -34.864  -72.839  29.745 0.0000000000
30804  -36.513  -73.438  29.224 0.0000000000
30816  -35.912  -73.034  28.399 0.0000000000
30818  -36.932  -73.725  28.848 0.0000000000
30828  -35.558  -73.562  28.021 0.0000000000
30837  -33.703  -72.660  26.200 0.0000000000
30859  -34.301  -73.123  25.562 0.0000000000
30878  -36.855  -74.301  23.803 0.0000000000
31864  -33.749  -72.555  29.925 0.0000000000
31878  -34.610  -72.341  29.487 0.0000000000
31879  -35.672  -72.477  29.129 0.0000000000
31893  -35.505  -72.376  28.655 0.0000000000
31894  -36.174  -72.825  28.827 0.0000000000
31902  -34.202  -72.549  27.812 0.0000000000
31934  -34.195  -72.015  25.573 0.0000000000
31938  -35.461  -72.163  24.837 0.0000000000
32946  -33.450  -71.908  29.630 0.0000000000
32960  -32.742  -70.884  29.562 0.0000000000
32962  -34.847  -71.903  29.068 0.0000000000
32963  -35.346  -72.080  28.913 0.0000000000
32976  -34.283  -71.803  28.741 0.0000000000
32983  -33.824  -71.948  28.191 0.0000000000
32993  -32.959  -71.371  26.918 0.0000000000
33010  -33.352  -71.219  26.196 0.0000000000
33012  -34.637  -71.204  25.340 0.0000000000
34037  -32.807  -70.770  28.016 0.0000000000
34053  -32.719  -70.144  27.002 0.0000000000
34073  -35.294  -70.288  25.232 0.0000000000
34074  -36.070  -69.962  25.095 0.0000000000
35136  -33.467  -69.450  26.228 0.0000000000
37422  -32.673  -66.631  27.717 0.0000000000
37434  -32.880  -67.008  27.058 0.0000000000
39729  -33.755  -65.505  27.025 0.0000000000
