#!ascii label  , from subject tim vox2ras=TkReg
1040
77511  -20.683  -32.616  20.113 0.4285714328
78669  -20.969  -30.932  19.707 0.2857142985
78658  -21.122  -31.712  20.138 0.4285714328
79827  -21.670  -30.807  20.107 0.4285714328
79828  -22.464  -30.251  20.433 0.4285714328
81023  -21.075  -29.418  19.044 0.2857142985
81024  -21.973  -29.550  19.779 0.4285714328
82134  -23.027  -29.040  20.191 0.4285714328
82167  -21.333  -28.425  18.736 0.4285714328
83283  -21.943  -28.089  19.264 0.4285714328
83314  -21.415  -27.064  17.893 0.4285714328
84427  -22.303  -26.131  18.462 0.4285714328
85610  -21.790  -25.450  17.021 0.5714285970
85595  -22.105  -25.527  17.561 0.5714285970
85563  -22.945  -25.511  18.853 0.4285714328
85579  -23.227  -25.023  18.740 0.2857142985
86666  -22.778  -24.420  17.558 0.7142857313
86651  -23.042  -24.499  18.099 0.7142857313
88778  -23.719  -22.903  17.957 0.7142857313
88763  -24.538  -22.771  18.918 0.4285714328
87733  -23.330  -23.635  17.866 0.7142857313
87716  -23.785  -23.350  18.428 0.5714285970
89805  -24.694  -21.704  18.247 0.5714285970
88793  -23.374  -22.696  17.334 0.5714285970
89804  -24.299  -21.954  17.801 0.5714285970
90806  -24.433  -21.300  17.687 0.5714285970
89815  -23.464  -22.160  16.870 0.5714285970
90794  -25.398  -20.934  18.758 0.4285714328
90818  -24.661  -20.129  17.325 0.5714285970
92989  -25.675  -19.019  17.939 0.5714285970
90828  -23.777  -20.630  16.327 0.7142857313
91886  -24.855  -19.478  17.151 0.7142857313
93000  -25.407  -18.547  17.347 0.7142857313
92990  -26.009  -18.506  18.229 0.5714285970
90817  -24.299  -20.620  17.094 0.5714285970
90842  -22.467  -20.857  15.760 0.5714285970
91900  -24.285  -19.609  16.487 0.8571428657
93001  -25.738  -18.038  17.554 0.7142857313
94076  -26.049  -17.680  17.657 0.5714285970
91899  -23.152  -19.732  16.151 0.7142857313
94075  -25.590  -17.456  17.001 0.7142857313
95124  -26.271  -16.800  17.252 0.5714285970
91901  -24.643  -19.045  16.652 0.7142857313
94092  -25.176  -17.798  16.633 0.7142857313
95123  -25.700  -16.809  16.571 0.5714285970
93015  -24.889  -18.534  16.715 0.7142857313
96166  -26.308  -16.161  16.437 0.5714285970
93014  -24.428  -18.550  16.491 0.5714285970
94090  -24.119  -17.699  16.482 0.7142857313
95145  -25.356  -16.605  16.204 0.7142857313
95170  -25.721  -16.184  15.496 0.7142857313
95146  -25.832  -16.382  16.164 0.7142857313
95144  -24.637  -16.805  16.377 0.7142857313
95169  -25.641  -16.090  15.278 0.7142857313
96208  -25.994  -15.704  14.915 0.7142857313
96209  -26.562  -15.606  15.292 0.5714285970
94089  -23.248  -17.617  16.593 0.5714285970
96228  -26.303  -15.166  14.633 0.5714285970
97298  -26.669  -14.221  13.910 0.5714285970
96183  -24.370  -15.778  16.911 0.8571428657
95143  -23.759  -16.732  16.661 0.8571428657
97287  -26.147  -14.741  14.539 0.7142857313
98381  -25.711  -14.457  15.597 0.7142857313
96184  -25.287  -16.009  16.172 0.8571428657
97266  -25.504  -15.206  15.759 0.7142857313
99457  -26.517  -12.745  15.980 0.8571428657
98401  -26.211  -13.819  14.274 0.5714285970
98360  -25.589  -14.330  16.414 0.8571428657
97242  -25.185  -15.054  16.809 0.8571428657
100539  -27.030  -12.130  16.147 0.8571428657
100540  -27.477  -11.639  15.877 0.8571428657
101582  -28.019  -10.760  17.055 0.8571428657
98361  -25.908  -13.603  16.147 0.8571428657
100520  -27.213  -11.713  17.073 0.8571428657
100497  -26.933  -11.193  17.925 1.0000000000
100498  -27.241  -11.081  17.732 1.0000000000
99435  -26.437  -12.839  17.089 0.8571428657
101581  -27.498  -10.691  17.638 1.0000000000
100519  -26.315  -11.732  17.982 1.0000000000
102546  -27.636  -9.313  18.211 1.0000000000
104691  -24.792  -7.550  17.851 0.7142857313
102571  -27.403  -10.020  18.013 1.0000000000
102544  -25.838  -9.511  18.323 1.0000000000
103568  -27.166  -8.487  18.468 1.0000000000
107600  -27.240  -4.499  18.823 1.0000000000
107598  -25.197  -4.678  18.629 0.8571428657
108562  -25.752  -3.602  18.857 0.8571428657
111415  -25.422  -0.484  18.832 0.8571428657
110490  -25.939  -1.413  19.051 0.8571428657
113274  -24.160  1.390  18.640 0.8571428657
113275  -25.080  1.254  18.223 0.8571428657
114186  -23.642  2.444  18.606 0.7142857313
113273  -23.108  1.456  18.701 0.5714285970
115149  -22.123  3.512  18.031 0.7142857313
115150  -23.159  3.432  18.447 0.5714285970
114204  -20.140  2.641  17.352 0.5714285970
114184  -21.591  2.362  17.793 0.5714285970
115166  -19.823  3.572  17.370 0.4285714328
116067  -19.643  4.533  17.552 0.4285714328
116922  -20.107  5.493  17.545 0.4285714328
116034  -19.603  4.742  19.456 0.2857142985
116044  -19.378  4.608  18.800 0.2857142985
116035  -19.980  4.534  20.186 0.2857142985
79838  -21.352  -30.198  19.623 0.2857142985
97297  -26.404  -14.268  14.182 0.5714285970
96207  -25.618  -15.878  15.390 0.7142857313
97267  -25.700  -15.053  15.003 0.7142857313
98382  -26.113  -13.945  15.120 0.8571428657
99479  -26.512  -12.780  14.786 0.8571428657
99480  -26.791  -12.011  15.240 0.8571428657
100521  -27.693  -11.360  16.650 0.8571428657
104668  -26.595  -7.530  18.655 0.8571428657
116881  -22.167  5.201  20.960 0.1428571492
79837  -20.496  -30.263  19.122 0.2857142985
81036  -20.246  -29.427  18.299 0.2857142985
82153  -22.592  -28.608  19.776 0.4285714328
83284  -22.488  -27.379  19.501 0.4285714328
82166  -20.731  -28.548  18.279 0.2857142985
84426  -21.735  -26.563  18.079 0.4285714328
84407  -22.832  -26.240  19.364 0.4285714328
84442  -21.405  -26.290  17.408 0.5714285970
86652  -23.453  -24.321  18.528 0.4285714328
86682  -21.671  -24.498  16.281 0.2857142985
88794  -23.945  -22.383  17.702 0.4285714328
88809  -23.188  -22.495  16.686 0.5714285970
90795  -25.779  -20.457  18.950 0.4285714328
89828  -23.337  -21.719  16.337 0.7142857313
89829  -23.827  -21.165  16.721 0.7142857313
90807  -24.971  -20.540  18.074 0.7142857313
90808  -25.513  -20.003  18.309 0.5714285970
91873  -25.786  -19.483  18.414 0.4285714328
91917  -22.785  -20.375  15.946 0.5714285970
96186  -26.646  -15.698  16.138 0.5714285970
93012  -22.764  -18.515  16.447 0.5714285970
94091  -24.783  -17.687  16.469 0.7142857313
96185  -26.175  -16.045  15.620 0.5714285970
99499  -26.275  -13.127  13.852 0.5714285970
98338  -25.864  -13.559  17.002 1.0000000000
101583  -28.421  -10.232  16.791 1.0000000000
100518  -25.213  -11.703  18.227 1.0000000000
103590  -25.277  -8.462  18.077 0.8571428657
105655  -24.904  -6.571  18.154 0.7142857313
105656  -25.993  -6.567  18.761 1.0000000000
104669  -27.660  -7.519  18.583 1.0000000000
106615  -25.596  -5.593  18.568 0.7142857313
105657  -27.126  -6.543  18.921 1.0000000000
105654  -24.380  -6.123  18.039 0.7142857313
107599  -26.196  -4.580  18.783 0.8571428657
110479  -24.504  -0.787  18.980 0.8571428657
109517  -26.396  -2.496  18.876 1.0000000000
108563  -26.785  -3.532  18.717 1.0000000000
113272  -22.192  1.463  18.181 0.5714285970
115168  -21.221  3.296  17.788 0.7142857313
114203  -19.572  2.653  17.616 0.4285714328
116921  -19.631  5.459  17.781 0.4285714328
116069  -21.367  4.409  17.768 0.4285714328
116890  -19.962  5.288  19.561 0.2857142985
116911  -19.456  5.441  18.266 0.4285714328
88807  -22.078  -22.940  15.871 0.4285714328
88822  -22.188  -22.489  15.827 0.4285714328
115167  -20.551  3.516  17.499 0.7142857313
116051  -19.258  4.565  18.031 0.2857142985
116903  -19.658  5.387  18.928 0.2857142985
78657  -20.696  -32.021  19.886 0.4285714328
78683  -19.899  -30.799  18.828 0.2857142985
78668  -20.273  -31.722  19.415 0.2857142985
79807  -22.940  -30.867  21.099 0.4285714328
79839  -21.862  -30.193  20.002 0.4285714328
81022  -20.578  -29.688  18.849 0.2857142985
82152  -21.805  -28.833  19.297 0.4285714328
83300  -21.051  -27.793  18.116 0.2857142985
83301  -21.796  -27.266  18.659 0.4285714328
83302  -22.307  -26.740  19.036 0.4285714328
85594  -21.641  -25.712  17.138 0.4285714328
86683  -22.098  -24.942  16.869 0.2857142985
85578  -22.826  -25.055  18.266 0.4285714328
87732  -22.968  -23.523  17.257 0.5714285970
88792  -22.916  -23.055  16.836 0.5714285970
89816  -23.888  -21.745  17.182 0.5714285970
91885  -24.536  -19.950  16.995 0.7142857313
90827  -23.120  -20.798  15.949 0.7142857313
89844  -22.770  -21.442  15.853 0.7142857313
93013  -23.700  -18.630  16.369 0.5714285970
97222  -24.789  -14.443  17.470 0.8571428657
105677  -24.429  -7.028  17.757 0.8571428657
112344  -24.724  0.278  18.715 0.8571428657
114185  -22.591  2.462  18.428 0.7142857313
114205  -20.793  2.706  17.520 0.5714285970
115148  -19.360  3.612  17.808 0.4285714328
116068  -20.328  4.501  17.449 0.4285714328
115130  -19.819  3.885  20.371 0.2857142985
115139  -19.267  3.672  18.586 0.2857142985
116036  -20.510  4.844  20.423 0.2857142985
116880  -21.440  5.101  20.875 0.1428571492
87750  -22.524  -23.867  16.642 0.2857142985
119379  -19.707  8.935  16.824 0.2857142985
120227  -19.935  10.055  17.626 0.1428571492
117788  -19.729  7.009  17.394 0.2857142985
119388  -20.171  8.689  16.469 0.2857142985
119371  -19.701  8.839  17.756 0.1428571492
118592  -19.563  6.953  18.740 0.1428571492
117772  -19.603  6.421  17.862 0.2857142985
118610  -21.657  7.419  16.821 0.2857142985
118622  -20.243  7.941  16.813 0.2857142985
115197  -24.497  3.345  14.847 0.2857142985
116941  -23.998  5.447  15.885 0.2857142985
119363  -20.506  9.065  18.745 0.1428571492
117774  -20.664  6.619  17.463 0.2857142985
116072  -24.239  4.501  17.128 0.2857142985
117789  -20.127  7.190  17.175 0.2857142985
113319  -25.669  1.227  15.545 0.1428571492
116087  -24.595  4.359  15.939 0.2857142985
116926  -23.579  5.756  16.716 0.2857142985
118593  -19.960  7.839  18.919 0.1428571492
116925  -22.610  6.369  17.179 0.2857142985
149150  -27.845  -2.848  12.153 0.1428571492
149160  -26.859  -1.132  14.286 0.1428571492
115185  -25.339  2.822  15.875 0.4285714328
116054  -23.735  4.235  18.119 0.2857142985
109561  -28.578  -2.397  15.389 0.2857142985
113307  -26.108  0.946  16.659 0.4285714328
115152  -24.616  3.389  17.678 0.2857142985
116923  -20.885  5.502  17.658 0.2857142985
107665  -29.575  -4.650  14.035 0.1428571492
149158  -27.250  -1.041  15.369 0.2857142985
114206  -25.060  2.651  17.504 0.4285714328
149164  -26.759  -0.342  17.805 0.5714285970
114188  -25.234  1.926  17.740 0.7142857313
106685  -29.839  -5.552  14.338 0.1428571492
108622  -29.402  -3.816  14.433 0.1428571492
113294  -25.658  1.099  17.576 0.7142857313
115151  -24.097  3.362  18.331 0.4285714328
110522  -27.981  -1.525  16.577 0.4285714328
104741  -29.688  -7.644  12.908 0.2857142985
106676  -30.043  -5.780  15.202 0.7142857313
112346  -26.371  -0.148  18.227 0.7142857313
108564  -27.741  -3.488  18.619 0.8571428657
108580  -29.068  -3.313  17.306 0.8571428657
110509  -27.701  -1.471  17.611 0.5714285970
103648  -29.919  -8.514  12.104 0.2857142985
110510  -28.370  -1.815  17.207 0.7142857313
110478  -24.219  -0.891  18.993 0.5714285970
110492  -27.500  -1.869  18.192 0.8571428657
102640  -29.987  -9.562  11.449 0.1428571492
106659  -29.955  -5.544  16.074 0.7142857313
101652  -30.161  -10.272  10.361 0.1428571492
100560  -21.460  -11.234  16.065 0.5714285970
102570  -24.922  -9.437  17.984 0.8571428657
102568  -23.039  -9.280  17.158 0.4285714328
103589  -24.443  -8.385  17.674 0.5714285970
106616  -26.620  -5.541  18.909 0.8571428657
104692  -29.065  -8.097  17.596 0.8571428657
106618  -28.643  -5.513  18.468 0.8571428657
101637  -29.336  -10.274  12.781 0.2857142985
104713  -29.830  -7.482  16.346 0.8571428657
106619  -29.320  -5.486  17.909 0.8571428657
109518  -27.344  -2.520  18.487 0.8571428657
101651  -29.559  -11.008  10.795 0.4285714328
103635  -29.525  -8.623  13.785 0.7142857313
105714  -30.017  -6.582  15.751 0.7142857313
99478  -21.179  -11.795  15.801 0.2857142985
101578  -23.675  -10.392  17.536 0.5714285970
101599  -22.347  -10.428  16.789 0.5714285970
101558  -26.452  -10.564  18.313 0.8571428657
103569  -28.064  -8.469  18.261 0.8571428657
104693  -29.441  -7.476  17.290 0.8571428657
105659  -29.060  -6.414  18.247 0.8571428657
102605  -29.201  -9.407  15.267 0.8571428657
101650  -28.659  -11.666  11.032 0.4285714328
95140  -21.234  -15.989  16.414 0.7142857313
97238  -20.536  -14.649  15.826 0.4285714328
95141  -21.882  -16.265  16.714 0.7142857313
96163  -22.997  -15.012  17.426 0.8571428657
98358  -21.123  -13.510  16.488 0.5714285970
99455  -21.408  -12.355  16.321 0.5714285970
99477  -20.721  -12.383  15.565 0.4285714328
98335  -23.558  -13.415  17.679 0.8571428657
99456  -22.238  -12.334  16.996 0.5714285970
100537  -21.956  -11.341  16.617 0.5714285970
99434  -25.750  -12.837  17.763 0.8571428657
99432  -23.873  -12.503  17.851 0.7142857313
100538  -22.622  -11.369  17.112 0.5714285970
100563  -27.436  -11.249  15.305 0.7142857313
101616  -27.802  -10.740  15.064 0.7142857313
102604  -28.742  -10.116  15.633 0.7142857313
102594  -29.144  -9.404  15.995 0.8571428657
100603  -27.971  -11.937  11.768 0.2857142985
101635  -27.697  -11.565  12.453 0.4285714328
101636  -28.478  -10.701  12.957 0.5714285970
94113  -21.491  -17.658  16.284 0.4285714328
95168  -20.682  -16.190  16.121 0.4285714328
96164  -23.740  -15.143  17.469 0.7142857313
96165  -24.249  -15.150  17.398 0.7142857313
98336  -24.453  -13.620  17.895 0.8571428657
100580  -26.591  -12.002  13.474 0.7142857313
100602  -27.570  -12.101  12.207 0.2857142985
100592  -26.924  -11.906  12.685 0.5714285970
100562  -26.945  -11.613  14.610 0.5714285970
91898  -22.203  -19.170  16.127 0.4285714328
93029  -21.305  -18.308  15.904 0.5714285970
94088  -22.206  -17.426  16.620 0.5714285970
94087  -21.340  -16.820  16.421 0.5714285970
96182  -23.346  -15.820  17.135 0.7142857313
98411  -26.900  -13.797  13.553 0.4285714328
99520  -26.966  -12.886  12.813 0.4285714328
99529  -27.888  -12.302  12.144 0.4285714328
100601  -27.059  -12.438  12.574 0.4285714328
89843  -22.009  -21.735  15.713 0.5714285970
95109  -26.796  -16.866  18.167 0.4285714328
96167  -26.730  -15.801  17.278 0.4285714328
98384  -27.694  -13.799  14.544 0.4285714328
96229  -26.497  -15.339  14.773 0.4285714328
84408  -23.371  -26.012  19.976 0.1428571492
97243  -27.039  -15.330  15.789 0.4285714328
98362  -27.480  -14.606  15.999 0.4285714328
98363  -27.899  -13.797  15.594 0.4285714328
86639  -24.316  -24.341  19.670 0.1428571492
87683  -24.794  -23.777  19.892 0.1428571492
89790  -25.541  -21.137  19.105 0.2857142985
95076  -27.681  -16.885  20.151 0.2857142985
98304  -28.827  -14.322  19.282 0.2857142985
96134  -27.603  -15.782  19.311 0.2857142985
92979  -26.704  -18.395  19.269 0.4285714328
98321  -28.411  -13.828  18.420 0.2857142985
96148  -27.284  -15.854  18.370 0.2857142985
95098  -26.927  -17.018  18.778 0.2857142985
98339  -27.668  -14.420  17.327 0.2857142985
85565  -24.244  -25.021  19.976 0.1428571492
87702  -25.046  -23.179  19.730 0.2857142985
88746  -25.527  -22.638  19.755 0.2857142985
90781  -27.127  -19.859  20.545 0.2857142985
92959  -27.550  -18.425  20.411 0.2857142985
92958  -27.107  -18.534  19.867 0.2857142985
91862  -26.312  -19.418  19.184 0.2857142985
94056  -27.415  -17.508  19.956 0.2857142985
86626  -25.277  -24.281  20.741 0.1428571492
89745  -26.964  -21.565  21.569 0.2857142985
87685  -26.036  -23.404  20.785 0.2857142985
89744  -26.474  -21.771  20.801 0.2857142985
88747  -26.057  -22.673  20.363 0.2857142985
90780  -26.571  -20.449  20.204 0.2857142985
81007  -22.678  -29.391  20.161 0.2857142985
83285  -23.111  -26.890  20.099 0.1428571492
82154  -23.055  -27.818  20.054 0.2857142985
84391  -23.855  -26.418  20.521 0.1428571492
77512  -21.549  -32.434  20.699 0.2857142985
76329  -21.236  -33.494  20.849 0.2857142985
76328  -20.622  -33.500  20.294 0.2857142985
82135  -23.440  -28.586  20.328 0.2857142985
77495  -22.021  -32.969  21.148 0.1428571492
75122  -20.489  -34.366  20.492 0.2857142985
87684  -25.422  -23.545  20.302 0.1428571492
88721  -26.494  -22.884  21.226 0.2857142985
91844  -26.961  -19.207  20.041 0.2857142985
94065  -26.546  -17.546  18.375 0.4285714328
95125  -26.885  -16.378  17.912 0.4285714328
98320  -27.832  -14.460  18.054 0.2857142985
99436  -28.565  -12.914  17.432 0.2857142985
96180  -21.442  -15.319  16.642 0.7142857313
99431  -23.035  -12.374  17.458 0.5714285970
97288  -26.666  -14.750  14.432 0.4285714328
99512  -26.677  -13.175  13.338 0.4285714328
99521  -27.543  -12.693  12.536 0.2857142985
99530  -28.363  -12.318  11.824 0.2857142985
101643  -27.900  -11.849  12.018 0.5714285970
109516  -25.285  -2.511  18.970 0.7142857313
102617  -28.690  -10.168  14.714 0.7142857313
107601  -28.323  -4.425  18.592 0.8571428657
112343  -23.663  0.377  18.818 0.5714285970
111416  -26.309  -0.519  18.539 0.7142857313
101644  -28.387  -11.428  11.732 0.2857142985
107602  -28.983  -4.768  18.150 0.8571428657
110491  -27.004  -1.398  18.426 0.8571428657
104735  -29.711  -7.555  14.189 0.5714285970
116070  -22.321  5.061  17.860 0.2857142985
108610  -29.060  -2.848  15.185 0.4285714328
110529  -27.678  -1.399  15.717 0.4285714328
118594  -20.602  8.109  19.605 0.1428571492
112395  -26.513  -0.099  15.304 0.1428571492
149202  -22.553  7.428  16.249 0.2857142985
77513  -22.123  -32.324  21.006 0.1428571492
77526  -20.190  -32.621  19.569 0.2857142985
79829  -23.104  -30.204  20.863 0.1428571492
83266  -23.702  -27.562  20.433 0.1428571492
85549  -23.868  -25.583  20.122 0.1428571492
86603  -25.559  -24.690  21.267 0.1428571492
87663  -26.209  -23.850  21.369 0.1428571492
88780  -24.789  -22.253  18.721 0.2857142985
89773  -25.838  -21.607  19.687 0.2857142985
94011  -28.336  -17.572  20.953 0.2857142985
95100  -27.817  -16.338  19.883 0.2857142985
93011  -21.943  -18.341  16.288 0.5714285970
95167  -19.987  -16.303  15.639 0.2857142985
99414  -29.102  -12.703  18.200 0.2857142985
99459  -28.589  -13.028  16.311 0.2857142985
98357  -20.547  -13.644  15.852 0.4285714328
97239  -20.956  -14.479  16.349 0.5714285970
100559  -20.947  -11.162  15.531 0.2857142985
98334  -22.693  -13.315  17.392 0.7142857313
101614  -21.391  -10.352  15.914 0.2857142985
99482  -28.891  -12.635  14.635 0.1428571492
99514  -28.131  -12.997  13.018 0.4285714328
99513  -27.322  -13.312  13.160 0.4285714328
99515  -28.778  -12.494  12.958 0.1428571492
102547  -28.272  -9.261  18.006 0.8571428657
99522  -28.249  -12.539  12.419 0.1428571492
101628  -27.372  -11.324  13.469 0.5714285970
100612  -28.311  -12.069  11.316 0.2857142985
103624  -29.614  -8.565  14.828 0.7142857313
107615  -28.905  -4.043  17.981 0.8571428657
100631  -29.360  -11.897  9.230 0.2857142985
101657  -29.682  -11.255  9.603 0.1428571492
117764  -19.634  6.209  18.476 0.2857142985
103641  -29.756  -8.831  12.987 0.4285714328
102647  -30.278  -9.602  10.039 0.1428571492
108598  -29.449  -3.356  16.506 0.5714285970
102654  -29.929  -8.804  9.729 0.1428571492
105731  -29.664  -6.355  13.485 0.1428571492
106692  -29.562  -5.305  13.500 0.1428571492
109551  -28.728  -2.407  16.720 0.5714285970
105738  -29.457  -6.393  12.108 0.1428571492
108632  -29.279  -4.085  13.771 0.1428571492
115170  -25.404  2.568  16.439 0.2857142985
112381  -26.314  0.467  15.742 0.2857142985
149152  -27.992  -2.196  13.884 0.1428571492
149151  -28.273  -2.723  12.961 0.1428571492
149156  -27.209  -1.605  13.668 0.1428571492
115198  -24.946  2.926  15.308 0.2857142985
114243  -24.538  2.460  14.400 0.2857142985
113340  -25.102  1.159  13.993 0.1428571492
112405  -25.467  0.700  14.107 0.1428571492
78643  -24.197  -30.820  21.801 0.1428571492
84392  -24.525  -26.284  20.981 0.1428571492
97170  -28.622  -15.464  19.979 0.2857142985
99531  -29.086  -12.456  11.292 0.2857142985
110551  -26.375  -1.336  12.844 0.1428571492
115210  -24.132  3.440  13.917 0.2857142985
78659  -22.180  -31.537  20.772 0.1428571492
81008  -23.284  -29.528  20.617 0.1428571492
85564  -23.634  -25.172  19.338 0.1428571492
87701  -24.435  -23.422  19.350 0.2857142985
88764  -25.030  -22.573  19.251 0.2857142985
86638  -23.903  -24.161  19.211 0.1428571492
89789  -25.242  -21.613  18.898 0.2857142985
95142  -22.805  -16.567  16.856 0.5714285970
98402  -27.219  -14.233  13.975 0.4285714328
101601  -28.208  -10.758  16.143 0.7142857313
101579  -24.590  -10.486  17.894 0.8571428657
102573  -28.493  -9.613  17.302 0.8571428657
112329  -24.218  -0.087  18.917 0.5714285970
112345  -25.919  0.318  18.171 0.7142857313
114187  -24.606  2.379  18.185 0.5714285970
116053  -22.793  4.310  18.108 0.2857142985
116055  -24.317  3.971  17.949 0.2857142985
100579  -26.465  -12.664  13.485 0.4285714328
89827  -22.651  -22.052  15.913 0.5714285970
97223  -27.079  -15.093  16.726 0.4285714328
100517  -24.231  -11.532  17.878 0.5714285970
108565  -28.504  -3.358  18.181 0.8571428657
116924  -21.727  5.581  17.721 0.2857142985
117773  -19.935  6.373  17.545 0.2857142985
97221  -24.120  -14.477  17.672 0.8571428657
119378  -19.697  8.174  16.977 0.2857142985
118609  -19.575  8.223  17.417 0.2857142985
118608  -19.570  7.456  17.555 0.2857142985
118623  -20.978  8.285  16.342 0.2857142985
118600  -19.459  7.726  18.080 0.1428571492
118599  -19.404  6.947  18.118 0.1428571492
117790  -20.700  7.546  16.970 0.2857142985
116096  -24.422  4.099  15.172 0.2857142985
115184  -24.867  3.500  15.649 0.2857142985
115169  -25.045  3.283  16.685 0.2857142985
117775  -21.507  6.353  17.459 0.2857142985
114220  -25.579  1.997  16.122 0.2857142985
112394  -25.812  0.437  14.894 0.1428571492
111450  -26.299  -0.351  14.491 0.1428571492
116071  -23.280  5.103  17.609 0.2857142985
110552  -27.322  -1.917  13.155 0.1428571492
149154  -27.058  -1.110  14.867 0.1428571492
110541  -26.309  -0.725  13.759 0.1428571492
114231  -25.211  2.227  15.141 0.1428571492
109571  -28.550  -2.783  14.411 0.1428571492
113295  -26.110  0.622  17.552 0.5714285970
113308  -26.516  0.231  17.241 0.4285714328
114207  -25.635  2.146  17.015 0.5714285970
107673  -29.279  -4.492  13.061 0.1428571492
112382  -27.063  -0.464  16.384 0.4285714328
110521  -27.433  -1.039  16.947 0.5714285970
110508  -27.260  -1.013  17.766 0.7142857313
107657  -29.897  -4.662  15.124 0.4285714328
108597  -29.157  -2.924  16.671 0.5714285970
105724  -29.953  -6.575  14.713 0.5714285970
107639  -29.790  -4.325  16.417 0.7142857313
109536  -28.426  -2.397  17.703 0.7142857313
102634  -29.702  -9.596  12.492 0.4285714328
105699  -29.882  -6.493  16.741 0.8571428657
102592  -22.736  -8.758  16.744 0.4285714328
102567  -22.606  -9.831  16.936 0.4285714328
103591  -29.212  -8.706  17.032 0.8571428657
103611  -29.549  -8.570  16.022 0.8571428657
102626  -29.356  -9.736  13.377 0.4285714328
101645  -29.216  -10.433  12.023 0.5714285970
104725  -29.946  -7.587  15.318 0.8571428657
96179  -20.842  -15.336  16.172 0.4285714328
96181  -22.321  -15.406  17.102 0.7142857313
97240  -21.599  -14.393  16.921 0.7142857313
97220  -23.252  -14.268  17.524 0.7142857313
98359  -21.811  -13.332  17.053 0.5714285970
99454  -20.866  -12.948  16.105 0.4285714328
98380  -20.169  -13.212  15.170 0.2857142985
101629  -28.005  -10.611  14.046 0.5714285970
95110  -27.056  -16.481  18.613 0.2857142985
97206  -27.515  -15.094  17.839 0.4285714328
98383  -27.418  -14.504  14.842 0.4285714328
99481  -28.360  -13.166  15.119 0.4285714328
99501  -27.906  -13.198  13.969 0.4285714328
89772  -25.440  -22.116  19.390 0.2857142985
95099  -27.299  -16.693  19.397 0.2857142985
94055  -26.989  -17.534  19.274 0.2857142985
97207  -27.976  -14.704  18.485 0.2857142985
92980  -27.170  -18.086  19.751 0.2857142985
98340  -28.005  -13.694  16.858 0.4285714328
85550  -24.431  -25.443  20.599 0.1428571492
86602  -24.962  -24.862  20.874 0.1428571492
87662  -25.703  -23.941  20.895 0.1428571492
90749  -26.784  -20.998  21.017 0.2857142985
76314  -21.898  -33.598  21.272 0.1428571492
75123  -21.079  -34.247  21.055 0.1428571492
77496  -22.699  -32.344  21.411 0.1428571492
79808  -23.732  -30.235  21.244 0.1428571492
118582  -20.371  7.232  19.896 0.1428571492
109514  -23.249  -2.479  18.502 0.5714285970
108578  -23.317  -4.141  17.916 0.4285714328
108560  -23.702  -3.418  18.425 0.4285714328
109515  -24.215  -2.475  18.760 0.5714285970
107614  -23.733  -4.950  17.830 0.4285714328
108561  -24.608  -3.718  18.730 0.5714285970
105676  -23.966  -6.573  17.668 0.4285714328
106634  -24.082  -5.668  17.946 0.4285714328
106633  -23.423  -5.798  17.572 0.4285714328
107597  -24.382  -4.831  18.273 0.5714285970
103588  -23.587  -8.215  17.270 0.5714285970
98306  -30.328  -13.883  19.397 0.1428571492
85609  -21.243  -25.555  16.615 0.2857142985
97189  -28.427  -15.007  19.334 0.1428571492
97209  -31.886  -14.373  18.291 0.1428571492
97191  -30.063  -14.534  19.877 0.1428571492
98325  -32.000  -13.877  17.968 0.1428571492
98307  -31.123  -13.876  19.244 0.1428571492
98342  -32.383  -13.669  17.383 0.1428571492
84455  -21.016  -26.232  16.925 0.2857142985
95078  -29.111  -16.455  20.896 0.1428571492
96112  -30.340  -15.852  20.498 0.1428571492
96110  -28.792  -15.864  20.409 0.1428571492
97192  -31.005  -14.668  19.731 0.1428571492
96168  -32.494  -15.498  17.278 0.1428571492
96150  -31.525  -15.573  19.278 0.1428571492
97247  -35.766  -14.706  15.443 0.1428571492
97269  -33.983  -15.003  15.716 0.1428571492
97271  -35.273  -14.448  15.313 0.1428571492
84441  -20.833  -26.613  17.126 0.2857142985
84453  -19.726  -26.211  16.676 0.2857142985
90751  -28.176  -19.815  21.923 0.1428571492
92932  -28.819  -18.362  21.810 0.1428571492
92931  -28.210  -18.063  21.089 0.1428571492
91845  -27.453  -19.400  20.700 0.1428571492
94012  -28.732  -17.536  21.260 0.1428571492
95101  -31.521  -16.647  19.826 0.1428571492
94036  -30.606  -17.172  20.903 0.1428571492
95111  -31.861  -16.560  18.668 0.1428571492
95080  -30.867  -16.604  20.584 0.1428571492
95148  -33.703  -16.067  15.184 0.1428571492
96212  -35.522  -15.420  15.189 0.1428571492
96210  -34.174  -15.589  15.272 0.1428571492
83325  -20.452  -26.967  17.100 0.2857142985
83312  -19.783  -27.828  16.790 0.2857142985
82177  -19.733  -28.426  17.041 0.2857142985
90715  -28.910  -19.975  22.587 0.1428571492
91815  -28.554  -19.217  22.071 0.1428571492
92933  -29.689  -18.238  21.889 0.1428571492
94014  -30.271  -17.697  21.312 0.1428571492
95112  -32.288  -16.405  17.658 0.1428571492
95126  -32.565  -16.434  16.709 0.1428571492
96170  -35.826  -15.281  16.372 0.1428571492
96189  -35.850  -15.378  15.693 0.1428571492
88722  -26.712  -22.249  21.488 0.1428571492
89707  -27.598  -21.361  22.312 0.1428571492
91784  -30.409  -19.559  22.188 0.1428571492
89709  -29.588  -20.996  22.856 0.1428571492
92960  -31.492  -18.837  20.075 0.1428571492
91782  -29.118  -18.998  22.379 0.1428571492
94057  -31.651  -17.867  19.167 0.1428571492
94015  -30.783  -18.241  21.165 0.1428571492
95173  -35.232  -16.396  14.766 0.1428571492
95174  -35.653  -16.126  15.444 0.1428571492
88685  -28.163  -22.170  22.998 0.1428571492
89710  -30.581  -21.088  22.482 0.1428571492
89708  -28.536  -21.108  22.810 0.1428571492
91816  -31.034  -19.715  21.556 0.1428571492
90716  -30.027  -20.205  22.552 0.1428571492
92991  -31.666  -18.670  18.126 0.1428571492
91846  -31.622  -19.806  19.837 0.1428571492
94078  -32.311  -17.532  16.422 0.1428571492
94066  -31.937  -17.538  17.664 0.1428571492
88688  -30.971  -22.003  22.468 0.1428571492
88687  -30.205  -21.852  22.935 0.1428571492
88686  -29.224  -21.895  23.209 0.1428571492
90782  -31.579  -20.567  20.391 0.1428571492
89774  -31.488  -21.326  20.951 0.1428571492
91863  -31.542  -19.966  19.113 0.1428571492
95147  -33.073  -16.642  15.453 0.1428571492
93002  -31.811  -18.464  17.194 0.1428571492
90752  -31.165  -20.493  21.726 0.1428571492
92935  -31.156  -18.809  21.011 0.1428571492
94037  -31.152  -17.717  20.569 0.1428571492
95128  -35.703  -15.775  16.808 0.1428571492
97211  -35.301  -14.502  17.475 0.1428571492
96211  -34.861  -15.486  14.962 0.1428571492
96151  -32.031  -15.357  18.283 0.1428571492
96188  -33.587  -15.614  15.708 0.1428571492
97190  -29.232  -14.660  19.791 0.1428571492
98323  -30.650  -13.218  18.901 0.1428571492
82178  -20.434  -28.272  17.517 0.2857142985
95171  -33.401  -16.996  14.721 0.1428571492
96169  -35.554  -15.291  17.131 0.1428571492
97210  -34.658  -14.512  18.277 0.1428571492
104689  -23.506  -7.284  17.342 0.4285714328
97225  -35.748  -14.504  16.615 0.1428571492
97226  -36.042  -14.556  15.877 0.1428571492
97246  -34.015  -14.409  15.871 0.1428571492
99415  -30.116  -12.511  18.341 0.1428571492
110488  -23.686  -1.393  18.837 0.4285714328
111413  -23.021  -0.508  18.696 0.4285714328
114255  -23.741  2.656  13.280 0.1428571492
110489  -24.750  -1.302  19.032 0.4285714328
82186  -20.399  -27.540  17.075 0.2857142985
98305  -29.380  -13.988  19.382 0.1428571492
90750  -27.446  -20.350  21.292 0.1428571492
88683  -26.657  -23.373  21.684 0.1428571492
95077  -28.324  -16.599  20.517 0.1428571492
97171  -29.038  -15.267  20.153 0.1428571492
98322  -29.640  -13.278  18.860 0.1428571492
97208  -31.532  -14.557  18.909 0.1428571492
98324  -31.508  -13.547  18.517 0.1428571492
97224  -32.272  -14.564  17.698 0.1428571492
97172  -29.804  -15.200  20.216 0.1428571492
97244  -32.722  -14.631  16.915 0.1428571492
98364  -33.013  -13.767  16.703 0.1428571492
97245  -33.480  -14.696  16.261 0.1428571492
95062  -29.312  -17.083  21.202 0.1428571492
95079  -30.016  -16.697  21.038 0.1428571492
96111  -29.531  -15.861  20.582 0.1428571492
96135  -31.154  -15.673  20.211 0.1428571492
96187  -32.966  -15.581  16.363 0.1428571492
97270  -34.562  -14.669  15.524 0.1428571492
90714  -28.059  -20.481  22.259 0.1428571492
91814  -28.018  -19.086  21.336 0.1428571492
94013  -29.433  -17.677  21.502 0.1428571492
92934  -30.457  -18.741  21.754 0.1428571492
92909  -30.129  -19.099  22.245 0.1428571492
94067  -32.227  -16.958  17.103 0.1428571492
88684  -27.172  -22.833  22.206 0.1428571492
90717  -30.782  -20.304  22.155 0.1428571492
92981  -31.713  -19.139  19.123 0.1428571492
91817  -31.450  -19.697  20.692 0.1428571492
89711  -31.161  -21.417  22.107 0.1428571492
94077  -31.903  -17.944  16.932 0.1428571492
94093  -32.486  -17.712  15.314 0.1428571492
73999  -18.817  -35.138  19.437 0.1428571492
75139  -19.991  -34.237  19.950 0.1428571492
75153  -18.229  -34.229  18.942 0.1428571492
76340  -18.770  -33.683  19.086 0.1428571492
76342  -20.100  -33.509  19.703 0.1428571492
76341  -19.167  -33.531  19.218 0.1428571492
77525  -19.614  -32.588  19.152 0.1428571492
79851  -18.770  -30.671  17.962 0.1428571492
79865  -19.077  -30.092  17.805 0.1428571492
79852  -19.538  -30.243  18.219 0.1428571492
78681  -18.235  -31.478  18.281 0.1428571492
79864  -18.584  -29.900  17.713 0.1428571492
81048  -19.373  -29.411  17.614 0.1428571492
81049  -20.025  -28.978  17.487 0.1428571492
82175  -18.010  -28.260  17.343 0.1428571492
83309  -17.556  -27.329  17.318 0.1428571492
83323  -19.182  -26.807  16.785 0.1428571492
84452  -19.100  -26.061  16.871 0.2857142985
85608  -20.278  -25.495  16.256 0.1428571492
86693  -20.993  -24.942  15.923 0.1428571492
85607  -19.492  -25.463  16.463 0.2857142985
87763  -21.077  -24.039  15.861 0.2857142985
90840  -20.514  -20.585  15.508 0.4285714328
91916  -22.253  -20.087  16.009 0.4285714328
91897  -21.720  -18.813  15.968 0.4285714328
103609  -23.008  -8.373  16.895 0.2857142985
104711  -22.459  -7.395  16.694 0.2857142985
104690  -24.114  -7.482  17.536 0.2857142985
108596  -21.790  -4.501  17.024 0.2857142985
108577  -22.465  -3.849  17.444 0.2857142985
108559  -23.014  -3.316  18.084 0.2857142985
109513  -22.441  -2.612  18.032 0.4285714328
83324  -19.924  -27.170  16.836 0.1428571492
85606  -18.882  -25.342  16.772 0.1428571492
86680  -19.356  -24.609  16.221 0.2857142985
77538  -18.539  -32.290  18.625 0.1428571492
79850  -17.801  -30.341  17.907 0.1428571492
81047  -18.432  -29.137  17.542 0.1428571492
83310  -18.452  -27.192  16.914 0.1428571492
83322  -18.780  -26.539  16.872 0.1428571492
84451  -18.543  -26.131  17.033 0.1428571492
87748  -18.904  -24.082  16.293 0.2857142985
86692  -20.238  -24.683  15.830 0.2857142985
86691  -19.734  -24.174  15.732 0.2857142985
87762  -20.286  -23.690  15.592 0.2857142985
87749  -21.935  -23.527  16.029 0.2857142985
89842  -20.914  -21.703  15.448 0.4285714328
102591  -22.234  -9.312  16.499 0.2857142985
103622  -21.670  -8.378  16.055 0.2857142985
103608  -22.560  -8.210  16.588 0.2857142985
104723  -21.432  -7.516  16.063 0.2857142985
105698  -22.649  -7.066  17.007 0.2857142985
105674  -22.595  -6.276  17.106 0.2857142985
107638  -21.924  -5.330  16.920 0.2857142985
107656  -20.151  -4.978  15.842 0.2857142985
102603  -21.877  -8.845  16.191 0.2857142985
104724  -22.107  -7.826  16.304 0.2857142985
103634  -20.292  -8.839  15.072 0.2857142985
105713  -20.918  -6.721  15.862 0.2857142985
106675  -21.192  -6.127  16.191 0.2857142985
105697  -22.328  -6.633  16.803 0.2857142985
106656  -21.089  -5.543  16.311 0.2857142985
107613  -22.980  -4.992  17.608 0.2857142985
105723  -19.747  -7.387  14.747 0.2857142985
105712  -20.065  -6.793  15.073 0.2857142985
105696  -21.635  -6.685  16.353 0.2857142985
90841  -21.601  -20.732  15.641 0.4285714328
81035  -19.719  -29.708  18.017 0.1428571492
88821  -21.333  -22.857  15.695 0.4285714328
78682  -19.295  -31.612  18.672 0.1428571492
77539  -19.008  -32.598  18.791 0.1428571492
106658  -22.307  -5.880  16.986 0.2857142985
85619  -20.559  -25.114  16.003 0.1428571492
83311  -19.306  -27.651  16.858 0.1428571492
82176  -18.871  -28.361  17.189 0.1428571492
75137  -18.727  -34.139  19.207 0.1428571492
76355  -19.076  -33.040  18.953 0.1428571492
81046  -17.700  -29.180  17.790 0.1428571492
86679  -18.613  -24.580  16.648 0.2857142985
106673  -19.367  -5.860  14.946 0.2857142985
93028  -20.430  -18.382  15.674 0.2857142985
91915  -21.288  -19.440  15.722 0.2857142985
94112  -20.708  -17.298  15.966 0.2857142985
119410  -22.534  8.888  13.802 0.1428571492
118645  -22.515  7.955  12.764 0.1428571492
149208  -22.761  7.640  14.375 0.1428571492
116949  -23.712  5.901  14.924 0.1428571492
116959  -24.051  4.884  14.462 0.1428571492
120271  -22.941  9.304  14.492 0.1428571492
149203  -23.132  7.187  14.631 0.1428571492
121102  -20.458  10.677  15.625 0.1428571492
94111  -19.788  -17.371  15.578 0.2857142985
116112  -23.478  4.579  13.421 0.1428571492
117812  -23.044  6.990  12.924 0.1428571492
117803  -23.299  6.763  14.092 0.1428571492
116958  -23.743  5.270  14.137 0.1428571492
116950  -24.206  4.953  14.971 0.1428571492
120253  -22.290  8.333  15.193 0.1428571492
120245  -21.100  9.496  15.893 0.1428571492
120244  -20.053  9.769  16.076 0.1428571492
116940  -23.181  6.951  15.450 0.1428571492
118644  -22.534  8.257  13.688 0.1428571492
118637  -22.703  7.647  13.536 0.1428571492
149201  -22.649  7.645  14.964 0.1428571492
120246  -22.504  9.621  15.623 0.1428571492
116967  -23.255  5.765  13.078 0.1428571492
104733  -19.413  -7.923  14.630 0.1428571492
103621  -20.904  -8.409  15.578 0.1428571492
104734  -20.202  -7.921  14.924 0.1428571492
106654  -16.833  -5.262  15.892 0.1428571492
107633  -17.754  -4.847  16.205 0.1428571492
102602  -21.423  -9.333  15.914 0.1428571492
107654  -18.602  -5.276  15.618 0.1428571492
108591  -17.474  -4.501  16.972 0.1428571492
108593  -19.401  -3.780  16.537 0.1428571492
108592  -18.459  -3.926  16.991 0.2857142985
97265  -20.037  -14.390  15.208 0.1428571492
101626  -19.692  -10.554  14.466 0.1428571492
101627  -20.410  -10.585  15.000 0.1428571492
102616  -20.017  -9.639  14.802 0.1428571492
104732  -18.609  -7.820  14.653 0.1428571492
107636  -20.596  -4.814  16.275 0.1428571492
109550  -20.488  -3.430  16.757 0.1428571492
109549  -19.961  -3.131  16.782 0.2857142985
110506  -21.212  -1.659  17.500 0.2857142985
112361  -19.493  0.740  17.608 0.2857142985
112340  -19.125  0.823  18.330 0.2857142985
113291  -19.300  1.733  17.875 0.2857142985
117757  -19.965  6.088  19.190 0.1428571492
115119  -20.268  3.774  20.926 0.1428571492
110487  -22.647  -1.536  18.425 0.2857142985
109533  -20.771  -2.765  17.119 0.2857142985
111428  -21.547  -1.037  17.636 0.2857142985
112342  -22.598  0.492  18.463 0.2857142985
111411  -21.438  0.101  17.780 0.2857142985
111426  -19.826  -0.325  17.465 0.2857142985
113271  -21.461  1.366  17.740 0.2857142985
112362  -20.251  0.675  17.347 0.2857142985
112328  -19.209  0.937  19.263 0.2857142985
116891  -20.331  5.331  20.026 0.1428571492
111425  -19.288  -0.146  18.080 0.1428571492
110486  -18.951  -0.709  18.371 0.1428571492
109548  -19.184  -2.991  17.033 0.2857142985
114174  -19.224  2.733  19.183 0.1428571492
113270  -19.056  1.789  18.701 0.2857142985
114166  -19.415  2.598  20.327 0.1428571492
108573  -17.062  -4.423  17.276 0.2857142985
112319  -19.430  1.072  20.168 0.1428571492
114160  -20.437  2.959  21.921 0.1428571492
113248  -19.375  1.701  20.492 0.1428571492
107578  -15.066  -4.505  19.816 0.1428571492
100621  -29.359  -12.073  10.056 0.1428571492
100577  -20.015  -11.487  14.590 0.1428571492
102615  -19.292  -9.619  14.424 0.1428571492
98430  -29.648  -13.655  10.023 0.1428571492
102614  -18.424  -9.606  14.528 0.1428571492
104721  -17.124  -7.690  15.410 0.1428571492
105720  -17.530  -7.118  15.141 0.1428571492
105710  -17.637  -6.516  15.192 0.1428571492
106653  -15.813  -5.549  16.299 0.1428571492
107655  -19.552  -5.119  15.709 0.1428571492
108590  -17.070  -4.567  16.955 0.1428571492
108595  -20.997  -3.995  16.746 0.1428571492
110505  -20.305  -1.470  17.523 0.1428571492
111427  -20.937  -0.431  17.600 0.2857142985
112315  -19.451  1.169  20.928 0.1428571492
111403  -19.213  0.271  19.992 0.2857142985
115129  -19.453  3.792  19.704 0.1428571492
113244  -19.952  2.136  21.909 0.1428571492
114159  -19.800  2.828  21.227 0.1428571492
100613  -28.916  -12.119  10.703 0.1428571492
99538  -29.572  -12.972  10.450 0.1428571492
113293  -20.712  1.727  17.349 0.2857142985
113292  -19.794  1.693  17.326 0.2857142985
114183  -19.243  2.699  18.232 0.2857142985
115118  -19.728  3.388  20.541 0.1428571492
116892  -20.835  5.491  20.507 0.1428571492
99498  -20.140  -12.317  14.949 0.1428571492
98400  -19.823  -12.919  14.789 0.1428571492
102590  -21.690  -9.831  16.204 0.1428571492
99523  -29.105  -12.480  12.241 0.1428571492
108576  -21.593  -3.538  17.074 0.1428571492
109534  -21.749  -2.667  17.452 0.1428571492
103633  -19.686  -8.771  14.743 0.1428571492
105721  -18.217  -6.905  14.736 0.1428571492
106672  -18.239  -5.989  15.129 0.1428571492
103620  -17.312  -8.556  15.131 0.1428571492
103631  -18.106  -8.674  14.818 0.1428571492
106671  -17.318  -5.880  15.540 0.1428571492
107653  -17.850  -5.437  15.640 0.1428571492
107635  -19.819  -4.473  16.095 0.1428571492
107634  -18.922  -4.564  16.203 0.1428571492
108594  -20.216  -3.908  16.488 0.1428571492
109532  -19.800  -2.365  17.414 0.2857142985
110507  -21.921  -1.658  17.831 0.2857142985
111410  -18.996  -0.098  18.936 0.1428571492
115120  -21.170  3.638  21.498 0.1428571492
111412  -22.031  -0.478  17.951 0.2857142985
112341  -21.785  0.609  17.962 0.2857142985
112363  -21.047  0.677  17.660 0.2857142985
113257  -19.191  1.806  19.688 0.2857142985
117747  -20.972  6.520  20.397 0.1428571492
86678  -17.937  -24.555  16.961 0.1428571492
87760  -18.800  -23.002  16.097 0.1428571492
87745  -17.174  -22.945  17.116 0.1428571492
89826  -16.884  -21.643  16.585 0.1428571492
89838  -17.306  -21.351  16.135 0.1428571492
88818  -18.297  -22.399  16.177 0.1428571492
88820  -20.109  -22.668  15.483 0.1428571492
90837  -17.647  -20.489  15.773 0.1428571492
90838  -18.449  -20.523  15.532 0.1428571492
89841  -19.808  -21.594  15.506 0.1428571492
90839  -19.418  -20.545  15.482 0.1428571492
90836  -17.069  -20.388  16.186 0.1428571492
91912  -18.065  -19.539  15.570 0.1428571492
91913  -18.956  -19.502  15.375 0.1428571492
93027  -19.401  -18.406  15.530 0.1428571492
95166  -19.420  -16.610  15.291 0.1428571492
88819  -19.155  -22.475  15.741 0.1428571492
86665  -17.283  -24.670  17.290 0.1428571492
87746  -17.578  -23.588  17.057 0.1428571492
88805  -17.468  -22.378  16.639 0.1428571492
96206  -20.314  -15.375  15.680 0.1428571492
91914  -20.009  -19.478  15.514 0.1428571492
87747  -18.430  -23.588  16.483 0.1428571492
88806  -17.988  -22.963  16.657 0.1428571492
88804  -16.652  -22.323  17.152 0.1428571492
88817  -17.748  -21.890  16.181 0.1428571492
89839  -17.975  -21.413  15.781 0.1428571492
89840  -18.821  -21.516  15.645 0.1428571492
91911  -17.374  -19.553  15.927 0.1428571492
90835  -16.581  -20.288  16.552 0.1428571492
74010  -18.019  -34.624  18.952 0.1428571492
74011  -18.336  -34.688  19.104 0.1428571492
78667  -19.713  -31.977  19.088 0.1428571492
79853  -20.014  -30.172  18.639 0.1428571492
79863  -18.119  -29.649  17.710 0.1428571492
81037  -20.850  -28.967  18.577 0.2857142985
82185  -20.159  -27.930  16.836 0.2857142985
83313  -20.852  -27.230  17.451 0.4285714328
84443  -21.878  -26.125  17.880 0.4285714328
84454  -20.484  -26.321  16.779 0.2857142985
85524  -25.037  -25.618  21.173 0.1428571492
85620  -20.769  -25.306  16.144 0.2857142985
86625  -24.746  -24.441  20.326 0.1428571492
86664  -16.765  -24.602  17.516 0.1428571492
86667  -23.162  -24.224  18.008 0.7142857313
86681  -19.806  -25.077  16.132 0.2857142985
87700  -23.898  -23.651  18.921 0.2857142985
87717  -24.167  -23.129  18.820 0.4285714328
87761  -19.291  -23.558  15.859 0.2857142985
88779  -24.267  -22.560  18.323 0.4285714328
88808  -22.725  -22.826  16.144 0.4285714328
89746  -31.109  -20.862  22.080 0.1428571492
89747  -31.304  -21.110  21.619 0.1428571492
89791  -31.608  -21.449  20.093 0.1428571492
90753  -31.377  -20.483  21.163 0.1428571492
91783  -29.723  -19.429  22.416 0.1428571492
91872  -25.396  -19.517  17.848 0.5714285970
92907  -29.326  -18.568  22.129 0.1428571492
92908  -29.751  -18.807  22.218 0.1428571492
94034  -27.972  -17.462  20.588 0.2857142985
94035  -28.432  -17.228  20.862 0.2857142985
95061  -28.764  -16.955  21.007 0.1428571492
95063  -29.772  -17.271  21.304 0.1428571492
96109  -28.256  -15.821  19.927 0.2857142985
96133  -27.237  -16.157  18.965 0.2857142985
96149  -27.736  -15.255  18.691 0.2857142985
97173  -30.510  -15.153  20.176 0.1428571492
97219  -22.407  -14.283  17.333 0.7142857313
97241  -24.610  -15.046  17.332 0.7142857313
97268  -27.036  -15.160  15.066 0.4285714328
98337  -25.274  -13.849  17.392 1.0000000000
98403  -27.527  -13.781  13.979 0.4285714328
98410  -26.442  -13.776  13.779 0.5714285970
99433  -24.826  -12.736  18.044 0.8571428657
99458  -26.804  -12.247  15.610 0.8571428657
99500  -27.352  -13.708  13.658 0.4285714328
100516  -23.388  -11.417  17.480 0.5714285970
100541  -27.748  -11.120  15.596 0.8571428657
100561  -26.387  -12.411  14.002 0.4285714328
100578  -20.432  -11.588  15.116 0.1428571492
100591  -26.666  -12.530  12.990 0.4285714328
100611  -27.970  -12.105  11.812 0.2857142985
101559  -27.109  -10.553  18.078 1.0000000000
101577  -22.894  -10.426  17.247 0.5714285970
101580  -25.532  -10.583  18.251 0.8571428657
101598  -21.805  -10.401  16.384 0.2857142985
101600  -27.895  -11.164  16.462 0.8571428657
101613  -20.961  -10.181  15.525 0.1428571492
101615  -27.493  -11.070  14.289 0.7142857313
101625  -18.847  -10.551  14.399 0.1428571492
101665  -29.834  -11.384  9.076 0.1428571492
102545  -26.840  -9.577  18.367 1.0000000000
102569  -24.014  -9.334  17.601 0.8571428657
102572  -27.910  -9.957  17.738 1.0000000000
102593  -28.801  -9.716  16.505 0.7142857313
102601  -20.663  -9.492  15.312 0.1428571492
102618  -29.198  -9.458  14.325 0.4285714328
102625  -28.741  -10.151  13.891 0.7142857313
102641  -30.193  -9.910  10.705 0.1428571492
102646  -30.090  -8.988  10.534 0.1428571492
103567  -26.195  -8.504  18.403 0.8571428657
103570  -28.719  -8.644  17.801 0.8571428657
103592  -29.529  -8.059  16.698 0.8571428657
103610  -29.193  -9.100  16.415 0.8571428657
103623  -22.124  -8.484  16.299 0.2857142985
103632  -18.923  -8.724  14.588 0.1428571492
104667  -25.601  -7.518  18.307 0.7142857313
104670  -28.712  -7.519  18.076 0.8571428657
104671  -29.203  -6.949  17.815 0.8571428657
104710  -22.014  -7.200  16.471 0.2857142985
104712  -22.953  -7.581  17.024 0.2857142985
104720  -16.461  -7.493  15.714 0.1428571492
104722  -20.695  -7.467  15.541 0.2857142985
104731  -17.826  -7.783  14.998 0.1428571492
105658  -28.190  -6.509  18.618 1.0000000000
105675  -22.985  -6.649  17.291 0.4285714328
105678  -29.508  -6.381  17.562 0.8571428657
105711  -19.502  -6.484  14.757 0.2857142985
105722  -19.233  -6.981  14.541 0.1428571492
106614  -24.739  -5.594  18.268 0.4285714328
106617  -27.716  -5.498  18.849 0.8571428657
106632  -22.770  -5.824  17.306 0.4285714328
106635  -29.766  -5.437  17.088 0.8571428657
106655  -17.409  -5.309  15.774 0.1428571492
106657  -21.750  -5.901  16.573 0.2857142985
106674  -20.405  -5.737  15.756 0.2857142985
106683  -18.844  -6.374  14.692 0.1428571492
106684  -19.242  -6.401  14.685 0.2857142985
107612  -22.313  -5.127  17.320 0.2857142985
107616  -29.406  -4.441  17.450 0.8571428657
107637  -21.372  -5.041  16.663 0.2857142985
108579  -23.904  -4.265  18.325 0.4285714328
108581  -29.514  -3.829  16.961 0.7142857313
108611  -29.430  -3.252  15.476 0.1428571492
108621  -28.984  -3.067  14.738 0.4285714328
109519  -28.018  -2.751  18.284 0.8571428657
109535  -27.846  -2.160  18.115 0.8571428657
109552  -29.191  -2.752  16.072 0.5714285970
109560  -27.537  -1.556  14.821 0.2857142985
109562  -29.097  -2.776  15.640 0.4285714328
111404  -23.843  -0.492  18.946 0.5714285970
111405  -24.331  -0.484  18.938 0.5714285970
111414  -24.710  -0.487  18.904 0.8571428657
111461  -25.820  0.118  14.185 0.1428571492
111462  -25.997  -0.277  13.858 0.1428571492
112330  -24.496  -0.189  18.861 0.5714285970
112364  -25.886  0.677  17.773 0.5714285970
113329  -24.777  1.838  14.371 0.2857142985
113330  -25.236  1.422  14.543 0.1428571492
114230  -24.775  2.727  14.953 0.2857142985
114244  -24.911  1.966  14.645 0.2857142985
116025  -20.430  4.398  20.585 0.2857142985
116052  -22.144  4.318  17.942 0.2857142985
116104  -23.796  4.766  13.918 0.1428571492
116105  -24.107  4.395  14.253 0.1428571492
116113  -23.845  4.028  13.697 0.1428571492
118621  -19.822  7.650  17.092 0.2857142985
118650  -22.434  8.772  12.982 0.1428571492
119387  -19.943  8.134  16.843 0.2857142985
119415  -22.949  9.233  13.250 0.1428571492
149149  -28.427  -3.282  12.489 0.1428571492
149153  -27.759  -2.348  12.915 0.1428571492
149155  -27.417  -1.595  14.166 0.1428571492
149157  -27.230  -0.808  16.872 0.5714285970
149159  -26.896  -0.996  14.735 0.1428571492
149161  -26.837  -0.749  15.071 0.1428571492
149162  -27.403  -1.122  17.562 0.5714285970
149163  -27.257  -0.893  17.284 0.5714285970
149165  -26.357  0.236  17.718 0.5714285970
149205  -22.593  7.912  13.786 0.1428571492
