#!ascii label  , from subject tim vox2ras=TkReg
417
90806  -24.433  -21.300  17.687 0.0000000000
94113  -21.491  -17.658  16.284 0.0000000000
107614  -23.733  -4.950  17.830 0.0000000000
102544  -25.838  -9.511  18.323 0.0000000000
98361  -25.908  -13.603  16.147 0.0000000000
96167  -26.730  -15.801  17.278 0.0000000000
109513  -22.441  -2.612  18.032 0.0000000000
100519  -26.315  -11.732  17.982 0.0000000000
99456  -22.238  -12.334  16.996 0.0000000000
91899  -23.152  -19.732  16.151 0.0000000000
94091  -24.783  -17.687  16.469 0.0000000000
92990  -26.009  -18.506  18.229 0.0000000000
84442  -21.405  -26.290  17.408 0.0000000000
89827  -22.651  -22.052  15.913 0.0000000000
116067  -19.643  4.533  17.552 0.0000000000
114185  -22.591  2.462  18.428 0.0000000000
112344  -24.724  0.278  18.715 0.0000000000
110492  -27.500  -1.869  18.192 0.0000000000
107602  -28.983  -4.768  18.150 0.0000000000
105655  -24.904  -6.571  18.154 0.0000000000
104713  -29.830  -7.482  16.346 0.0000000000
102617  -28.690  -10.168  14.714 0.0000000000
100592  -26.924  -11.906  12.685 0.0000000000
99513  -27.322  -13.312  13.160 0.0000000000
96164  -23.740  -15.143  17.469 0.0000000000
96208  -25.994  -15.704  14.915 0.0000000000
100537  -21.956  -11.341  16.617 0.0000000000
99477  -20.721  -12.383  15.565 0.0000000000
90817  -24.299  -20.620  17.094 0.0000000000
91901  -24.643  -19.045  16.652 0.0000000000
90808  -25.513  -20.003  18.309 0.0000000000
79827  -21.670  -30.807  20.107 0.0000000000
81024  -21.973  -29.550  19.779 0.0000000000
82153  -22.592  -28.608  19.776 0.0000000000
90841  -21.601  -20.732  15.641 0.0000000000
89842  -20.914  -21.703  15.448 0.0000000000
113273  -23.108  1.456  18.701 0.0000000000
108560  -23.702  -3.418  18.425 0.0000000000
109515  -24.215  -2.475  18.760 0.0000000000
108562  -25.752  -3.602  18.857 0.0000000000
108565  -28.504  -3.358  18.181 0.0000000000
107599  -26.196  -4.580  18.783 0.0000000000
104691  -24.792  -7.550  17.851 0.0000000000
104669  -27.660  -7.519  18.583 0.0000000000
103569  -28.064  -8.469  18.261 0.0000000000
102605  -29.201  -9.407  15.267 0.0000000000
102573  -28.493  -9.613  17.302 0.0000000000
99435  -26.437  -12.839  17.089 0.0000000000
100540  -27.477  -11.639  15.877 0.0000000000
99479  -26.512  -12.780  14.786 0.0000000000
99520  -26.966  -12.886  12.813 0.0000000000
98401  -26.211  -13.819  14.274 0.0000000000
95168  -20.682  -16.190  16.121 0.0000000000
96180  -21.442  -15.319  16.642 0.0000000000
95141  -21.882  -16.265  16.714 0.0000000000
95123  -25.700  -16.809  16.571 0.0000000000
95169  -25.641  -16.090  15.278 0.0000000000
96185  -26.175  -16.045  15.620 0.0000000000
98383  -27.418  -14.504  14.842 0.0000000000
98362  -27.480  -14.606  15.999 0.0000000000
84427  -22.303  -26.131  18.462 0.0000000000
85610  -21.790  -25.450  17.021 0.0000000000
85578  -22.826  -25.055  18.266 0.0000000000
87733  -23.330  -23.635  17.866 0.0000000000
102568  -23.039  -9.280  17.158 0.0000000000
101558  -26.452  -10.564  18.313 0.0000000000
101578  -23.675  -10.392  17.536 0.0000000000
99432  -23.873  -12.503  17.851 0.0000000000
98336  -24.453  -13.620  17.895 0.0000000000
93012  -22.764  -18.515  16.447 0.0000000000
94089  -23.248  -17.617  16.593 0.0000000000
93014  -24.428  -18.550  16.491 0.0000000000
94092  -25.176  -17.798  16.633 0.0000000000
95124  -26.271  -16.800  17.252 0.0000000000
83284  -22.488  -27.379  19.501 0.0000000000
93029  -21.305  -18.308  15.904 0.0000000000
91916  -22.253  -20.087  16.009 0.0000000000
90827  -23.120  -20.798  15.949 0.0000000000
89816  -23.888  -21.745  17.182 0.0000000000
116922  -20.107  5.493  17.545 0.0000000000
114203  -19.572  2.653  17.616 0.0000000000
115168  -21.221  3.296  17.788 0.0000000000
115151  -24.097  3.362  18.331 0.0000000000
114188  -25.234  1.926  17.740 0.0000000000
113295  -26.110  0.622  17.552 0.0000000000
110478  -24.219  -0.891  18.993 0.0000000000
111416  -26.309  -0.519  18.539 0.0000000000
110521  -27.433  -1.039  16.947 0.0000000000
109551  -28.728  -2.407  16.720 0.0000000000
108598  -29.449  -3.356  16.506 0.0000000000
106676  -30.043  -5.780  15.202 0.0000000000
106634  -24.082  -5.668  17.946 0.0000000000
106616  -26.620  -5.541  18.909 0.0000000000
105699  -29.882  -6.493  16.741 0.0000000000
104735  -29.711  -7.555  14.189 0.0000000000
103641  -29.756  -8.831  12.987 0.0000000000
101650  -28.659  -11.666  11.032 0.0000000000
101582  -28.019  -10.760  17.055 0.0000000000
101629  -28.005  -10.611  14.046 0.0000000000
98357  -20.547  -13.644  15.852 0.0000000000
97220  -23.252  -14.268  17.524 0.0000000000
97222  -24.789  -14.443  17.470 0.0000000000
95143  -23.759  -16.732  16.661 0.0000000000
96184  -25.287  -16.009  16.172 0.0000000000
98381  -25.711  -14.457  15.597 0.0000000000
97298  -26.669  -14.221  13.910 0.0000000000
98384  -27.694  -13.799  14.544 0.0000000000
88807  -22.078  -22.940  15.871 0.0000000000
88793  -23.374  -22.696  17.334 0.0000000000
88780  -24.789  -22.253  18.721 0.0000000000
90818  -24.661  -20.129  17.325 0.0000000000
90807  -24.971  -20.540  18.074 0.0000000000
90794  -25.398  -20.934  18.758 0.0000000000
79807  -22.940  -30.867  21.099 0.0000000000
79839  -21.862  -30.193  20.002 0.0000000000
79828  -22.464  -30.251  20.433 0.0000000000
108578  -23.317  -4.141  17.916 0.0000000000
108561  -24.608  -3.718  18.730 0.0000000000
107598  -25.197  -4.678  18.629 0.0000000000
103589  -24.443  -8.385  17.674 0.0000000000
103588  -23.587  -8.215  17.270 0.0000000000
103590  -25.277  -8.462  18.077 0.0000000000
103568  -27.166  -8.487  18.468 0.0000000000
102547  -28.272  -9.261  18.006 0.0000000000
102546  -27.636  -9.313  18.211 0.0000000000
98338  -25.864  -13.559  17.002 0.0000000000
99457  -26.517  -12.745  15.980 0.0000000000
99499  -26.275  -13.127  13.852 0.0000000000
98382  -26.113  -13.945  15.120 0.0000000000
94087  -21.340  -16.820  16.421 0.0000000000
95140  -21.234  -15.989  16.414 0.0000000000
96166  -26.308  -16.161  16.437 0.0000000000
95146  -25.832  -16.382  16.164 0.0000000000
96186  -26.646  -15.698  16.138 0.0000000000
97243  -27.039  -15.330  15.789 0.0000000000
97223  -27.079  -15.093  16.726 0.0000000000
98339  -27.668  -14.420  17.327 0.0000000000
97206  -27.515  -15.094  17.839 0.0000000000
85563  -22.945  -25.511  18.853 0.0000000000
102567  -22.606  -9.831  16.936 0.0000000000
101599  -22.347  -10.428  16.789 0.0000000000
100538  -22.622  -11.369  17.112 0.0000000000
99431  -23.035  -12.374  17.458 0.0000000000
98335  -23.558  -13.415  17.679 0.0000000000
93013  -23.700  -18.630  16.369 0.0000000000
93000  -25.407  -18.547  17.347 0.0000000000
93015  -24.889  -18.534  16.715 0.0000000000
93001  -25.738  -18.038  17.554 0.0000000000
94075  -25.590  -17.456  17.001 0.0000000000
94076  -26.049  -17.680  17.657 0.0000000000
94065  -26.546  -17.546  18.375 0.0000000000
78658  -21.122  -31.712  20.138 0.0000000000
78657  -20.696  -32.021  19.886 0.0000000000
83283  -21.943  -28.089  19.264 0.0000000000
91897  -21.720  -18.813  15.968 0.0000000000
89843  -22.009  -21.735  15.713 0.0000000000
90842  -22.467  -20.857  15.760 0.0000000000
89844  -22.770  -21.442  15.853 0.0000000000
89829  -23.827  -21.165  16.721 0.0000000000
89828  -23.337  -21.719  16.337 0.0000000000
116921  -19.631  5.459  17.781 0.0000000000
116068  -20.328  4.501  17.449 0.0000000000
114184  -21.591  2.362  17.793 0.0000000000
114205  -20.793  2.706  17.520 0.0000000000
115149  -22.123  3.512  18.031 0.0000000000
115150  -23.159  3.432  18.447 0.0000000000
113274  -24.160  1.390  18.640 0.0000000000
113275  -25.080  1.254  18.223 0.0000000000
113294  -25.658  1.099  17.576 0.0000000000
112345  -25.919  0.318  18.171 0.0000000000
110488  -23.686  -1.393  18.837 0.0000000000
110490  -25.939  -1.413  19.051 0.0000000000
110491  -27.004  -1.398  18.426 0.0000000000
110508  -27.260  -1.013  17.766 0.0000000000
110509  -27.701  -1.471  17.611 0.0000000000
110522  -27.981  -1.525  16.577 0.0000000000
110510  -28.370  -1.815  17.207 0.0000000000
107615  -28.905  -4.043  17.981 0.0000000000
108580  -29.068  -3.313  17.306 0.0000000000
107639  -29.790  -4.325  16.417 0.0000000000
107657  -29.897  -4.662  15.124 0.0000000000
106659  -29.955  -5.544  16.074 0.0000000000
104689  -23.506  -7.284  17.342 0.0000000000
105676  -23.966  -6.573  17.668 0.0000000000
105654  -24.380  -6.123  18.039 0.0000000000
106615  -25.596  -5.593  18.568 0.0000000000
105656  -25.993  -6.567  18.761 0.0000000000
104693  -29.441  -7.476  17.290 0.0000000000
105659  -29.060  -6.414  18.247 0.0000000000
105714  -30.017  -6.582  15.751 0.0000000000
104725  -29.946  -7.587  15.318 0.0000000000
103635  -29.525  -8.623  13.785 0.0000000000
102626  -29.356  -9.736  13.377 0.0000000000
101637  -29.336  -10.274  12.781 0.0000000000
101645  -29.216  -10.433  12.023 0.0000000000
101636  -28.478  -10.701  12.957 0.0000000000
100497  -26.933  -11.193  17.925 0.0000000000
101581  -27.498  -10.691  17.638 0.0000000000
100498  -27.241  -11.081  17.732 0.0000000000
100562  -26.945  -11.613  14.610 0.0000000000
100563  -27.436  -11.249  15.305 0.0000000000
101628  -27.372  -11.324  13.469 0.0000000000
101635  -27.697  -11.565  12.453 0.0000000000
101643  -27.900  -11.849  12.018 0.0000000000
99514  -28.131  -12.997  13.018 0.0000000000
96181  -22.321  -15.406  17.102 0.0000000000
97240  -21.599  -14.393  16.921 0.0000000000
96163  -22.997  -15.012  17.426 0.0000000000
97221  -24.120  -14.477  17.672 0.0000000000
96165  -24.249  -15.150  17.398 0.0000000000
94090  -24.119  -17.699  16.482 0.0000000000
95144  -24.637  -16.805  16.377 0.0000000000
96207  -25.618  -15.878  15.390 0.0000000000
97266  -25.504  -15.206  15.759 0.0000000000
97267  -25.700  -15.053  15.003 0.0000000000
97287  -26.147  -14.741  14.539 0.0000000000
96228  -26.303  -15.166  14.633 0.0000000000
98363  -27.899  -13.797  15.594 0.0000000000
99481  -28.360  -13.166  15.119 0.0000000000
87716  -23.785  -23.350  18.428 0.0000000000
88778  -23.719  -22.903  17.957 0.0000000000
88794  -23.945  -22.383  17.702 0.0000000000
88763  -24.538  -22.771  18.918 0.0000000000
100560  -21.460  -11.234  16.065 0.0000000000
99455  -21.408  -12.355  16.321 0.0000000000
91900  -24.285  -19.609  16.487 0.0000000000
91885  -24.536  -19.950  16.995 0.0000000000
91886  -24.855  -19.478  17.151 0.0000000000
92989  -25.675  -19.019  17.939 0.0000000000
91873  -25.786  -19.483  18.414 0.0000000000
90795  -25.779  -20.457  18.950 0.0000000000
82167  -21.333  -28.425  18.736 0.0000000000
82152  -21.805  -28.833  19.297 0.0000000000
82134  -23.027  -29.040  20.191 0.0000000000
90840  -20.514  -20.585  15.508 0.0000000000
115148  -19.360  3.612  17.808 0.0000000000
113272  -22.192  1.463  18.181 0.0000000000
112343  -23.663  0.377  18.818 0.0000000000
109514  -23.249  -2.479  18.502 0.0000000000
109516  -25.285  -2.511  18.970 0.0000000000
109517  -26.396  -2.496  18.876 0.0000000000
109518  -27.344  -2.520  18.487 0.0000000000
108563  -26.785  -3.532  18.717 0.0000000000
108564  -27.741  -3.488  18.619 0.0000000000
107601  -28.323  -4.425  18.592 0.0000000000
105677  -24.429  -7.028  17.757 0.0000000000
104668  -26.595  -7.530  18.655 0.0000000000
104692  -29.065  -8.097  17.596 0.0000000000
103611  -29.549  -8.570  16.022 0.0000000000
103591  -29.212  -8.706  17.032 0.0000000000
102594  -29.144  -9.404  15.995 0.0000000000
102604  -28.742  -10.116  15.633 0.0000000000
100520  -27.213  -11.713  17.073 0.0000000000
100539  -27.030  -12.130  16.147 0.0000000000
99480  -26.791  -12.011  15.240 0.0000000000
100580  -26.591  -12.002  13.474 0.0000000000
100601  -27.059  -12.438  12.574 0.0000000000
100579  -26.465  -12.664  13.485 0.0000000000
99512  -26.677  -13.175  13.338 0.0000000000
98411  -26.900  -13.797  13.553 0.0000000000
97238  -20.536  -14.649  15.826 0.0000000000
96179  -20.842  -15.336  16.172 0.0000000000
96182  -23.346  -15.820  17.135 0.0000000000
95145  -25.356  -16.605  16.204 0.0000000000
95170  -25.721  -16.184  15.496 0.0000000000
96209  -26.562  -15.606  15.292 0.0000000000
96229  -26.497  -15.339  14.773 0.0000000000
99459  -28.589  -13.028  16.311 0.0000000000
98340  -28.005  -13.694  16.858 0.0000000000
84426  -21.735  -26.563  18.079 0.0000000000
85594  -21.641  -25.712  17.138 0.0000000000
85595  -22.105  -25.527  17.561 0.0000000000
86666  -22.778  -24.420  17.558 0.0000000000
86651  -23.042  -24.499  18.099 0.0000000000
86652  -23.453  -24.321  18.528 0.0000000000
102592  -22.736  -8.758  16.744 0.0000000000
102570  -24.922  -9.437  17.984 0.0000000000
101579  -24.590  -10.486  17.894 0.0000000000
100518  -25.213  -11.703  18.227 0.0000000000
100517  -24.231  -11.532  17.878 0.0000000000
99434  -25.750  -12.837  17.763 0.0000000000
94088  -22.206  -17.426  16.620 0.0000000000
95125  -26.885  -16.378  17.912 0.0000000000
95109  -26.796  -16.866  18.167 0.0000000000
92979  -26.704  -18.395  19.269 0.0000000000
77511  -20.683  -32.616  20.113 0.0000000000
83314  -21.415  -27.064  17.893 0.0000000000
83301  -21.796  -27.266  18.659 0.0000000000
83302  -22.307  -26.740  19.036 0.0000000000
84407  -22.832  -26.240  19.364 0.0000000000
93011  -21.943  -18.341  16.288 0.0000000000
91898  -22.203  -19.170  16.127 0.0000000000
91917  -22.785  -20.375  15.946 0.0000000000
90828  -23.777  -20.630  16.327 0.0000000000
116911  -19.456  5.441  18.266 0.0000000000
115166  -19.823  3.572  17.370 0.0000000000
114204  -20.140  2.641  17.352 0.0000000000
115167  -20.551  3.516  17.499 0.0000000000
116069  -21.367  4.409  17.768 0.0000000000
114186  -23.642  2.444  18.606 0.0000000000
114187  -24.606  2.379  18.185 0.0000000000
114206  -25.060  2.651  17.504 0.0000000000
114207  -25.635  2.146  17.015 0.0000000000
113307  -26.108  0.946  16.659 0.0000000000
113308  -26.516  0.231  17.241 0.0000000000
111413  -23.021  -0.508  18.696 0.0000000000
112329  -24.218  -0.087  18.917 0.0000000000
110489  -24.750  -1.302  19.032 0.0000000000
110479  -24.504  -0.787  18.980 0.0000000000
111415  -25.422  -0.484  18.832 0.0000000000
112346  -26.371  -0.148  18.227 0.0000000000
149164  -26.759  -0.342  17.805 0.0000000000
112382  -27.063  -0.464  16.384 0.0000000000
110529  -27.678  -1.399  15.717 0.0000000000
108610  -29.060  -2.848  15.185 0.0000000000
109536  -28.426  -2.397  17.703 0.0000000000
108597  -29.157  -2.924  16.671 0.0000000000
106633  -23.423  -5.798  17.572 0.0000000000
107597  -24.382  -4.831  18.273 0.0000000000
107600  -27.240  -4.499  18.823 0.0000000000
106618  -28.643  -5.513  18.468 0.0000000000
105657  -27.126  -6.543  18.921 0.0000000000
106619  -29.320  -5.486  17.909 0.0000000000
105724  -29.953  -6.575  14.713 0.0000000000
103624  -29.614  -8.565  14.828 0.0000000000
102634  -29.702  -9.596  12.492 0.0000000000
101651  -29.559  -11.008  10.795 0.0000000000
102571  -27.403  -10.020  18.013 0.0000000000
101583  -28.421  -10.232  16.791 0.0000000000
101601  -28.208  -10.758  16.143 0.0000000000
100521  -27.693  -11.360  16.650 0.0000000000
101616  -27.802  -10.740  15.064 0.0000000000
99529  -27.888  -12.302  12.144 0.0000000000
99454  -20.866  -12.948  16.105 0.0000000000
98359  -21.811  -13.332  17.053 0.0000000000
97239  -20.956  -14.479  16.349 0.0000000000
98358  -21.123  -13.510  16.488 0.0000000000
98334  -22.693  -13.315  17.392 0.0000000000
98360  -25.589  -14.330  16.414 0.0000000000
95142  -22.805  -16.567  16.856 0.0000000000
96183  -24.370  -15.778  16.911 0.0000000000
97242  -25.185  -15.054  16.809 0.0000000000
97297  -26.404  -14.268  14.182 0.0000000000
97288  -26.666  -14.750  14.432 0.0000000000
98402  -27.219  -14.233  13.975 0.0000000000
99501  -27.906  -13.198  13.969 0.0000000000
88821  -21.333  -22.857  15.695 0.0000000000
88822  -22.188  -22.489  15.827 0.0000000000
87732  -22.968  -23.523  17.257 0.0000000000
88792  -22.916  -23.055  16.836 0.0000000000
88809  -23.188  -22.495  16.686 0.0000000000
89815  -23.464  -22.160  16.870 0.0000000000
89804  -24.299  -21.954  17.801 0.0000000000
89805  -24.694  -21.704  18.247 0.0000000000
83313  -20.852  -27.230  17.451 0.0000000000
84443  -21.878  -26.125  17.880 0.0000000000
86667  -23.162  -24.224  18.008 0.0000000000
87717  -24.167  -23.129  18.820 0.0000000000
88779  -24.267  -22.560  18.323 0.0000000000
88808  -22.725  -22.826  16.144 0.0000000000
91872  -25.396  -19.517  17.848 0.0000000000
97219  -22.407  -14.283  17.333 0.0000000000
97241  -24.610  -15.046  17.332 0.0000000000
97268  -27.036  -15.160  15.066 0.0000000000
98337  -25.274  -13.849  17.392 0.0000000000
98403  -27.527  -13.781  13.979 0.0000000000
98410  -26.442  -13.776  13.779 0.0000000000
99433  -24.826  -12.736  18.044 0.0000000000
99458  -26.804  -12.247  15.610 0.0000000000
99500  -27.352  -13.708  13.658 0.0000000000
100516  -23.388  -11.417  17.480 0.0000000000
100541  -27.748  -11.120  15.596 0.0000000000
100561  -26.387  -12.411  14.002 0.0000000000
100591  -26.666  -12.530  12.990 0.0000000000
100603  -27.971  -11.937  11.768 0.0000000000
101559  -27.109  -10.553  18.078 0.0000000000
101577  -22.894  -10.426  17.247 0.0000000000
101580  -25.532  -10.583  18.251 0.0000000000
101600  -27.895  -11.164  16.462 0.0000000000
101615  -27.493  -11.070  14.289 0.0000000000
102545  -26.840  -9.577  18.367 0.0000000000
102569  -24.014  -9.334  17.601 0.0000000000
102572  -27.910  -9.957  17.738 0.0000000000
102593  -28.801  -9.716  16.505 0.0000000000
102618  -29.198  -9.458  14.325 0.0000000000
102625  -28.741  -10.151  13.891 0.0000000000
103567  -26.195  -8.504  18.403 0.0000000000
103570  -28.719  -8.644  17.801 0.0000000000
103592  -29.529  -8.059  16.698 0.0000000000
103610  -29.193  -9.100  16.415 0.0000000000
104667  -25.601  -7.518  18.307 0.0000000000
104670  -28.712  -7.519  18.076 0.0000000000
104671  -29.203  -6.949  17.815 0.0000000000
105658  -28.190  -6.509  18.618 0.0000000000
105675  -22.985  -6.649  17.291 0.0000000000
105678  -29.508  -6.381  17.562 0.0000000000
106614  -24.739  -5.594  18.268 0.0000000000
106617  -27.716  -5.498  18.849 0.0000000000
106632  -22.770  -5.824  17.306 0.0000000000
106635  -29.766  -5.437  17.088 0.0000000000
107616  -29.406  -4.441  17.450 0.0000000000
108579  -23.904  -4.265  18.325 0.0000000000
108581  -29.514  -3.829  16.961 0.0000000000
108621  -28.984  -3.067  14.738 0.0000000000
109519  -28.018  -2.751  18.284 0.0000000000
109535  -27.846  -2.160  18.115 0.0000000000
109552  -29.191  -2.752  16.072 0.0000000000
109562  -29.097  -2.776  15.640 0.0000000000
111404  -23.843  -0.492  18.946 0.0000000000
111405  -24.331  -0.484  18.938 0.0000000000
111414  -24.710  -0.487  18.904 0.0000000000
112330  -24.496  -0.189  18.861 0.0000000000
112364  -25.886  0.677  17.773 0.0000000000
149157  -27.230  -0.808  16.872 0.0000000000
149162  -27.403  -1.122  17.562 0.0000000000
149163  -27.257  -0.893  17.284 0.0000000000
149165  -26.357  0.236  17.718 0.0000000000
