#!ascii label  , from subject tim vox2ras=TkReg
796
47785  25.374  -55.774  93.885 0.0000000000
73750  44.106  -34.231  81.420 0.0000000000
79576  49.772  -29.209  82.761 0.0000000000
63806  45.874  -42.253  86.799 0.0000000000
52622  32.068  -51.814  89.736 0.0000000000
45361  29.629  -56.501  91.615 0.0000000000
77256  47.470  -31.405  81.118 0.0000000000
75976  48.785  -33.608  85.002 0.0000000000
58864  43.673  -45.945  88.188 0.0000000000
55019  36.881  -50.784  91.152 0.0000000000
83143  57.416  -26.097  75.450 0.0000000000
85693  51.282  -24.816  81.587 0.0000000000
66489  41.092  -39.758  86.987 0.0000000000
73651  44.874  -35.536  88.458 0.0000000000
49061  28.897  -55.000  91.766 0.0000000000
46541  27.716  -56.381  92.568 0.0000000000
76079  45.964  -32.675  80.459 0.0000000000
76041  47.852  -32.685  82.647 0.0000000000
76025  45.755  -33.289  83.716 0.0000000000
53833  43.342  -49.514  87.479 0.0000000000
49038  33.264  -54.349  91.345 0.0000000000
53762  34.472  -50.792  91.104 0.0000000000
50210  35.727  -53.414  91.204 0.0000000000
85772  55.968  -24.885  76.845 0.0000000000
80827  55.788  -27.813  76.710 0.0000000000
83119  54.780  -26.328  78.892 0.0000000000
81886  47.774  -27.912  81.614 0.0000000000
83092  48.963  -25.992  80.067 0.0000000000
83041  50.428  -26.653  83.014 0.0000000000
81903  52.849  -27.429  80.696 0.0000000000
81905  50.543  -27.591  80.591 0.0000000000
62506  44.748  -43.684  88.707 0.0000000000
62521  43.161  -43.212  88.330 0.0000000000
66458  43.594  -40.295  88.517 0.0000000000
71395  42.360  -37.623  88.065 0.0000000000
68910  45.892  -38.499  88.623 0.0000000000
71410  46.881  -37.276  87.892 0.0000000000
66498  47.391  -40.131  86.636 0.0000000000
50215  31.066  -54.671  91.400 0.0000000000
80787  45.651  -28.863  79.995 0.0000000000
78445  48.235  -30.589  81.673 0.0000000000
76057  48.969  -32.430  81.717 0.0000000000
74857  49.503  -33.774  82.981 0.0000000000
57525  40.576  -47.931  89.801 0.0000000000
57523  42.730  -48.132  88.859 0.0000000000
57569  44.803  -47.127  87.363 0.0000000000
60098  46.055  -45.181  85.730 0.0000000000
62569  46.720  -43.496  84.266 0.0000000000
57529  37.861  -47.867  89.919 0.0000000000
55030  39.458  -50.323  90.408 0.0000000000
80897  57.703  -28.183  72.507 0.0000000000
84434  52.801  -24.712  79.304 0.0000000000
81901  54.305  -27.019  80.523 0.0000000000
80828  52.813  -29.245  77.071 0.0000000000
73707  44.663  -34.801  85.443 0.0000000000
74795  47.150  -34.023  86.894 0.0000000000
72552  47.876  -35.328  86.109 0.0000000000
46516  25.471  -56.182  93.829 0.0000000000
47784  26.204  -56.028  93.563 0.0000000000
45345  26.932  -56.891  92.870 0.0000000000
74877  44.854  -33.523  80.619 0.0000000000
76043  45.988  -33.243  82.853 0.0000000000
74858  45.351  -33.751  83.122 0.0000000000
50211  34.972  -53.561  91.393 0.0000000000
85774  54.482  -24.789  76.689 0.0000000000
84446  55.483  -25.701  77.439 0.0000000000
84448  53.928  -25.015  77.595 0.0000000000
79577  48.947  -29.122  82.957 0.0000000000
81862  48.791  -27.781  82.557 0.0000000000
79563  50.252  -28.546  83.087 0.0000000000
80729  50.808  -27.948  82.750 0.0000000000
62528  45.364  -43.240  87.435 0.0000000000
63798  44.500  -42.485  88.634 0.0000000000
65167  44.768  -41.314  87.848 0.0000000000
67696  44.203  -39.287  88.487 0.0000000000
66472  45.957  -40.374  87.993 0.0000000000
67692  47.192  -39.359  87.955 0.0000000000
65163  47.148  -40.583  87.043 0.0000000000
49060  29.870  -54.990  91.609 0.0000000000
47811  30.435  -55.494  91.577 0.0000000000
47810  31.172  -55.468  91.452 0.0000000000
77272  45.899  -31.503  79.816 0.0000000000
79620  45.486  -29.788  79.894 0.0000000000
78460  46.111  -30.581  80.229 0.0000000000
79594  47.290  -29.524  81.423 0.0000000000
78458  47.744  -30.977  81.333 0.0000000000
77240  48.719  -31.542  81.537 0.0000000000
77255  48.079  -31.457  81.434 0.0000000000
76022  48.395  -32.857  83.615 0.0000000000
76021  49.094  -33.322  83.540 0.0000000000
74850  49.340  -33.932  83.884 0.0000000000
72615  49.337  -34.936  83.121 0.0000000000
73719  49.223  -34.509  84.112 0.0000000000
56321  41.073  -48.875  89.707 0.0000000000
57524  41.824  -48.052  89.312 0.0000000000
55044  42.323  -49.432  89.057 0.0000000000
55073  44.043  -48.549  87.346 0.0000000000
58862  45.482  -46.095  86.972 0.0000000000
53761  35.417  -50.800  91.234 0.0000000000
55063  35.981  -50.239  89.940 0.0000000000
55046  37.472  -49.277  90.176 0.0000000000
56304  38.588  -48.891  90.732 0.0000000000
55017  38.367  -50.309  90.724 0.0000000000
85789  57.717  -24.376  75.548 0.0000000000
82006  57.629  -27.211  73.818 0.0000000000
79661  55.117  -28.585  77.404 0.0000000000
84406  49.620  -25.590  80.590 0.0000000000
84421  49.467  -25.555  79.237 0.0000000000
84420  50.054  -24.928  79.574 0.0000000000
85739  50.621  -24.508  78.723 0.0000000000
85725  51.623  -24.356  80.174 0.0000000000
84418  53.503  -24.730  80.253 0.0000000000
85708  53.265  -24.826  81.695 0.0000000000
81938  51.720  -27.522  78.486 0.0000000000
80801  53.320  -28.448  78.909 0.0000000000
58865  43.103  -46.396  87.997 0.0000000000
60084  43.195  -45.499  87.500 0.0000000000
65168  42.251  -41.426  87.351 0.0000000000
63820  42.605  -42.636  86.160 0.0000000000
71393  43.546  -36.955  88.411 0.0000000000
71429  42.481  -36.910  86.778 0.0000000000
72542  43.332  -36.389  87.287 0.0000000000
72569  43.753  -35.874  85.760 0.0000000000
73696  44.503  -35.103  87.187 0.0000000000
74813  45.364  -34.166  86.693 0.0000000000
74783  45.785  -34.540  87.680 0.0000000000
70209  47.365  -37.911  87.137 0.0000000000
72539  47.502  -36.043  87.169 0.0000000000
71444  47.165  -37.095  86.403 0.0000000000
71461  47.827  -35.952  85.225 0.0000000000
49023  28.410  -55.992  92.466 0.0000000000
46540  28.669  -56.266  92.081 0.0000000000
45382  28.913  -57.095  91.709 0.0000000000
45364  27.451  -57.089  92.508 0.0000000000
76078  47.274  -32.148  81.051 0.0000000000
76059  47.072  -32.669  81.712 0.0000000000
76023  47.460  -32.755  83.615 0.0000000000
76002  47.910  -32.719  84.573 0.0000000000
51427  32.873  -52.246  91.091 0.0000000000
52620  33.253  -50.947  90.342 0.0000000000
52588  33.923  -51.714  91.613 0.0000000000
52586  35.479  -51.785  91.573 0.0000000000
52585  36.395  -51.654  91.368 0.0000000000
52583  37.947  -51.536  90.757 0.0000000000
50230  36.989  -53.160  90.665 0.0000000000
84462  57.281  -25.123  76.235 0.0000000000
81980  56.635  -27.090  75.507 0.0000000000
83128  56.221  -26.122  76.977 0.0000000000
81951  55.742  -27.331  77.379 0.0000000000
80798  54.883  -28.055  78.739 0.0000000000
81908  47.168  -27.692  80.616 0.0000000000
81907  47.975  -27.356  81.240 0.0000000000
83078  49.241  -26.191  81.270 0.0000000000
84371  50.815  -25.808  82.564 0.0000000000
84369  52.827  -25.637  82.405 0.0000000000
81859  51.648  -27.018  82.540 0.0000000000
81904  51.563  -27.180  80.527 0.0000000000
61275  44.483  -44.476  88.672 0.0000000000
61282  43.690  -44.380  88.342 0.0000000000
62507  44.327  -43.566  88.863 0.0000000000
63774  43.306  -41.941  88.807 0.0000000000
66460  42.590  -40.106  88.491 0.0000000000
67713  41.764  -38.817  88.057 0.0000000000
67698  42.881  -39.242  88.691 0.0000000000
70177  43.767  -37.637  88.689 0.0000000000
71391  45.148  -36.872  88.743 0.0000000000
72512  45.713  -36.151  88.587 0.0000000000
70174  46.284  -37.793  88.569 0.0000000000
68922  47.280  -38.976  87.506 0.0000000000
67749  47.403  -39.634  86.369 0.0000000000
50251  29.732  -54.259  90.485 0.0000000000
50250  30.672  -53.747  90.255 0.0000000000
51428  31.834  -53.288  90.966 0.0000000000
49039  32.132  -54.646  91.380 0.0000000000
47809  32.437  -55.237  91.285 0.0000000000
80771  46.865  -28.709  80.931 0.0000000000
79593  48.079  -29.508  82.135 0.0000000000
79592  49.080  -29.874  82.278 0.0000000000
78444  49.146  -30.655  81.541 0.0000000000
77239  49.234  -31.657  81.332 0.0000000000
76056  49.303  -32.532  81.395 0.0000000000
76040  48.773  -32.774  82.607 0.0000000000
76039  49.380  -33.049  82.385 0.0000000000
58848  39.329  -46.889  89.424 0.0000000000
58846  41.103  -47.096  89.059 0.0000000000
58845  42.233  -47.266  88.733 0.0000000000
58844  43.448  -46.685  88.178 0.0000000000
55058  43.271  -49.249  88.234 0.0000000000
56336  43.749  -48.026  88.186 0.0000000000
58843  44.213  -46.458  88.135 0.0000000000
60060  44.890  -45.507  88.265 0.0000000000
61280  45.420  -44.571  87.603 0.0000000000
62537  46.189  -43.392  86.183 0.0000000000
63818  46.879  -42.204  86.116 0.0000000000
61301  46.653  -44.158  85.087 0.0000000000
58828  38.772  -47.419  90.081 0.0000000000
57506  39.743  -48.480  90.379 0.0000000000
53776  40.783  -50.323  89.550 0.0000000000
52601  38.635  -51.411  90.450 0.0000000000
52619  39.814  -51.217  89.719 0.0000000000
80896  58.334  -27.800  72.027 0.0000000000
84449  52.442  -24.919  77.997 0.0000000000
84433  53.605  -25.116  79.008 0.0000000000
83104  54.610  -26.364  79.704 0.0000000000
80799  54.498  -28.352  78.965 0.0000000000
81902  53.673  -27.356  80.923 0.0000000000
80800  53.792  -28.403  79.345 0.0000000000
79663  53.681  -29.691  76.914 0.0000000000
61296  43.121  -44.113  86.687 0.0000000000
73733  43.619  -35.441  83.443 0.0000000000
73732  44.119  -34.790  83.031 0.0000000000
74839  45.557  -33.472  84.391 0.0000000000
75980  46.552  -32.969  85.385 0.0000000000
75956  47.549  -33.053  85.956 0.0000000000
73662  46.873  -35.258  87.669 0.0000000000
73678  47.835  -34.851  86.682 0.0000000000
74808  48.440  -34.149  85.605 0.0000000000
71460  48.504  -35.464  84.761 0.0000000000
63842  47.354  -41.852  85.647 0.0000000000
66513  47.161  -41.218  84.873 0.0000000000
47772  25.460  -56.203  94.120 0.0000000000
47773  24.918  -55.775  94.436 0.0000000000
46528  26.137  -56.339  93.495 0.0000000000
74866  44.700  -33.938  81.582 0.0000000000
74865  45.437  -33.671  82.195 0.0000000000
85755  54.807  -24.999  77.244 0.0000000000
80718  49.549  -28.541  83.253 0.0000000000
79575  50.351  -28.797  82.525 0.0000000000
79590  50.407  -28.923  82.143 0.0000000000
65166  44.906  -41.826  87.729 0.0000000000
65165  45.862  -41.347  87.265 0.0000000000
66486  45.524  -40.961  87.603 0.0000000000
66485  46.214  -40.685  87.711 0.0000000000
65145  46.885  -40.408  87.658 0.0000000000
65164  46.842  -40.958  87.094 0.0000000000
46539  29.601  -55.966  91.957 0.0000000000
47812  29.850  -55.677  91.758 0.0000000000
46538  30.130  -55.968  91.779 0.0000000000
45380  30.037  -56.574  91.500 0.0000000000
77257  46.712  -31.472  80.527 0.0000000000
78459  47.109  -30.422  81.066 0.0000000000
76077  47.787  -31.852  81.323 0.0000000000
76001  48.605  -33.085  84.567 0.0000000000
76000  48.967  -33.593  84.603 0.0000000000
74838  49.104  -34.061  84.511 0.0000000000
55045  41.500  -49.562  89.452 0.0000000000
53795  42.225  -49.853  88.829 0.0000000000
55032  36.662  -50.542  91.052 0.0000000000
55048  36.043  -50.509  90.796 0.0000000000
55047  36.814  -49.998  90.397 0.0000000000
55031  37.513  -49.785  90.669 0.0000000000
56286  38.087  -49.501  90.730 0.0000000000
55018  37.602  -50.348  90.855 0.0000000000
84478  57.687  -25.397  75.448 0.0000000000
85806  57.972  -24.886  75.063 0.0000000000
83156  57.860  -26.038  74.744 0.0000000000
81991  57.297  -27.016  74.505 0.0000000000
84391  50.382  -25.371  81.450 0.0000000000
84405  50.143  -25.035  80.228 0.0000000000
85711  50.945  -24.631  80.745 0.0000000000
85710  51.865  -24.411  81.163 0.0000000000
85723  53.260  -24.461  81.102 0.0000000000
85709  52.709  -24.494  81.521 0.0000000000
81954  51.025  -27.530  77.694 0.0000000000
81953  52.003  -27.988  77.377 0.0000000000
58888  43.151  -46.046  87.822 0.0000000000
60069  43.644  -45.343  88.212 0.0000000000
66499  41.350  -40.390  86.791 0.0000000000
66500  40.873  -40.116  86.227 0.0000000000
72514  44.212  -36.332  88.577 0.0000000000
72529  43.444  -36.336  87.926 0.0000000000
73666  44.044  -35.525  88.049 0.0000000000
72554  44.052  -35.596  86.823 0.0000000000
73683  44.273  -35.307  87.639 0.0000000000
73682  44.917  -34.788  87.542 0.0000000000
73664  45.348  -34.944  88.098 0.0000000000
68948  47.511  -38.657  86.849 0.0000000000
70227  47.421  -37.719  86.966 0.0000000000
70228  47.299  -37.726  86.716 0.0000000000
47798  27.692  -56.097  92.760 0.0000000000
49024  27.598  -55.897  92.798 0.0000000000
47797  28.325  -55.968  92.691 0.0000000000
45363  28.071  -57.010  92.170 0.0000000000
45344  27.556  -56.809  92.519 0.0000000000
76080  45.043  -33.089  79.979 0.0000000000
76101  44.671  -32.560  79.171 0.0000000000
76060  46.144  -33.132  81.847 0.0000000000
76042  46.851  -32.899  82.694 0.0000000000
76024  46.508  -32.901  83.638 0.0000000000
76003  47.003  -32.740  84.541 0.0000000000
50213  32.945  -53.714  91.409 0.0000000000
51426  33.509  -51.919  91.481 0.0000000000
51410  33.780  -52.537  91.580 0.0000000000
50194  35.485  -53.027  91.430 0.0000000000
52568  35.077  -52.202  91.653 0.0000000000
51393  35.871  -52.592  91.408 0.0000000000
51408  35.925  -52.158  91.464 0.0000000000
51407  36.480  -52.333  91.265 0.0000000000
85773  55.230  -24.733  76.747 0.0000000000
85771  56.932  -24.442  76.524 0.0000000000
84463  56.471  -25.375  76.771 0.0000000000
84464  55.968  -25.428  76.995 0.0000000000
84431  54.868  -26.023  78.227 0.0000000000
83129  55.715  -26.552  77.503 0.0000000000
83118  55.091  -26.641  78.354 0.0000000000
81936  55.299  -27.382  78.175 0.0000000000
83042  49.851  -27.196  83.092 0.0000000000
83056  49.351  -26.955  82.426 0.0000000000
83055  49.960  -26.066  82.120 0.0000000000
84355  51.480  -26.205  83.012 0.0000000000
81846  51.179  -27.216  83.126 0.0000000000
81884  50.962  -27.508  81.503 0.0000000000
81860  51.158  -27.545  82.184 0.0000000000
83091  50.732  -27.451  80.267 0.0000000000
81922  51.229  -27.259  79.521 0.0000000000
81923  50.367  -27.562  79.674 0.0000000000
61274  44.957  -44.571  88.536 0.0000000000
65126  43.759  -41.495  88.686 0.0000000000
63772  43.907  -41.930  89.033 0.0000000000
65127  43.330  -41.137  88.651 0.0000000000
65128  42.856  -41.238  88.599 0.0000000000
66459  43.113  -40.211  88.683 0.0000000000
67695  45.357  -39.465  88.311 0.0000000000
68912  43.980  -38.363  88.716 0.0000000000
68911  44.915  -38.403  88.665 0.0000000000
70176  44.583  -37.585  88.771 0.0000000000
70175  45.483  -37.649  88.740 0.0000000000
71390  45.969  -36.979  88.631 0.0000000000
66469  47.134  -39.746  87.638 0.0000000000
67708  47.082  -39.335  87.739 0.0000000000
67722  47.462  -39.421  87.185 0.0000000000
67736  47.788  -39.252  86.878 0.0000000000
67748  47.476  -39.738  86.651 0.0000000000
50234  29.008  -54.982  91.455 0.0000000000
50252  28.896  -54.832  90.900 0.0000000000
50233  29.609  -54.801  91.269 0.0000000000
50232  30.806  -54.271  91.154 0.0000000000
51429  31.210  -53.629  90.671 0.0000000000
50231  31.656  -53.856  91.172 0.0000000000
51412  32.002  -53.658  91.245 0.0000000000
50214  31.807  -54.136  91.321 0.0000000000
80772  46.302  -29.034  80.547 0.0000000000
78446  47.648  -30.042  81.649 0.0000000000
76058  48.151  -32.265  81.719 0.0000000000
74863  49.632  -33.574  81.991 0.0000000000
58826  39.909  -47.266  89.803 0.0000000000
58847  40.206  -46.883  89.219 0.0000000000
58825  40.514  -47.323  89.493 0.0000000000
58824  42.420  -47.758  88.951 0.0000000000
58823  42.767  -47.526  88.645 0.0000000000
57548  43.081  -47.552  88.519 0.0000000000
53793  43.014  -49.526  88.280 0.0000000000
55074  43.612  -49.067  87.798 0.0000000000
56365  44.614  -47.831  86.957 0.0000000000
56351  43.996  -48.221  87.815 0.0000000000
57546  44.171  -47.312  87.942 0.0000000000
58842  44.879  -46.310  87.832 0.0000000000
58887  45.747  -46.073  86.242 0.0000000000
60068  45.536  -45.315  87.216 0.0000000000
60082  45.794  -45.265  86.452 0.0000000000
61287  45.750  -44.436  86.692 0.0000000000
61295  46.127  -44.301  85.961 0.0000000000
61294  46.455  -44.153  85.469 0.0000000000
60097  46.335  -44.791  85.301 0.0000000000
52637  32.865  -50.930  89.739 0.0000000000
53780  33.837  -50.569  90.097 0.0000000000
56339  37.428  -48.345  89.312 0.0000000000
57571  36.897  -47.825  88.236 0.0000000000
57552  37.791  -47.559  89.394 0.0000000000
58849  38.525  -47.179  89.658 0.0000000000
57528  38.395  -47.642  90.163 0.0000000000
56284  38.993  -49.704  90.683 0.0000000000
56303  39.137  -49.026  90.723 0.0000000000
56302  39.683  -49.336  90.478 0.0000000000
56301  40.377  -49.304  90.100 0.0000000000
55029  40.009  -49.930  90.242 0.0000000000
52602  38.132  -51.784  90.602 0.0000000000
51439  40.217  -51.276  89.295 0.0000000000
80874  58.116  -27.615  72.713 0.0000000000
79736  57.553  -28.529  72.029 0.0000000000
81965  56.343  -27.089  76.365 0.0000000000
83109  47.633  -26.824  79.353 0.0000000000
83108  48.585  -26.293  79.289 0.0000000000
85756  52.068  -24.542  78.864 0.0000000000
85757  51.378  -24.577  78.208 0.0000000000
84450  51.580  -24.765  77.574 0.0000000000
83089  54.367  -26.074  80.511 0.0000000000
84417  54.252  -25.487  79.905 0.0000000000
81920  54.654  -27.130  79.654 0.0000000000
80765  54.245  -27.505  80.104 0.0000000000
81882  52.815  -26.883  81.819 0.0000000000
83052  53.075  -25.997  82.250 0.0000000000
80814  53.010  -28.812  77.918 0.0000000000
80784  53.425  -27.985  79.779 0.0000000000
79633  53.576  -29.035  78.314 0.0000000000
79632  53.930  -28.767  78.878 0.0000000000
79650  53.400  -29.370  77.513 0.0000000000
62520  43.466  -43.770  88.175 0.0000000000
62529  43.377  -44.026  87.765 0.0000000000
62530  43.134  -43.390  87.559 0.0000000000
68924  42.097  -38.352  88.262 0.0000000000
71445  42.309  -36.775  85.851 0.0000000000
72585  44.185  -35.443  85.231 0.0000000000
72586  43.602  -35.875  84.699 0.0000000000
73720  44.282  -35.095  84.245 0.0000000000
74852  44.832  -34.303  83.574 0.0000000000
74840  44.994  -34.049  84.661 0.0000000000
74812  46.117  -33.591  86.345 0.0000000000
74811  46.998  -33.413  86.542 0.0000000000
75957  46.941  -32.945  86.041 0.0000000000
72510  46.632  -36.625  88.115 0.0000000000
72525  46.378  -35.726  88.206 0.0000000000
72524  46.907  -36.355  87.779 0.0000000000
73694  48.168  -34.535  85.973 0.0000000000
72551  48.345  -34.990  85.645 0.0000000000
72566  48.508  -35.062  85.260 0.0000000000
72567  48.001  -35.538  85.517 0.0000000000
71483  47.410  -36.259  84.586 0.0000000000
62544  46.882  -43.254  85.301 0.0000000000
63831  47.136  -42.315  85.653 0.0000000000
63843  47.291  -42.413  85.218 0.0000000000
47799  27.097  -55.927  93.167 0.0000000000
47783  26.920  -56.098  93.224 0.0000000000
46526  27.245  -56.654  92.746 0.0000000000
46527  26.815  -56.398  93.128 0.0000000000
74876  45.463  -33.459  81.306 0.0000000000
50212  34.102  -53.415  91.506 0.0000000000
49037  34.290  -54.174  91.297 0.0000000000
49036  35.265  -54.019  91.026 0.0000000000
85753  55.603  -25.251  77.083 0.0000000000
85754  55.363  -25.148  77.216 0.0000000000
84447  54.843  -25.462  77.760 0.0000000000
80732  48.502  -28.501  82.662 0.0000000000
81885  48.332  -27.560  81.896 0.0000000000
80731  49.146  -28.417  83.081 0.0000000000
81861  49.528  -27.771  83.107 0.0000000000
81848  50.212  -27.504  83.324 0.0000000000
80715  50.902  -27.472  83.247 0.0000000000
80746  50.667  -28.269  82.132 0.0000000000
62519  45.162  -43.622  88.209 0.0000000000
63783  44.558  -43.018  88.855 0.0000000000
63797  44.849  -42.809  88.407 0.0000000000
65148  44.414  -41.645  88.278 0.0000000000
66457  44.276  -40.424  88.212 0.0000000000
66473  45.074  -40.588  87.856 0.0000000000
67711  45.691  -40.047  88.176 0.0000000000
67710  45.968  -39.895  88.388 0.0000000000
67694  46.361  -39.238  88.406 0.0000000000
67709  46.697  -39.679  88.258 0.0000000000
66470  47.033  -39.958  87.732 0.0000000000
49041  30.356  -54.892  91.523 0.0000000000
49040  31.147  -54.934  91.472 0.0000000000
78467  45.385  -30.627  79.539 0.0000000000
79612  46.192  -29.682  80.469 0.0000000000
79611  46.729  -29.468  80.901 0.0000000000
73739  49.552  -34.333  82.670 0.0000000000
73731  49.438  -34.431  83.413 0.0000000000
72600  49.197  -35.040  83.718 0.0000000000
56320  42.133  -48.850  89.297 0.0000000000
56319  42.832  -48.886  88.783 0.0000000000
55089  43.834  -48.988  87.264 0.0000000000
57589  44.938  -47.320  86.949 0.0000000000
57568  45.209  -46.639  87.131 0.0000000000
57588  45.267  -46.877  86.717 0.0000000000
57606  45.540  -46.794  85.907 0.0000000000
53779  34.436  -50.512  90.310 0.0000000000
53778  35.220  -50.509  90.562 0.0000000000
55076  35.564  -50.002  88.758 0.0000000000
55062  36.875  -49.436  89.388 0.0000000000
55061  37.426  -48.905  89.749 0.0000000000
56322  37.711  -48.538  90.075 0.0000000000
57509  38.042  -48.140  90.405 0.0000000000
56305  38.010  -48.868  90.582 0.0000000000
56285  38.477  -49.620  90.727 0.0000000000
55016  38.990  -50.245  90.599 0.0000000000
83173  58.319  -25.990  73.935 0.0000000000
83174  57.838  -26.647  74.043 0.0000000000
80875  57.628  -27.742  73.303 0.0000000000
83107  49.005  -25.942  79.529 0.0000000000
85727  50.103  -24.810  79.128 0.0000000000
85738  51.426  -24.369  79.205 0.0000000000
85737  52.239  -24.426  79.675 0.0000000000
84419  52.822  -24.501  79.956 0.0000000000
84404  53.697  -24.947  81.263 0.0000000000
83074  54.012  -26.169  81.251 0.0000000000
81921  52.466  -27.631  79.479 0.0000000000
81937  52.584  -28.099  78.321 0.0000000000
58866  41.821  -46.660  88.216 0.0000000000
63799  42.814  -42.292  88.179 0.0000000000
63808  42.640  -42.218  87.099 0.0000000000
63809  42.250  -41.606  86.893 0.0000000000
63821  42.096  -41.821  86.142 0.0000000000
71394  42.748  -37.460  88.163 0.0000000000
71413  42.255  -37.490  87.763 0.0000000000
71412  42.899  -37.018  87.730 0.0000000000
72555  43.176  -36.383  86.341 0.0000000000
72570  43.001  -36.403  85.359 0.0000000000
72568  44.338  -35.320  86.063 0.0000000000
73695  44.762  -34.817  86.602 0.0000000000
74826  45.242  -34.065  85.859 0.0000000000
74798  45.149  -34.444  87.086 0.0000000000
74797  45.585  -34.336  87.301 0.0000000000
74796  46.384  -34.148  87.175 0.0000000000
71409  47.149  -37.126  87.421 0.0000000000
72523  47.201  -36.504  87.444 0.0000000000
71428  47.412  -36.744  86.919 0.0000000000
71443  47.372  -36.450  86.334 0.0000000000
49062  28.327  -55.123  91.665 0.0000000000
49043  28.388  -55.595  92.211 0.0000000000
49022  28.874  -55.916  92.253 0.0000000000
47796  29.248  -55.976  92.050 0.0000000000
45362  29.049  -56.592  91.762 0.0000000000
45381  29.462  -56.779  91.607 0.0000000000
44172  27.811  -57.213  92.268 0.0000000000
75978  48.093  -32.923  85.356 0.0000000000
52634  42.180  -50.084  88.587 0.0000000000
51443  32.173  -52.320  90.356 0.0000000000
52621  32.604  -51.514  90.133 0.0000000000
52605  32.960  -51.555  90.719 0.0000000000
52604  33.596  -51.345  91.158 0.0000000000
52603  34.256  -51.279  91.530 0.0000000000
51396  34.232  -52.866  91.610 0.0000000000
52587  34.613  -51.701  91.663 0.0000000000
53745  34.813  -51.105  91.532 0.0000000000
53744  35.413  -51.205  91.502 0.0000000000
53743  36.250  -51.101  91.359 0.0000000000
53742  37.030  -51.063  91.226 0.0000000000
52584  37.166  -51.628  91.119 0.0000000000
51406  37.138  -52.088  91.016 0.0000000000
50229  37.603  -52.759  90.488 0.0000000000
83137  57.233  -25.844  75.913 0.0000000000
83144  56.903  -26.457  75.816 0.0000000000
83138  56.720  -26.116  76.489 0.0000000000
81950  56.141  -26.761  76.953 0.0000000000
84445  55.977  -25.829  77.120 0.0000000000
80813  55.369  -28.012  77.838 0.0000000000
79647  54.971  -28.493  78.200 0.0000000000
83094  47.387  -27.064  79.991 0.0000000000
83093  48.156  -26.753  80.440 0.0000000000
83079  48.591  -26.980  81.594 0.0000000000
84392  49.738  -25.701  81.226 0.0000000000
84390  51.264  -25.262  82.191 0.0000000000
85692  52.066  -24.847  82.117 0.0000000000
84370  51.824  -25.813  82.793 0.0000000000
83054  51.860  -26.474  82.811 0.0000000000
81858  52.280  -26.731  82.242 0.0000000000
80728  51.052  -27.529  83.059 0.0000000000
81883  51.841  -27.150  81.597 0.0000000000
60062  44.016  -45.370  88.471 0.0000000000
61276  44.026  -44.401  88.667 0.0000000000
62508  43.748  -43.344  88.728 0.0000000000
63784  44.101  -42.511  88.901 0.0000000000
63785  43.613  -42.475  88.887 0.0000000000
63786  43.209  -42.182  88.821 0.0000000000
65149  42.420  -41.490  87.937 0.0000000000
65129  42.368  -40.752  88.227 0.0000000000
66488  41.575  -40.072  87.490 0.0000000000
67724  41.267  -38.989  87.525 0.0000000000
67723  41.716  -39.409  87.992 0.0000000000
67712  42.218  -39.179  88.395 0.0000000000
68914  42.661  -38.423  88.560 0.0000000000
67697  43.457  -39.264  88.658 0.0000000000
68913  43.272  -38.410  88.716 0.0000000000
70178  43.052  -37.762  88.543 0.0000000000
71392  44.333  -36.884  88.709 0.0000000000
72513  44.844  -36.140  88.656 0.0000000000
73650  45.309  -35.612  88.489 0.0000000000
71389  46.583  -37.064  88.234 0.0000000000
68909  46.568  -38.649  88.377 0.0000000000
70173  46.841  -38.023  88.179 0.0000000000
70192  47.044  -37.866  87.805 0.0000000000
70191  47.228  -38.230  87.477 0.0000000000
68947  47.602  -38.655  86.931 0.0000000000
51456  31.726  -52.402  89.648 0.0000000000
50268  30.805  -53.380  89.660 0.0000000000
51444  31.414  -53.133  90.092 0.0000000000
51411  32.562  -53.282  91.272 0.0000000000
81909  46.534  -28.188  80.445 0.0000000000
80770  47.415  -28.375  81.392 0.0000000000
80749  47.467  -28.954  81.646 0.0000000000
80748  47.911  -28.617  82.091 0.0000000000
79578  48.262  -28.974  82.614 0.0000000000
79591  49.894  -29.559  81.839 0.0000000000
78443  49.530  -30.859  81.126 0.0000000000
58868  39.609  -46.530  88.458 0.0000000000
58867  40.693  -46.571  88.549 0.0000000000
57549  41.318  -47.588  89.282 0.0000000000
55060  42.615  -49.493  88.724 0.0000000000
56338  42.974  -48.736  88.983 0.0000000000
56318  43.086  -48.749  88.656 0.0000000000
56352  43.540  -48.856  88.127 0.0000000000
56337  43.300  -48.690  88.457 0.0000000000
57547  43.455  -47.706  88.353 0.0000000000
60061  44.400  -45.467  88.419 0.0000000000
58841  45.323  -45.930  87.509 0.0000000000
61273  45.181  -44.879  88.188 0.0000000000
61281  45.242  -44.333  88.171 0.0000000000
62518  45.370  -43.906  87.750 0.0000000000
62527  45.632  -43.527  86.906 0.0000000000
63819  46.273  -42.631  86.382 0.0000000000
63805  46.667  -41.854  86.512 0.0000000000
62536  46.631  -43.247  85.684 0.0000000000
60141  46.157  -45.315  84.681 0.0000000000
61319  46.224  -44.952  84.255 0.0000000000
53797  34.276  -50.417  89.585 0.0000000000
58869  38.559  -46.812  88.792 0.0000000000
58827  39.176  -47.299  90.006 0.0000000000
57526  39.569  -47.777  90.195 0.0000000000
57507  39.105  -48.293  90.575 0.0000000000
57505  40.313  -48.760  90.152 0.0000000000
55028  40.701  -49.693  89.807 0.0000000000
52617  41.216  -50.440  89.182 0.0000000000
53741  37.768  -50.977  90.914 0.0000000000
53740  38.429  -50.939  90.658 0.0000000000
53759  39.047  -50.751  90.472 0.0000000000
52600  39.257  -51.422  90.063 0.0000000000
53758  39.768  -50.746  90.090 0.0000000000
53777  40.252  -50.828  89.645 0.0000000000
49013  25.161  -55.597  94.146 0.0000000000
80931  58.435  -28.355  71.171 0.0000000000
84432  54.503  -25.664  78.786 0.0000000000
81919  54.837  -27.434  79.003 0.0000000000
79630  54.660  -28.547  78.572 0.0000000000
84389  53.061  -25.337  82.209 0.0000000000
84388  53.357  -25.473  81.913 0.0000000000
81880  54.072  -26.696  81.051 0.0000000000
80767  53.661  -27.701  80.286 0.0000000000
80766  54.074  -27.641  80.230 0.0000000000
79616  54.190  -28.408  79.193 0.0000000000
79631  54.335  -28.743  78.655 0.0000000000
73751  43.453  -34.491  81.105 0.0000000000
60083  43.509  -44.939  88.054 0.0000000000
61289  43.285  -44.423  87.351 0.0000000000
72587  42.724  -36.372  84.444 0.0000000000
73741  43.155  -35.223  82.384 0.0000000000
73740  44.069  -34.505  82.000 0.0000000000
74859  44.775  -34.195  82.569 0.0000000000
74851  45.290  -33.762  83.884 0.0000000000
74825  45.743  -33.453  85.216 0.0000000000
76004  46.108  -32.977  84.488 0.0000000000
75979  47.394  -32.778  85.386 0.0000000000
75955  48.034  -33.332  85.756 0.0000000000
72526  45.805  -35.419  88.342 0.0000000000
73663  46.208  -34.870  87.888 0.0000000000
73680  46.825  -34.542  87.424 0.0000000000
72540  47.377  -35.432  87.345 0.0000000000
73679  47.362  -34.682  87.168 0.0000000000
74810  47.581  -33.580  86.272 0.0000000000
74809  48.146  -33.900  85.929 0.0000000000
75977  48.483  -33.488  85.287 0.0000000000
73706  48.877  -34.521  84.807 0.0000000000
72584  48.920  -35.027  84.407 0.0000000000
71481  48.875  -35.433  84.022 0.0000000000
71482  48.344  -35.870  84.277 0.0000000000
65180  46.965  -41.492  86.520 0.0000000000
63830  47.335  -41.639  85.917 0.0000000000
65188  47.427  -41.169  85.975 0.0000000000
63855  47.103  -42.661  84.543 0.0000000000
65196  47.361  -41.676  84.956 0.0000000000
65189  47.407  -41.149  85.592 0.0000000000
66506  47.242  -40.668  85.463 0.0000000000
46542  27.273  -56.155  92.939 0.0000000000
46554  29.956  -56.287  91.635 0.0000000000
47794  30.373  -55.856  91.584 0.0000000000
47795  29.909  -55.939  91.910 0.0000000000
50193  36.046  -52.921  91.285 0.0000000000
50195  34.839  -53.019  91.550 0.0000000000
50196  34.448  -52.968  91.583 0.0000000000
50208  37.203  -52.733  90.752 0.0000000000
51394  35.339  -52.474  91.557 0.0000000000
51395  34.629  -52.535  91.641 0.0000000000
51409  34.462  -52.185  91.706 0.0000000000
51422  39.273  -51.629  89.845 0.0000000000
51440  39.677  -51.600  89.435 0.0000000000
51442  32.625  -51.880  90.621 0.0000000000
51454  40.352  -51.320  89.092 0.0000000000
52569  34.849  -52.064  91.706 0.0000000000
52582  38.328  -51.295  90.627 0.0000000000
52650  42.272  -50.134  88.363 0.0000000000
53757  40.347  -50.183  89.918 0.0000000000
53760  35.958  -50.909  91.316 0.0000000000
53763  33.870  -50.738  90.660 0.0000000000
53794  42.682  -49.748  88.411 0.0000000000
53813  43.115  -49.671  87.830 0.0000000000
53816  34.134  -50.371  88.795 0.0000000000
55015  39.477  -49.908  90.488 0.0000000000
55033  36.041  -50.733  91.159 0.0000000000
55043  43.004  -48.872  88.919 0.0000000000
55059  42.950  -49.273  88.556 0.0000000000
56283  39.272  -49.776  90.580 0.0000000000
56353  37.026  -48.151  88.638 0.0000000000
56364  44.992  -47.380  86.723 0.0000000000
57508  38.528  -48.205  90.554 0.0000000000
57522  43.084  -48.490  88.640 0.0000000000
57527  38.934  -47.703  90.339 0.0000000000
57550  40.861  -47.497  89.419 0.0000000000
57551  38.101  -47.427  89.778 0.0000000000
57570  37.367  -47.594  88.679 0.0000000000
58850  38.059  -47.256  89.514 0.0000000000
58863  45.173  -46.425  87.393 0.0000000000
58870  37.900  -47.116  89.076 0.0000000000
60059  45.240  -45.420  87.843 0.0000000000
60070  43.354  -45.848  87.960 0.0000000000
60118  46.406  -44.875  84.976 0.0000000000
60140  46.370  -44.879  84.734 0.0000000000
61288  43.436  -44.517  87.906 0.0000000000
61318  46.501  -44.412  84.514 0.0000000000
62509  43.466  -42.733  88.778 0.0000000000
62553  46.960  -43.407  84.837 0.0000000000
63773  43.476  -42.098  88.850 0.0000000000
63807  45.211  -42.575  87.566 0.0000000000
63817  47.225  -41.822  86.009 0.0000000000
65112  43.614  -41.925  88.800 0.0000000000
65113  43.437  -41.754  88.756 0.0000000000
65114  43.236  -41.675  88.728 0.0000000000
65146  46.611  -40.671  87.588 0.0000000000
65147  44.631  -42.242  88.318 0.0000000000
65150  41.983  -40.842  87.758 0.0000000000
65179  47.191  -41.103  86.483 0.0000000000
65195  47.402  -41.669  85.483 0.0000000000
66455  47.125  -39.728  88.085 0.0000000000
66456  46.800  -39.880  88.112 0.0000000000
66471  46.678  -40.174  88.028 0.0000000000
66474  41.992  -40.072  88.166 0.0000000000
66483  47.243  -40.080  87.251 0.0000000000
66484  47.107  -40.362  87.304 0.0000000000
66487  45.024  -41.172  87.639 0.0000000000
66505  47.419  -40.428  86.112 0.0000000000
67693  46.740  -39.392  88.174 0.0000000000
67707  47.212  -39.520  87.511 0.0000000000
67737  47.669  -39.285  86.983 0.0000000000
68908  46.871  -38.928  88.037 0.0000000000
68923  46.974  -38.557  87.977 0.0000000000
68925  41.643  -38.300  87.873 0.0000000000
68934  47.465  -38.755  87.149 0.0000000000
70179  42.474  -37.856  88.302 0.0000000000
70193  41.993  -37.796  87.979 0.0000000000
70248  46.940  -37.720  86.356 0.0000000000
71411  43.461  -36.579  88.142 0.0000000000
72511  46.405  -36.471  88.324 0.0000000000
72527  44.450  -35.834  88.514 0.0000000000
72528  43.881  -36.020  88.310 0.0000000000
72541  43.793  -35.811  87.735 0.0000000000
72553  44.387  -35.235  86.511 0.0000000000
72602  43.221  -35.903  83.894 0.0000000000
73665  44.499  -35.335  88.188 0.0000000000
73681  45.311  -34.649  87.697 0.0000000000
73693  48.461  -34.620  85.512 0.0000000000
73721  43.720  -35.623  84.051 0.0000000000
74784  45.545  -34.605  87.727 0.0000000000
74794  47.620  -34.192  86.575 0.0000000000
74823  48.789  -33.931  85.135 0.0000000000
74824  48.486  -33.845  85.478 0.0000000000
74867  44.193  -33.980  81.016 0.0000000000
75954  48.212  -33.513  85.631 0.0000000000
79564  49.664  -28.797  83.196 0.0000000000
79565  49.348  -28.766  83.165 0.0000000000
79617  53.991  -28.467  79.303 0.0000000000
79648  54.633  -28.892  78.051 0.0000000000
79649  54.058  -29.307  78.013 0.0000000000
80716  50.593  -27.814  83.227 0.0000000000
80717  49.929  -28.235  83.419 0.0000000000
80730  49.545  -28.275  83.260 0.0000000000
80781  54.702  -27.831  79.124 0.0000000000
80782  54.436  -27.798  79.550 0.0000000000
80783  53.978  -28.135  79.719 0.0000000000
80826  56.085  -27.483  76.360 0.0000000000
80841  56.166  -27.551  75.907 0.0000000000
80918  58.635  -28.034  71.362 0.0000000000
81847  50.815  -27.235  83.307 0.0000000000
81863  48.204  -28.054  82.217 0.0000000000
81881  53.748  -26.775  81.264 0.0000000000
81952  52.578  -28.401  77.736 0.0000000000
81966  56.021  -27.275  76.883 0.0000000000
83040  51.336  -26.609  83.065 0.0000000000
83053  52.438  -26.382  82.422 0.0000000000
83057  48.746  -27.308  82.135 0.0000000000
83075  53.379  -26.311  81.832 0.0000000000
83076  52.964  -26.410  82.135 0.0000000000
83077  49.815  -25.807  81.534 0.0000000000
83090  50.905  -27.303  80.129 0.0000000000
83103  54.791  -26.810  79.165 0.0000000000
83105  50.788  -27.351  79.827 0.0000000000
83106  50.668  -27.447  80.041 0.0000000000
83155  58.171  -25.736  74.394 0.0000000000
84356  51.188  -26.176  83.052 0.0000000000
84368  53.104  -25.685  82.231 0.0000000000
84387  53.843  -25.471  81.346 0.0000000000
84403  54.090  -25.403  80.821 0.0000000000
85672  52.853  -25.294  82.307 0.0000000000
85673  52.537  -25.292  82.398 0.0000000000
85690  53.257  -25.043  81.956 0.0000000000
85691  52.967  -24.961  82.148 0.0000000000
85724  52.617  -24.314  80.556 0.0000000000
85726  50.667  -24.564  79.687 0.0000000000
85770  57.390  -24.432  76.169 0.0000000000
