#!ascii label  , from subject tim vox2ras=TkReg
1086
133507  44.977  22.022  63.300 0.0000000000
132485  52.274  21.554  69.672 0.0000000000
129964  46.519  18.913  56.326 0.0000000000
133551  39.406  21.928  60.900 0.0000000000
130824  42.134  20.054  58.725 0.0000000000
136437  50.211  26.705  64.740 0.0000000000
132468  47.050  21.772  71.265 0.0000000000
138004  44.594  28.532  66.292 0.0000000000
125853  48.864  13.611  59.075 0.0000000000
124916  48.736  12.516  54.357 0.0000000000
132551  51.455  21.388  65.475 0.0000000000
133594  48.544  22.394  57.780 0.0000000000
130777  50.469  19.671  62.187 0.0000000000
129120  43.624  17.180  60.436 0.0000000000
140833  46.807  33.085  61.957 0.0000000000
137997  51.779  28.677  66.671 0.0000000000
129164  45.270  17.689  54.639 0.0000000000
133526  42.702  22.174  62.104 0.0000000000
132656  40.603  21.652  59.529 0.0000000000
133564  43.199  22.368  59.941 0.0000000000
135090  47.554  24.130  65.696 0.0000000000
135096  43.536  24.138  64.387 0.0000000000
136369  46.177  25.619  70.697 0.0000000000
126788  51.475  14.310  61.707 0.0000000000
125869  50.977  13.697  58.044 0.0000000000
126810  54.406  13.791  59.174 0.0000000000
140862  50.152  33.148  58.026 0.0000000000
132511  53.813  21.028  67.450 0.0000000000
131690  54.027  20.292  62.872 0.0000000000
130701  52.134  19.247  66.041 0.0000000000
129898  43.681  18.245  64.072 0.0000000000
129910  45.844  18.886  63.125 0.0000000000
128331  42.617  16.007  61.895 0.0000000000
125827  44.634  13.584  61.580 0.0000000000
135036  49.875  24.650  69.612 0.0000000000
138001  47.912  28.487  66.184 0.0000000000
135707  52.285  25.411  69.427 0.0000000000
135736  52.522  25.147  67.562 0.0000000000
131745  48.486  21.196  56.502 0.0000000000
132707  46.206  20.850  55.118 0.0000000000
129982  47.609  18.493  53.582 0.0000000000
128352  40.520  16.898  59.541 0.0000000000
128372  41.721  16.111  57.803 0.0000000000
137264  52.411  28.231  62.411 0.0000000000
138033  48.825  28.107  62.173 0.0000000000
133414  49.921  22.029  71.226 0.0000000000
131613  49.758  21.046  67.683 0.0000000000
142118  45.228  34.484  68.431 0.0000000000
141452  43.699  33.421  66.338 0.0000000000
135053  47.484  24.586  69.457 0.0000000000
127610  45.582  15.330  56.511 0.0000000000
127629  47.237  15.765  54.472 0.0000000000
125901  48.211  13.385  56.267 0.0000000000
123946  50.009  11.675  57.214 0.0000000000
132569  48.524  21.683  64.158 0.0000000000
132642  47.558  22.122  60.683 0.0000000000
132625  51.139  21.667  61.329 0.0000000000
131720  50.954  20.841  58.947 0.0000000000
130812  47.619  19.941  59.097 0.0000000000
130742  48.773  19.601  64.102 0.0000000000
130793  46.209  19.291  61.018 0.0000000000
129950  44.997  18.166  58.137 0.0000000000
126815  44.961  14.157  58.918 0.0000000000
125823  48.497  13.686  61.157 0.0000000000
142210  49.379  35.301  60.139 0.0000000000
139569  48.376  31.220  60.421 0.0000000000
139544  47.839  30.349  63.406 0.0000000000
139541  51.157  30.284  63.863 0.0000000000
137182  52.277  27.174  65.493 0.0000000000
135081  50.301  24.327  67.034 0.0000000000
133597  45.081  22.402  57.944 0.0000000000
129966  43.915  18.931  56.465 0.0000000000
126862  42.892  14.388  55.487 0.0000000000
126893  47.090  14.764  52.356 0.0000000000
133525  43.722  22.059  62.212 0.0000000000
133548  42.351  22.246  60.986 0.0000000000
133546  44.641  22.002  61.166 0.0000000000
134362  46.204  22.856  64.840 0.0000000000
135094  45.117  24.153  64.811 0.0000000000
133496  44.502  22.632  63.980 0.0000000000
134377  43.305  22.921  63.743 0.0000000000
126772  53.347  14.553  62.405 0.0000000000
126800  53.501  14.588  60.283 0.0000000000
126785  54.179  14.251  60.978 0.0000000000
124897  40.827  12.621  57.523 0.0000000000
132484  52.987  21.706  68.958 0.0000000000
130691  53.754  19.490  66.247 0.0000000000
131611  52.413  19.709  67.211 0.0000000000
128311  42.247  16.557  63.707 0.0000000000
129100  42.819  17.037  62.897 0.0000000000
134294  51.244  23.801  70.617 0.0000000000
135709  51.062  25.591  69.414 0.0000000000
133411  52.309  23.139  69.858 0.0000000000
134314  52.886  23.474  68.676 0.0000000000
130829  47.276  20.071  56.790 0.0000000000
130843  47.708  19.862  54.855 0.0000000000
129971  47.520  18.945  55.060 0.0000000000
131702  38.846  20.613  61.431 0.0000000000
131701  39.397  20.485  60.950 0.0000000000
131723  41.471  20.545  59.179 0.0000000000
129945  40.995  19.008  59.845 0.0000000000
129944  41.488  18.480  59.299 0.0000000000
128362  41.555  16.826  58.576 0.0000000000
129135  42.261  17.446  58.173 0.0000000000
137208  51.442  27.576  63.598 0.0000000000
137266  51.294  28.064  62.080 0.0000000000
137210  49.499  27.420  63.559 0.0000000000
134391  39.929  22.950  62.489 0.0000000000
133530  38.505  22.216  61.772 0.0000000000
132455  48.164  21.458  71.372 0.0000000000
131546  48.967  20.603  70.578 0.0000000000
131548  47.008  20.352  70.801 0.0000000000
134299  46.389  23.468  70.496 0.0000000000
135711  46.388  25.576  69.871 0.0000000000
135025  47.745  24.102  70.624 0.0000000000
135024  48.631  24.144  70.601 0.0000000000
125891  46.427  13.865  57.719 0.0000000000
125902  47.401  13.632  56.375 0.0000000000
125889  48.160  13.515  57.242 0.0000000000
125885  52.304  13.297  57.697 0.0000000000
125886  50.994  13.231  57.437 0.0000000000
123006  51.670  10.786  57.442 0.0000000000
132568  49.557  21.686  64.460 0.0000000000
132590  49.362  21.547  63.283 0.0000000000
132588  51.646  21.506  63.430 0.0000000000
130775  52.622  19.707  61.930 0.0000000000
131700  52.530  20.484  60.726 0.0000000000
130800  51.118  20.357  60.295 0.0000000000
130810  49.780  20.273  59.597 0.0000000000
130802  49.158  19.989  60.345 0.0000000000
131628  48.577  20.897  66.609 0.0000000000
131642  49.872  20.040  65.525 0.0000000000
131670  48.020  20.043  64.990 0.0000000000
129110  44.038  18.083  61.202 0.0000000000
129929  45.825  19.046  61.674 0.0000000000
129937  44.705  18.459  60.212 0.0000000000
129942  45.535  19.034  59.572 0.0000000000
129133  44.293  17.181  58.712 0.0000000000
128359  44.224  16.309  58.523 0.0000000000
127593  43.982  15.467  59.202 0.0000000000
125808  46.286  13.490  62.382 0.0000000000
125825  46.448  13.491  61.392 0.0000000000
141505  48.767  34.496  61.309 0.0000000000
140855  48.561  33.409  60.043 0.0000000000
140182  47.171  32.265  61.150 0.0000000000
140162  42.946  31.227  66.076 0.0000000000
140807  44.097  32.795  64.501 0.0000000000
138873  44.519  29.884  65.516 0.0000000000
137999  49.864  28.806  66.628 0.0000000000
139524  47.550  30.306  65.119 0.0000000000
139522  49.621  30.395  65.294 0.0000000000
139542  50.225  30.445  63.656 0.0000000000
139520  51.218  30.036  65.234 0.0000000000
138877  52.352  28.942  64.084 0.0000000000
138010  52.304  28.351  65.754 0.0000000000
132523  51.905  21.902  67.125 0.0000000000
135065  51.155  24.079  67.457 0.0000000000
133473  50.850  22.407  67.032 0.0000000000
133480  48.901  22.517  65.852 0.0000000000
133560  47.799  22.486  59.874 0.0000000000
133561  46.757  22.474  59.829 0.0000000000
133596  46.226  22.591  57.948 0.0000000000
130844  45.575  19.386  54.693 0.0000000000
131757  44.848  20.427  56.017 0.0000000000
129157  44.390  17.826  55.519 0.0000000000
128379  43.446  16.728  56.277 0.0000000000
127621  44.415  15.623  54.906 0.0000000000
125918  48.345  13.743  53.887 0.0000000000
126881  48.380  14.633  53.070 0.0000000000
124928  48.094  12.694  52.432 0.0000000000
133550  40.281  22.274  60.817 0.0000000000
132646  39.731  21.550  60.399 0.0000000000
133566  41.010  22.290  59.917 0.0000000000
133565  42.055  22.369  59.879 0.0000000000
133600  42.198  21.910  58.566 0.0000000000
136432  48.438  25.836  65.289 0.0000000000
134379  41.472  23.152  63.349 0.0000000000
125837  49.709  13.786  59.961 0.0000000000
125852  49.887  13.691  58.945 0.0000000000
126814  51.766  14.173  59.684 0.0000000000
126826  52.786  14.244  58.696 0.0000000000
132537  52.316  21.349  66.345 0.0000000000
132565  53.142  21.153  64.392 0.0000000000
131640  54.042  20.349  65.034 0.0000000000
130709  53.789  19.348  64.334 0.0000000000
130761  51.307  19.540  63.121 0.0000000000
130715  45.638  19.789  64.923 0.0000000000
130745  45.700  19.238  64.264 0.0000000000
129897  44.762  18.627  63.850 0.0000000000
129922  44.170  18.229  62.299 0.0000000000
128341  43.055  16.443  61.120 0.0000000000
126804  43.777  14.280  60.648 0.0000000000
126789  43.173  14.459  61.574 0.0000000000
125810  44.396  13.466  62.420 0.0000000000
125768  46.797  13.749  64.379 0.0000000000
141480  46.868  34.111  63.434 0.0000000000
136418  46.994  26.521  66.699 0.0000000000
138002  46.898  28.222  66.101 0.0000000000
136405  48.836  26.289  67.319 0.0000000000
136404  50.130  26.792  67.784 0.0000000000
137157  51.859  27.513  67.988 0.0000000000
137164  52.472  27.140  67.115 0.0000000000
135735  52.769  25.406  68.115 0.0000000000
134333  52.532  23.225  68.093 0.0000000000
132680  48.721  21.967  56.836 0.0000000000
133605  47.106  22.352  57.021 0.0000000000
132694  47.541  21.439  55.769 0.0000000000
131766  47.054  20.490  54.646 0.0000000000
129984  46.500  18.307  53.749 0.0000000000
123026  47.471  11.025  55.994 0.0000000000
123984  47.507  11.708  54.093 0.0000000000
128345  38.514  16.431  60.368 0.0000000000
130806  39.825  20.012  60.653 0.0000000000
129121  40.227  17.596  60.172 0.0000000000
127586  39.035  15.546  59.104 0.0000000000
127596  39.485  15.137  58.483 0.0000000000
127605  40.721  15.074  57.636 0.0000000000
126851  41.202  14.008  56.840 0.0000000000
138076  52.075  28.298  60.911 0.0000000000
138053  50.362  28.344  61.290 0.0000000000
132486  51.174  21.131  70.106 0.0000000000
131599  50.901  20.595  68.583 0.0000000000
131574  50.530  20.770  69.514 0.0000000000
132513  49.015  21.207  68.422 0.0000000000
132541  47.291  21.202  66.871 0.0000000000
131631  45.551  21.006  66.302 0.0000000000
130717  43.790  19.893  65.127 0.0000000000
141441  44.352  34.123  67.088 0.0000000000
140786  43.203  32.212  67.733 0.0000000000
137993  43.797  28.583  67.162 0.0000000000
136419  45.952  26.469  66.939 0.0000000000
135052  48.094  24.459  68.955 0.0000000000
134295  50.209  23.682  71.103 0.0000000000
128377  45.456  16.572  56.526 0.0000000000
128384  46.700  16.769  55.079 0.0000000000
127619  46.657  15.636  55.121 0.0000000000
126857  47.546  13.961  55.074 0.0000000000
125908  48.728  13.125  54.724 0.0000000000
125887  50.045  13.430  57.259 0.0000000000
124905  49.591  12.582  56.569 0.0000000000
123959  48.804  11.718  56.340 0.0000000000
133505  46.384  21.923  63.809 0.0000000000
132615  46.251  21.644  62.188 0.0000000000
132613  48.113  21.589  62.228 0.0000000000
132627  48.962  21.917  61.316 0.0000000000
133558  49.775  22.316  59.801 0.0000000000
132623  52.832  21.320  61.718 0.0000000000
132652  51.523  21.501  59.878 0.0000000000
132665  50.579  21.779  58.598 0.0000000000
131732  49.672  21.167  57.745 0.0000000000
130819  48.381  20.369  58.331 0.0000000000
130821  46.430  19.569  57.617 0.0000000000
131626  51.214  19.749  66.331 0.0000000000
131641  50.696  19.591  65.250 0.0000000000
130762  50.112  19.453  63.221 0.0000000000
130765  46.767  19.317  63.468 0.0000000000
130779  48.093  19.412  62.405 0.0000000000
130791  48.530  19.594  61.348 0.0000000000
130803  47.961  19.727  60.269 0.0000000000
130813  46.481  19.611  58.796 0.0000000000
129140  45.447  17.863  57.051 0.0000000000
128378  45.072  15.751  57.052 0.0000000000
126839  45.073  14.540  57.967 0.0000000000
125855  46.773  13.498  59.318 0.0000000000
125857  44.983  13.711  59.945 0.0000000000
125840  46.570  13.477  60.358 0.0000000000
125838  48.674  13.678  60.108 0.0000000000
125804  50.410  14.104  61.876 0.0000000000
141540  49.742  34.142  58.928 0.0000000000
140198  49.354  32.419  58.794 0.0000000000
139567  50.751  30.485  60.464 0.0000000000
138880  45.964  30.123  65.012 0.0000000000
139554  46.422  30.942  62.345 0.0000000000
139561  48.520  30.596  61.339 0.0000000000
139560  49.787  30.439  61.458 0.0000000000
139559  51.108  30.315  61.641 0.0000000000
138888  52.510  29.297  62.683 0.0000000000
137206  52.406  27.916  64.169 0.0000000000
136436  51.153  26.840  64.872 0.0000000000
136413  52.420  26.473  66.588 0.0000000000
135760  51.133  25.807  66.046 0.0000000000
135761  50.173  25.580  65.934 0.0000000000
135089  48.418  24.280  66.068 0.0000000000
133481  47.986  22.682  65.355 0.0000000000
133545  45.529  21.975  60.925 0.0000000000
133581  44.127  22.428  58.905 0.0000000000
132669  43.507  21.193  57.666 0.0000000000
132683  45.777  21.678  56.354 0.0000000000
132685  44.052  20.994  57.156 0.0000000000
130832  43.172  19.280  57.672 0.0000000000
129143  42.860  17.852  57.516 0.0000000000
127613  42.551  15.148  56.355 0.0000000000
128391  47.693  17.021  53.947 0.0000000000
128399  47.155  16.721  53.053 0.0000000000
127637  46.199  15.659  53.188 0.0000000000
124929  46.987  12.525  52.742 0.0000000000
126871  45.390  15.119  53.589 0.0000000000
124865  53.840  12.928  60.592 0.0000000000
124884  54.399  12.372  58.377 0.0000000000
133524  44.635  21.915  62.344 0.0000000000
133494  45.937  22.422  64.351 0.0000000000
133495  45.193  22.564  64.153 0.0000000000
133508  43.962  22.341  63.351 0.0000000000
126771  54.055  14.293  62.240 0.0000000000
131572  52.841  20.820  68.908 0.0000000000
131597  53.257  20.194  68.046 0.0000000000
133412  51.756  22.997  70.419 0.0000000000
133425  52.183  22.431  69.995 0.0000000000
133424  52.697  22.610  69.313 0.0000000000
130837  46.830  19.312  56.279 0.0000000000
130836  47.230  19.649  55.853 0.0000000000
129963  46.797  18.608  55.699 0.0000000000
132633  38.827  21.536  61.312 0.0000000000
132632  39.280  21.191  60.858 0.0000000000
130814  41.560  19.528  59.293 0.0000000000
129952  42.138  18.986  58.751 0.0000000000
129136  41.920  17.925  58.733 0.0000000000
137195  50.852  27.210  64.213 0.0000000000
137209  50.619  27.525  63.507 0.0000000000
137196  50.022  27.171  64.139 0.0000000000
133529  39.564  22.501  61.655 0.0000000000
133552  38.872  21.928  61.276 0.0000000000
133407  47.833  22.109  71.312 0.0000000000
131535  47.621  20.756  71.241 0.0000000000
133416  46.573  22.475  70.820 0.0000000000
134298  47.384  23.207  70.898 0.0000000000
134289  47.652  22.589  71.184 0.0000000000
134288  48.109  22.826  71.289 0.0000000000
125872  48.021  13.629  58.214 0.0000000000
125890  47.152  13.695  57.354 0.0000000000
123944  52.284  11.715  57.427 0.0000000000
132567  50.855  21.530  64.462 0.0000000000
132566  52.081  21.305  64.424 0.0000000000
130776  51.616  19.614  61.992 0.0000000000
130788  51.962  20.064  60.876 0.0000000000
130789  50.852  19.978  61.164 0.0000000000
130801  50.206  20.146  60.350 0.0000000000
130790  49.731  19.806  61.282 0.0000000000
131629  47.387  20.862  66.187 0.0000000000
131644  47.585  20.362  65.466 0.0000000000
129119  44.063  17.968  60.738 0.0000000000
129930  44.520  18.465  61.381 0.0000000000
129125  44.182  17.671  59.788 0.0000000000
129126  43.830  16.878  59.531 0.0000000000
128360  43.888  16.173  59.165 0.0000000000
125788  47.087  13.697  63.344 0.0000000000
141494  47.978  34.210  62.398 0.0000000000
141493  48.647  34.652  61.956 0.0000000000
141506  47.996  33.780  61.614 0.0000000000
140845  48.057  33.259  60.717 0.0000000000
140832  47.484  33.080  61.341 0.0000000000
138861  43.580  29.862  66.149 0.0000000000
139527  43.866  30.481  65.386 0.0000000000
138015  44.828  29.358  65.719 0.0000000000
137998  50.818  28.847  66.894 0.0000000000
138857  49.412  29.431  66.274 0.0000000000
138868  49.969  30.112  65.973 0.0000000000
139521  50.552  30.275  65.308 0.0000000000
138855  51.289  29.387  66.235 0.0000000000
138011  51.924  29.088  65.850 0.0000000000
132524  51.256  22.179  67.044 0.0000000000
132538  50.944  21.861  66.550 0.0000000000
132552  50.041  21.870  65.603 0.0000000000
133577  48.692  22.477  58.851 0.0000000000
133578  47.627  22.617  58.848 0.0000000000
133595  47.361  22.519  57.902 0.0000000000
129979  45.447  18.363  54.609 0.0000000000
129973  45.142  18.726  55.051 0.0000000000
128386  44.474  16.814  55.170 0.0000000000
128394  45.085  16.404  54.480 0.0000000000
125917  48.701  13.221  53.610 0.0000000000
125926  48.725  13.488  52.669 0.0000000000
124923  48.590  12.604  53.340 0.0000000000
133527  41.573  22.425  62.137 0.0000000000
133549  41.264  22.362  60.890 0.0000000000
133547  43.481  22.098  61.060 0.0000000000
133583  41.810  22.113  58.907 0.0000000000
133582  42.926  22.388  58.877 0.0000000000
135763  47.917  25.056  65.613 0.0000000000
135767  47.358  25.396  65.271 0.0000000000
135764  47.055  24.774  65.446 0.0000000000
135095  44.273  24.136  64.612 0.0000000000
135770  44.745  24.973  64.641 0.0000000000
133509  43.045  22.434  63.092 0.0000000000
133510  42.228  22.557  62.963 0.0000000000
125821  50.580  14.021  60.845 0.0000000000
125836  50.755  13.915  59.822 0.0000000000
126802  51.629  14.259  60.681 0.0000000000
126799  54.116  14.441  59.995 0.0000000000
126812  53.517  14.475  59.369 0.0000000000
126825  53.600  14.178  58.617 0.0000000000
125866  53.720  13.660  58.083 0.0000000000
126823  54.356  13.532  58.706 0.0000000000
142235  50.593  34.853  57.658 0.0000000000
142252  50.550  34.624  56.884 0.0000000000
132522  53.206  21.529  67.200 0.0000000000
132536  53.614  20.865  66.092 0.0000000000
132535  54.051  20.421  66.411 0.0000000000
130700  53.095  19.049  65.693 0.0000000000
130699  53.773  19.379  65.292 0.0000000000
130710  53.123  19.020  64.673 0.0000000000
130739  52.230  19.348  63.983 0.0000000000
130711  52.214  19.202  65.032 0.0000000000
130746  44.742  19.076  64.500 0.0000000000
128320  42.848  16.966  62.488 0.0000000000
129099  43.176  17.401  62.675 0.0000000000
128330  42.903  16.885  62.046 0.0000000000
128342  42.849  15.602  61.375 0.0000000000
127576  43.165  15.276  60.869 0.0000000000
127567  42.967  14.996  61.374 0.0000000000
125811  43.371  13.744  62.452 0.0000000000
125790  45.083  13.319  63.287 0.0000000000
125769  45.690  13.499  64.244 0.0000000000
135738  48.514  25.413  67.791 0.0000000000
136417  48.111  26.804  66.745 0.0000000000
135737  49.310  25.880  67.821 0.0000000000
135708  51.749  25.452  69.663 0.0000000000
136391  50.426  26.218  68.429 0.0000000000
136390  51.129  26.523  68.660 0.0000000000
136403  50.946  27.121  68.177 0.0000000000
136389  51.989  26.567  68.961 0.0000000000
136388  52.466  26.177  68.597 0.0000000000
135719  52.623  25.353  68.946 0.0000000000
133448  52.979  22.383  68.506 0.0000000000
133465  53.000  22.150  67.929 0.0000000000
132681  47.930  21.878  56.319 0.0000000000
131754  48.009  21.204  55.912 0.0000000000
130842  47.866  19.167  54.327 0.0000000000
131765  47.701  19.832  54.214 0.0000000000
130850  47.641  19.211  53.819 0.0000000000
130851  46.830  19.258  53.785 0.0000000000
130858  47.289  18.938  53.569 0.0000000000
128332  39.189  17.275  60.829 0.0000000000
132645  40.171  21.278  59.948 0.0000000000
131713  39.745  20.854  60.444 0.0000000000
131712  40.320  20.469  60.116 0.0000000000
129128  40.852  17.980  59.769 0.0000000000
129938  40.375  18.518  60.296 0.0000000000
128343  40.107  17.189  60.055 0.0000000000
128353  39.383  16.232  59.724 0.0000000000
127585  39.917  15.868  59.005 0.0000000000
127594  41.059  15.845  58.066 0.0000000000
126841  40.540  14.157  57.380 0.0000000000
126840  41.296  14.654  57.103 0.0000000000
138050  52.657  28.572  61.965 0.0000000000
137286  52.262  28.296  61.497 0.0000000000
137268  49.606  28.201  61.905 0.0000000000
138054  49.101  28.392  61.389 0.0000000000
132466  50.552  21.580  70.765 0.0000000000
131545  50.062  20.825  70.364 0.0000000000
132487  48.622  21.133  68.953 0.0000000000
132526  48.275  21.279  67.490 0.0000000000
131647  44.660  20.527  65.658 0.0000000000
142852  45.942  35.807  67.595 0.0000000000
139513  43.179  30.339  67.875 0.0000000000
139514  42.884  30.399  67.029 0.0000000000
135724  46.783  25.011  69.298 0.0000000000
135740  46.327  25.506  68.371 0.0000000000
136420  45.505  26.644  67.314 0.0000000000
135739  47.417  25.035  68.181 0.0000000000
135723  47.400  24.698  68.951 0.0000000000
133405  49.343  22.499  71.416 0.0000000000
134296  49.200  23.774  71.201 0.0000000000
133404  50.007  22.825  71.361 0.0000000000
133413  50.847  22.681  71.059 0.0000000000
128385  46.073  16.152  55.780 0.0000000000
126859  46.212  15.027  55.820 0.0000000000
125910  47.595  13.712  55.615 0.0000000000
125909  48.087  13.497  55.083 0.0000000000
125900  49.039  13.075  56.203 0.0000000000
125870  50.001  13.676  58.022 0.0000000000
124894  50.484  12.566  57.075 0.0000000000
124904  50.175  12.909  56.783 0.0000000000
124895  49.893  12.257  56.907 0.0000000000
123947  49.244  11.478  57.050 0.0000000000
123017  48.711  11.021  57.076 0.0000000000
123008  49.427  10.651  57.410 0.0000000000
132570  47.701  21.717  64.043 0.0000000000
132592  47.227  21.601  63.323 0.0000000000
132591  48.323  21.561  63.215 0.0000000000
132611  50.257  21.634  62.276 0.0000000000
132612  49.167  21.636  62.227 0.0000000000
132626  50.067  21.922  61.167 0.0000000000
133542  49.597  22.151  60.600 0.0000000000
132641  50.227  22.098  60.257 0.0000000000
132586  53.568  21.055  63.575 0.0000000000
132587  52.713  21.384  63.485 0.0000000000
132608  53.298  21.202  62.600 0.0000000000
131709  51.963  20.717  60.187 0.0000000000
131708  52.518  21.022  60.594 0.0000000000
131719  51.458  21.161  59.492 0.0000000000
132653  51.050  21.775  59.295 0.0000000000
131730  50.955  21.378  58.874 0.0000000000
131731  50.438  21.270  58.400 0.0000000000
130811  48.884  20.165  59.189 0.0000000000
131722  49.178  20.589  58.212 0.0000000000
130820  47.494  20.295  57.850 0.0000000000
131612  51.113  20.327  67.470 0.0000000000
131669  48.796  19.919  64.866 0.0000000000
131668  49.679  19.678  64.746 0.0000000000
130741  49.770  19.446  64.070 0.0000000000
130763  48.955  19.497  63.254 0.0000000000
130766  46.081  19.138  63.766 0.0000000000
130744  46.662  19.528  64.224 0.0000000000
130780  46.988  19.287  62.628 0.0000000000
130792  47.062  19.370  61.474 0.0000000000
130804  46.587  19.481  60.149 0.0000000000
129943  44.762  18.315  59.124 0.0000000000
129949  45.540  18.957  58.414 0.0000000000
129956  45.650  18.562  57.278 0.0000000000
129957  45.194  18.131  57.702 0.0000000000
128368  45.266  17.296  57.017 0.0000000000
128369  44.678  16.428  57.662 0.0000000000
126829  44.759  14.601  58.484 0.0000000000
127602  44.870  15.150  57.632 0.0000000000
126828  45.299  14.159  58.420 0.0000000000
125874  46.058  13.725  58.397 0.0000000000
126803  44.184  14.190  60.151 0.0000000000
125842  44.604  13.746  60.572 0.0000000000
125824  47.465  13.554  61.287 0.0000000000
125839  47.640  13.526  60.244 0.0000000000
125822  49.538  13.810  61.008 0.0000000000
142204  48.500  35.445  60.859 0.0000000000
142205  47.111  34.576  60.567 0.0000000000
142211  48.201  34.891  59.935 0.0000000000
142209  49.872  35.217  59.559 0.0000000000
139577  48.541  31.677  59.740 0.0000000000
140199  48.913  32.499  59.173 0.0000000000
139576  49.168  31.301  59.646 0.0000000000
139575  50.260  31.005  59.322 0.0000000000
139568  49.459  30.724  60.393 0.0000000000
138012  47.394  28.906  65.953 0.0000000000
138013  46.642  28.996  65.772 0.0000000000
139534  48.204  30.419  64.392 0.0000000000
139535  46.941  30.341  64.452 0.0000000000
139545  46.633  30.491  63.379 0.0000000000
139553  47.547  30.503  62.322 0.0000000000
139551  50.054  30.405  62.586 0.0000000000
139550  51.224  30.277  62.807 0.0000000000
139558  52.305  29.586  61.863 0.0000000000
139549  51.906  29.788  63.163 0.0000000000
137192  52.434  27.750  65.133 0.0000000000
138029  52.450  28.450  63.627 0.0000000000
137193  52.050  27.354  64.782 0.0000000000
137194  51.559  27.291  64.364 0.0000000000
136435  51.654  27.049  64.927 0.0000000000
135747  52.576  25.794  67.336 0.0000000000
135066  50.661  23.809  67.325 0.0000000000
135749  51.497  25.423  66.646 0.0000000000
135750  50.701  25.191  66.550 0.0000000000
135751  49.883  24.958  66.422 0.0000000000
135762  49.071  25.192  65.918 0.0000000000
135082  49.322  24.313  66.480 0.0000000000
133491  48.637  22.121  64.975 0.0000000000
133492  47.809  22.182  64.701 0.0000000000
133493  46.861  22.220  64.496 0.0000000000
132629  46.962  21.779  61.341 0.0000000000
132630  46.052  21.800  61.332 0.0000000000
132644  46.160  22.129  60.536 0.0000000000
133580  45.312  22.529  58.975 0.0000000000
133598  43.993  21.956  57.764 0.0000000000
133599  42.734  21.892  58.374 0.0000000000
132682  46.895  21.873  56.265 0.0000000000
130839  44.200  19.851  56.508 0.0000000000
131758  44.375  20.279  56.487 0.0000000000
131735  43.338  20.195  57.663 0.0000000000
130831  43.490  19.486  57.302 0.0000000000
129142  43.260  17.845  56.945 0.0000000000
127612  43.245  15.778  56.130 0.0000000000
128380  42.809  16.226  56.775 0.0000000000
126850  41.912  14.331  56.259 0.0000000000
126863  42.203  13.935  55.712 0.0000000000
128392  47.245  16.404  54.451 0.0000000000
128383  47.367  17.330  54.516 0.0000000000
127628  47.599  15.764  53.792 0.0000000000
126892  48.092  14.662  52.245 0.0000000000
127635  47.722  15.668  52.774 0.0000000000
127643  47.402  15.344  52.465 0.0000000000
127636  46.852  15.622  52.734 0.0000000000
123985  46.590  11.684  54.036 0.0000000000
123996  47.306  12.127  53.300 0.0000000000
123997  46.329  12.021  53.279 0.0000000000
134353  46.717  23.041  65.158 0.0000000000
135092  45.888  24.092  65.125 0.0000000000
134363  45.558  23.255  64.767 0.0000000000
134364  44.721  23.321  64.482 0.0000000000
134365  43.873  23.232  64.215 0.0000000000
134366  43.217  23.543  64.062 0.0000000000
126787  52.528  14.495  61.537 0.0000000000
126801  52.633  14.495  60.505 0.0000000000
126786  53.462  14.558  61.332 0.0000000000
126784  54.347  14.211  60.304 0.0000000000
132512  53.443  21.281  68.113 0.0000000000
131609  54.092  20.091  66.721 0.0000000000
131596  53.851  20.464  67.450 0.0000000000
131610  53.556  19.731  67.137 0.0000000000
130693  52.462  19.388  66.641 0.0000000000
129078  43.183  17.796  63.901 0.0000000000
129089  43.236  17.689  63.554 0.0000000000
129090  42.776  17.115  63.275 0.0000000000
127559  42.365  15.375  62.559 0.0000000000
135022  50.665  24.573  70.217 0.0000000000
135050  50.161  25.176  69.012 0.0000000000
135701  50.898  25.093  69.814 0.0000000000
135021  51.611  24.676  70.094 0.0000000000
135034  52.087  25.020  69.822 0.0000000000
135033  52.415  24.680  69.503 0.0000000000
134304  52.622  23.736  69.386 0.0000000000
131734  48.046  20.552  56.871 0.0000000000
131746  47.882  20.582  56.138 0.0000000000
131724  40.795  20.950  59.554 0.0000000000
130815  40.967  20.033  59.765 0.0000000000
129127  41.294  17.497  59.224 0.0000000000
128351  41.162  17.040  59.155 0.0000000000
128361  42.094  16.991  58.177 0.0000000000
137235  52.018  27.858  62.954 0.0000000000
137265  51.878  28.049  62.112 0.0000000000
137236  51.349  27.822  62.806 0.0000000000
137237  50.439  27.826  62.754 0.0000000000
137238  49.341  27.837  62.634 0.0000000000
134392  38.991  22.999  62.391 0.0000000000
132617  38.280  21.158  61.889 0.0000000000
132454  49.056  21.650  71.374 0.0000000000
132467  49.578  21.137  71.051 0.0000000000
131534  48.601  20.857  71.226 0.0000000000
131547  47.960  20.449  70.760 0.0000000000
135702  46.262  25.256  70.688 0.0000000000
136379  46.287  25.646  70.445 0.0000000000
135026  46.801  24.338  70.501 0.0000000000
135039  47.265  24.624  70.070 0.0000000000
135038  48.005  24.319  69.924 0.0000000000
134297  48.313  23.597  71.146 0.0000000000
133406  48.574  22.255  71.395 0.0000000000
126837  46.398  14.069  57.090 0.0000000000
126848  46.197  14.501  56.452 0.0000000000
125888  49.103  13.467  57.167 0.0000000000
124893  51.687  12.574  57.448 0.0000000000
123945  51.106  11.715  57.383 0.0000000000
132589  50.489  21.554  63.375 0.0000000000
132610  51.346  21.590  62.386 0.0000000000
130759  53.221  19.551  62.772 0.0000000000
130774  53.319  20.138  62.098 0.0000000000
131710  51.345  20.653  59.710 0.0000000000
131711  50.603  20.476  59.548 0.0000000000
131614  48.918  21.165  67.376 0.0000000000
131627  49.944  20.531  66.497 0.0000000000
131643  48.798  20.356  65.628 0.0000000000
129921  45.185  18.751  62.363 0.0000000000
129920  46.027  18.975  62.473 0.0000000000
129936  45.505  19.043  60.682 0.0000000000
127592  44.305  15.442  58.649 0.0000000000
126816  44.447  14.371  59.471 0.0000000000
125826  45.474  13.487  61.469 0.0000000000
125807  47.297  13.619  62.319 0.0000000000
142928  48.425  35.725  61.520 0.0000000000
142933  49.035  35.597  61.000 0.0000000000
142203  49.079  35.183  60.962 0.0000000000
141527  49.168  34.230  59.810 0.0000000000
140844  48.495  33.605  60.444 0.0000000000
140187  47.757  32.328  60.381 0.0000000000
139570  47.672  31.688  60.609 0.0000000000
140161  43.054  31.849  65.896 0.0000000000
141463  44.032  33.441  65.357 0.0000000000
140165  43.150  31.413  65.678 0.0000000000
140164  43.440  31.625  65.095 0.0000000000
138000  48.925  28.640  66.391 0.0000000000
138870  47.733  29.615  65.659 0.0000000000
138869  48.943  29.939  65.819 0.0000000000
139523  48.543  30.379  65.234 0.0000000000
139543  49.074  30.378  63.503 0.0000000000
139533  49.342  30.476  64.475 0.0000000000
139532  50.359  30.427  64.581 0.0000000000
139540  51.666  29.839  64.129 0.0000000000
138878  51.972  29.481  64.523 0.0000000000
138865  52.213  29.041  65.047 0.0000000000
137181  52.412  27.391  66.105 0.0000000000
134334  51.765  23.371  67.675 0.0000000000
135064  52.038  24.510  67.517 0.0000000000
134335  50.982  23.356  67.429 0.0000000000
134336  50.348  23.415  67.166 0.0000000000
134347  49.677  23.509  66.760 0.0000000000
133479  49.669  22.383  66.237 0.0000000000
132553  49.247  22.035  65.233 0.0000000000
133544  48.210  22.295  60.418 0.0000000000
133579  46.484  22.622  58.934 0.0000000000
131767  45.761  20.355  54.967 0.0000000000
131756  45.396  20.607  55.551 0.0000000000
130845  45.158  19.779  55.310 0.0000000000
130838  44.558  19.384  55.853 0.0000000000
129965  44.281  18.473  55.843 0.0000000000
129150  43.697  17.864  56.266 0.0000000000
129158  43.937  17.099  55.769 0.0000000000
128387  43.834  16.229  55.639 0.0000000000
127622  43.585  15.322  55.535 0.0000000000
126869  47.695  14.419  54.332 0.0000000000
126891  48.774  14.234  52.342 0.0000000000
124936  47.973  13.330  51.896 0.0000000000
133568  39.764  21.843  60.418 0.0000000000
133567  40.172  21.947  60.014 0.0000000000
133585  40.484  21.919  59.584 0.0000000000
133584  40.842  21.994  59.394 0.0000000000
132655  41.424  21.498  58.983 0.0000000000
132671  41.811  21.408  58.712 0.0000000000
131737  41.912  20.989  58.687 0.0000000000
136431  49.573  26.083  65.332 0.0000000000
136438  48.970  26.713  64.505 0.0000000000
136439  47.524  26.073  64.781 0.0000000000
135769  45.717  25.034  64.945 0.0000000000
134378  42.564  23.220  63.722 0.0000000000
134390  40.761  22.847  62.636 0.0000000000
133528  40.523  22.485  61.783 0.0000000000
135027  45.893  24.516  70.532 0.0000000000
125851  50.889  13.859  58.858 0.0000000000
126827  51.870  14.038  58.803 0.0000000000
126813  52.703  14.430  59.536 0.0000000000
125868  51.992  13.759  58.113 0.0000000000
125867  52.949  13.850  58.088 0.0000000000
125884  53.168  13.373  57.742 0.0000000000
132550  52.729  21.152  65.321 0.0000000000
132549  53.587  20.784  65.130 0.0000000000
132563  54.159  20.321  64.111 0.0000000000
131623  54.172  20.067  65.796 0.0000000000
131639  54.153  19.797  64.845 0.0000000000
130737  53.780  19.520  63.464 0.0000000000
130738  53.144  19.213  63.668 0.0000000000
130760  52.380  19.477  62.913 0.0000000000
130714  46.557  19.847  64.851 0.0000000000
129896  45.463  18.858  63.649 0.0000000000
129911  44.886  18.598  63.111 0.0000000000
129912  43.943  18.187  63.265 0.0000000000
129931  44.095  18.149  61.729 0.0000000000
129111  43.666  17.696  61.501 0.0000000000
128350  43.469  16.191  60.114 0.0000000000
125843  44.194  13.797  61.077 0.0000000000
125828  43.882  13.813  61.595 0.0000000000
125809  45.322  13.430  62.409 0.0000000000
125789  46.053  13.484  63.343 0.0000000000
141495  46.995  33.645  62.700 0.0000000000
137170  46.328  27.301  66.407 0.0000000000
138003  45.816  28.176  66.060 0.0000000000
137169  47.437  27.494  66.380 0.0000000000
137168  48.495  27.761  66.513 0.0000000000
135721  49.860  25.701  68.364 0.0000000000
136416  49.161  27.189  66.980 0.0000000000
137167  49.439  28.022  66.720 0.0000000000
137166  50.221  28.210  66.998 0.0000000000
137165  50.785  28.224  67.314 0.0000000000
137991  51.303  28.381  67.280 0.0000000000
137989  52.199  27.560  67.493 0.0000000000
137156  52.312  26.966  68.010 0.0000000000
136402  52.584  26.344  67.625 0.0000000000
135063  52.694  24.386  68.096 0.0000000000
135048  52.807  24.520  68.790 0.0000000000
133466  52.331  22.399  67.690 0.0000000000
133593  49.499  22.275  58.137 0.0000000000
133604  48.010  22.361  57.056 0.0000000000
132695  46.738  21.225  55.505 0.0000000000
131755  47.719  20.734  55.326 0.0000000000
130852  46.126  19.662  54.344 0.0000000000
129978  46.024  18.619  54.186 0.0000000000
129163  45.884  17.749  54.069 0.0000000000
123960  48.103  11.333  55.844 0.0000000000
123983  48.310  11.921  54.159 0.0000000000
123971  47.681  11.418  55.094 0.0000000000
127578  37.891  15.745  59.875 0.0000000000
129939  39.834  19.032  60.793 0.0000000000
130805  40.412  19.521  60.282 0.0000000000
129122  39.789  18.030  60.741 0.0000000000
128344  39.553  17.118  60.424 0.0000000000
128354  38.602  15.850  59.645 0.0000000000
127587  38.260  15.270  59.264 0.0000000000
127597  38.711  14.790  58.734 0.0000000000
128363  40.694  16.141  58.728 0.0000000000
126830  39.983  14.691  57.929 0.0000000000
138051  51.885  28.143  61.550 0.0000000000
138077  51.291  28.314  60.595 0.0000000000
136445  48.710  27.162  63.896 0.0000000000
137211  48.510  27.417  63.385 0.0000000000
132465  51.522  22.009  70.418 0.0000000000
131573  51.736  20.653  69.341 0.0000000000
131600  49.914  20.907  68.799 0.0000000000
131575  49.187  20.884  69.539 0.0000000000
132525  49.010  21.240  67.751 0.0000000000
132540  47.882  21.087  66.772 0.0000000000
131630  46.462  20.932  66.180 0.0000000000
131646  45.593  20.436  65.545 0.0000000000
130716  44.714  19.823  65.004 0.0000000000
130747  43.847  19.075  64.699 0.0000000000
141435  43.678  32.918  68.137 0.0000000000
141442  43.636  33.203  67.435 0.0000000000
140795  43.144  32.433  66.645 0.0000000000
140796  42.906  31.671  66.472 0.0000000000
138852  43.083  30.072  66.722 0.0000000000
138005  43.800  29.137  66.489 0.0000000000
136392  45.587  26.677  68.758 0.0000000000
137992  44.310  27.840  67.231 0.0000000000
137171  45.117  27.191  66.770 0.0000000000
136407  46.629  25.810  67.450 0.0000000000
135068  48.387  24.893  68.312 0.0000000000
135051  49.190  24.825  68.703 0.0000000000
135037  48.910  24.346  69.708 0.0000000000
129148  45.954  17.937  56.198 0.0000000000
129147  46.550  18.166  55.689 0.0000000000
129156  46.159  17.083  55.716 0.0000000000
126870  47.235  15.192  54.597 0.0000000000
126858  46.928  14.368  55.463 0.0000000000
125871  49.020  13.698  58.079 0.0000000000
125899  50.059  13.124  56.842 0.0000000000
124906  48.900  12.509  55.528 0.0000000000
123970  48.515  11.851  55.166 0.0000000000
133506  45.727  22.013  63.628 0.0000000000
132594  45.713  21.729  62.918 0.0000000000
132593  46.364  21.640  63.038 0.0000000000
132614  47.125  21.567  62.207 0.0000000000
132628  47.966  21.904  61.224 0.0000000000
133543  48.897  22.257  60.526 0.0000000000
133559  48.850  22.454  59.732 0.0000000000
133576  49.615  22.382  58.946 0.0000000000
132609  52.367  21.535  62.505 0.0000000000
132624  52.093  21.594  61.551 0.0000000000
131707  52.956  21.076  61.152 0.0000000000
132638  52.550  21.369  61.056 0.0000000000
132640  50.979  21.810  60.246 0.0000000000
133575  50.402  22.210  59.037 0.0000000000
132667  49.405  21.913  57.423 0.0000000000
131744  49.060  21.428  57.099 0.0000000000
131721  50.002  20.617  58.706 0.0000000000
131733  48.695  20.764  57.424 0.0000000000
130830  46.650  19.365  56.678 0.0000000000
131598  52.117  20.265  68.348 0.0000000000
131625  52.096  19.481  66.594 0.0000000000
130702  51.386  19.450  65.760 0.0000000000
130712  51.496  19.363  65.309 0.0000000000
130740  51.010  19.444  64.345 0.0000000000
130713  47.291  19.875  64.763 0.0000000000
130743  47.716  19.684  64.256 0.0000000000
130764  47.858  19.466  63.362 0.0000000000
129909  46.406  19.095  62.865 0.0000000000
130778  49.288  19.555  62.294 0.0000000000
127611  45.186  15.320  57.099 0.0000000000
126838  45.615  14.421  57.445 0.0000000000
125873  47.043  13.647  58.365 0.0000000000
125854  47.841  13.545  59.215 0.0000000000
127584  43.732  15.131  59.774 0.0000000000
125841  45.590  13.535  60.513 0.0000000000
125856  45.536  13.703  59.388 0.0000000000
141539  50.335  34.098  58.173 0.0000000000
141541  49.458  34.127  59.394 0.0000000000
140864  49.102  33.330  59.216 0.0000000000
140863  49.730  33.223  58.447 0.0000000000
140190  49.562  31.675  58.979 0.0000000000
141496  46.414  33.575  63.119 0.0000000000
140820  46.564  33.233  62.483 0.0000000000
138014  45.600  29.129  65.689 0.0000000000
139526  44.913  30.261  64.994 0.0000000000
138879  46.271  30.226  64.864 0.0000000000
140178  45.540  32.027  62.538 0.0000000000
140183  46.368  32.168  61.825 0.0000000000
139563  46.598  31.557  61.681 0.0000000000
139562  47.375  31.109  61.308 0.0000000000
139552  48.787  30.351  62.418 0.0000000000
139566  51.923  29.919  60.643 0.0000000000
138032  52.584  28.511  62.726 0.0000000000
138884  52.216  29.378  63.618 0.0000000000
137234  52.381  28.093  63.242 0.0000000000
137207  52.028  27.669  63.825 0.0000000000
137996  52.262  27.911  66.786 0.0000000000
136428  52.340  26.880  65.916 0.0000000000
135079  51.767  25.149  67.082 0.0000000000
136414  52.089  26.140  66.335 0.0000000000
136429  51.804  26.575  65.640 0.0000000000
136430  50.690  26.241  65.399 0.0000000000
134348  48.900  23.473  66.320 0.0000000000
134351  48.141  23.393  65.832 0.0000000000
134352  47.369  23.309  65.448 0.0000000000
133482  47.311  22.664  65.085 0.0000000000
132631  45.243  21.843  61.613 0.0000000000
133563  44.385  22.421  60.037 0.0000000000
133562  45.609  22.372  60.073 0.0000000000
131736  42.663  20.617  58.228 0.0000000000
133606  46.012  22.222  57.081 0.0000000000
133607  45.007  21.851  57.249 0.0000000000
132697  45.001  20.881  56.201 0.0000000000
132684  44.573  21.213  56.872 0.0000000000
133608  44.529  21.671  57.327 0.0000000000
130823  42.905  19.518  58.021 0.0000000000
129951  42.548  18.420  58.158 0.0000000000
128371  42.347  16.781  57.672 0.0000000000
128370  43.104  17.202  56.942 0.0000000000
127603  42.147  15.763  57.187 0.0000000000
127614  41.837  15.079  56.843 0.0000000000
129155  46.952  17.914  55.209 0.0000000000
129162  47.857  17.837  54.133 0.0000000000
129168  47.813  17.776  53.663 0.0000000000
128398  47.610  16.823  53.386 0.0000000000
129169  47.363  17.722  53.367 0.0000000000
129170  46.524  17.659  53.610 0.0000000000
128393  45.771  16.956  53.955 0.0000000000
123995  48.048  12.135  53.384 0.0000000000
124937  47.347  13.141  52.211 0.0000000000
124938  46.236  12.753  52.586 0.0000000000
125939  46.799  13.723  52.301 0.0000000000
126894  46.411  14.221  52.510 0.0000000000
126883  45.893  14.820  53.005 0.0000000000
127630  45.541  15.735  53.723 0.0000000000
127631  44.968  15.626  54.328 0.0000000000
126861  43.996  14.864  54.939 0.0000000000
125835  54.335  13.451  60.405 0.0000000000
125834  54.380  13.517  59.767 0.0000000000
124874  54.172  12.661  59.420 0.0000000000
125850  54.449  13.206  58.931 0.0000000000
123958  49.511  11.977  56.802 0.0000000000
124005  45.940  12.199  52.927 0.0000000000
124864  54.220  13.189  60.059 0.0000000000
124930  46.389  12.372  52.848 0.0000000000
125819  54.472  13.913  60.414 0.0000000000
125820  54.286  13.608  61.080 0.0000000000
125865  54.334  13.163  58.144 0.0000000000
125898  50.459  13.039  56.968 0.0000000000
125927  48.677  13.851  53.101 0.0000000000
125937  48.493  13.724  51.867 0.0000000000
125938  47.683  13.923  51.939 0.0000000000
126798  54.425  14.089  59.820 0.0000000000
126811  54.133  14.252  59.232 0.0000000000
126817  43.993  14.465  59.982 0.0000000000
126824  54.185  13.844  58.611 0.0000000000
126847  46.751  13.978  56.517 0.0000000000
126849  42.450  14.606  56.054 0.0000000000
126860  44.394  15.081  54.667 0.0000000000
126880  48.766  14.082  52.703 0.0000000000
126882  46.636  15.099  52.613 0.0000000000
127568  42.709  15.045  61.785 0.0000000000
127577  42.926  15.241  61.348 0.0000000000
127583  44.071  15.093  59.247 0.0000000000
127595  40.286  15.475  58.281 0.0000000000
127601  45.254  15.030  57.148 0.0000000000
127604  41.460  15.413  57.446 0.0000000000
127620  46.122  15.529  55.818 0.0000000000
127623  43.105  15.121  55.939 0.0000000000
127642  47.653  15.163  52.349 0.0000000000
128301  42.185  16.850  64.069 0.0000000000
128400  46.393  16.404  53.375 0.0000000000
129079  42.670  17.433  64.037 0.0000000000
129134  43.968  16.748  59.125 0.0000000000
129141  45.018  17.670  57.647 0.0000000000
129149  44.080  18.066  55.861 0.0000000000
129154  47.535  17.892  54.546 0.0000000000
129919  46.445  19.139  62.553 0.0000000000
129928  46.452  19.161  62.178 0.0000000000
129958  43.386  18.468  57.031 0.0000000000
129959  43.082  18.832  57.639 0.0000000000
129970  47.727  18.401  54.477 0.0000000000
129972  45.549  18.933  54.622 0.0000000000
129976  48.089  18.527  53.886 0.0000000000
129977  46.597  18.849  53.795 0.0000000000
129983  46.887  18.578  53.563 0.0000000000
130692  52.989  19.303  66.565 0.0000000000
130758  53.771  19.861  62.791 0.0000000000
130773  53.733  20.193  62.512 0.0000000000
130786  53.183  20.407  61.496 0.0000000000
130787  52.886  20.127  61.258 0.0000000000
130799  51.630  20.464  60.229 0.0000000000
130822  43.262  19.741  57.684 0.0000000000
130859  47.044  18.965  53.562 0.0000000000
131624  53.911  20.501  65.530 0.0000000000
131665  54.214  19.858  64.007 0.0000000000
131666  54.155  20.204  64.477 0.0000000000
131667  50.267  19.495  64.624 0.0000000000
131683  54.137  19.918  63.303 0.0000000000
131691  53.660  20.589  62.425 0.0000000000
131698  53.322  20.802  61.725 0.0000000000
131699  52.975  20.640  61.089 0.0000000000
131718  51.931  21.196  60.088 0.0000000000
131747  44.490  20.739  56.598 0.0000000000
131748  44.093  20.507  56.922 0.0000000000
131768  45.250  20.214  55.422 0.0000000000
131776  47.235  19.843  54.043 0.0000000000
131777  46.534  20.024  54.282 0.0000000000
131778  46.126  20.069  54.471 0.0000000000
132456  47.200  21.430  71.335 0.0000000000
132521  53.913  20.733  66.913 0.0000000000
132539  50.154  22.166  66.317 0.0000000000
132564  53.868  20.672  64.344 0.0000000000
132585  54.088  20.470  63.602 0.0000000000
132607  53.859  20.821  62.987 0.0000000000
132616  45.449  21.759  62.294 0.0000000000
132639  51.922  21.535  60.594 0.0000000000
132643  46.878  22.111  60.586 0.0000000000
132654  41.758  21.780  58.756 0.0000000000
132666  50.021  21.774  58.042 0.0000000000
132668  44.028  21.472  57.443 0.0000000000
132670  42.175  21.548  58.528 0.0000000000
132696  45.548  20.967  55.690 0.0000000000
132708  45.849  20.764  55.226 0.0000000000
133415  47.215  22.184  71.160 0.0000000000
133467  51.385  22.610  67.391 0.0000000000
133468  50.700  22.868  67.212 0.0000000000
133474  50.138  22.637  66.798 0.0000000000
133475  49.395  22.889  66.440 0.0000000000
133557  50.552  22.090  59.670 0.0000000000
133592  50.129  22.159  58.444 0.0000000000
134286  49.542  23.198  71.393 0.0000000000
134287  48.853  23.062  71.437 0.0000000000
134293  52.071  23.969  70.050 0.0000000000
134354  46.180  23.446  65.091 0.0000000000
135020  52.080  24.610  69.927 0.0000000000
135023  49.588  24.255  70.480 0.0000000000
135035  50.569  25.074  69.571 0.0000000000
135049  50.606  25.408  69.232 0.0000000000
135067  48.793  25.096  68.209 0.0000000000
135080  51.244  24.849  67.115 0.0000000000
135091  46.686  23.926  65.401 0.0000000000
135700  51.218  25.096  69.889 0.0000000000
135710  46.658  25.113  70.228 0.0000000000
135720  50.566  25.768  68.849 0.0000000000
135722  49.132  25.360  68.143 0.0000000000
135748  52.151  25.577  66.901 0.0000000000
135759  51.774  25.912  66.295 0.0000000000
135765  46.371  24.657  65.250 0.0000000000
136376  52.437  25.767  69.097 0.0000000000
136377  52.182  26.001  69.295 0.0000000000
136378  51.642  26.068  69.247 0.0000000000
136406  47.732  25.881  67.243 0.0000000000
136408  45.718  26.118  67.816 0.0000000000
136415  49.887  27.588  67.154 0.0000000000
136433  47.779  25.612  65.265 0.0000000000
137143  52.205  26.716  68.542 0.0000000000
137144  51.860  26.989  68.464 0.0000000000
137145  51.413  27.198  68.224 0.0000000000
137158  51.098  27.718  67.793 0.0000000000
137159  50.435  27.727  67.413 0.0000000000
137267  50.417  28.143  62.010 0.0000000000
137285  52.439  28.349  61.809 0.0000000000
137990  51.864  28.094  67.447 0.0000000000
138023  52.435  28.410  64.619 0.0000000000
138052  51.299  28.230  61.383 0.0000000000
138851  43.258  29.552  67.095 0.0000000000
138856  50.384  29.507  66.387 0.0000000000
138858  48.450  29.244  66.090 0.0000000000
138859  47.858  29.095  65.993 0.0000000000
138860  44.185  29.420  65.963 0.0000000000
138862  43.231  29.964  66.544 0.0000000000
138866  51.597  29.642  65.364 0.0000000000
138867  50.885  29.953  65.831 0.0000000000
138871  46.499  29.887  65.287 0.0000000000
138872  45.414  29.928  65.255 0.0000000000
138874  44.009  29.891  65.739 0.0000000000
138883  52.591  28.914  63.159 0.0000000000
138887  52.716  29.022  62.326 0.0000000000
139516  43.508  30.247  65.910 0.0000000000
139517  43.173  30.454  66.223 0.0000000000
139519  51.446  29.871  65.163 0.0000000000
139525  45.345  30.207  64.957 0.0000000000
139528  43.224  30.996  65.641 0.0000000000
139530  51.530  29.885  64.866 0.0000000000
139531  51.133  30.223  64.695 0.0000000000
139555  45.680  31.322  62.631 0.0000000000
140158  42.921  31.178  67.496 0.0000000000
140159  42.793  31.094  66.714 0.0000000000
140177  46.053  31.639  62.168 0.0000000000
140184  45.967  32.057  62.164 0.0000000000
140186  48.019  31.854  60.023 0.0000000000
140191  48.923  31.926  59.234 0.0000000000
140192  48.453  32.441  59.627 0.0000000000
140193  48.024  32.309  59.994 0.0000000000
140787  42.873  31.739  67.030 0.0000000000
140803  43.423  32.648  65.588 0.0000000000
140821  45.968  33.002  62.840 0.0000000000
140834  46.105  32.448  62.258 0.0000000000
140856  48.118  32.732  60.118 0.0000000000
140867  50.486  33.113  57.593 0.0000000000
141507  47.454  33.663  62.164 0.0000000000
141514  48.764  34.216  60.550 0.0000000000
141515  48.475  33.913  61.059 0.0000000000
141526  49.728  34.718  59.528 0.0000000000
142117  45.700  34.674  68.868 0.0000000000
142126  45.112  34.848  67.678 0.0000000000
142184  48.795  35.011  62.105 0.0000000000
142195  49.034  35.111  61.617 0.0000000000
142218  50.522  34.920  58.269 0.0000000000
142236  50.392  35.162  57.171 0.0000000000
142253  50.126  35.080  56.499 0.0000000000
142266  50.382  34.463  56.249 0.0000000000
142918  48.689  35.438  61.886 0.0000000000
142927  48.986  35.590  61.331 0.0000000000
142934  48.848  35.806  60.974 0.0000000000
