#!ascii label  , from subject tim vox2ras=TkReg
1955
79745  49.181  -30.089  71.409 0.0000000000
55156  39.738  -48.817  84.854 0.0000000000
46662  23.322  -56.094  86.816 0.0000000000
39171  20.412  -62.013  89.863 0.0000000000
46581  34.300  -55.367  89.915 0.0000000000
51572  29.461  -52.913  82.181 0.0000000000
76232  40.745  -32.705  71.059 0.0000000000
79785  56.853  -29.312  68.814 0.0000000000
70314  45.767  -37.055  81.841 0.0000000000
60268  41.167  -44.983  76.181 0.0000000000
59128  31.658  -46.187  74.123 0.0000000000
44190  25.073  -57.859  91.904 0.0000000000
45420  19.953  -57.088  90.204 0.0000000000
45350  21.757  -57.638  94.621 0.0000000000
45454  29.325  -57.264  88.732 0.0000000000
74874  48.890  -33.453  80.731 0.0000000000
53775  41.694  -50.040  89.165 0.0000000000
56407  44.864  -47.934  85.026 0.0000000000
61357  44.527  -44.376  81.850 0.0000000000
56486  40.108  -48.291  80.372 0.0000000000
57810  36.377  -47.791  75.757 0.0000000000
57715  35.585  -47.620  80.327 0.0000000000
49210  25.435  -54.788  79.283 0.0000000000
53990  26.109  -50.969  77.417 0.0000000000
79757  53.166  -29.343  70.413 0.0000000000
73928  53.035  -34.283  66.015 0.0000000000
47947  22.302  -55.021  82.222 0.0000000000
45491  18.892  -57.219  84.896 0.0000000000
50309  37.536  -53.207  87.825 0.0000000000
52717  34.890  -51.373  83.915 0.0000000000
47886  32.257  -55.323  86.245 0.0000000000
46723  27.454  -55.699  83.407 0.0000000000
77400  45.049  -31.768  71.188 0.0000000000
42942  19.168  -58.826  95.775 0.0000000000
41786  17.277  -60.302  90.067 0.0000000000
79662  54.470  -29.279  76.964 0.0000000000
81968  51.023  -27.835  76.893 0.0000000000
78488  46.949  -30.554  77.533 0.0000000000
73799  43.614  -34.950  77.292 0.0000000000
70397  39.936  -37.909  77.274 0.0000000000
68963  47.221  -38.726  86.444 0.0000000000
65221  41.550  -40.947  81.858 0.0000000000
64015  37.373  -42.933  75.407 0.0000000000
60322  37.974  -45.425  70.571 0.0000000000
56514  30.753  -49.056  79.221 0.0000000000
44165  26.065  -57.307  93.225 0.0000000000
45366  23.196  -57.160  93.555 0.0000000000
45333  24.300  -56.531  94.788 0.0000000000
44187  27.644  -57.650  92.202 0.0000000000
52681  41.142  -50.753  87.549 0.0000000000
55154  42.087  -49.102  84.848 0.0000000000
56448  42.933  -47.970  83.119 0.0000000000
56451  40.172  -48.594  82.757 0.0000000000
56488  38.121  -48.469  80.096 0.0000000000
56434  38.375  -48.049  82.845 0.0000000000
48044  23.357  -55.877  77.406 0.0000000000
49257  24.490  -54.693  76.534 0.0000000000
79759  50.577  -29.174  70.732 0.0000000000
79809  50.376  -30.172  67.724 0.0000000000
79811  48.541  -29.800  67.268 0.0000000000
47892  22.934  -55.542  85.005 0.0000000000
47909  19.884  -55.763  83.876 0.0000000000
46664  21.139  -55.976  86.547 0.0000000000
43020  20.065  -59.775  89.422 0.0000000000
41799  19.859  -59.789  87.818 0.0000000000
39211  20.547  -62.307  87.935 0.0000000000
37991  19.121  -63.385  86.655 0.0000000000
50228  38.182  -52.561  90.216 0.0000000000
47840  35.985  -54.881  89.137 0.0000000000
49127  34.436  -54.613  86.947 0.0000000000
45468  33.214  -56.219  87.852 0.0000000000
46640  25.818  -56.529  87.740 0.0000000000
45489  28.402  -56.387  85.407 0.0000000000
47889  25.402  -55.793  85.278 0.0000000000
47922  24.906  -55.242  83.373 0.0000000000
76243  42.871  -32.112  71.218 0.0000000000
78618  41.956  -30.793  67.268 0.0000000000
76274  40.010  -32.218  67.826 0.0000000000
42997  15.888  -58.947  91.514 0.0000000000
80832  48.511  -28.772  76.370 0.0000000000
79634  49.005  -29.552  79.336 0.0000000000
72632  47.817  -35.609  81.609 0.0000000000
73772  46.315  -34.519  79.235 0.0000000000
71544  45.184  -36.162  79.826 0.0000000000
71579  41.852  -36.679  77.368 0.0000000000
70336  43.014  -37.657  79.960 0.0000000000
61397  42.711  -44.699  79.348 0.0000000000
65231  43.906  -42.370  81.849 0.0000000000
63946  41.481  -42.948  79.059 0.0000000000
65272  39.142  -41.513  78.829 0.0000000000
62703  39.709  -43.534  76.014 0.0000000000
61462  38.379  -44.268  72.739 0.0000000000
60285  39.180  -45.273  73.687 0.0000000000
59166  34.203  -47.045  72.398 0.0000000000
52737  31.945  -51.743  83.348 0.0000000000
53925  32.689  -50.131  81.706 0.0000000000
53927  30.481  -50.921  81.536 0.0000000000
56589  26.693  -48.966  75.849 0.0000000000
78647  58.715  -30.641  65.248 0.0000000000
78649  56.600  -31.042  65.287 0.0000000000
45460  24.245  -57.101  89.485 0.0000000000
46620  21.669  -56.315  88.558 0.0000000000
46583  22.723  -56.872  90.727 0.0000000000
45387  20.466  -57.745  92.608 0.0000000000
42985  20.409  -59.429  92.897 0.0000000000
45378  31.487  -56.256  91.112 0.0000000000
45429  32.217  -56.504  89.174 0.0000000000
44215  30.011  -57.089  91.018 0.0000000000
45434  27.070  -57.368  89.545 0.0000000000
78443  49.530  -30.859  81.126 0.0000000000
71497  48.725  -35.738  83.461 0.0000000000
58993  45.176  -45.985  83.704 0.0000000000
59029  42.487  -46.008  81.163 0.0000000000
59062  40.747  -46.128  78.654 0.0000000000
59084  38.395  -46.380  76.008 0.0000000000
56528  38.336  -48.343  78.154 0.0000000000
56554  36.267  -48.165  77.740 0.0000000000
57774  33.759  -47.028  77.302 0.0000000000
50392  27.375  -53.873  80.527 0.0000000000
52784  27.804  -52.119  80.190 0.0000000000
51604  26.020  -52.793  78.436 0.0000000000
79770  54.995  -29.410  69.540 0.0000000000
78628  54.536  -30.669  66.201 0.0000000000
78611  52.792  -30.895  67.070 0.0000000000
46646  19.371  -56.804  87.192 0.0000000000
51469  39.982  -51.715  88.834 0.0000000000
52684  38.482  -51.528  86.811 0.0000000000
53875  37.240  -50.405  84.876 0.0000000000
51523  36.369  -52.206  85.925 0.0000000000
50359  33.270  -53.118  85.345 0.0000000000
50362  31.072  -54.023  84.371 0.0000000000
45480  31.247  -56.514  86.820 0.0000000000
46688  29.508  -55.999  84.518 0.0000000000
47941  28.482  -55.239  82.902 0.0000000000
47967  26.496  -55.447  81.584 0.0000000000
47991  23.998  -55.006  80.182 0.0000000000
78594  46.772  -30.849  70.841 0.0000000000
79813  46.565  -29.142  67.310 0.0000000000
79834  44.165  -29.537  66.957 0.0000000000
42954  20.992  -58.985  95.573 0.0000000000
39135  19.705  -60.848  92.629 0.0000000000
40444  18.275  -60.130  92.946 0.0000000000
39172  18.709  -62.023  89.898 0.0000000000
79721  55.945  -29.322  72.518 0.0000000000
78543  54.192  -30.245  73.381 0.0000000000
77364  52.196  -31.480  74.154 0.0000000000
77351  50.410  -31.597  74.438 0.0000000000
78532  48.157  -31.093  74.415 0.0000000000
77356  46.095  -31.444  74.060 0.0000000000
76161  44.001  -32.190  75.087 0.0000000000
77271  48.113  -31.949  79.243 0.0000000000
76137  45.249  -32.591  77.318 0.0000000000
74945  42.458  -33.658  74.858 0.0000000000
72736  40.326  -35.123  74.910 0.0000000000
71621  38.267  -36.795  74.470 0.0000000000
71485  45.990  -36.880  84.448 0.0000000000
66524  46.213  -41.603  83.994 0.0000000000
66516  44.456  -40.058  84.334 0.0000000000
69010  42.914  -38.137  82.536 0.0000000000
67786  39.983  -39.354  80.073 0.0000000000
67826  37.801  -39.887  77.200 0.0000000000
59143  37.296  -46.138  73.053 0.0000000000
55193  35.591  -49.522  82.484 0.0000000000
56511  33.614  -48.094  79.742 0.0000000000
57776  31.676  -47.320  77.452 0.0000000000
55267  28.733  -49.690  78.601 0.0000000000
57779  29.247  -48.079  76.992 0.0000000000
45347  25.183  -56.913  93.823 0.0000000000
46517  24.782  -56.136  94.519 0.0000000000
55109  40.692  -49.849  86.335 0.0000000000
55132  42.028  -49.484  85.907 0.0000000000
55155  40.852  -48.799  84.473 0.0000000000
55174  41.694  -48.862  83.663 0.0000000000
56432  40.254  -48.573  83.600 0.0000000000
56433  39.478  -48.299  83.168 0.0000000000
56412  38.568  -48.361  83.877 0.0000000000
79744  50.108  -29.853  71.548 0.0000000000
80953  49.483  -29.086  68.470 0.0000000000
80944  49.120  -28.828  69.240 0.0000000000
46678  23.094  -55.845  85.901 0.0000000000
46679  22.039  -55.702  85.792 0.0000000000
46663  22.231  -56.021  86.718 0.0000000000
40472  20.433  -61.370  89.470 0.0000000000
40482  20.396  -61.445  88.468 0.0000000000
39190  20.436  -62.130  88.911 0.0000000000
37989  20.370  -63.065  87.465 0.0000000000
37978  19.910  -63.233  88.059 0.0000000000
47808  33.572  -54.837  91.175 0.0000000000
47806  35.007  -54.446  90.764 0.0000000000
47819  35.890  -54.415  90.141 0.0000000000
46596  34.989  -55.455  89.326 0.0000000000
46633  34.804  -55.693  88.410 0.0000000000
46597  34.046  -55.811  89.090 0.0000000000
46641  24.744  -56.427  87.758 0.0000000000
46660  25.481  -56.240  86.843 0.0000000000
46661  24.408  -56.185  86.839 0.0000000000
47891  23.960  -55.693  85.107 0.0000000000
76230  42.411  -32.542  71.647 0.0000000000
77433  41.112  -31.567  69.378 0.0000000000
76260  40.354  -32.167  69.513 0.0000000000
80747  50.369  -28.773  81.791 0.0000000000
80785  49.586  -28.951  80.162 0.0000000000
79610  49.655  -29.822  80.788 0.0000000000
71520  46.879  -36.561  81.748 0.0000000000
72647  46.495  -35.610  80.477 0.0000000000
71533  45.571  -36.402  80.581 0.0000000000
70352  44.321  -36.925  79.890 0.0000000000
70334  44.668  -36.972  80.642 0.0000000000
60244  41.885  -45.092  78.177 0.0000000000
62645  42.556  -43.677  79.364 0.0000000000
62683  41.725  -44.205  77.854 0.0000000000
62685  40.651  -43.592  77.143 0.0000000000
61426  40.957  -44.425  76.121 0.0000000000
61445  39.776  -44.535  74.267 0.0000000000
60283  40.410  -44.902  75.004 0.0000000000
52739  30.341  -52.376  82.746 0.0000000000
53916  30.744  -51.280  82.145 0.0000000000
52753  30.153  -51.860  82.166 0.0000000000
79824  58.383  -29.587  66.969 0.0000000000
79826  56.246  -29.685  66.702 0.0000000000
45416  24.575  -57.472  90.620 0.0000000000
46600  23.029  -56.909  89.781 0.0000000000
45417  23.801  -57.309  90.921 0.0000000000
45367  22.033  -57.176  93.736 0.0000000000
45385  22.361  -57.005  92.753 0.0000000000
45368  21.031  -57.840  93.690 0.0000000000
44191  20.344  -58.621  92.628 0.0000000000
44178  20.668  -58.693  93.410 0.0000000000
45379  30.772  -56.374  91.322 0.0000000000
44214  30.559  -56.897  90.931 0.0000000000
44198  29.989  -57.175  91.314 0.0000000000
44188  26.859  -57.964  92.320 0.0000000000
44201  27.618  -57.961  91.555 0.0000000000
44219  26.256  -57.826  90.689 0.0000000000
45436  25.418  -57.276  89.641 0.0000000000
55106  44.413  -48.541  86.107 0.0000000000
56377  45.098  -47.418  86.391 0.0000000000
57621  45.396  -47.094  85.248 0.0000000000
58970  45.770  -45.987  84.539 0.0000000000
57657  44.964  -46.881  84.174 0.0000000000
56468  41.259  -48.259  81.577 0.0000000000
57696  42.233  -47.379  81.992 0.0000000000
57712  41.057  -47.439  80.696 0.0000000000
59045  41.500  -46.228  80.060 0.0000000000
57727  40.342  -47.516  79.942 0.0000000000
57747  39.056  -47.540  78.395 0.0000000000
56505  39.624  -48.235  79.755 0.0000000000
56489  37.232  -47.787  80.359 0.0000000000
56508  37.665  -48.660  79.116 0.0000000000
57729  36.552  -47.832  78.886 0.0000000000
57773  35.094  -47.342  77.627 0.0000000000
57751  35.231  -47.350  78.641 0.0000000000
49191  26.779  -54.629  80.186 0.0000000000
50403  27.021  -53.689  79.910 0.0000000000
49224  25.787  -54.108  78.760 0.0000000000
79756  54.250  -29.441  70.440 0.0000000000
79788  53.548  -29.531  68.369 0.0000000000
79789  52.471  -29.594  68.407 0.0000000000
77451  50.245  -32.386  66.867 0.0000000000
49177  21.804  -55.168  80.941 0.0000000000
47972  21.184  -55.434  81.324 0.0000000000
46603  20.159  -56.648  89.259 0.0000000000
46622  19.714  -56.598  88.318 0.0000000000
45461  19.297  -57.480  88.167 0.0000000000
41824  20.014  -60.577  86.401 0.0000000000
43039  19.519  -59.488  86.545 0.0000000000
49090  37.898  -53.242  89.301 0.0000000000
50248  38.747  -52.312  89.647 0.0000000000
50308  38.250  -52.825  88.322 0.0000000000
52667  39.618  -51.597  87.679 0.0000000000
51506  37.666  -52.577  87.225 0.0000000000
52685  37.540  -51.831  86.409 0.0000000000
51507  36.820  -52.591  86.560 0.0000000000
49128  33.227  -54.996  86.543 0.0000000000
49138  34.141  -53.883  86.344 0.0000000000
50351  32.305  -53.988  85.411 0.0000000000
50361  31.742  -53.691  84.760 0.0000000000
49148  31.179  -54.621  84.761 0.0000000000
45453  30.428  -57.165  88.850 0.0000000000
45471  30.939  -56.843  87.647 0.0000000000
45472  29.926  -57.061  87.676 0.0000000000
46690  27.871  -56.093  84.752 0.0000000000
45495  28.987  -56.340  84.946 0.0000000000
46689  28.624  -56.020  84.406 0.0000000000
46703  29.142  -55.693  83.843 0.0000000000
46721  28.200  -55.469  83.101 0.0000000000
47966  27.386  -55.254  81.768 0.0000000000
47943  27.041  -55.620  82.705 0.0000000000
47923  23.733  -55.151  83.220 0.0000000000
47945  24.695  -55.074  82.288 0.0000000000
47970  23.009  -54.881  81.119 0.0000000000
77416  46.124  -31.182  70.805 0.0000000000
79778  45.525  -29.803  69.395 0.0000000000
78600  44.800  -30.368  69.645 0.0000000000
76303  42.902  -32.609  65.752 0.0000000000
41724  20.270  -59.344  95.827 0.0000000000
41743  20.310  -60.135  94.299 0.0000000000
40432  19.442  -60.485  94.075 0.0000000000
41766  16.908  -59.236  92.589 0.0000000000
40463  17.983  -60.604  91.362 0.0000000000
40462  18.487  -60.986  91.540 0.0000000000
40469  17.887  -61.012  90.486 0.0000000000
40483  18.172  -61.856  88.734 0.0000000000
40484  17.694  -61.274  88.159 0.0000000000
79720  56.903  -28.643  72.865 0.0000000000
79693  54.692  -29.652  74.559 0.0000000000
78511  54.023  -30.361  75.160 0.0000000000
78544  53.137  -30.985  73.847 0.0000000000
78512  53.227  -30.864  75.486 0.0000000000
80829  52.096  -28.838  76.500 0.0000000000
78514  51.463  -30.748  75.413 0.0000000000
79680  50.902  -29.932  75.437 0.0000000000
76173  49.022  -32.031  73.815 0.0000000000
79694  49.181  -30.243  74.809 0.0000000000
79653  46.983  -29.937  76.878 0.0000000000
79684  46.746  -29.913  75.120 0.0000000000
78501  45.983  -30.226  75.693 0.0000000000
77357  44.870  -31.422  74.406 0.0000000000
78503  44.702  -31.234  75.831 0.0000000000
76075  49.300  -32.557  80.819 0.0000000000
77270  48.780  -31.667  79.802 0.0000000000
76076  48.842  -32.537  80.290 0.0000000000
73781  45.397  -34.563  78.327 0.0000000000
74899  45.876  -33.598  78.266 0.0000000000
74913  44.852  -33.629  77.325 0.0000000000
76153  43.676  -33.221  76.077 0.0000000000
73830  42.848  -34.111  76.055 0.0000000000
73848  41.852  -34.316  75.125 0.0000000000
72729  41.972  -34.888  76.097 0.0000000000
70395  41.605  -37.197  77.753 0.0000000000
71609  40.471  -36.404  76.223 0.0000000000
70424  39.382  -37.132  75.904 0.0000000000
69123  38.285  -38.182  75.753 0.0000000000
70249  46.480  -37.639  85.841 0.0000000000
62590  45.759  -43.664  82.892 0.0000000000
63856  46.584  -42.883  83.826 0.0000000000
63876  45.560  -42.956  82.755 0.0000000000
65232  43.108  -42.214  81.664 0.0000000000
65209  44.292  -41.456  83.187 0.0000000000
66534  42.845  -41.032  82.919 0.0000000000
67765  43.611  -39.096  84.097 0.0000000000
67772  42.301  -39.110  82.878 0.0000000000
69023  41.693  -38.461  81.447 0.0000000000
66543  40.835  -40.217  81.476 0.0000000000
63964  38.705  -42.135  77.701 0.0000000000
65273  38.638  -41.010  78.514 0.0000000000
63981  37.400  -41.540  76.609 0.0000000000
66602  36.813  -40.454  75.983 0.0000000000
64016  36.250  -42.264  74.986 0.0000000000
62737  36.131  -43.010  74.033 0.0000000000
61491  38.574  -44.854  71.462 0.0000000000
61476  37.806  -44.091  71.215 0.0000000000
59085  37.549  -46.761  75.757 0.0000000000
59104  37.974  -46.341  74.981 0.0000000000
59126  36.153  -47.046  74.325 0.0000000000
59184  35.310  -46.229  71.455 0.0000000000
53888  35.610  -50.921  83.841 0.0000000000
53899  36.086  -50.108  83.381 0.0000000000
53900  35.334  -50.443  83.176 0.0000000000
55227  31.793  -49.623  80.592 0.0000000000
55225  33.255  -49.288  81.007 0.0000000000
56493  32.292  -49.103  80.077 0.0000000000
56532  32.406  -47.898  78.749 0.0000000000
57755  31.376  -47.951  78.045 0.0000000000
52801  27.124  -51.312  78.765 0.0000000000
53960  28.600  -50.623  79.536 0.0000000000
53988  27.190  -50.368  78.022 0.0000000000
56570  28.125  -48.344  76.638 0.0000000000
59090  29.341  -47.187  75.984 0.0000000000
76279  53.653  -32.857  66.190 0.0000000000
77470  54.774  -32.311  65.611 0.0000000000
77472  46.517  -31.785  65.588 0.0000000000
44175  26.095  -57.730  92.944 0.0000000000
45383  24.312  -57.508  92.323 0.0000000000
44167  24.796  -57.359  93.511 0.0000000000
45348  24.224  -57.175  94.134 0.0000000000
45334  23.365  -57.093  95.135 0.0000000000
44174  26.829  -57.608  92.738 0.0000000000
52664  41.672  -50.582  88.032 0.0000000000
53814  42.792  -49.943  87.966 0.0000000000
53851  42.498  -49.947  87.132 0.0000000000
53870  42.937  -49.515  86.279 0.0000000000
55152  43.719  -48.748  84.995 0.0000000000
56430  43.539  -48.151  83.811 0.0000000000
55173  42.654  -48.836  83.975 0.0000000000
55189  41.353  -48.737  82.633 0.0000000000
55204  40.223  -48.635  81.462 0.0000000000
55222  39.338  -48.606  80.409 0.0000000000
56469  39.532  -48.548  81.351 0.0000000000
56453  38.533  -47.971  81.811 0.0000000000
56472  36.671  -47.798  81.323 0.0000000000
48027  24.159  -55.182  78.227 0.0000000000
49226  24.697  -54.779  78.276 0.0000000000
48043  24.115  -55.293  77.082 0.0000000000
79758  51.859  -29.101  70.386 0.0000000000
79773  51.662  -29.162  69.163 0.0000000000
80942  50.961  -29.058  69.191 0.0000000000
79810  49.555  -30.022  67.548 0.0000000000
47906  22.787  -55.315  84.082 0.0000000000
47925  21.525  -55.233  83.101 0.0000000000
47907  21.734  -55.285  83.984 0.0000000000
46681  20.238  -55.776  85.215 0.0000000000
46682  19.336  -56.368  84.945 0.0000000000
43009  19.770  -58.398  90.285 0.0000000000
44247  19.406  -58.223  88.883 0.0000000000
43027  20.127  -60.048  88.742 0.0000000000
40497  20.388  -61.470  87.380 0.0000000000
38002  19.779  -63.572  85.834 0.0000000000
49077  36.902  -53.857  89.782 0.0000000000
49102  36.743  -54.243  88.554 0.0000000000
49125  36.319  -53.827  87.353 0.0000000000
47858  35.726  -54.980  88.023 0.0000000000
47860  34.213  -55.456  87.521 0.0000000000
46655  32.827  -55.986  87.139 0.0000000000
45474  27.638  -56.912  87.682 0.0000000000
45483  28.325  -56.683  86.537 0.0000000000
46658  27.329  -56.588  86.997 0.0000000000
46674  27.372  -56.310  85.917 0.0000000000
46707  26.336  -55.814  84.524 0.0000000000
47921  26.119  -55.622  83.672 0.0000000000
47904  24.906  -55.472  84.399 0.0000000000
47905  23.874  -55.374  84.205 0.0000000000
77401  43.955  -31.824  71.162 0.0000000000
78602  43.242  -30.391  69.130 0.0000000000
77432  42.357  -30.888  69.319 0.0000000000
77459  40.978  -31.723  66.952 0.0000000000
42986  16.016  -58.854  92.467 0.0000000000
41787  16.660  -59.520  90.767 0.0000000000
41792  17.204  -60.341  88.920 0.0000000000
43022  15.519  -59.221  89.292 0.0000000000
81939  50.679  -27.390  78.654 0.0000000000
80831  49.804  -28.056  76.672 0.0000000000
80816  49.300  -28.227  78.046 0.0000000000
80803  48.825  -28.968  78.319 0.0000000000
79636  48.083  -30.037  78.299 0.0000000000
73748  48.524  -34.513  81.211 0.0000000000
74875  48.206  -33.751  80.271 0.0000000000
73759  47.448  -34.547  80.292 0.0000000000
72662  46.070  -35.279  79.777 0.0000000000
72664  44.662  -35.873  78.698 0.0000000000
72696  43.146  -35.595  77.344 0.0000000000
71561  43.655  -36.576  78.393 0.0000000000
70373  43.079  -37.144  78.598 0.0000000000
70355  41.987  -37.716  78.700 0.0000000000
61367  43.656  -44.502  80.602 0.0000000000
63900  44.412  -43.043  81.596 0.0000000000
62626  43.504  -43.939  80.354 0.0000000000
63926  42.469  -42.953  80.204 0.0000000000
65250  41.870  -42.469  80.381 0.0000000000
65252  40.045  -41.527  79.880 0.0000000000
63947  40.518  -42.504  79.029 0.0000000000
63978  39.897  -43.152  77.420 0.0000000000
62704  39.099  -43.417  75.738 0.0000000000
62736  37.553  -43.807  73.668 0.0000000000
62735  38.584  -44.002  74.264 0.0000000000
61461  38.946  -44.736  73.222 0.0000000000
60297  38.713  -45.185  72.954 0.0000000000
56603  35.368  -47.784  75.364 0.0000000000
57848  35.149  -47.413  73.974 0.0000000000
57849  34.445  -47.529  73.835 0.0000000000
57866  33.390  -47.338  72.598 0.0000000000
59187  32.445  -46.749  70.972 0.0000000000
52736  33.088  -51.535  83.489 0.0000000000
53902  33.347  -51.034  82.879 0.0000000000
53914  32.357  -50.858  82.439 0.0000000000
53926  31.629  -50.310  81.410 0.0000000000
55229  30.410  -49.965  80.246 0.0000000000
55283  26.736  -50.167  77.244 0.0000000000
55304  25.962  -49.800  75.464 0.0000000000
78624  58.982  -29.948  66.158 0.0000000000
78648  57.650  -30.783  65.257 0.0000000000
77483  57.029  -32.286  64.610 0.0000000000
46618  24.002  -56.900  88.781 0.0000000000
46643  22.486  -56.261  87.685 0.0000000000
46619  22.769  -56.568  88.678 0.0000000000
46601  21.911  -56.505  89.542 0.0000000000
46585  21.062  -56.489  90.361 0.0000000000
45400  22.706  -57.009  91.793 0.0000000000
45401  21.714  -56.800  91.859 0.0000000000
45403  20.013  -57.384  90.801 0.0000000000
44222  19.785  -58.270  90.860 0.0000000000
41775  20.405  -60.311  91.115 0.0000000000
40467  20.510  -61.220  90.464 0.0000000000
46565  33.158  -55.615  90.474 0.0000000000
45410  32.805  -56.188  89.513 0.0000000000
45411  32.012  -56.500  90.010 0.0000000000
45431  30.444  -57.103  89.625 0.0000000000
44235  29.261  -57.459  89.869 0.0000000000
44200  28.509  -57.651  91.593 0.0000000000
44236  28.185  -57.593  89.930 0.0000000000
45433  27.862  -57.310  89.325 0.0000000000
45457  26.599  -57.072  88.855 0.0000000000
46617  25.147  -56.774  88.444 0.0000000000
74987  39.622  -33.559  71.446 0.0000000000
75007  39.202  -32.976  69.372 0.0000000000
74997  38.769  -33.597  70.059 0.0000000000
79591  49.894  -29.559  81.839 0.0000000000
74863  49.632  -33.574  81.991 0.0000000000
73747  49.397  -34.432  81.927 0.0000000000
72617  48.358  -35.766  82.374 0.0000000000
71511  47.312  -36.697  82.808 0.0000000000
61336  46.092  -44.521  83.695 0.0000000000
60178  44.901  -44.951  82.642 0.0000000000
57679  43.632  -47.264  83.332 0.0000000000
59014  43.643  -46.025  82.342 0.0000000000
60198  44.115  -44.831  81.550 0.0000000000
60217  43.186  -45.053  80.225 0.0000000000
60235  41.554  -45.553  78.538 0.0000000000
60246  41.002  -45.520  77.156 0.0000000000
59083  39.786  -45.765  76.097 0.0000000000
59073  39.502  -46.278  77.415 0.0000000000
57785  38.160  -46.938  76.903 0.0000000000
56566  37.110  -47.909  76.599 0.0000000000
55244  38.570  -48.838  79.239 0.0000000000
56529  37.587  -48.594  78.259 0.0000000000
56567  36.562  -48.083  76.498 0.0000000000
56569  35.338  -47.791  76.448 0.0000000000
57790  33.909  -47.105  76.062 0.0000000000
59086  33.003  -46.798  76.319 0.0000000000
51573  28.762  -53.182  81.731 0.0000000000
52770  28.728  -52.127  81.049 0.0000000000
51588  27.557  -52.847  80.252 0.0000000000
52794  26.817  -52.256  79.187 0.0000000000
52803  25.970  -52.246  78.055 0.0000000000
49241  25.209  -54.109  77.953 0.0000000000
51605  25.633  -52.753  77.751 0.0000000000
79769  56.027  -29.384  69.684 0.0000000000
79804  55.465  -29.482  67.524 0.0000000000
79805  54.292  -29.811  67.103 0.0000000000
78610  53.706  -30.441  66.781 0.0000000000
76280  52.726  -32.700  66.723 0.0000000000
78612  51.836  -30.991  67.435 0.0000000000
76273  51.361  -32.383  67.115 0.0000000000
46644  21.384  -56.145  87.570 0.0000000000
46645  20.305  -56.203  87.402 0.0000000000
45490  18.950  -57.370  85.570 0.0000000000
44249  19.284  -58.458  87.914 0.0000000000
44255  19.149  -58.504  85.780 0.0000000000
52636  40.976  -50.870  88.756 0.0000000000
52666  40.376  -51.369  87.929 0.0000000000
52683  39.469  -51.152  87.090 0.0000000000
53873  39.098  -49.910  85.881 0.0000000000
55136  38.144  -49.654  85.058 0.0000000000
52699  37.388  -51.187  85.712 0.0000000000
52700  36.413  -51.415  85.090 0.0000000000
52701  35.303  -51.872  84.799 0.0000000000
50347  35.608  -53.141  86.361 0.0000000000
51525  34.529  -52.543  85.358 0.0000000000
51542  33.944  -52.302  84.853 0.0000000000
51544  32.289  -52.748  84.403 0.0000000000
51559  31.204  -52.748  83.698 0.0000000000
50367  29.957  -53.829  83.257 0.0000000000
45451  32.554  -56.481  88.333 0.0000000000
45479  31.684  -56.460  87.007 0.0000000000
46657  31.049  -56.226  86.253 0.0000000000
45482  29.455  -56.795  86.639 0.0000000000
46673  29.861  -56.282  85.185 0.0000000000
47888  31.027  -55.632  85.419 0.0000000000
47917  30.202  -55.219  84.115 0.0000000000
49154  29.508  -54.610  83.220 0.0000000000
50374  28.902  -53.866  82.192 0.0000000000
49174  27.864  -54.616  81.654 0.0000000000
47988  26.879  -55.173  80.963 0.0000000000
47989  26.141  -55.304  80.530 0.0000000000
47944  25.834  -55.422  82.457 0.0000000000
47968  25.482  -55.348  81.362 0.0000000000
47990  25.110  -55.236  80.351 0.0000000000
48010  23.585  -55.150  79.213 0.0000000000
78592  47.964  -30.283  71.062 0.0000000000
80955  47.188  -28.915  68.629 0.0000000000
80947  46.350  -29.350  69.229 0.0000000000
78617  42.668  -30.276  67.323 0.0000000000
77475  43.438  -31.856  65.616 0.0000000000
76275  39.463  -32.904  67.826 0.0000000000
47760  24.330  -55.738  95.127 0.0000000000
46503  23.500  -56.301  95.554 0.0000000000
45318  22.541  -57.160  95.828 0.0000000000
44138  21.754  -57.773  96.087 0.0000000000
44169  21.254  -58.536  94.861 0.0000000000
42974  20.683  -59.334  93.786 0.0000000000
40452  20.077  -60.805  92.387 0.0000000000
37916  19.876  -61.902  90.903 0.0000000000
41734  18.745  -59.554  94.710 0.0000000000
39143  19.052  -60.820  92.606 0.0000000000
37918  19.073  -61.821  90.985 0.0000000000
37947  19.359  -62.556  89.523 0.0000000000
39191  18.737  -62.567  88.696 0.0000000000
79753  57.064  -29.040  70.798 0.0000000000
79754  56.140  -29.315  70.664 0.0000000000
79739  55.269  -29.528  71.511 0.0000000000
78576  54.625  -29.676  71.850 0.0000000000
80859  55.980  -28.204  75.117 0.0000000000
78542  55.067  -29.716  73.056 0.0000000000
78577  53.995  -29.785  72.055 0.0000000000
78578  52.962  -30.060  72.227 0.0000000000
78579  51.801  -30.264  72.259 0.0000000000
78562  50.148  -31.171  72.608 0.0000000000
78513  52.511  -30.660  75.752 0.0000000000
77350  51.424  -31.565  74.487 0.0000000000
77382  49.479  -31.655  72.732 0.0000000000
77383  48.664  -31.878  72.529 0.0000000000
76207  47.964  -32.279  72.929 0.0000000000
76208  47.068  -32.191  72.802 0.0000000000
80846  48.354  -29.094  75.635 0.0000000000
77355  46.993  -31.566  74.001 0.0000000000
76209  46.055  -32.170  72.656 0.0000000000
76210  44.989  -32.343  72.593 0.0000000000
76211  43.774  -32.582  72.681 0.0000000000
76195  42.926  -32.907  73.194 0.0000000000
78457  49.435  -30.780  80.463 0.0000000000
78466  48.713  -30.799  79.363 0.0000000000
77303  47.115  -31.187  78.038 0.0000000000
74889  46.976  -33.572  79.144 0.0000000000
76117  46.380  -32.600  78.206 0.0000000000
77305  45.686  -31.526  77.209 0.0000000000
76152  44.230  -32.637  76.335 0.0000000000
74956  42.973  -33.129  74.453 0.0000000000
74973  41.633  -33.307  72.774 0.0000000000
73875  40.407  -34.047  73.285 0.0000000000
73863  39.907  -34.657  73.734 0.0000000000
72715  41.427  -35.999  76.558 0.0000000000
72737  39.588  -35.531  74.580 0.0000000000
71498  47.901  -36.260  83.608 0.0000000000
70298  46.409  -36.877  83.186 0.0000000000
66507  46.979  -40.379  85.344 0.0000000000
65218  44.563  -42.191  82.449 0.0000000000
66515  45.456  -40.422  84.492 0.0000000000
67757  46.013  -39.671  85.235 0.0000000000
68982  44.744  -38.244  84.696 0.0000000000
70285  44.726  -37.331  83.423 0.0000000000
70300  44.821  -37.260  82.407 0.0000000000
70317  43.185  -37.671  80.837 0.0000000000
69036  41.571  -38.233  80.404 0.0000000000
69054  40.395  -38.507  79.275 0.0000000000
66551  39.432  -40.427  79.677 0.0000000000
67798  39.454  -39.436  79.238 0.0000000000
69086  38.801  -38.891  77.221 0.0000000000
67856  37.320  -39.197  75.711 0.0000000000
62764  36.779  -43.861  71.506 0.0000000000
62781  36.486  -43.815  70.379 0.0000000000
59103  39.211  -45.707  74.833 0.0000000000
59124  38.384  -45.747  73.785 0.0000000000
59163  37.570  -45.800  72.065 0.0000000000
59144  35.960  -46.783  73.562 0.0000000000
59164  36.527  -46.122  72.052 0.0000000000
55176  37.213  -49.141  83.645 0.0000000000
56436  36.550  -49.032  82.868 0.0000000000
56473  35.315  -48.319  81.322 0.0000000000
55195  34.294  -49.813  81.974 0.0000000000
56474  34.152  -48.863  81.043 0.0000000000
57716  34.923  -47.744  80.242 0.0000000000
57732  33.861  -47.600  79.275 0.0000000000
57775  32.659  -47.176  77.605 0.0000000000
59087  31.970  -46.532  76.130 0.0000000000
52782  29.087  -51.223  80.598 0.0000000000
53959  29.339  -50.233  79.771 0.0000000000
55266  29.656  -49.361  78.909 0.0000000000
56558  27.916  -49.200  77.307 0.0000000000
56536  28.677  -49.144  77.998 0.0000000000
56534  30.507  -48.597  78.459 0.0000000000
57792  30.290  -47.298  76.752 0.0000000000
59088  30.859  -46.699  76.216 0.0000000000
78627  55.823  -30.345  65.883 0.0000000000
76295  55.687  -32.951  65.046 0.0000000000
73959  55.538  -34.081  64.522 0.0000000000
79812  47.487  -29.421  67.191 0.0000000000
55134  39.987  -49.451  85.772 0.0000000000
55133  41.258  -49.302  85.641 0.0000000000
56411  39.539  -48.440  84.104 0.0000000000
55157  38.741  -48.897  84.683 0.0000000000
79760  49.486  -29.375  70.826 0.0000000000
80934  48.834  -29.060  70.142 0.0000000000
37977  20.269  -62.748  88.425 0.0000000000
37962  20.181  -62.449  89.254 0.0000000000
46564  33.954  -55.235  90.449 0.0000000000
47807  34.424  -54.601  90.975 0.0000000000
47821  34.556  -54.897  90.523 0.0000000000
47832  34.997  -54.948  90.111 0.0000000000
46677  24.130  -55.985  85.951 0.0000000000
76231  41.469  -32.702  71.469 0.0000000000
76245  41.246  -32.241  70.587 0.0000000000
76246  40.372  -32.532  70.363 0.0000000000
80769  50.019  -28.696  81.056 0.0000000000
71532  46.397  -36.309  81.048 0.0000000000
70333  45.380  -36.880  81.147 0.0000000000
60253  41.713  -45.036  77.491 0.0000000000
61411  41.835  -44.661  77.880 0.0000000000
61412  41.605  -44.486  77.340 0.0000000000
62701  41.029  -44.124  76.619 0.0000000000
61433  41.004  -44.730  75.963 0.0000000000
61434  40.644  -44.553  75.515 0.0000000000
60269  40.801  -45.026  75.595 0.0000000000
51571  30.042  -52.656  82.601 0.0000000000
52754  29.498  -52.203  81.765 0.0000000000
79784  57.824  -29.210  68.961 0.0000000000
79802  57.644  -29.358  67.908 0.0000000000
79803  56.593  -29.394  67.746 0.0000000000
44204  25.038  -57.780  91.100 0.0000000000
45398  24.388  -57.575  91.435 0.0000000000
45351  21.267  -58.141  94.483 0.0000000000
46553  30.479  -56.189  91.999 0.0000000000
45380  30.037  -56.574  91.500 0.0000000000
44184  29.790  -57.151  91.551 0.0000000000
44203  25.736  -57.946  91.344 0.0000000000
44202  26.632  -58.013  91.456 0.0000000000
44220  25.514  -57.732  90.695 0.0000000000
56393  44.480  -48.364  85.307 0.0000000000
56378  44.786  -47.998  86.256 0.0000000000
56392  44.877  -47.966  85.533 0.0000000000
56391  45.190  -47.487  85.838 0.0000000000
57622  45.113  -47.605  85.078 0.0000000000
57638  45.470  -46.805  84.862 0.0000000000
57639  45.055  -47.266  84.622 0.0000000000
56485  40.586  -48.298  80.887 0.0000000000
57697  41.697  -47.423  81.449 0.0000000000
57713  40.522  -47.968  80.484 0.0000000000
57726  40.900  -46.929  80.097 0.0000000000
57698  36.417  -47.609  80.580 0.0000000000
57714  36.523  -47.642  79.787 0.0000000000
57730  35.813  -47.497  79.237 0.0000000000
49192  26.202  -54.968  79.928 0.0000000000
49209  26.084  -54.457  79.364 0.0000000000
79771  53.918  -29.381  69.432 0.0000000000
79772  52.786  -29.287  69.362 0.0000000000
47971  21.965  -55.028  81.469 0.0000000000
47948  21.287  -55.264  82.232 0.0000000000
45440  19.630  -57.290  89.125 0.0000000000
40515  20.145  -61.056  86.054 0.0000000000
49112  37.618  -53.348  88.251 0.0000000000
50288  38.302  -52.928  88.910 0.0000000000
51489  38.163  -52.630  87.756 0.0000000000
50329  37.366  -53.068  87.511 0.0000000000
50330  36.929  -53.371  87.392 0.0000000000
49129  32.652  -55.172  86.369 0.0000000000
49140  32.527  -54.675  85.994 0.0000000000
49141  31.757  -54.590  85.340 0.0000000000
47887  31.691  -55.319  85.801 0.0000000000
46705  27.977  -55.842  83.868 0.0000000000
46704  28.616  -55.664  83.662 0.0000000000
46722  27.893  -55.597  83.199 0.0000000000
47946  23.469  -54.945  82.205 0.0000000000
49176  22.333  -55.007  80.954 0.0000000000
77417  45.515  -31.263  70.710 0.0000000000
78596  45.274  -30.802  70.234 0.0000000000
77430  44.186  -30.686  69.794 0.0000000000
42941  19.957  -58.840  96.242 0.0000000000
41725  19.650  -59.465  95.658 0.0000000000
40424  19.889  -60.283  94.807 0.0000000000
41733  19.403  -59.868  95.068 0.0000000000
41776  17.400  -60.117  91.083 0.0000000000
41765  17.470  -59.951  91.987 0.0000000000
40474  17.833  -61.213  89.394 0.0000000000
80857  57.208  -27.599  74.007 0.0000000000
81979  57.158  -26.619  75.166 0.0000000000
79661  55.117  -28.585  77.404 0.0000000000
79677  54.584  -29.422  75.658 0.0000000000
78498  53.894  -30.071  76.097 0.0000000000
81967  51.584  -28.201  76.695 0.0000000000
80843  51.364  -29.142  75.788 0.0000000000
80844  50.405  -28.884  75.580 0.0000000000
79681  49.793  -29.819  75.102 0.0000000000
78489  46.133  -30.603  76.778 0.0000000000
78502  45.165  -30.851  76.140 0.0000000000
78490  45.532  -31.140  76.716 0.0000000000
73782  44.747  -35.092  78.008 0.0000000000
73797  45.012  -34.115  77.704 0.0000000000
73798  44.310  -34.550  77.474 0.0000000000
73812  43.877  -34.058  76.917 0.0000000000
73813  43.254  -34.490  76.682 0.0000000000
73831  42.379  -34.489  75.977 0.0000000000
72713  42.817  -35.036  76.787 0.0000000000
70396  40.631  -37.580  77.464 0.0000000000
70413  40.342  -37.197  76.839 0.0000000000
70414  39.694  -37.571  76.581 0.0000000000
70415  39.058  -37.969  76.352 0.0000000000
69104  39.210  -38.176  76.686 0.0000000000
68964  46.782  -38.650  86.027 0.0000000000
62608  45.115  -43.859  82.319 0.0000000000
63875  46.065  -43.120  83.221 0.0000000000
63899  44.925  -43.300  82.128 0.0000000000
65220  42.493  -41.448  82.228 0.0000000000
66535  42.182  -40.300  82.781 0.0000000000
66536  41.389  -40.034  82.094 0.0000000000
63996  38.296  -42.931  76.036 0.0000000000
63980  37.940  -41.949  77.062 0.0000000000
63997  37.152  -41.975  76.029 0.0000000000
63998  36.522  -41.699  75.569 0.0000000000
64025  35.938  -42.536  74.444 0.0000000000
62723  36.951  -43.241  74.676 0.0000000000
60321  38.406  -45.105  71.100 0.0000000000
61492  38.227  -44.633  70.838 0.0000000000
57809  37.010  -47.319  75.812 0.0000000000
59105  37.175  -46.792  75.275 0.0000000000
57830  36.111  -47.405  74.904 0.0000000000
52734  34.639  -50.976  83.336 0.0000000000
55246  31.366  -49.439  80.025 0.0000000000
56513  31.480  -48.953  79.446 0.0000000000
56533  31.759  -48.229  78.720 0.0000000000
53974  26.975  -51.095  78.449 0.0000000000
53973  27.556  -50.682  78.605 0.0000000000
53989  26.733  -50.687  77.881 0.0000000000
75027  53.435  -33.737  66.101 0.0000000000
44176  25.139  -57.665  92.879 0.0000000000
44166  25.320  -57.380  93.500 0.0000000000
45346  26.028  -56.736  93.456 0.0000000000
44164  26.792  -57.225  92.872 0.0000000000
52680  41.799  -50.475  87.670 0.0000000000
52679  42.265  -50.271  87.790 0.0000000000
53852  41.866  -50.214  87.084 0.0000000000
53871  42.366  -49.706  86.467 0.0000000000
55131  42.664  -49.348  85.635 0.0000000000
55130  43.283  -49.169  85.592 0.0000000000
55153  43.003  -49.084  84.858 0.0000000000
55172  43.360  -48.704  84.405 0.0000000000
55175  40.855  -48.784  83.149 0.0000000000
55190  40.447  -48.694  82.161 0.0000000000
55203  40.867  -48.672  81.877 0.0000000000
55191  39.897  -48.652  81.554 0.0000000000
56454  37.487  -47.937  82.129 0.0000000000
56471  37.947  -47.798  81.087 0.0000000000
80932  50.878  -28.975  69.756 0.0000000000
79793  49.179  -29.395  67.869 0.0000000000
79829  48.293  -30.393  66.789 0.0000000000
47893  21.894  -55.389  84.891 0.0000000000
46680  21.015  -55.686  85.576 0.0000000000
46665  19.997  -56.081  86.180 0.0000000000
43021  19.732  -58.831  89.595 0.0000000000
39231  20.544  -62.417  86.881 0.0000000000
37990  19.858  -63.506  87.041 0.0000000000
38003  19.092  -63.082  85.529 0.0000000000
50209  36.519  -53.075  91.007 0.0000000000
47830  36.028  -54.600  89.677 0.0000000000
49078  36.263  -54.205  90.046 0.0000000000
47829  36.473  -54.420  89.279 0.0000000000
49091  37.011  -54.019  89.059 0.0000000000
47847  36.346  -54.624  88.612 0.0000000000
49103  36.366  -54.597  88.401 0.0000000000
47848  35.826  -55.024  88.561 0.0000000000
46615  33.863  -55.962  88.259 0.0000000000
46634  34.328  -55.772  88.119 0.0000000000
46635  33.630  -55.969  87.805 0.0000000000
47874  33.566  -55.484  87.099 0.0000000000
46654  33.363  -55.911  87.403 0.0000000000
46639  26.819  -56.697  87.588 0.0000000000
46638  27.256  -56.740  87.413 0.0000000000
46675  26.227  -56.097  85.964 0.0000000000
46691  26.823  -56.019  85.049 0.0000000000
46692  25.942  -55.854  85.241 0.0000000000
47903  25.608  -55.675  84.723 0.0000000000
77402  43.322  -31.962  71.173 0.0000000000
77419  43.060  -31.551  70.546 0.0000000000
77438  40.590  -31.644  68.460 0.0000000000
77445  40.734  -31.602  67.517 0.0000000000
76288  40.673  -32.417  66.792 0.0000000000
41793  16.545  -59.581  89.655 0.0000000000
43010  15.745  -59.046  90.456 0.0000000000
81940  49.763  -27.852  78.853 0.0000000000
80802  49.172  -28.903  79.178 0.0000000000
79635  48.753  -29.857  78.942 0.0000000000
73749  47.792  -35.032  81.000 0.0000000000
72646  47.318  -35.390  80.897 0.0000000000
72648  45.690  -35.779  80.003 0.0000000000
72663  45.382  -35.452  79.157 0.0000000000
71560  44.233  -36.273  78.657 0.0000000000
71545  44.550  -36.420  79.293 0.0000000000
70335  43.841  -37.356  80.253 0.0000000000
70353  43.667  -37.101  79.271 0.0000000000
70354  42.600  -37.665  79.075 0.0000000000
61381  43.163  -44.593  79.976 0.0000000000
62644  42.990  -44.172  79.660 0.0000000000
62646  42.041  -43.478  78.899 0.0000000000
63945  42.092  -43.143  79.459 0.0000000000
63927  41.708  -42.682  79.853 0.0000000000
63928  40.970  -42.428  79.681 0.0000000000
62686  40.016  -43.455  76.720 0.0000000000
63995  39.069  -43.192  76.186 0.0000000000
62721  38.711  -43.617  75.170 0.0000000000
62720  39.582  -43.783  75.212 0.0000000000
61460  39.491  -44.810  73.793 0.0000000000
60296  39.322  -45.056  73.536 0.0000000000
56604  34.853  -47.765  74.931 0.0000000000
56619  34.519  -47.614  74.412 0.0000000000
56620  34.153  -47.581  74.106 0.0000000000
57867  32.675  -47.113  72.159 0.0000000000
57883  32.453  -46.826  71.421 0.0000000000
53903  32.691  -51.298  83.033 0.0000000000
52751  31.674  -51.247  82.657 0.0000000000
53915  31.317  -50.979  82.161 0.0000000000
53943  30.751  -50.250  80.826 0.0000000000
78626  56.979  -30.115  65.886 0.0000000000
78625  58.063  -30.052  66.024 0.0000000000
77467  57.236  -31.654  64.782 0.0000000000
77468  56.310  -32.201  64.898 0.0000000000
46599  23.785  -57.046  89.528 0.0000000000
46584  22.066  -56.605  90.460 0.0000000000
46569  21.473  -56.580  91.089 0.0000000000
45384  23.408  -57.170  92.593 0.0000000000
45399  23.621  -57.263  91.713 0.0000000000
45386  21.215  -57.024  92.774 0.0000000000
45402  20.503  -57.053  91.357 0.0000000000
44206  19.894  -57.688  91.086 0.0000000000
44205  20.013  -58.264  91.642 0.0000000000
42996  20.225  -59.390  91.869 0.0000000000
41764  20.299  -60.225  92.183 0.0000000000
46552  31.439  -55.930  91.347 0.0000000000
47809  32.437  -55.237  91.285 0.0000000000
46566  32.273  -55.836  91.040 0.0000000000
47823  33.075  -55.373  91.037 0.0000000000
45395  31.972  -56.280  90.677 0.0000000000
44233  30.621  -56.904  90.597 0.0000000000
44234  30.145  -57.176  90.247 0.0000000000
44245  30.041  -57.259  89.588 0.0000000000
44186  28.390  -57.259  91.975 0.0000000000
44218  27.296  -57.787  90.478 0.0000000000
44217  28.409  -57.786  90.763 0.0000000000
44237  27.606  -57.539  89.819 0.0000000000
45456  27.398  -57.090  88.700 0.0000000000
45459  24.866  -57.092  89.167 0.0000000000
45458  25.741  -57.043  88.873 0.0000000000
73739  49.552  -34.333  82.670 0.0000000000
72601  49.062  -35.308  83.392 0.0000000000
72616  48.902  -35.513  82.893 0.0000000000
71509  48.686  -35.828  83.092 0.0000000000
71519  47.773  -36.224  82.286 0.0000000000
71510  48.338  -36.118  82.906 0.0000000000
60152  45.920  -45.451  84.168 0.0000000000
60153  45.591  -45.445  83.705 0.0000000000
61337  45.577  -44.943  83.368 0.0000000000
60163  45.142  -45.360  83.214 0.0000000000
57659  43.878  -47.613  83.707 0.0000000000
59016  42.193  -46.729  81.524 0.0000000000
59015  42.932  -46.353  81.943 0.0000000000
60180  43.713  -45.435  81.787 0.0000000000
60181  43.128  -45.587  81.289 0.0000000000
60199  43.621  -45.053  80.978 0.0000000000
60200  42.872  -45.460  80.640 0.0000000000
59061  41.317  -45.993  79.214 0.0000000000
60219  41.837  -45.640  79.331 0.0000000000
60236  41.070  -45.630  77.915 0.0000000000
59072  40.423  -45.920  77.729 0.0000000000
57748  38.686  -47.842  78.132 0.0000000000
57769  39.122  -46.876  78.047 0.0000000000
57770  38.571  -47.291  77.667 0.0000000000
57771  37.955  -47.560  77.165 0.0000000000
56551  38.082  -47.882  77.537 0.0000000000
55206  39.067  -48.618  80.542 0.0000000000
55223  38.754  -48.773  79.991 0.0000000000
55224  38.241  -48.773  79.476 0.0000000000
56530  36.864  -48.335  78.436 0.0000000000
56553  36.775  -48.327  77.464 0.0000000000
56568  35.878  -48.073  76.748 0.0000000000
57789  34.768  -47.466  76.516 0.0000000000
50382  27.739  -53.865  81.150 0.0000000000
51580  28.153  -52.806  81.084 0.0000000000
51581  27.677  -53.347  80.768 0.0000000000
50404  26.556  -53.603  79.409 0.0000000000
51594  26.965  -52.818  79.569 0.0000000000
51595  26.451  -52.789  79.043 0.0000000000
49242  24.750  -54.550  77.605 0.0000000000
50455  24.985  -53.275  76.353 0.0000000000
51615  25.308  -52.541  76.886 0.0000000000
79786  55.789  -29.361  68.640 0.0000000000
79787  54.675  -29.412  68.435 0.0000000000
79806  53.132  -30.000  67.519 0.0000000000
78630  52.970  -31.662  66.782 0.0000000000
77440  52.398  -31.857  67.050 0.0000000000
79790  51.530  -29.639  68.364 0.0000000000
79808  51.236  -30.241  67.827 0.0000000000
76282  50.861  -32.893  66.905 0.0000000000
47926  20.579  -55.524  83.059 0.0000000000
47949  20.380  -55.862  82.177 0.0000000000
47927  19.871  -56.008  83.042 0.0000000000
46666  19.207  -56.750  86.111 0.0000000000
45484  19.040  -57.600  86.515 0.0000000000
43028  19.740  -59.375  88.497 0.0000000000
43033  19.513  -59.314  87.504 0.0000000000
51405  37.817  -51.990  90.701 0.0000000000
51424  38.100  -52.116  90.516 0.0000000000
50265  39.682  -52.439  88.781 0.0000000000
51440  39.677  -51.600  89.435 0.0000000000
51455  39.992  -51.840  89.080 0.0000000000
51468  40.470  -51.313  88.754 0.0000000000
51485  40.543  -51.269  88.514 0.0000000000
51486  40.214  -51.523  88.474 0.0000000000
52668  38.981  -51.756  87.401 0.0000000000
53855  39.229  -50.465  86.389 0.0000000000
53856  38.497  -50.904  86.292 0.0000000000
53874  38.307  -50.399  85.739 0.0000000000
52698  38.031  -51.184  86.193 0.0000000000
52686  36.893  -51.846  85.943 0.0000000000
51524  35.595  -52.456  85.727 0.0000000000
49126  35.677  -54.119  87.263 0.0000000000
50331  36.149  -53.399  86.818 0.0000000000
50332  35.337  -53.726  86.738 0.0000000000
50349  33.845  -53.351  85.817 0.0000000000
50348  34.784  -53.366  86.221 0.0000000000
51526  33.750  -52.746  85.253 0.0000000000
51543  33.190  -52.558  84.762 0.0000000000
51545  31.674  -53.009  84.200 0.0000000000
50365  31.274  -53.442  84.165 0.0000000000
51560  30.376  -52.930  83.166 0.0000000000
50366  30.645  -53.743  83.812 0.0000000000
45428  33.191  -56.219  88.880 0.0000000000
45470  31.933  -56.548  87.475 0.0000000000
46656  31.898  -56.201  86.760 0.0000000000
45488  29.141  -56.540  85.702 0.0000000000
45494  29.519  -56.345  85.193 0.0000000000
46672  30.432  -56.087  85.401 0.0000000000
46687  30.152  -55.902  84.690 0.0000000000
47901  30.624  -55.449  84.722 0.0000000000
47902  30.020  -55.676  84.324 0.0000000000
47919  28.960  -55.484  83.474 0.0000000000
47918  29.565  -55.393  83.766 0.0000000000
47940  29.079  -55.134  83.212 0.0000000000
49162  28.965  -54.601  82.728 0.0000000000
49163  28.418  -54.611  82.207 0.0000000000
47969  24.356  -55.019  81.219 0.0000000000
78593  47.610  -30.640  71.126 0.0000000000
79762  47.504  -30.063  70.646 0.0000000000
79763  46.806  -30.088  70.311 0.0000000000
79796  44.594  -29.441  68.400 0.0000000000
79795  45.498  -29.336  68.704 0.0000000000
79833  44.758  -29.464  66.842 0.0000000000
78606  42.778  -30.299  68.360 0.0000000000
77476  42.882  -31.844  65.777 0.0000000000
76302  43.876  -32.698  65.466 0.0000000000
76269  39.530  -32.616  68.552 0.0000000000
75022  39.362  -33.692  67.425 0.0000000000
49003  24.437  -55.426  95.031 0.0000000000
46485  23.111  -56.185  95.866 0.0000000000
46504  23.052  -56.560  95.833 0.0000000000
44149  21.371  -58.412  95.957 0.0000000000
44161  21.336  -58.484  95.448 0.0000000000
42965  21.088  -59.002  95.110 0.0000000000
42973  20.942  -59.187  94.536 0.0000000000
41752  20.609  -59.701  94.217 0.0000000000
40441  19.847  -60.550  93.495 0.0000000000
41753  20.318  -60.071  93.348 0.0000000000
39148  20.046  -61.431  91.532 0.0000000000
39141  19.784  -61.148  92.050 0.0000000000
41745  17.996  -59.284  93.520 0.0000000000
41735  18.269  -58.980  94.260 0.0000000000
41744  18.525  -59.660  94.000 0.0000000000
40434  18.493  -60.016  93.543 0.0000000000
40433  18.882  -60.259  93.932 0.0000000000
40443  18.772  -60.442  93.160 0.0000000000
39160  18.709  -61.654  90.855 0.0000000000
37931  19.160  -62.088  90.428 0.0000000000
39192  18.178  -62.176  88.063 0.0000000000
41800  17.087  -60.307  87.808 0.0000000000
80919  58.150  -28.285  71.669 0.0000000000
79737  56.980  -28.947  71.793 0.0000000000
79738  56.161  -29.297  71.573 0.0000000000
79722  55.479  -29.539  72.126 0.0000000000
78557  55.293  -29.615  72.541 0.0000000000
80841  56.166  -27.551  75.907 0.0000000000
80842  55.842  -28.095  75.622 0.0000000000
79707  54.675  -29.862  73.776 0.0000000000
78559  53.562  -30.365  72.853 0.0000000000
78545  52.388  -31.270  73.717 0.0000000000
78560  52.272  -30.899  73.125 0.0000000000
77379  51.878  -31.414  73.683 0.0000000000
78561  51.098  -31.008  72.803 0.0000000000
77380  51.243  -31.433  73.402 0.0000000000
78499  53.222  -30.309  76.206 0.0000000000
79678  52.620  -30.127  76.195 0.0000000000
77336  51.124  -31.315  74.926 0.0000000000
76171  50.630  -31.860  74.054 0.0000000000
77366  50.566  -31.748  73.585 0.0000000000
77367  49.849  -31.848  73.333 0.0000000000
77396  48.843  -31.460  72.176 0.0000000000
76188  49.331  -32.007  73.490 0.0000000000
77353  48.669  -31.735  74.145 0.0000000000
76189  48.486  -32.100  73.385 0.0000000000
76174  48.243  -31.982  73.687 0.0000000000
76190  47.557  -32.068  73.371 0.0000000000
80833  48.009  -29.096  75.881 0.0000000000
78517  46.115  -30.379  74.833 0.0000000000
79697  46.808  -30.478  74.599 0.0000000000
78534  46.491  -30.978  74.355 0.0000000000
76191  46.474  -32.093  73.215 0.0000000000
77370  45.772  -31.818  73.639 0.0000000000
76192  45.465  -32.213  73.182 0.0000000000
76176  44.137  -32.180  74.090 0.0000000000
76193  44.467  -32.380  73.307 0.0000000000
76212  42.623  -32.846  72.466 0.0000000000
76194  43.454  -32.722  73.737 0.0000000000
77284  48.303  -31.322  79.190 0.0000000000
78476  48.176  -30.685  78.797 0.0000000000
77285  47.577  -31.521  78.676 0.0000000000
73771  47.138  -34.049  79.570 0.0000000000
74888  47.727  -33.482  79.698 0.0000000000
76118  45.734  -33.113  77.885 0.0000000000
76136  45.864  -31.994  77.711 0.0000000000
76151  44.790  -32.105  76.693 0.0000000000
74933  43.212  -33.638  75.956 0.0000000000
74944  43.048  -33.340  75.154 0.0000000000
74957  42.503  -33.229  73.943 0.0000000000
74958  41.632  -33.571  73.736 0.0000000000
74959  41.000  -33.688  73.285 0.0000000000
73849  40.918  -34.659  74.899 0.0000000000
73862  40.752  -34.136  74.006 0.0000000000
73864  39.310  -34.842  73.268 0.0000000000
72741  39.351  -35.141  73.752 0.0000000000
72697  42.178  -36.104  77.067 0.0000000000
72698  41.737  -36.350  76.991 0.0000000000
71611  39.249  -36.806  75.511 0.0000000000
72732  39.865  -35.984  75.350 0.0000000000
71620  38.874  -36.531  74.847 0.0000000000
72738  38.895  -35.975  74.250 0.0000000000
71484  46.443  -36.760  84.838 0.0000000000
71499  46.737  -36.595  83.807 0.0000000000
70284  45.805  -36.892  83.833 0.0000000000
65206  46.548  -41.951  83.973 0.0000000000
65205  47.026  -42.127  84.304 0.0000000000
65197  47.021  -41.571  84.526 0.0000000000
66506  47.242  -40.668  85.463 0.0000000000
66514  46.597  -40.905  84.683 0.0000000000
63877  44.978  -42.785  82.322 0.0000000000
66526  44.769  -40.938  83.815 0.0000000000
67758  45.029  -39.376  84.857 0.0000000000
68981  45.501  -38.502  85.275 0.0000000000
67759  44.271  -39.157  84.480 0.0000000000
68997  43.263  -38.229  83.147 0.0000000000
68996  43.746  -38.069  83.601 0.0000000000
69009  43.544  -37.851  82.875 0.0000000000
70286  44.100  -37.529  82.897 0.0000000000
70301  43.882  -37.498  82.122 0.0000000000
70302  43.281  -37.682  81.622 0.0000000000
69024  41.041  -38.701  80.975 0.0000000000
69037  40.766  -38.611  80.189 0.0000000000
65235  40.188  -40.887  80.517 0.0000000000
65253  39.311  -40.983  79.414 0.0000000000
66588  38.023  -40.385  77.620 0.0000000000
66576  38.501  -40.357  78.262 0.0000000000
67811  38.591  -39.746  78.116 0.0000000000
67810  38.925  -39.345  78.242 0.0000000000
67825  38.333  -39.454  77.417 0.0000000000
67839  38.108  -39.119  76.656 0.0000000000
67840  37.604  -39.562  76.410 0.0000000000
66618  35.819  -40.926  75.086 0.0000000000
62750  37.566  -43.929  72.347 0.0000000000
61493  37.490  -44.086  70.530 0.0000000000
61510  37.040  -44.033  69.726 0.0000000000
60256  40.504  -45.337  75.708 0.0000000000
59142  38.076  -45.600  72.549 0.0000000000
57864  34.758  -47.300  73.385 0.0000000000
59145  35.186  -47.113  73.417 0.0000000000
59165  34.977  -46.794  72.654 0.0000000000
59210  34.512  -45.947  70.809 0.0000000000
59209  35.478  -45.831  70.600 0.0000000000
53886  37.067  -49.986  84.291 0.0000000000
55158  37.668  -49.293  84.295 0.0000000000
55159  36.982  -49.706  83.925 0.0000000000
55178  35.983  -49.832  83.006 0.0000000000
55192  36.198  -49.326  82.801 0.0000000000
56455  36.304  -48.648  82.279 0.0000000000
56456  35.611  -48.928  82.001 0.0000000000
53913  33.569  -50.277  82.191 0.0000000000
53924  33.240  -49.897  81.680 0.0000000000
56492  33.341  -48.823  80.402 0.0000000000
56475  33.607  -49.126  80.992 0.0000000000
56491  34.387  -48.105  80.365 0.0000000000
56510  34.146  -47.801  79.762 0.0000000000
57733  33.301  -47.855  79.267 0.0000000000
57754  32.162  -47.671  78.202 0.0000000000
57753  33.113  -47.487  78.590 0.0000000000
59076  32.303  -46.864  76.917 0.0000000000
59077  31.561  -46.866  76.761 0.0000000000
52783  28.401  -51.664  80.382 0.0000000000
53972  28.223  -50.226  78.758 0.0000000000
55249  29.244  -49.938  79.301 0.0000000000
55248  29.888  -49.797  79.698 0.0000000000
55292  26.596  -49.739  76.582 0.0000000000
55282  27.350  -49.836  77.515 0.0000000000
55291  27.095  -49.406  76.787 0.0000000000
57794  28.625  -47.879  76.475 0.0000000000
56557  28.577  -48.687  77.293 0.0000000000
56535  29.270  -48.929  78.181 0.0000000000
56556  29.613  -48.373  77.633 0.0000000000
56555  30.188  -48.153  77.687 0.0000000000
57778  29.928  -47.882  77.156 0.0000000000
59110  29.096  -46.897  75.419 0.0000000000
59089  29.862  -46.996  76.032 0.0000000000
59109  30.140  -46.438  75.325 0.0000000000
78660  58.830  -31.393  64.561 0.0000000000
79827  55.153  -29.900  66.598 0.0000000000
77469  55.329  -32.292  65.357 0.0000000000
75040  55.392  -33.746  65.014 0.0000000000
80964  47.325  -29.022  67.835 0.0000000000
79831  46.824  -29.722  66.617 0.0000000000
45332  25.160  -56.466  93.990 0.0000000000
46518  24.474  -56.192  94.908 0.0000000000
53853  41.117  -50.293  86.884 0.0000000000
53872  41.834  -49.881  86.568 0.0000000000
55108  41.450  -49.740  86.299 0.0000000000
56413  37.748  -48.585  83.591 0.0000000000
80933  49.863  -28.916  69.982 0.0000000000
80954  48.351  -28.942  68.262 0.0000000000
41785  20.324  -60.464  90.029 0.0000000000
41791  20.260  -60.627  89.035 0.0000000000
49036  35.265  -54.019  91.026 0.0000000000
49035  35.933  -53.610  90.966 0.0000000000
47820  35.372  -54.513  90.413 0.0000000000
46579  35.568  -54.896  89.675 0.0000000000
46612  35.505  -55.286  89.055 0.0000000000
47849  35.195  -55.498  88.469 0.0000000000
46613  35.005  -55.623  88.782 0.0000000000
46614  34.236  -55.860  88.543 0.0000000000
45449  33.782  -56.027  88.461 0.0000000000
46659  26.512  -56.371  86.844 0.0000000000
46676  25.200  -55.997  85.901 0.0000000000
47890  24.865  -55.730  85.237 0.0000000000
76244  42.150  -32.118  70.965 0.0000000000
77420  41.849  -31.666  70.174 0.0000000000
77421  41.255  -31.867  70.049 0.0000000000
77434  40.506  -31.840  69.041 0.0000000000
42998  14.820  -58.792  91.263 0.0000000000
80768  50.453  -28.130  81.495 0.0000000000
81906  49.972  -28.151  80.258 0.0000000000
79618  49.135  -29.890  79.847 0.0000000000
72633  46.977  -35.944  81.165 0.0000000000
71534  44.843  -36.598  80.052 0.0000000000
61398  42.267  -44.703  78.667 0.0000000000
62664  42.596  -44.304  79.091 0.0000000000
62665  42.170  -44.100  78.523 0.0000000000
62666  41.584  -43.622  78.269 0.0000000000
62667  41.028  -43.468  77.853 0.0000000000
62684  41.358  -44.002  77.337 0.0000000000
62702  40.540  -43.967  76.149 0.0000000000
62733  39.942  -44.173  74.744 0.0000000000
61444  40.205  -44.572  74.794 0.0000000000
60284  39.871  -45.113  74.206 0.0000000000
52738  30.779  -52.103  83.057 0.0000000000
52752  31.081  -51.488  82.627 0.0000000000
52768  29.959  -51.359  81.539 0.0000000000
79801  58.540  -29.189  68.002 0.0000000000
79825  57.364  -29.605  66.852 0.0000000000
45437  24.696  -57.252  89.880 0.0000000000
45438  23.916  -57.149  90.107 0.0000000000
45439  23.304  -57.074  90.534 0.0000000000
45418  23.119  -57.090  91.151 0.0000000000
45369  20.565  -58.198  93.132 0.0000000000
45396  31.124  -56.706  90.926 0.0000000000
45397  30.589  -56.898  91.239 0.0000000000
44197  30.446  -56.931  91.036 0.0000000000
45413  26.530  -57.602  90.063 0.0000000000
45435  26.199  -57.296  89.525 0.0000000000
45414  25.845  -57.549  90.141 0.0000000000
45415  25.179  -57.500  90.266 0.0000000000
55107  43.872  -49.058  86.711 0.0000000000
55088  44.264  -48.521  86.780 0.0000000000
56365  44.614  -47.831  86.957 0.0000000000
58911  45.881  -46.018  85.679 0.0000000000
60119  46.085  -45.561  85.242 0.0000000000
58951  45.789  -46.247  84.954 0.0000000000
58952  45.513  -46.534  84.644 0.0000000000
58972  44.960  -46.559  83.903 0.0000000000
56449  42.068  -48.269  82.469 0.0000000000
57680  42.830  -47.333  82.627 0.0000000000
56467  41.807  -47.919  81.867 0.0000000000
59030  41.795  -46.566  80.940 0.0000000000
59044  42.212  -45.878  80.525 0.0000000000
59046  40.824  -46.576  79.551 0.0000000000
59047  40.193  -46.821  79.220 0.0000000000
59063  39.738  -46.654  78.431 0.0000000000
57728  39.592  -47.526  79.167 0.0000000000
56506  39.048  -48.387  78.880 0.0000000000
56509  37.225  -48.125  79.416 0.0000000000
57749  36.490  -48.023  78.419 0.0000000000
57772  35.735  -47.847  77.435 0.0000000000
57750  35.980  -47.763  78.253 0.0000000000
57752  34.314  -47.258  78.519 0.0000000000
49208  26.640  -54.144  79.697 0.0000000000
50418  26.087  -53.587  78.886 0.0000000000
79755  55.215  -29.455  70.535 0.0000000000
79807  52.158  -30.209  67.753 0.0000000000
77443  49.932  -31.399  67.034 0.0000000000
77442  50.546  -31.822  67.123 0.0000000000
46602  20.939  -56.361  89.376 0.0000000000
46621  20.639  -56.281  88.439 0.0000000000
41808  19.908  -60.050  87.242 0.0000000000
50249  38.362  -52.580  89.988 0.0000000000
50267  38.265  -53.061  89.135 0.0000000000
50266  38.665  -52.601  89.171 0.0000000000
50287  39.074  -52.327  88.755 0.0000000000
51487  39.543  -51.891  88.308 0.0000000000
50307  38.923  -52.315  88.354 0.0000000000
51505  38.441  -52.169  87.431 0.0000000000
51508  36.115  -52.757  86.282 0.0000000000
49139  33.518  -54.218  86.253 0.0000000000
50350  32.998  -53.759  85.686 0.0000000000
50360  32.622  -53.292  85.084 0.0000000000
45452  31.545  -56.759  88.524 0.0000000000
45481  30.391  -56.710  86.744 0.0000000000
45496  28.522  -56.212  84.841 0.0000000000
47965  27.986  -55.099  82.214 0.0000000000
47942  27.832  -55.401  82.630 0.0000000000
47992  22.871  -55.020  80.113 0.0000000000
49193  22.628  -55.010  80.685 0.0000000000
49194  22.238  -55.123  80.545 0.0000000000
78584  46.906  -31.382  71.355 0.0000000000
78598  46.299  -30.361  70.265 0.0000000000
78599  45.692  -30.326  69.950 0.0000000000
79779  44.932  -29.717  69.088 0.0000000000
79797  43.964  -29.545  67.877 0.0000000000
78639  41.850  -31.239  66.663 0.0000000000
77457  42.265  -31.795  66.085 0.0000000000
76286  42.264  -32.581  65.978 0.0000000000
42933  20.499  -58.437  96.390 0.0000000000
41731  20.550  -59.330  95.595 0.0000000000
41742  20.706  -59.553  94.958 0.0000000000
41732  20.078  -59.966  95.117 0.0000000000
40431  19.907  -60.398  94.463 0.0000000000
40442  19.458  -60.595  93.558 0.0000000000
41755  17.083  -58.936  93.273 0.0000000000
41754  17.655  -59.693  92.765 0.0000000000
40454  18.108  -60.350  92.167 0.0000000000
40453  18.641  -60.681  92.344 0.0000000000
40468  18.286  -61.217  90.942 0.0000000000
39173  18.180  -61.631  89.943 0.0000000000
40473  18.360  -61.878  89.343 0.0000000000
79719  57.402  -28.450  72.449 0.0000000000
80898  57.342  -28.206  73.085 0.0000000000
80876  56.997  -28.112  73.683 0.0000000000
79705  56.296  -28.484  74.076 0.0000000000
79676  55.200  -28.626  76.241 0.0000000000
78528  54.021  -30.426  74.251 0.0000000000
78529  53.403  -31.000  74.737 0.0000000000
77363  52.810  -31.300  74.530 0.0000000000
80815  52.553  -28.668  77.312 0.0000000000
79665  52.549  -29.638  76.455 0.0000000000
79679  51.959  -29.910  75.915 0.0000000000
78515  50.311  -30.882  74.956 0.0000000000
77352  49.525  -31.732  74.245 0.0000000000
78530  49.890  -31.390  74.537 0.0000000000
78531  49.231  -31.059  74.601 0.0000000000
79666  48.134  -29.113  77.137 0.0000000000
79667  47.643  -29.343  76.457 0.0000000000
79668  46.777  -29.746  76.059 0.0000000000
78535  45.653  -30.914  74.559 0.0000000000
78536  45.112  -30.896  74.811 0.0000000000
78519  44.814  -30.994  75.309 0.0000000000
77337  44.427  -31.630  75.544 0.0000000000
77253  49.451  -31.696  80.803 0.0000000000
77269  49.264  -31.392  80.297 0.0000000000
77254  49.182  -31.950  80.430 0.0000000000
76097  48.274  -32.581  79.658 0.0000000000
73780  45.986  -34.072  78.644 0.0000000000
74912  45.366  -33.616  77.795 0.0000000000
76138  44.661  -33.129  76.969 0.0000000000
74923  44.276  -33.607  76.926 0.0000000000
74934  42.689  -33.885  75.552 0.0000000000
73861  41.407  -34.037  74.463 0.0000000000
73832  41.812  -34.741  75.740 0.0000000000
73833  41.344  -34.886  75.497 0.0000000000
71580  41.267  -36.942  77.296 0.0000000000
71596  41.430  -36.544  77.005 0.0000000000
71597  40.824  -36.715  76.789 0.0000000000
71598  40.234  -36.897  76.473 0.0000000000
70433  38.398  -37.103  74.901 0.0000000000
70425  38.734  -37.542  75.639 0.0000000000
70426  38.090  -37.951  75.419 0.0000000000
71462  47.005  -36.733  85.719 0.0000000000
70270  46.170  -37.264  85.345 0.0000000000
62570  46.458  -43.695  83.819 0.0000000000
63855  47.103  -42.661  84.543 0.0000000000
63857  46.124  -42.588  83.430 0.0000000000
65207  45.837  -42.085  83.412 0.0000000000
65219  43.522  -41.653  82.597 0.0000000000
66527  43.413  -40.398  83.669 0.0000000000
66517  43.897  -39.709  84.226 0.0000000000
66528  42.634  -39.706  83.315 0.0000000000
67766  42.959  -38.903  83.500 0.0000000000
69011  42.163  -38.542  82.192 0.0000000000
67773  41.713  -39.274  82.255 0.0000000000
67780  41.127  -39.317  81.599 0.0000000000
67781  40.588  -39.373  80.909 0.0000000000
65291  38.887  -41.874  78.194 0.0000000000
65292  38.430  -41.291  77.991 0.0000000000
65308  37.804  -41.037  77.418 0.0000000000
66589  37.622  -40.386  77.043 0.0000000000
66601  37.246  -40.426  76.503 0.0000000000
65323  37.041  -41.124  76.377 0.0000000000
65339  36.132  -41.329  75.326 0.0000000000
65340  35.695  -41.389  74.868 0.0000000000
62752  35.450  -43.001  73.201 0.0000000000
61475  38.263  -44.314  71.742 0.0000000000
61509  37.737  -44.665  69.853 0.0000000000
59125  36.949  -46.650  74.404 0.0000000000
59185  34.023  -46.669  71.650 0.0000000000
53887  36.391  -50.490  84.066 0.0000000000
53911  35.133  -50.001  82.547 0.0000000000
55211  32.342  -49.797  81.177 0.0000000000
55210  32.979  -49.651  81.321 0.0000000000
55226  32.667  -49.383  80.763 0.0000000000
56512  32.657  -48.307  79.383 0.0000000000
52793  27.432  -51.738  79.498 0.0000000000
52792  28.086  -51.262  79.697 0.0000000000
53961  27.912  -51.061  79.346 0.0000000000
55268  27.983  -49.923  78.298 0.0000000000
56588  27.243  -48.341  75.800 0.0000000000
56571  27.509  -48.863  76.648 0.0000000000
57793  29.453  -47.502  76.499 0.0000000000
77448  54.153  -32.116  65.934 0.0000000000
78653  45.697  -30.874  65.704 0.0000000000
78635  46.172  -30.203  66.122 0.0000000000
76300  45.913  -32.760  65.201 0.0000000000
45365  24.218  -57.331  93.230 0.0000000000
45349  22.859  -57.307  94.496 0.0000000000
45335  22.357  -57.519  95.256 0.0000000000
44173  27.471  -57.389  92.421 0.0000000000
44189  25.938  -57.973  92.202 0.0000000000
52651  41.681  -50.491  88.358 0.0000000000
52663  42.272  -50.263  88.045 0.0000000000
53834  42.747  -49.939  87.570 0.0000000000
53850  43.273  -49.520  86.737 0.0000000000
53869  43.362  -49.283  86.104 0.0000000000
55129  43.926  -48.913  85.801 0.0000000000
55151  44.154  -48.574  85.199 0.0000000000
56429  44.179  -47.992  84.280 0.0000000000
56409  43.847  -48.397  84.455 0.0000000000
56431  42.635  -48.469  83.319 0.0000000000
55188  42.101  -48.768  83.170 0.0000000000
56450  41.364  -48.566  82.142 0.0000000000
55220  40.552  -48.541  81.358 0.0000000000
55221  39.998  -48.615  80.826 0.0000000000
55242  39.616  -48.524  80.253 0.0000000000
55205  39.588  -48.616  81.006 0.0000000000
56470  38.907  -48.427  81.030 0.0000000000
56452  39.482  -48.420  82.033 0.0000000000
48009  24.756  -54.985  79.277 0.0000000000
48026  24.688  -54.852  78.609 0.0000000000
48059  23.760  -55.868  76.634 0.0000000000
79774  51.017  -29.236  68.802 0.0000000000
79791  50.634  -29.530  68.290 0.0000000000
80943  50.280  -28.910  68.984 0.0000000000
79792  49.891  -29.533  68.032 0.0000000000
78631  49.551  -31.088  66.988 0.0000000000
47924  22.589  -55.159  83.142 0.0000000000
47908  20.769  -55.418  83.892 0.0000000000
47894  20.941  -55.480  84.702 0.0000000000
47895  20.179  -55.679  84.547 0.0000000000
46683  18.988  -56.874  84.689 0.0000000000
44238  19.606  -57.909  89.795 0.0000000000
41798  20.128  -60.460  88.045 0.0000000000
41807  20.158  -60.745  87.176 0.0000000000
40514  20.344  -61.509  86.319 0.0000000000
38001  20.327  -63.162  86.337 0.0000000000
49058  36.192  -53.844  90.535 0.0000000000
49057  37.271  -53.295  90.320 0.0000000000
49076  37.916  -53.036  89.939 0.0000000000
49101  37.569  -53.510  88.651 0.0000000000
49113  37.161  -53.759  88.184 0.0000000000
50310  37.024  -53.699  87.847 0.0000000000
49114  36.392  -54.338  87.917 0.0000000000
49115  35.372  -54.810  87.627 0.0000000000
47859  35.087  -55.403  88.016 0.0000000000
49116  34.797  -55.130  87.514 0.0000000000
47873  34.061  -55.204  87.218 0.0000000000
47875  32.618  -55.597  86.634 0.0000000000
45455  28.282  -57.154  88.558 0.0000000000
45473  28.837  -57.027  87.615 0.0000000000
46706  27.116  -55.852  84.053 0.0000000000
47920  26.979  -55.723  83.408 0.0000000000
77418  44.432  -31.170  70.367 0.0000000000
77431  43.536  -30.815  69.786 0.0000000000
77436  42.201  -30.690  68.455 0.0000000000
77437  41.490  -31.018  68.193 0.0000000000
77444  41.340  -31.280  67.149 0.0000000000
77458  41.412  -31.797  66.573 0.0000000000
42975  16.139  -58.711  93.281 0.0000000000
41777  16.765  -59.426  91.759 0.0000000000
81954  51.025  -27.530  77.694 0.0000000000
81955  50.120  -27.654  77.827 0.0000000000
80817  48.735  -28.630  77.416 0.0000000000
81924  49.711  -28.240  79.642 0.0000000000
79651  48.342  -29.365  77.951 0.0000000000
79652  47.620  -29.779  77.516 0.0000000000
73758  48.325  -34.081  80.601 0.0000000000
73760  46.580  -35.005  79.943 0.0000000000
73773  45.707  -34.868  78.895 0.0000000000
72677  44.904  -35.377  78.414 0.0000000000
72678  44.164  -35.682  78.010 0.0000000000
71577  43.217  -36.391  77.859 0.0000000000
71562  43.006  -36.855  78.117 0.0000000000
71546  44.037  -36.623  78.902 0.0000000000
70394  42.093  -36.936  77.774 0.0000000000
70375  41.414  -37.722  78.296 0.0000000000
70376  40.799  -37.928  78.138 0.0000000000
67749  47.403  -39.634  86.369 0.0000000000
61366  44.147  -44.417  81.221 0.0000000000
62609  44.555  -43.820  81.658 0.0000000000
62625  44.090  -43.873  81.004 0.0000000000
63924  43.830  -43.398  80.929 0.0000000000
63901  43.650  -42.793  81.195 0.0000000000
62627  43.007  -43.615  80.016 0.0000000000
63925  43.278  -43.238  80.585 0.0000000000
63902  42.937  -42.672  80.944 0.0000000000
65233  42.002  -42.111  81.149 0.0000000000
65234  40.779  -41.236  80.965 0.0000000000
65251  41.209  -42.125  80.355 0.0000000000
63948  39.818  -42.360  78.692 0.0000000000
63961  41.032  -43.094  78.453 0.0000000000
63962  40.337  -43.004  78.122 0.0000000000
63963  39.389  -42.464  78.035 0.0000000000
63979  39.087  -42.936  76.949 0.0000000000
64014  38.041  -43.292  75.407 0.0000000000
62722  37.848  -43.554  74.814 0.0000000000
61447  38.605  -44.246  73.513 0.0000000000
62734  39.384  -44.073  74.539 0.0000000000
61446  39.208  -44.424  73.891 0.0000000000
61474  38.717  -44.785  72.232 0.0000000000
60308  38.335  -45.317  71.736 0.0000000000
57811  35.768  -47.785  75.364 0.0000000000
57831  35.356  -47.666  74.775 0.0000000000
57865  34.164  -47.368  72.931 0.0000000000
57881  33.765  -47.163  72.306 0.0000000000
57882  33.196  -47.101  71.869 0.0000000000
52735  34.010  -51.264  83.435 0.0000000000
53942  31.300  -49.971  80.815 0.0000000000
55228  31.058  -49.776  80.380 0.0000000000
55247  30.749  -49.461  79.746 0.0000000000
53998  25.765  -50.934  76.728 0.0000000000
53997  26.308  -50.458  77.013 0.0000000000
77466  58.112  -31.440  64.695 0.0000000000
77482  57.626  -32.213  64.444 0.0000000000
76311  56.837  -32.921  64.453 0.0000000000
75057  56.178  -33.696  64.263 0.0000000000
73942  52.704  -34.782  65.597 0.0000000000
46642  23.617  -56.378  87.767 0.0000000000
46586  20.451  -56.602  89.961 0.0000000000
46567  22.677  -56.906  91.224 0.0000000000
46568  22.227  -56.697  91.211 0.0000000000
45419  20.449  -56.775  90.488 0.0000000000
44223  19.754  -57.758  90.525 0.0000000000
43008  20.025  -59.240  90.617 0.0000000000
47822  33.801  -55.105  90.815 0.0000000000
46582  33.371  -55.796  89.688 0.0000000000
45394  32.656  -56.093  90.092 0.0000000000
45412  31.203  -56.678  90.567 0.0000000000
45430  31.088  -56.847  89.735 0.0000000000
44246  29.791  -57.320  89.270 0.0000000000
44185  29.282  -57.015  91.642 0.0000000000
44199  29.275  -57.247  91.480 0.0000000000
44216  29.331  -57.494  90.922 0.0000000000
45432  28.596  -57.368  89.291 0.0000000000
45475  26.932  -56.964  88.200 0.0000000000
45476  26.269  -56.842  88.260 0.0000000000
46616  25.740  -56.779  88.330 0.0000000000
74986  40.555  -33.204  71.711 0.0000000000
74995  40.130  -32.964  71.046 0.0000000000
74996  39.540  -33.112  70.438 0.0000000000
75008  38.522  -33.642  69.111 0.0000000000
77238  49.435  -31.711  81.129 0.0000000000
74873  49.412  -33.184  81.264 0.0000000000
74864  49.335  -33.837  81.385 0.0000000000
72631  48.810  -35.162  82.080 0.0000000000
72630  49.285  -34.870  82.554 0.0000000000
70313  46.457  -36.943  82.428 0.0000000000
61335  46.502  -44.030  84.056 0.0000000000
61349  45.923  -44.063  83.156 0.0000000000
61350  45.447  -44.471  82.909 0.0000000000
61356  44.866  -44.492  82.345 0.0000000000
57640  44.546  -47.709  84.413 0.0000000000
57658  44.400  -47.283  83.921 0.0000000000
57678  44.186  -46.761  83.452 0.0000000000
58995  44.024  -46.269  82.942 0.0000000000
60164  44.550  -45.541  82.787 0.0000000000
60165  44.084  -45.608  82.388 0.0000000000
60179  44.399  -44.988  82.161 0.0000000000
60233  42.835  -45.041  79.649 0.0000000000
60218  42.423  -45.468  79.894 0.0000000000
60234  42.290  -45.205  79.041 0.0000000000
60245  41.473  -45.317  77.644 0.0000000000
60254  41.405  -45.127  76.857 0.0000000000
60255  40.817  -45.367  76.276 0.0000000000
59082  40.358  -45.716  76.891 0.0000000000
59074  38.827  -46.437  76.855 0.0000000000
57786  37.517  -47.345  76.505 0.0000000000
57787  36.904  -47.771  76.233 0.0000000000
55243  39.161  -48.704  79.764 0.0000000000
55263  38.312  -48.857  78.696 0.0000000000
56552  37.490  -48.102  77.245 0.0000000000
56584  36.254  -48.093  76.035 0.0000000000
56585  35.881  -48.026  75.922 0.0000000000
56586  35.159  -47.785  75.803 0.0000000000
56587  34.539  -47.676  75.178 0.0000000000
57788  35.381  -47.742  76.926 0.0000000000
57812  34.467  -47.508  75.681 0.0000000000
57813  33.760  -47.377  75.081 0.0000000000
51579  28.993  -52.462  81.511 0.0000000000
51587  27.953  -52.337  80.504 0.0000000000
52802  26.521  -51.762  78.497 0.0000000000
52814  26.239  -51.250  77.854 0.0000000000
49225  25.252  -54.543  78.589 0.0000000000
50419  25.619  -53.666  78.239 0.0000000000
50437  24.782  -54.012  76.778 0.0000000000
50436  25.156  -53.558  77.382 0.0000000000
52815  25.806  -51.734  77.471 0.0000000000
79768  57.008  -29.209  69.827 0.0000000000
79828  54.640  -30.074  66.587 0.0000000000
78609  54.155  -30.254  66.647 0.0000000000
78629  53.539  -31.302  66.491 0.0000000000
77449  53.306  -32.137  66.493 0.0000000000
77441  51.516  -31.744  67.263 0.0000000000
76272  52.050  -32.358  67.073 0.0000000000
45477  19.123  -57.756  87.370 0.0000000000
44252  19.174  -58.541  86.948 0.0000000000
44256  18.879  -57.932  85.039 0.0000000000
51441  38.944  -51.934  89.906 0.0000000000
52618  40.576  -50.931  89.271 0.0000000000
52635  41.680  -50.321  88.823 0.0000000000
52652  41.055  -50.886  88.406 0.0000000000
52665  40.993  -51.014  88.097 0.0000000000
52682  40.341  -50.972  87.345 0.0000000000
53854  40.152  -50.464  86.776 0.0000000000
55110  40.009  -50.027  86.371 0.0000000000
55135  38.968  -49.447  85.417 0.0000000000
53876  36.673  -50.783  84.675 0.0000000000
52716  35.742  -51.245  84.316 0.0000000000
52702  34.499  -51.993  84.607 0.0000000000
52718  33.768  -51.850  84.170 0.0000000000
52719  32.746  -52.086  84.035 0.0000000000
52720  32.219  -52.261  83.921 0.0000000000
51558  31.867  -52.487  83.920 0.0000000000
51561  29.856  -53.234  82.781 0.0000000000
46598  33.359  -56.004  89.255 0.0000000000
45450  33.362  -56.197  88.260 0.0000000000
45469  32.797  -56.347  87.782 0.0000000000
46637  32.509  -56.293  87.330 0.0000000000
47876  31.932  -55.712  86.304 0.0000000000
45487  29.945  -56.472  85.811 0.0000000000
45486  30.616  -56.380  86.184 0.0000000000
46671  31.285  -55.895  86.021 0.0000000000
47900  31.255  -55.173  85.187 0.0000000000
49149  30.648  -54.646  84.222 0.0000000000
49153  30.103  -54.615  83.700 0.0000000000
50373  29.426  -53.851  82.732 0.0000000000
50381  28.303  -53.850  81.671 0.0000000000
49175  27.348  -54.632  81.019 0.0000000000
48008  25.645  -55.024  79.786 0.0000000000
48028  23.047  -55.556  78.425 0.0000000000
48011  22.575  -55.386  79.286 0.0000000000
79761  48.413  -29.732  70.812 0.0000000000
80935  48.248  -29.244  70.211 0.0000000000
79775  47.840  -29.447  70.274 0.0000000000
80946  46.856  -29.193  69.327 0.0000000000
80965  46.466  -28.958  68.064 0.0000000000
79794  45.986  -29.456  69.151 0.0000000000
80957  45.808  -29.105  68.335 0.0000000000
79832  45.807  -29.438  66.688 0.0000000000
78601  43.962  -30.319  69.372 0.0000000000
78605  43.708  -29.879  68.593 0.0000000000
78616  43.357  -29.797  67.632 0.0000000000
78638  42.520  -30.821  66.541 0.0000000000
77456  43.037  -31.183  65.906 0.0000000000
78655  43.775  -31.093  65.687 0.0000000000
76247  39.821  -32.618  69.796 0.0000000000
76268  40.084  -32.116  68.771 0.0000000000
75036  39.838  -33.519  66.980 0.0000000000
49002  24.790  -55.623  94.654 0.0000000000
46502  24.107  -56.136  95.192 0.0000000000
45316  23.814  -56.394  95.294 0.0000000000
45317  23.436  -56.637  95.465 0.0000000000
45303  21.819  -57.290  96.313 0.0000000000
44148  21.775  -57.851  95.693 0.0000000000
44168  21.435  -58.068  94.856 0.0000000000
44177  21.010  -58.654  94.144 0.0000000000
40461  20.410  -61.051  91.448 0.0000000000
39159  20.261  -61.702  90.750 0.0000000000
37929  20.103  -62.222  90.245 0.0000000000
41726  19.082  -59.356  95.363 0.0000000000
40426  19.218  -60.157  94.541 0.0000000000
39130  19.187  -60.540  93.557 0.0000000000
39136  19.384  -60.693  93.032 0.0000000000
39150  19.036  -61.380  91.662 0.0000000000
39142  19.432  -61.058  92.236 0.0000000000
37917  19.412  -61.860  90.958 0.0000000000
37930  19.652  -62.271  90.309 0.0000000000
37946  19.925  -62.525  89.689 0.0000000000
37963  19.849  -62.748  88.893 0.0000000000
37964  19.443  -62.998  88.604 0.0000000000
37979  19.258  -63.336  87.791 0.0000000000
39212  18.586  -62.777  87.456 0.0000000000
79767  57.937  -29.007  69.966 0.0000000000
79752  58.056  -28.658  70.970 0.0000000000
79740  54.508  -29.570  71.307 0.0000000000
79741  53.582  -29.577  71.345 0.0000000000
81980  56.635  -27.090  75.507 0.0000000000
80858  56.432  -27.818  74.788 0.0000000000
79706  55.602  -29.221  73.673 0.0000000000
79692  55.610  -28.638  74.913 0.0000000000
78558  54.675  -29.781  72.448 0.0000000000
79742  52.463  -29.558  71.430 0.0000000000
79743  51.251  -29.597  71.537 0.0000000000
78580  50.659  -30.443  72.207 0.0000000000
78581  49.561  -30.867  72.118 0.0000000000
79649  54.058  -29.307  78.013 0.0000000000
77333  52.942  -31.163  75.282 0.0000000000
77349  52.336  -31.393  74.786 0.0000000000
77335  51.936  -31.260  75.156 0.0000000000
77365  51.244  -31.724  73.894 0.0000000000
77381  50.392  -31.537  73.107 0.0000000000
77397  48.076  -31.757  71.988 0.0000000000
76206  48.784  -32.108  72.986 0.0000000000
76224  48.214  -32.108  72.583 0.0000000000
77398  47.151  -31.738  71.778 0.0000000000
77399  46.227  -31.594  71.328 0.0000000000
76226  46.623  -32.025  72.159 0.0000000000
80845  49.227  -28.797  75.542 0.0000000000
79682  48.767  -29.515  75.054 0.0000000000
79695  48.429  -30.255  74.719 0.0000000000
79683  47.748  -29.474  75.401 0.0000000000
79696  47.512  -30.313  74.663 0.0000000000
77354  47.805  -31.720  73.982 0.0000000000
77368  47.417  -31.859  73.673 0.0000000000
76227  45.583  -32.056  71.960 0.0000000000
76228  44.470  -32.214  71.862 0.0000000000
76229  43.365  -32.341  71.727 0.0000000000
77371  44.920  -31.961  73.655 0.0000000000
76213  41.905  -32.975  72.072 0.0000000000
78465  49.093  -30.837  79.897 0.0000000000
79619  48.906  -30.365  79.541 0.0000000000
78477  47.588  -30.616  78.152 0.0000000000
74887  48.427  -33.156  80.128 0.0000000000
76098  47.366  -32.610  79.005 0.0000000000
76099  46.790  -33.098  78.760 0.0000000000
76116  47.071  -32.129  78.526 0.0000000000
77286  46.938  -31.786  78.206 0.0000000000
77304  46.414  -31.434  77.709 0.0000000000
77320  45.157  -31.620  76.744 0.0000000000
77321  44.668  -31.635  76.257 0.0000000000
76162  43.576  -32.956  75.540 0.0000000000
76177  43.496  -32.741  74.656 0.0000000000
74972  42.275  -33.186  73.206 0.0000000000
74985  41.260  -33.190  72.116 0.0000000000
74974  40.661  -33.612  72.597 0.0000000000
74975  39.994  -33.714  72.163 0.0000000000
72714  42.262  -35.267  76.550 0.0000000000
72730  41.550  -35.202  76.037 0.0000000000
72731  40.602  -35.628  75.647 0.0000000000
72716  40.828  -36.182  76.315 0.0000000000
72742  38.635  -35.569  73.447 0.0000000000
67750  47.065  -39.690  85.825 0.0000000000
65217  45.254  -42.371  82.808 0.0000000000
65208  45.128  -41.742  83.227 0.0000000000
66525  45.716  -41.323  83.925 0.0000000000
67751  46.616  -39.361  85.635 0.0000000000
68965  46.218  -38.618  85.657 0.0000000000
70250  45.915  -37.825  85.511 0.0000000000
70271  45.603  -37.367  84.850 0.0000000000
68983  44.088  -38.440  84.251 0.0000000000
68995  44.363  -37.808  84.106 0.0000000000
70272  44.972  -37.421  84.234 0.0000000000
70315  44.776  -37.212  81.502 0.0000000000
70316  43.975  -37.458  81.122 0.0000000000
69022  42.568  -38.016  81.558 0.0000000000
69035  42.364  -37.943  80.666 0.0000000000
69052  42.236  -37.949  79.848 0.0000000000
69053  41.498  -38.078  79.279 0.0000000000
69068  40.862  -38.070  78.638 0.0000000000
69069  40.192  -38.265  78.231 0.0000000000
66544  40.266  -40.253  80.789 0.0000000000
67787  39.599  -39.879  79.858 0.0000000000
66563  38.757  -40.810  78.699 0.0000000000
69055  39.833  -38.721  78.946 0.0000000000
69070  39.536  -38.817  78.430 0.0000000000
69085  39.401  -38.485  77.417 0.0000000000
69105  38.588  -38.570  76.471 0.0000000000
69124  37.661  -38.580  75.554 0.0000000000
67841  37.104  -40.000  76.141 0.0000000000
62751  36.414  -43.590  72.845 0.0000000000
62763  37.685  -43.964  71.680 0.0000000000
60270  40.221  -45.304  75.153 0.0000000000
59123  39.251  -45.433  74.063 0.0000000000
59162  37.987  -45.601  71.893 0.0000000000
60309  37.854  -45.751  71.441 0.0000000000
57847  35.709  -47.301  74.333 0.0000000000
55177  36.559  -49.533  83.349 0.0000000000
56435  37.140  -48.617  83.010 0.0000000000
57699  35.966  -47.653  80.985 0.0000000000
53901  34.269  -50.736  82.884 0.0000000000
53912  34.603  -50.193  82.466 0.0000000000
55194  34.930  -49.702  82.140 0.0000000000
55209  33.720  -49.542  81.469 0.0000000000
55208  34.604  -49.245  81.649 0.0000000000
56490  35.024  -47.882  80.611 0.0000000000
57731  34.777  -47.533  79.570 0.0000000000
59075  32.938  -46.933  77.046 0.0000000000
52769  29.376  -51.622  81.191 0.0000000000
53928  29.859  -51.118  81.205 0.0000000000
53945  28.913  -51.004  80.285 0.0000000000
53944  29.661  -50.655  80.503 0.0000000000
55265  30.305  -49.246  79.211 0.0000000000
55281  28.196  -49.395  77.842 0.0000000000
57777  30.709  -47.762  77.505 0.0000000000
57791  31.010  -47.155  76.962 0.0000000000
59108  31.306  -46.298  75.228 0.0000000000
78650  55.564  -31.370  65.488 0.0000000000
78651  54.842  -31.750  65.652 0.0000000000
76294  56.223  -32.923  64.730 0.0000000000
75039  56.014  -33.386  64.648 0.0000000000
73968  55.919  -34.031  64.137 0.0000000000
72814  53.101  -35.113  64.987 0.0000000000
80945  47.932  -28.988  69.545 0.0000000000
79830  47.725  -30.096  66.709 0.0000000000
78634  47.123  -30.636  66.167 0.0000000000
37945  20.187  -62.358  89.773 0.0000000000
39131  18.961  -60.481  93.473 0.0000000000
39137  19.064  -60.596  93.174 0.0000000000
39149  19.610  -61.493  91.543 0.0000000000
39161  18.355  -61.556  90.436 0.0000000000
40425  19.656  -60.252  94.710 0.0000000000
41723  20.524  -59.198  95.873 0.0000000000
41823  20.250  -61.097  86.818 0.0000000000
44160  21.605  -57.986  95.201 0.0000000000
44172  27.811  -57.213  92.268 0.0000000000
44221  25.067  -57.644  90.663 0.0000000000
44271  18.983  -57.701  84.559 0.0000000000
45331  25.541  -56.464  93.712 0.0000000000
45381  29.462  -56.779  91.607 0.0000000000
45427  33.715  -56.013  88.644 0.0000000000
45498  18.959  -57.209  84.501 0.0000000000
46580  35.174  -55.109  89.718 0.0000000000
46595  35.547  -55.063  89.400 0.0000000000
46636  33.054  -56.157  87.557 0.0000000000
46817  23.868  -56.115  76.173 0.0000000000
47774  24.685  -55.515  94.885 0.0000000000
47831  35.524  -54.784  89.966 0.0000000000
47839  36.412  -54.572  88.852 0.0000000000
47861  33.699  -55.739  87.449 0.0000000000
49056  37.808  -53.079  90.143 0.0000000000
49059  35.446  -54.203  90.715 0.0000000000
49075  38.316  -52.660  90.065 0.0000000000
49089  38.307  -52.786  89.596 0.0000000000
49195  21.731  -55.343  80.547 0.0000000000
50227  38.600  -52.258  90.026 0.0000000000
50247  39.305  -52.110  89.210 0.0000000000
50286  39.781  -52.154  88.947 0.0000000000
51423  38.723  -51.937  90.155 0.0000000000
51425  37.594  -52.380  90.657 0.0000000000
51470  39.714  -51.905  88.758 0.0000000000
51488  38.861  -52.204  87.911 0.0000000000
55128  44.448  -48.468  85.656 0.0000000000
55207  35.211  -49.157  81.924 0.0000000000
55245  37.997  -48.941  78.948 0.0000000000
55264  38.063  -48.841  78.454 0.0000000000
56408  44.406  -48.178  84.766 0.0000000000
56410  40.158  -48.613  84.245 0.0000000000
56487  38.769  -48.601  80.367 0.0000000000
56494  31.735  -49.297  80.024 0.0000000000
56507  38.575  -48.720  78.735 0.0000000000
56527  38.836  -48.000  78.337 0.0000000000
56531  36.418  -48.119  78.194 0.0000000000
56572  26.952  -49.221  76.461 0.0000000000
56605  34.293  -47.630  74.628 0.0000000000
57829  36.669  -47.187  75.269 0.0000000000
57832  34.819  -47.638  74.421 0.0000000000
58933  45.750  -46.351  85.385 0.0000000000
58971  45.402  -46.291  84.189 0.0000000000
58994  44.651  -46.240  83.446 0.0000000000
58996  43.398  -46.632  82.668 0.0000000000
60310  37.376  -45.887  71.609 0.0000000000
61424  41.626  -44.808  77.187 0.0000000000
61425  41.306  -44.603  76.644 0.0000000000
62589  46.179  -43.634  83.393 0.0000000000
62719  40.211  -44.069  75.324 0.0000000000
64017  35.622  -41.832  74.616 0.0000000000
65271  39.853  -42.021  79.166 0.0000000000
65309  37.430  -41.093  76.913 0.0000000000
65324  36.589  -41.181  75.827 0.0000000000
66550  39.798  -40.403  80.236 0.0000000000
66562  38.942  -40.330  78.930 0.0000000000
66575  38.699  -39.913  78.436 0.0000000000
66617  36.146  -40.440  75.316 0.0000000000
66630  35.462  -40.549  74.651 0.0000000000
67756  46.723  -40.058  85.364 0.0000000000
67797  39.865  -38.944  79.418 0.0000000000
67824  38.856  -39.032  77.586 0.0000000000
67857  36.851  -39.604  75.558 0.0000000000
69084  40.025  -38.033  77.605 0.0000000000
69106  37.990  -38.958  76.271 0.0000000000
70283  46.323  -36.795  83.593 0.0000000000
70299  45.668  -37.040  82.820 0.0000000000
70374  42.315  -37.258  78.244 0.0000000000
71463  46.513  -37.023  85.493 0.0000000000
71496  48.982  -35.356  83.647 0.0000000000
71500  46.241  -36.742  84.225 0.0000000000
71521  46.018  -36.684  81.257 0.0000000000
71578  42.568  -36.588  77.663 0.0000000000
71610  39.863  -36.584  75.876 0.0000000000
71619  39.476  -36.279  75.236 0.0000000000
72679  43.568  -36.099  77.891 0.0000000000
72695  43.817  -35.206  77.536 0.0000000000
72815  52.272  -35.224  65.139 0.0000000000
73814  42.665  -34.816  76.504 0.0000000000
73847  42.331  -34.087  75.367 0.0000000000
73850  40.278  -34.795  74.435 0.0000000000
73876  39.809  -34.248  72.812 0.0000000000
73927  53.442  -34.185  65.861 0.0000000000
73958  55.858  -33.959  64.367 0.0000000000
74898  46.406  -33.595  78.690 0.0000000000
74924  43.752  -33.620  76.477 0.0000000000
74946  41.951  -33.722  74.440 0.0000000000
75018  38.965  -33.289  68.336 0.0000000000
75021  39.871  -32.993  67.190 0.0000000000
75050  42.912  -33.307  65.823 0.0000000000
75058  55.787  -33.775  64.598 0.0000000000
76172  49.852  -31.981  73.959 0.0000000000
76175  47.789  -31.938  73.627 0.0000000000
76186  50.640  -31.847  73.827 0.0000000000
76187  50.131  -31.906  73.714 0.0000000000
76205  49.339  -31.964  73.165 0.0000000000
76225  47.537  -32.093  72.389 0.0000000000
76259  40.854  -32.056  69.995 0.0000000000
76261  39.773  -32.472  69.207 0.0000000000
76271  52.391  -32.319  66.965 0.0000000000
76281  51.845  -33.005  66.913 0.0000000000
76287  41.657  -32.558  66.233 0.0000000000
76296  54.785  -32.987  65.541 0.0000000000
77334  52.657  -31.176  75.273 0.0000000000
77348  52.921  -31.263  75.039 0.0000000000
77369  46.751  -31.838  73.629 0.0000000000
77450  52.849  -32.103  66.781 0.0000000000
78500  52.875  -30.298  76.207 0.0000000000
78516  49.639  -30.541  74.856 0.0000000000
78518  45.390  -30.583  75.200 0.0000000000
78533  47.293  -31.065  74.317 0.0000000000
78563  49.727  -31.282  72.506 0.0000000000
78582  48.389  -30.777  71.530 0.0000000000
78583  47.481  -31.223  71.442 0.0000000000
78595  45.943  -30.816  70.466 0.0000000000
78604  44.364  -29.880  69.082 0.0000000000
78607  42.207  -30.600  67.916 0.0000000000
78613  50.912  -30.982  67.490 0.0000000000
78614  50.022  -30.850  67.296 0.0000000000
78637  43.703  -30.099  66.450 0.0000000000
78652  46.492  -30.905  65.831 0.0000000000
79664  53.041  -29.880  76.679 0.0000000000
79691  56.132  -28.336  74.589 0.0000000000
79776  47.189  -29.520  70.006 0.0000000000
79777  46.327  -29.737  69.716 0.0000000000
79814  45.508  -29.049  67.757 0.0000000000
79815  44.451  -29.356  67.494 0.0000000000
79816  43.882  -29.582  67.249 0.0000000000
80830  51.100  -28.340  76.195 0.0000000000
80847  48.031  -29.224  75.653 0.0000000000
80952  50.071  -29.242  68.449 0.0000000000
80956  46.264  -29.138  68.701 0.0000000000
80963  47.932  -29.202  67.607 0.0000000000
80966  46.001  -29.010  68.208 0.0000000000
81969  50.492  -27.740  77.247 0.0000000000
81991  57.297  -27.016  74.505 0.0000000000
81992  56.829  -27.081  74.958 0.0000000000
