#!ascii label  , from subject tim vox2ras=TkReg
1011
58742  12.357  -47.447  99.228 0.0000000000
57633  10.526  -47.634  85.705 0.0000000000
48966  6.796  -52.330  99.654 0.0000000000
57450  3.858  -46.903  96.994 0.0000000000
65109  6.842  -41.799  91.168 0.0000000000
53646  9.214  -50.385  101.834 0.0000000000
57391  6.512  -47.435  101.425 0.0000000000
54921  15.052  -47.964  98.997 0.0000000000
50130  11.967  -51.190  99.843 0.0000000000
46469  8.655  -54.524  97.775 0.0000000000
66343  4.799  -40.615  99.522 0.0000000000
62490  4.283  -44.038  92.958 0.0000000000
67619  7.351  -38.933  97.277 0.0000000000
50179  5.532  -53.949  95.018 0.0000000000
53702  7.758  -50.540  96.189 0.0000000000
53668  5.028  -49.627  99.070 0.0000000000
62382  4.901  -43.549  100.560 0.0000000000
57503  7.534  -46.906  92.217 0.0000000000
58932  5.298  -45.845  86.913 0.0000000000
62567  4.576  -43.180  83.743 0.0000000000
66504  10.579  -40.680  87.251 0.0000000000
56183  10.339  -49.093  101.078 0.0000000000
57414  8.823  -47.883  100.413 0.0000000000
57409  13.945  -47.039  100.015 0.0000000000
52506  12.932  -50.538  99.395 0.0000000000
54914  11.698  -49.617  100.435 0.0000000000
52502  10.502  -51.222  101.149 0.0000000000
66353  6.109  -40.030  98.429 0.0000000000
48975  6.668  -53.314  97.420 0.0000000000
51368  6.887  -51.864  98.065 0.0000000000
51359  6.222  -51.099  99.392 0.0000000000
61168  6.796  -44.136  100.325 0.0000000000
59955  5.830  -45.276  100.664 0.0000000000
47728  7.681  -53.544  99.511 0.0000000000
46498  7.503  -54.968  96.802 0.0000000000
46484  6.506  -53.989  97.350 0.0000000000
47771  5.385  -54.598  95.041 0.0000000000
54974  5.371  -48.940  96.830 0.0000000000
56262  7.726  -48.257  94.352 0.0000000000
55013  5.142  -47.639  94.579 0.0000000000
63762  4.778  -42.937  91.907 0.0000000000
60067  4.144  -45.074  90.024 0.0000000000
62516  4.422  -43.731  88.835 0.0000000000
61317  4.362  -44.539  85.508 0.0000000000
63803  5.750  -42.859  87.715 0.0000000000
50127  7.700  -51.556  101.166 0.0000000000
53655  6.285  -49.965  101.270 0.0000000000
54909  7.269  -49.328  102.339 0.0000000000
58726  7.390  -46.632  100.677 0.0000000000
54946  15.888  -47.714  97.968 0.0000000000
54970  14.593  -48.599  96.531 0.0000000000
52513  14.359  -49.873  97.454 0.0000000000
51362  12.755  -51.245  98.088 0.0000000000
48964  9.793  -53.073  99.521 0.0000000000
48951  8.912  -52.619  100.654 0.0000000000
62438  4.063  -44.328  97.965 0.0000000000
61240  4.083  -45.227  95.203 0.0000000000
65045  4.894  -42.440  96.796 0.0000000000
65061  5.553  -41.939  95.613 0.0000000000
66432  7.208  -41.223  94.025 0.0000000000
61197  14.013  -46.119  98.432 0.0000000000
57459  19.120  -45.794  96.235 0.0000000000
57435  20.472  -45.833  98.043 0.0000000000
58736  17.479  -45.772  99.550 0.0000000000
59971  15.621  -46.231  99.362 0.0000000000
51404  4.838  -53.887  93.380 0.0000000000
51402  5.879  -52.709  93.011 0.0000000000
51382  6.473  -53.054  95.614 0.0000000000
53688  5.598  -50.011  97.972 0.0000000000
56222  4.288  -47.949  98.330 0.0000000000
54919  5.560  -49.070  100.344 0.0000000000
57415  4.455  -47.073  99.340 0.0000000000
59986  3.945  -45.492  99.113 0.0000000000
65001  4.562  -41.594  100.245 0.0000000000
52597  7.651  -51.232  92.529 0.0000000000
55041  9.455  -49.128  91.737 0.0000000000
57562  9.635  -46.809  88.955 0.0000000000
56317  4.632  -46.284  92.291 0.0000000000
57583  6.716  -46.619  89.529 0.0000000000
58929  7.782  -45.910  86.268 0.0000000000
57654  6.470  -45.753  84.014 0.0000000000
59028  5.178  -45.640  82.302 0.0000000000
68870  8.479  -37.834  95.006 0.0000000000
66445  9.719  -40.495  91.916 0.0000000000
68907  10.692  -38.645  90.643 0.0000000000
65159  8.513  -41.709  88.503 0.0000000000
63826  7.690  -42.343  86.205 0.0000000000
57411  11.499  -48.029  99.622 0.0000000000
57412  10.633  -48.227  99.960 0.0000000000
58758  11.909  -47.335  99.072 0.0000000000
58741  12.887  -47.303  99.340 0.0000000000
56180  12.475  -48.698  99.947 0.0000000000
57397  11.849  -48.299  99.758 0.0000000000
54915  10.986  -49.838  101.029 0.0000000000
57653  10.694  -47.889  84.946 0.0000000000
58965  9.937  -46.557  84.541 0.0000000000
48971  6.783  -52.845  98.409 0.0000000000
50144  6.473  -52.011  98.992 0.0000000000
50141  6.478  -51.726  99.513 0.0000000000
56248  15.743  -47.428  95.534 0.0000000000
47729  7.189  -53.042  99.520 0.0000000000
46473  7.080  -53.833  98.643 0.0000000000
47736  6.799  -53.128  98.617 0.0000000000
47744  6.697  -53.559  97.850 0.0000000000
54976  4.376  -47.744  96.745 0.0000000000
55003  5.307  -47.998  95.154 0.0000000000
56250  4.388  -47.433  95.546 0.0000000000
65101  5.334  -42.498  91.452 0.0000000000
63782  4.352  -43.433  90.214 0.0000000000
65125  5.337  -42.743  89.425 0.0000000000
62525  4.601  -43.757  88.052 0.0000000000
65143  5.879  -42.528  88.656 0.0000000000
51336  8.289  -51.163  101.715 0.0000000000
52497  7.477  -50.618  102.056 0.0000000000
54908  7.996  -49.520  102.176 0.0000000000
57401  8.265  -47.737  101.024 0.0000000000
59975  7.462  -45.112  99.703 0.0000000000
54926  15.778  -47.326  98.865 0.0000000000
54936  15.289  -48.416  98.132 0.0000000000
53662  14.718  -49.047  98.286 0.0000000000
51349  12.160  -51.141  99.681 0.0000000000
51353  12.912  -50.977  98.878 0.0000000000
50145  12.160  -51.603  98.591 0.0000000000
48962  10.791  -52.089  99.700 0.0000000000
52494  9.481  -50.977  101.512 0.0000000000
51343  9.875  -51.788  101.161 0.0000000000
51335  8.884  -51.372  101.483 0.0000000000
50126  8.161  -51.780  101.140 0.0000000000
63697  4.372  -42.680  98.875 0.0000000000
63720  4.242  -43.733  97.625 0.0000000000
65031  4.822  -42.234  97.851 0.0000000000
66366  6.557  -39.905  97.924 0.0000000000
66367  6.114  -40.817  97.495 0.0000000000
66385  6.512  -41.090  96.150 0.0000000000
66423  6.728  -41.378  94.640 0.0000000000
66403  7.818  -39.851  95.985 0.0000000000
57424  17.440  -46.257  99.256 0.0000000000
51392  5.204  -53.960  94.115 0.0000000000
51391  5.544  -53.639  94.523 0.0000000000
51383  6.152  -53.581  95.655 0.0000000000
52522  5.816  -50.510  98.849 0.0000000000
52527  6.512  -50.931  98.197 0.0000000000
53675  5.388  -49.943  98.443 0.0000000000
53689  5.038  -49.249  98.020 0.0000000000
54937  4.597  -49.080  98.835 0.0000000000
56176  6.333  -48.356  101.648 0.0000000000
54918  6.097  -49.426  100.888 0.0000000000
56177  5.881  -48.299  101.108 0.0000000000
61166  5.072  -44.359  100.526 0.0000000000
58721  5.214  -46.400  100.136 0.0000000000
59960  4.629  -45.346  99.780 0.0000000000
58748  3.994  -46.090  99.182 0.0000000000
61183  4.288  -44.698  99.572 0.0000000000
62408  4.242  -43.925  99.531 0.0000000000
64994  4.718  -42.280  100.606 0.0000000000
52535  13.801  -49.740  96.575 0.0000000000
53716  13.756  -49.185  95.744 0.0000000000
47756  9.064  -54.583  96.984 0.0000000000
47780  8.599  -55.292  95.662 0.0000000000
46496  8.235  -55.089  96.540 0.0000000000
45315  6.839  -55.350  95.926 0.0000000000
45328  7.125  -55.518  95.678 0.0000000000
50168  5.491  -54.160  95.071 0.0000000000
50180  5.171  -54.220  94.408 0.0000000000
52566  7.314  -51.897  94.238 0.0000000000
52580  7.087  -51.753  93.048 0.0000000000
52565  8.203  -51.008  94.488 0.0000000000
56277  8.170  -47.619  93.477 0.0000000000
55011  9.192  -48.939  93.101 0.0000000000
57501  9.124  -47.539  92.259 0.0000000000
56331  9.910  -48.143  90.206 0.0000000000
57539  8.269  -46.838  90.620 0.0000000000
62484  4.238  -44.704  94.617 0.0000000000
58808  4.074  -45.919  93.799 0.0000000000
61263  4.059  -45.043  92.313 0.0000000000
58885  4.608  -45.593  88.791 0.0000000000
57566  5.102  -46.212  89.784 0.0000000000
58884  5.597  -46.372  88.314 0.0000000000
58882  6.957  -46.407  88.652 0.0000000000
58908  6.420  -46.328  87.428 0.0000000000
58948  7.202  -45.992  85.216 0.0000000000
58949  5.904  -45.953  85.640 0.0000000000
62552  4.362  -43.900  85.138 0.0000000000
60161  4.952  -45.557  83.797 0.0000000000
61348  3.976  -44.176  83.289 0.0000000000
70131  8.976  -37.452  93.713 0.0000000000
67668  9.779  -38.953  93.896 0.0000000000
68890  9.741  -37.949  92.687 0.0000000000
68961  11.041  -38.878  87.404 0.0000000000
67735  10.741  -40.023  88.266 0.0000000000
66467  10.233  -40.443  89.917 0.0000000000
65174  10.000  -41.085  87.917 0.0000000000
65176  8.492  -41.903  87.395 0.0000000000
65186  9.313  -41.758  86.677 0.0000000000
54906  9.908  -49.770  101.847 0.0000000000
56172  9.270  -49.228  101.670 0.0000000000
57399  10.087  -48.537  100.671 0.0000000000
57408  14.719  -47.128  99.833 0.0000000000
54922  14.103  -48.672  99.423 0.0000000000
54923  13.158  -48.799  100.000 0.0000000000
53651  12.486  -49.740  100.009 0.0000000000
52499  11.720  -50.838  100.309 0.0000000000
51341  10.818  -51.482  100.949 0.0000000000
53653  11.124  -50.428  100.891 0.0000000000
54905  10.566  -50.048  101.631 0.0000000000
68818  5.166  -38.544  100.094 0.0000000000
66354  5.339  -40.546  98.721 0.0000000000
68826  5.577  -38.460  99.385 0.0000000000
68833  5.950  -38.349  98.905 0.0000000000
70096  6.561  -37.053  97.703 0.0000000000
50167  6.212  -53.723  95.843 0.0000000000
50166  6.420  -53.009  96.508 0.0000000000
50148  6.824  -52.423  98.184 0.0000000000
51364  6.291  -51.314  98.955 0.0000000000
52517  5.464  -50.026  99.400 0.0000000000
59953  6.532  -45.339  100.593 0.0000000000
58719  6.188  -46.421  100.801 0.0000000000
61163  6.208  -44.166  100.706 0.0000000000
62377  5.945  -43.164  101.043 0.0000000000
63659  5.630  -42.318  101.312 0.0000000000
64986  5.353  -41.565  101.325 0.0000000000
46467  8.168  -53.958  98.962 0.0000000000
46481  7.941  -54.738  97.442 0.0000000000
46482  7.435  -54.556  97.621 0.0000000000
46499  6.751  -54.945  96.567 0.0000000000
46500  6.410  -54.341  96.634 0.0000000000
46514  5.645  -55.040  95.346 0.0000000000
47770  6.101  -54.272  95.873 0.0000000000
48987  6.258  -53.933  96.273 0.0000000000
54972  6.870  -49.664  96.497 0.0000000000
54985  8.142  -49.805  95.399 0.0000000000
54987  6.459  -49.041  95.702 0.0000000000
56264  6.095  -48.037  94.617 0.0000000000
56298  6.008  -47.105  93.266 0.0000000000
63763  4.473  -43.481  92.330 0.0000000000
61262  4.023  -44.654  91.778 0.0000000000
63771  4.401  -43.468  91.245 0.0000000000
61279  3.993  -44.556  89.723 0.0000000000
60096  4.133  -45.122  87.967 0.0000000000
60116  4.909  -45.493  86.360 0.0000000000
62535  4.365  -44.192  87.325 0.0000000000
62534  4.731  -43.699  87.002 0.0000000000
63829  5.168  -43.003  85.378 0.0000000000
67755  11.261  -39.425  86.072 0.0000000000
65193  10.136  -41.282  86.027 0.0000000000
66533  10.915  -40.948  84.573 0.0000000000
50128  7.172  -51.571  100.756 0.0000000000
50129  6.688  -51.364  100.429 0.0000000000
51346  7.300  -51.049  101.484 0.0000000000
53649  7.032  -50.072  102.314 0.0000000000
56175  6.882  -48.393  102.001 0.0000000000
56186  8.144  -48.236  101.671 0.0000000000
57402  7.575  -47.520  101.429 0.0000000000
58727  6.984  -46.528  100.919 0.0000000000
59959  6.845  -45.376  100.474 0.0000000000
56220  16.535  -47.136  97.830 0.0000000000
56240  15.724  -47.712  96.525 0.0000000000
54959  15.293  -48.326  97.258 0.0000000000
52509  13.683  -50.172  98.485 0.0000000000
51356  13.605  -50.454  97.672 0.0000000000
51365  13.047  -50.812  96.999 0.0000000000
47740  9.653  -54.035  97.825 0.0000000000
47731  9.513  -53.468  98.887 0.0000000000
50122  10.616  -51.734  100.908 0.0000000000
48957  9.503  -53.065  100.064 0.0000000000
47720  9.161  -53.409  99.897 0.0000000000
48959  8.540  -53.027  100.460 0.0000000000
48953  7.911  -52.130  100.770 0.0000000000
60007  3.943  -45.656  97.400 0.0000000000
58782  3.891  -46.244  96.368 0.0000000000
61221  4.102  -45.146  96.904 0.0000000000
62463  4.310  -44.050  95.753 0.0000000000
63751  4.652  -43.513  94.836 0.0000000000
65030  5.260  -41.655  97.648 0.0000000000
65044  5.335  -41.935  96.512 0.0000000000
65079  5.007  -42.824  94.047 0.0000000000
65078  5.704  -42.154  94.427 0.0000000000
65088  6.320  -41.977  93.275 0.0000000000
65099  6.975  -41.743  92.335 0.0000000000
59974  13.182  -46.976  99.244 0.0000000000
57460  17.649  -46.347  96.449 0.0000000000
56207  21.992  -46.318  97.510 0.0000000000
57434  21.425  -45.921  98.069 0.0000000000
57440  20.613  -46.009  97.035 0.0000000000
57441  19.370  -45.905  97.664 0.0000000000
57448  18.223  -46.237  97.222 0.0000000000
56219  17.266  -46.646  97.717 0.0000000000
56197  16.437  -46.790  98.948 0.0000000000
57406  16.508  -46.485  99.511 0.0000000000
59970  16.396  -45.893  99.434 0.0000000000
58738  15.638  -46.532  99.561 0.0000000000
58739  14.825  -46.805  99.764 0.0000000000
59981  14.402  -46.466  99.109 0.0000000000
51390  6.365  -52.696  94.310 0.0000000000
51372  7.472  -51.977  96.383 0.0000000000
51374  6.749  -52.921  96.887 0.0000000000
52526  6.991  -51.293  97.636 0.0000000000
53686  6.865  -50.683  97.351 0.0000000000
53705  5.771  -49.618  97.351 0.0000000000
54975  4.793  -48.523  97.138 0.0000000000
56231  4.207  -47.593  97.582 0.0000000000
52508  5.994  -50.414  100.189 0.0000000000
53660  5.478  -49.792  100.000 0.0000000000
53661  5.261  -49.360  99.766 0.0000000000
57393  5.590  -47.419  100.568 0.0000000000
56188  5.248  -48.201  99.914 0.0000000000
56199  4.558  -47.982  99.234 0.0000000000
56200  4.214  -47.426  98.956 0.0000000000
57438  4.103  -46.970  98.468 0.0000000000
58777  3.934  -46.275  97.942 0.0000000000
61207  4.015  -44.927  98.313 0.0000000000
63687  4.328  -42.691  99.335 0.0000000000
66339  4.657  -40.808  100.248 0.0000000000
66334  4.998  -40.979  101.030 0.0000000000
67573  4.634  -40.165  100.830 0.0000000000
67582  4.645  -39.988  100.329 0.0000000000
47791  8.433  -55.345  94.768 0.0000000000
46512  7.889  -55.495  96.049 0.0000000000
53738  8.844  -50.143  93.466 0.0000000000
53773  8.670  -50.248  91.738 0.0000000000
57582  9.982  -46.782  87.986 0.0000000000
57482  4.027  -46.444  94.427 0.0000000000
56300  4.715  -46.558  93.206 0.0000000000
56315  5.745  -46.710  92.405 0.0000000000
58839  4.245  -45.614  91.058 0.0000000000
57543  5.279  -46.398  90.647 0.0000000000
57541  6.640  -46.692  90.940 0.0000000000
58859  7.838  -46.418  89.332 0.0000000000
58880  9.114  -46.376  88.147 0.0000000000
58927  9.781  -46.545  86.134 0.0000000000
58947  8.339  -45.994  85.274 0.0000000000
58969  5.644  -45.680  84.769 0.0000000000
57695  5.881  -45.830  83.628 0.0000000000
71327  7.022  -36.693  96.533 0.0000000000
70120  7.624  -37.181  95.641 0.0000000000
68849  7.863  -38.517  96.380 0.0000000000
66420  8.706  -39.721  95.042 0.0000000000
65085  8.391  -41.008  93.225 0.0000000000
65107  8.435  -41.155  91.736 0.0000000000
67691  10.575  -39.387  91.322 0.0000000000
65120  9.344  -40.870  90.353 0.0000000000
65141  7.628  -41.757  89.306 0.0000000000
65161  6.791  -42.258  87.914 0.0000000000
63814  6.973  -42.472  86.985 0.0000000000
63840  5.828  -42.801  84.753 0.0000000000
63851  7.541  -42.708  84.300 0.0000000000
58743  11.329  -47.742  99.416 0.0000000000
58725  12.485  -47.671  99.417 0.0000000000
58724  12.864  -47.664  99.559 0.0000000000
57410  12.045  -47.812  99.433 0.0000000000
56390  10.505  -48.403  86.175 0.0000000000
58944  10.488  -47.406  85.165 0.0000000000
58945  10.220  -46.883  85.386 0.0000000000
48967  6.643  -52.509  99.101 0.0000000000
56239  16.581  -46.991  96.150 0.0000000000
56247  16.616  -46.884  95.617 0.0000000000
47730  6.815  -52.907  99.168 0.0000000000
56241  4.104  -47.374  96.870 0.0000000000
54991  4.341  -47.573  96.402 0.0000000000
57461  3.902  -46.735  96.202 0.0000000000
65110  6.009  -42.162  90.796 0.0000000000
65111  5.302  -42.550  90.357 0.0000000000
65124  5.985  -42.343  89.743 0.0000000000
52495  8.652  -50.863  101.781 0.0000000000
52496  7.995  -50.774  102.025 0.0000000000
53647  8.368  -50.302  102.079 0.0000000000
56190  15.584  -47.229  99.365 0.0000000000
54927  15.018  -48.100  98.814 0.0000000000
51354  12.430  -51.160  99.375 0.0000000000
50142  11.990  -51.435  99.289 0.0000000000
50143  11.486  -51.955  98.985 0.0000000000
48968  10.893  -52.233  99.365 0.0000000000
50138  11.119  -51.785  99.770 0.0000000000
65019  4.704  -41.820  98.784 0.0000000000
66355  4.932  -41.097  98.880 0.0000000000
67620  7.111  -39.100  97.655 0.0000000000
66384  7.209  -40.132  96.909 0.0000000000
66404  7.201  -40.785  95.606 0.0000000000
66383  7.557  -39.753  96.581 0.0000000000
50191  5.242  -54.066  94.524 0.0000000000
52523  5.442  -50.046  98.715 0.0000000000
53676  5.099  -49.608  98.685 0.0000000000
62379  5.254  -43.386  100.729 0.0000000000
61169  4.727  -44.457  100.236 0.0000000000
61170  4.591  -44.747  100.150 0.0000000000
62383  4.611  -43.686  100.287 0.0000000000
62393  4.379  -43.825  99.994 0.0000000000
63664  4.791  -42.890  100.553 0.0000000000
47741  8.881  -54.512  97.621 0.0000000000
47757  8.568  -54.763  97.078 0.0000000000
46479  8.672  -54.715  97.718 0.0000000000
46513  6.390  -55.262  95.661 0.0000000000
45329  6.603  -55.488  95.303 0.0000000000
52552  7.862  -51.449  95.424 0.0000000000
52551  8.289  -50.727  95.121 0.0000000000
56296  7.520  -47.187  92.976 0.0000000000
57491  8.807  -47.588  92.946 0.0000000000
57502  8.259  -47.144  92.533 0.0000000000
57517  8.777  -47.094  91.416 0.0000000000
57518  7.903  -46.848  91.521 0.0000000000
62491  4.220  -44.622  93.636 0.0000000000
61253  4.138  -45.078  93.321 0.0000000000
61252  4.145  -44.588  92.601 0.0000000000
58910  4.912  -45.953  88.056 0.0000000000
57605  5.033  -46.066  88.405 0.0000000000
58909  5.612  -46.268  87.659 0.0000000000
58931  5.956  -46.149  86.321 0.0000000000
62551  4.644  -43.339  84.752 0.0000000000
62568  4.390  -43.741  84.005 0.0000000000
71357  8.033  -36.440  93.368 0.0000000000
70144  8.535  -36.962  93.162 0.0000000000
68880  9.551  -38.010  93.522 0.0000000000
70143  9.180  -37.410  92.921 0.0000000000
66496  10.895  -40.083  87.535 0.0000000000
67734  11.000  -39.474  87.933 0.0000000000
66497  10.453  -40.540  88.094 0.0000000000
65175  9.308  -41.538  87.700 0.0000000000
65185  10.036  -41.222  86.983 0.0000000000
54917  10.220  -49.465  101.521 0.0000000000
56171  9.904  -49.316  101.509 0.0000000000
58744  10.335  -47.846  99.613 0.0000000000
57394  13.911  -47.374  100.081 0.0000000000
56178  14.133  -47.720  99.730 0.0000000000
54913  12.474  -49.276  100.076 0.0000000000
53652  11.795  -50.211  100.390 0.0000000000
53659  12.199  -50.306  100.060 0.0000000000
52500  11.254  -50.947  100.760 0.0000000000
56182  11.020  -49.114  100.649 0.0000000000
54916  10.532  -49.597  101.364 0.0000000000
53645  10.024  -50.425  101.638 0.0000000000
68827  5.317  -38.667  99.705 0.0000000000
70092  5.438  -37.237  99.063 0.0000000000
70091  5.843  -37.228  98.627 0.0000000000
70090  6.415  -37.433  98.209 0.0000000000
70097  6.180  -36.954  98.204 0.0000000000
50155  6.596  -53.192  96.903 0.0000000000
52516  5.813  -50.530  99.286 0.0000000000
52511  5.734  -50.351  99.692 0.0000000000
61162  6.495  -44.155  100.545 0.0000000000
62376  6.294  -43.111  100.994 0.0000000000
62378  5.607  -43.235  100.885 0.0000000000
63658  6.029  -42.237  101.461 0.0000000000
64985  5.724  -41.403  101.495 0.0000000000
46468  7.905  -53.821  99.225 0.0000000000
46471  8.011  -54.438  98.316 0.0000000000
46472  7.516  -54.041  98.705 0.0000000000
46483  6.796  -54.100  97.887 0.0000000000
47758  6.433  -54.069  97.014 0.0000000000
54973  6.043  -49.299  96.603 0.0000000000
54988  5.575  -48.757  95.893 0.0000000000
55014  4.891  -47.638  94.822 0.0000000000
56265  5.689  -47.995  94.810 0.0000000000
56280  5.570  -47.602  94.212 0.0000000000
56279  6.362  -47.649  93.906 0.0000000000
63755  4.731  -42.992  92.760 0.0000000000
63796  4.481  -43.478  89.453 0.0000000000
62517  4.094  -43.957  89.379 0.0000000000
61286  4.057  -44.600  88.661 0.0000000000
61293  4.131  -44.653  87.641 0.0000000000
62526  4.257  -44.183  88.327 0.0000000000
63804  5.102  -43.311  87.813 0.0000000000
62542  4.769  -43.560  85.859 0.0000000000
63816  5.359  -43.184  86.633 0.0000000000
68975  11.074  -38.767  86.511 0.0000000000
66511  11.123  -40.141  85.704 0.0000000000
67764  11.354  -39.437  85.085 0.0000000000
48954  7.576  -51.881  100.747 0.0000000000
53648  7.645  -50.159  102.253 0.0000000000
54910  6.628  -49.257  102.141 0.0000000000
56174  7.612  -48.479  102.016 0.0000000000
56185  8.833  -48.546  101.458 0.0000000000
59958  7.167  -45.376  100.156 0.0000000000
54958  15.834  -47.747  97.557 0.0000000000
53666  14.653  -49.352  97.794 0.0000000000
53673  14.575  -49.302  97.436 0.0000000000
53674  14.469  -49.814  97.403 0.0000000000
53657  13.626  -49.604  99.202 0.0000000000
54928  14.281  -49.000  99.086 0.0000000000
52505  13.556  -50.118  98.940 0.0000000000
51357  13.111  -50.935  98.019 0.0000000000
51361  13.309  -50.703  97.597 0.0000000000
51366  12.667  -51.233  97.384 0.0000000000
50164  11.597  -52.327  96.650 0.0000000000
48969  10.429  -52.731  99.029 0.0000000000
48970  10.066  -53.355  98.586 0.0000000000
50124  9.469  -52.284  100.829 0.0000000000
50134  9.520  -52.680  100.438 0.0000000000
48950  9.282  -52.794  100.446 0.0000000000
47719  9.384  -53.300  99.872 0.0000000000
48958  9.043  -53.140  100.314 0.0000000000
47721  8.677  -53.468  100.011 0.0000000000
48961  7.376  -52.354  100.291 0.0000000000
61214  4.083  -45.039  97.659 0.0000000000
62448  4.200  -44.515  97.237 0.0000000000
63719  4.528  -43.083  97.216 0.0000000000
63738  4.342  -43.915  96.731 0.0000000000
63737  4.509  -43.220  96.118 0.0000000000
66368  5.575  -41.171  97.811 0.0000000000
65043  5.872  -41.546  96.393 0.0000000000
65062  5.005  -42.520  95.459 0.0000000000
66422  7.052  -41.224  94.476 0.0000000000
65077  6.565  -41.557  94.380 0.0000000000
65087  7.131  -41.445  93.629 0.0000000000
61192  13.665  -46.440  98.742 0.0000000000
61198  13.157  -46.284  98.416 0.0000000000
57470  18.776  -45.783  95.519 0.0000000000
57421  20.739  -45.577  98.663 0.0000000000
56208  21.340  -46.042  97.785 0.0000000000
57442  18.152  -46.205  98.093 0.0000000000
56228  17.265  -46.612  97.351 0.0000000000
57405  17.126  -46.209  99.526 0.0000000000
57425  16.779  -46.470  99.394 0.0000000000
56189  16.268  -46.765  99.333 0.0000000000
61179  16.982  -45.271  99.277 0.0000000000
61196  14.769  -45.775  98.493 0.0000000000
61191  14.312  -46.283  98.735 0.0000000000
59982  13.723  -46.636  99.085 0.0000000000
51421  4.581  -53.733  92.564 0.0000000000
51403  5.364  -53.373  93.359 0.0000000000
51381  7.207  -52.349  95.526 0.0000000000
50154  6.863  -52.735  97.414 0.0000000000
52539  7.297  -51.395  97.001 0.0000000000
53687  6.330  -50.374  97.702 0.0000000000
53704  6.488  -49.977  97.132 0.0000000000
54948  4.620  -48.814  98.319 0.0000000000
54960  4.659  -48.613  97.797 0.0000000000
54949  4.416  -48.255  97.904 0.0000000000
54961  4.404  -48.045  97.395 0.0000000000
52504  6.327  -50.476  100.825 0.0000000000
51352  6.397  -50.935  100.338 0.0000000000
54912  5.950  -48.877  100.844 0.0000000000
53656  5.942  -49.890  100.604 0.0000000000
54924  5.367  -49.014  100.176 0.0000000000
58720  5.698  -46.391  100.608 0.0000000000
58728  5.014  -46.808  99.870 0.0000000000
57404  4.958  -47.316  99.775 0.0000000000
56193  4.925  -48.031  99.559 0.0000000000
59976  4.083  -45.351  99.321 0.0000000000
57427  4.040  -46.793  98.902 0.0000000000
58763  3.824  -46.034  99.033 0.0000000000
58771  3.865  -46.201  98.607 0.0000000000
59992  3.865  -45.527  98.722 0.0000000000
60000  3.933  -45.596  98.125 0.0000000000
61200  3.985  -44.829  98.845 0.0000000000
63678  4.326  -43.075  99.909 0.0000000000
63688  4.253  -43.227  99.419 0.0000000000
63677  4.367  -42.417  99.812 0.0000000000
66331  5.179  -40.917  101.256 0.0000000000
54982  15.104  -48.083  96.291 0.0000000000
46511  8.216  -55.485  95.939 0.0000000000
46497  7.887  -55.054  96.613 0.0000000000
45313  7.574  -55.190  96.425 0.0000000000
50225  3.997  -54.166  92.612 0.0000000000
52598  6.978  -51.775  92.043 0.0000000000
53756  8.179  -50.709  92.114 0.0000000000
54999  8.264  -49.221  94.861 0.0000000000
53727  8.669  -50.150  94.404 0.0000000000
55026  9.354  -49.090  92.512 0.0000000000
55027  9.086  -49.560  92.966 0.0000000000
55042  9.129  -49.695  92.152 0.0000000000
53791  8.600  -50.375  90.900 0.0000000000
55056  9.495  -49.105  90.800 0.0000000000
57537  9.794  -47.569  89.899 0.0000000000
56330  9.928  -47.756  89.702 0.0000000000
57561  9.877  -47.392  89.441 0.0000000000
57581  10.140  -47.444  88.604 0.0000000000
60019  3.990  -45.724  95.774 0.0000000000
58792  3.827  -46.167  95.535 0.0000000000
58799  3.833  -46.063  94.663 0.0000000000
57504  4.358  -46.133  92.646 0.0000000000
57492  4.261  -46.268  93.540 0.0000000000
56316  5.063  -46.539  92.226 0.0000000000
61271  3.966  -44.643  90.861 0.0000000000
61272  3.995  -44.963  91.483 0.0000000000
58861  4.344  -45.539  90.308 0.0000000000
57565  5.714  -46.457  89.874 0.0000000000
57564  6.344  -46.602  90.055 0.0000000000
57542  5.925  -46.562  90.753 0.0000000000
57563  6.932  -46.737  90.145 0.0000000000
58838  7.314  -46.779  90.118 0.0000000000
58860  7.230  -46.645  89.639 0.0000000000
58907  7.350  -46.125  87.372 0.0000000000
58881  8.066  -46.216  88.338 0.0000000000
58906  8.472  -45.958  87.268 0.0000000000
58905  9.566  -46.403  87.101 0.0000000000
58928  8.927  -46.007  86.222 0.0000000000
58946  9.368  -46.338  85.325 0.0000000000
57635  6.508  -45.891  84.790 0.0000000000
57675  6.595  -45.830  83.284 0.0000000000
60139  4.584  -45.068  85.917 0.0000000000
60138  5.146  -45.455  85.318 0.0000000000
60176  4.681  -45.431  82.865 0.0000000000
59013  5.561  -45.799  83.037 0.0000000000
59027  5.866  -45.894  81.865 0.0000000000
71349  7.383  -36.219  94.904 0.0000000000
70133  7.726  -37.054  94.949 0.0000000000
68860  8.144  -38.048  95.718 0.0000000000
66402  8.245  -39.608  95.706 0.0000000000
67660  8.747  -38.623  95.254 0.0000000000
67676  9.783  -39.543  93.473 0.0000000000
66429  9.405  -39.800  93.963 0.0000000000
66439  9.185  -40.736  92.634 0.0000000000
65097  8.509  -41.062  92.701 0.0000000000
66446  9.072  -40.933  91.861 0.0000000000
70170  10.424  -37.927  89.974 0.0000000000
70171  9.712  -37.313  90.288 0.0000000000
70160  10.267  -37.864  90.968 0.0000000000
68898  10.413  -38.591  91.592 0.0000000000
65139  9.523  -40.974  89.683 0.0000000000
66468  9.661  -40.751  90.206 0.0000000000
65140  8.575  -41.440  89.547 0.0000000000
65121  8.699  -41.118  90.662 0.0000000000
65160  7.606  -41.896  88.271 0.0000000000
65178  7.270  -42.254  87.350 0.0000000000
63827  6.839  -42.602  86.027 0.0000000000
63828  5.969  -42.816  85.787 0.0000000000
63839  6.714  -42.718  85.049 0.0000000000
65194  9.727  -41.806  85.749 0.0000000000
57398  10.882  -48.572  100.297 0.0000000000
58759  11.061  -47.364  99.061 0.0000000000
58740  13.716  -47.146  99.699 0.0000000000
57395  13.321  -47.777  99.703 0.0000000000
58723  13.104  -47.577  99.612 0.0000000000
57396  12.535  -48.185  99.694 0.0000000000
56181  11.721  -48.981  100.270 0.0000000000
58964  10.528  -47.234  84.643 0.0000000000
51355  6.255  -50.941  99.775 0.0000000000
47723  7.646  -53.066  100.048 0.0000000000
47734  7.247  -53.601  99.062 0.0000000000
47735  6.924  -53.462  98.767 0.0000000000
47743  6.795  -53.560  98.293 0.0000000000
54989  5.021  -48.313  96.137 0.0000000000
54990  4.552  -47.776  96.255 0.0000000000
55004  4.765  -47.760  95.465 0.0000000000
56266  4.506  -47.370  94.845 0.0000000000
63770  4.721  -42.895  90.837 0.0000000000
63781  4.777  -43.003  89.865 0.0000000000
63795  4.934  -43.270  88.885 0.0000000000
65144  5.373  -42.887  88.889 0.0000000000
51337  7.777  -51.068  101.758 0.0000000000
51338  7.450  -50.808  101.830 0.0000000000
58746  7.922  -46.835  99.942 0.0000000000
54935  15.831  -47.511  98.491 0.0000000000
54947  15.241  -48.494  97.634 0.0000000000
52510  13.160  -50.663  98.924 0.0000000000
51348  12.691  -50.985  99.265 0.0000000000
51358  12.622  -51.206  98.795 0.0000000000
48963  10.503  -52.326  99.847 0.0000000000
52493  10.213  -50.882  101.307 0.0000000000
51334  9.507  -51.472  101.333 0.0000000000
51344  9.290  -51.787  101.232 0.0000000000
50125  8.717  -51.905  101.157 0.0000000000
50120  8.202  -51.433  101.482 0.0000000000
63709  4.176  -43.528  98.363 0.0000000000
63708  4.446  -42.858  98.142 0.0000000000
66352  6.313  -39.763  98.294 0.0000000000
65060  6.110  -41.613  95.333 0.0000000000
66405  6.673  -41.319  95.085 0.0000000000
66421  7.932  -40.727  94.884 0.0000000000
57422  19.692  -45.599  98.840 0.0000000000
57437  17.917  -46.233  98.729 0.0000000000
58757  17.491  -46.012  99.514 0.0000000000
61181  15.649  -45.946  99.151 0.0000000000
52521  6.377  -51.025  98.605 0.0000000000
52528  5.904  -50.422  98.495 0.0000000000
56221  4.460  -48.612  98.609 0.0000000000
54911  6.306  -49.207  101.441 0.0000000000
56187  5.528  -48.279  100.492 0.0000000000
59956  5.361  -45.322  100.447 0.0000000000
59957  4.942  -45.302  100.148 0.0000000000
58722  5.160  -46.007  100.015 0.0000000000
58729  4.531  -46.288  99.487 0.0000000000
58747  4.239  -46.369  99.341 0.0000000000
58730  4.217  -45.961  99.350 0.0000000000
61194  4.103  -44.764  99.235 0.0000000000
65002  4.499  -42.267  100.243 0.0000000000
53715  14.043  -49.047  96.384 0.0000000000
52548  13.679  -49.575  96.142 0.0000000000
47769  8.615  -55.041  96.413 0.0000000000
45314  7.243  -55.285  96.268 0.0000000000
49000  5.780  -54.109  95.420 0.0000000000
49001  5.211  -54.350  94.623 0.0000000000
50192  4.759  -54.342  93.831 0.0000000000
52567  6.546  -52.219  93.429 0.0000000000
52579  7.838  -51.228  93.523 0.0000000000
56261  8.509  -48.457  94.055 0.0000000000
56276  9.036  -48.242  93.287 0.0000000000
56294  9.343  -48.094  92.586 0.0000000000
56293  9.483  -48.548  92.181 0.0000000000
56312  9.567  -48.422  91.373 0.0000000000
57516  9.447  -47.666  91.254 0.0000000000
57538  9.289  -47.105  90.131 0.0000000000
61246  4.116  -45.166  94.297 0.0000000000
60037  4.060  -45.570  94.035 0.0000000000
60045  4.126  -45.463  93.129 0.0000000000
58822  4.231  -45.713  92.156 0.0000000000
58886  4.434  -45.458  89.490 0.0000000000
57567  4.688  -45.824  89.726 0.0000000000
57587  4.697  -45.696  89.205 0.0000000000
57585  5.551  -46.332  88.948 0.0000000000
57584  6.204  -46.537  89.213 0.0000000000
58883  6.064  -46.480  88.350 0.0000000000
58930  6.738  -46.178  86.261 0.0000000000
57619  6.502  -46.062  85.486 0.0000000000
57636  6.100  -45.958  85.352 0.0000000000
60151  4.651  -45.125  84.721 0.0000000000
61334  4.279  -44.399  84.381 0.0000000000
60162  4.265  -44.987  83.619 0.0000000000
60177  3.956  -44.780  82.565 0.0000000000
71348  7.827  -36.408  94.049 0.0000000000
70132  8.250  -37.086  94.320 0.0000000000
68869  9.128  -38.062  94.444 0.0000000000
67667  10.029  -38.928  93.401 0.0000000000
66437  10.117  -39.645  92.550 0.0000000000
68933  10.865  -38.692  88.619 0.0000000000
68921  10.805  -38.711  89.580 0.0000000000
67706  10.748  -39.540  90.259 0.0000000000
66482  10.446  -40.405  88.881 0.0000000000
65157  10.064  -40.943  88.778 0.0000000000
65158  9.380  -41.379  88.706 0.0000000000
65187  8.814  -41.956  86.867 0.0000000000
63825  8.582  -42.123  86.503 0.0000000000
54907  8.870  -49.729  101.983 0.0000000000
56184  9.623  -48.854  101.238 0.0000000000
57400  9.255  -48.273  100.924 0.0000000000
58745  9.190  -47.694  99.727 0.0000000000
56191  14.693  -47.602  99.532 0.0000000000
56192  13.892  -48.235  99.625 0.0000000000
56179  13.337  -48.293  99.738 0.0000000000
53658  12.962  -49.832  99.689 0.0000000000
52507  12.254  -50.721  99.842 0.0000000000
51339  11.749  -51.160  100.070 0.0000000000
51350  11.567  -51.337  100.153 0.0000000000
50131  11.369  -51.494  100.098 0.0000000000
51340  11.344  -51.237  100.500 0.0000000000
52501  10.857  -51.095  101.009 0.0000000000
53643  10.802  -50.283  101.204 0.0000000000
52492  10.627  -50.862  101.139 0.0000000000
67594  4.728  -39.845  99.970 0.0000000000
66342  4.988  -40.237  99.304 0.0000000000
67593  5.033  -39.609  99.622 0.0000000000
67592  5.354  -39.167  99.448 0.0000000000
67607  5.695  -39.375  99.001 0.0000000000
70085  5.624  -37.724  99.161 0.0000000000
68832  6.482  -38.201  98.371 0.0000000000
68840  6.921  -37.963  97.862 0.0000000000
68839  7.281  -38.484  97.330 0.0000000000
51375  6.363  -53.336  96.126 0.0000000000
50147  6.902  -52.169  98.115 0.0000000000
51363  6.537  -51.545  98.573 0.0000000000
58718  6.606  -46.475  100.911 0.0000000000
59954  6.204  -45.303  100.664 0.0000000000
61164  5.880  -44.198  100.741 0.0000000000
61165  5.495  -44.264  100.656 0.0000000000
63663  5.059  -42.725  100.810 0.0000000000
63660  5.300  -42.474  101.072 0.0000000000
47733  8.714  -54.063  98.590 0.0000000000
46470  8.482  -54.479  98.109 0.0000000000
46466  8.454  -54.115  98.637 0.0000000000
54971  7.391  -50.030  96.411 0.0000000000
53718  8.129  -50.374  95.608 0.0000000000
54986  7.587  -49.598  95.817 0.0000000000
55000  7.236  -48.728  95.106 0.0000000000
55002  5.890  -48.385  95.203 0.0000000000
55001  6.469  -48.450  95.038 0.0000000000
56263  6.822  -48.126  94.478 0.0000000000
56278  7.193  -47.670  93.741 0.0000000000
56297  6.706  -47.199  93.143 0.0000000000
62497  4.148  -44.109  91.740 0.0000000000
62505  3.997  -43.978  90.520 0.0000000000
60081  4.153  -45.125  88.980 0.0000000000
60080  4.452  -45.457  88.226 0.0000000000
60095  4.621  -45.522  87.404 0.0000000000
60117  4.232  -45.168  86.951 0.0000000000
61300  4.291  -44.623  86.608 0.0000000000
62543  4.428  -44.085  86.250 0.0000000000
67747  11.110  -39.458  87.008 0.0000000000
66503  11.063  -40.132  86.650 0.0000000000
66512  10.633  -40.716  86.325 0.0000000000
66522  11.180  -40.218  84.751 0.0000000000
56376  10.309  -48.389  87.095 0.0000000000
50135  6.807  -51.839  100.152 0.0000000000
50140  6.625  -51.847  99.807 0.0000000000
51347  6.716  -51.025  100.935 0.0000000000
52503  6.675  -50.551  101.474 0.0000000000
52498  7.078  -50.553  101.922 0.0000000000
53650  6.534  -50.018  101.933 0.0000000000
57390  7.030  -47.452  101.603 0.0000000000
56173  8.426  -48.972  101.861 0.0000000000
56229  16.431  -47.161  97.131 0.0000000000
56230  15.570  -47.938  96.975 0.0000000000
54969  14.984  -48.471  96.908 0.0000000000
53700  14.711  -48.815  97.112 0.0000000000
53684  14.654  -48.995  97.247 0.0000000000
53701  14.374  -49.174  96.970 0.0000000000
52536  13.354  -50.450  96.653 0.0000000000
53663  14.166  -49.423  98.707 0.0000000000
53667  14.274  -49.728  98.198 0.0000000000
52515  13.318  -50.647  98.438 0.0000000000
52514  13.930  -50.211  97.934 0.0000000000
52520  13.682  -50.353  97.543 0.0000000000
52525  13.576  -50.391  97.236 0.0000000000
52537  12.918  -50.809  96.490 0.0000000000
50163  12.081  -51.733  97.195 0.0000000000
48974  10.354  -53.585  97.910 0.0000000000
47732  9.035  -54.053  98.452 0.0000000000
50139  10.686  -51.978  100.051 0.0000000000
48955  10.368  -52.290  100.184 0.0000000000
48956  10.088  -52.561  100.124 0.0000000000
50123  10.216  -51.991  100.894 0.0000000000
50133  9.899  -52.452  100.482 0.0000000000
48965  9.534  -53.219  99.759 0.0000000000
47725  9.339  -53.397  99.524 0.0000000000
47726  8.756  -53.687  99.203 0.0000000000
47727  8.237  -53.672  99.560 0.0000000000
47722  8.116  -53.367  100.127 0.0000000000
48952  8.395  -52.389  100.765 0.0000000000
48960  7.982  -52.806  100.512 0.0000000000
58779  3.859  -46.295  97.172 0.0000000000
60010  3.972  -45.708  96.608 0.0000000000
61233  4.126  -45.222  96.072 0.0000000000
62464  4.214  -44.634  96.380 0.0000000000
62476  4.227  -44.717  95.509 0.0000000000
62475  4.392  -44.255  94.960 0.0000000000
62483  4.364  -44.091  94.070 0.0000000000
65018  5.027  -41.478  98.412 0.0000000000
65029  5.618  -41.472  97.194 0.0000000000
63756  4.600  -43.395  93.457 0.0000000000
65090  4.859  -42.893  93.277 0.0000000000
65089  5.335  -42.539  92.878 0.0000000000
65100  6.106  -42.113  91.974 0.0000000000
59983  12.810  -46.863  98.916 0.0000000000
57447  19.761  -45.896  96.726 0.0000000000
57449  17.337  -46.540  97.090 0.0000000000
56196  17.099  -46.560  98.797 0.0000000000
56210  16.504  -47.013  98.393 0.0000000000
56198  15.843  -47.166  99.088 0.0000000000
59968  17.997  -45.204  99.721 0.0000000000
59969  17.278  -45.579  99.439 0.0000000000
58737  16.525  -46.206  99.548 0.0000000000
57407  15.637  -46.853  99.668 0.0000000000
59972  14.773  -46.487  99.349 0.0000000000
59973  13.794  -46.787  99.411 0.0000000000
51389  7.050  -52.297  94.765 0.0000000000
52553  7.377  -52.062  94.988 0.0000000000
52538  7.608  -51.324  96.358 0.0000000000
51367  6.989  -52.061  97.764 0.0000000000
51373  7.130  -52.372  96.777 0.0000000000
53703  7.212  -50.496  96.803 0.0000000000
53706  5.260  -49.252  97.529 0.0000000000
50136  6.513  -51.435  99.994 0.0000000000
53664  5.368  -49.984  100.216 0.0000000000
53665  5.255  -49.602  99.566 0.0000000000
57392  6.030  -47.412  101.079 0.0000000000
57403  5.222  -47.472  99.986 0.0000000000
54920  5.228  -48.672  99.853 0.0000000000
54925  5.006  -48.838  99.608 0.0000000000
54929  4.705  -48.974  99.263 0.0000000000
56211  4.437  -48.410  98.901 0.0000000000
56212  4.274  -47.616  98.902 0.0000000000
57416  3.999  -46.528  99.010 0.0000000000
57443  4.067  -46.999  97.760 0.0000000000
62428  4.050  -44.157  98.563 0.0000000000
62418  4.046  -43.853  98.789 0.0000000000
63698  4.190  -43.364  98.898 0.0000000000
65010  4.523  -41.791  99.578 0.0000000000
64989  4.966  -41.838  101.043 0.0000000000
64993  4.747  -41.599  100.678 0.0000000000
67569  4.846  -40.380  101.168 0.0000000000
66336  4.768  -40.881  100.738 0.0000000000
67581  4.792  -39.293  100.293 0.0000000000
59984  11.895  -47.028  98.832 0.0000000000
56249  15.083  -47.784  95.368 0.0000000000
54984  13.932  -48.823  95.168 0.0000000000
46480  8.348  -54.730  97.302 0.0000000000
46523  7.901  -55.681  95.514 0.0000000000
52581  6.373  -52.202  92.537 0.0000000000
52564  8.414  -50.503  94.798 0.0000000000
53728  8.427  -50.678  93.798 0.0000000000
53739  8.309  -50.720  93.009 0.0000000000
55012  8.938  -49.228  93.819 0.0000000000
53755  8.737  -50.197  92.586 0.0000000000
53774  8.190  -50.687  91.369 0.0000000000
57617  10.403  -47.533  86.672 0.0000000000
56267  4.077  -47.046  95.045 0.0000000000
56282  4.330  -46.861  94.172 0.0000000000
56281  4.871  -47.290  94.124 0.0000000000
56299  5.337  -46.915  93.271 0.0000000000
56314  6.359  -46.827  92.457 0.0000000000
56313  6.953  -46.915  92.372 0.0000000000
60058  4.114  -45.356  91.676 0.0000000000
57521  4.391  -46.012  91.748 0.0000000000
57544  4.602  -46.061  90.802 0.0000000000
56335  4.992  -46.393  91.341 0.0000000000
56334  5.513  -46.540  91.487 0.0000000000
56332  6.633  -46.756  91.797 0.0000000000
57519  7.156  -46.807  91.585 0.0000000000
57540  7.411  -46.793  90.696 0.0000000000
58858  8.787  -46.456  89.178 0.0000000000
57603  10.197  -46.952  87.231 0.0000000000
57634  10.286  -47.037  86.116 0.0000000000
58966  8.933  -46.239  84.412 0.0000000000
58950  5.619  -45.799  85.688 0.0000000000
57656  5.921  -45.781  84.979 0.0000000000
57677  5.897  -45.772  84.261 0.0000000000
60150  5.230  -45.554  84.508 0.0000000000
58992  5.567  -45.753  83.996 0.0000000000
57676  6.140  -45.790  83.775 0.0000000000
57693  6.528  -45.886  82.663 0.0000000000
71313  6.326  -36.592  97.590 0.0000000000
70108  6.986  -37.257  97.094 0.0000000000
68850  7.422  -37.998  96.843 0.0000000000
71339  7.157  -36.564  96.102 0.0000000000
68861  7.672  -37.768  96.225 0.0000000000
67634  7.925  -38.961  96.446 0.0000000000
67650  7.881  -39.441  96.288 0.0000000000
66419  9.299  -39.383  94.423 0.0000000000
66430  8.680  -40.720  93.686 0.0000000000
65086  8.009  -41.192  93.307 0.0000000000
65098  7.786  -41.408  92.522 0.0000000000
65108  7.708  -41.436  91.459 0.0000000000
67683  10.300  -39.243  92.167 0.0000000000
66444  10.223  -39.907  92.022 0.0000000000
66452  10.318  -40.206  91.084 0.0000000000
66454  8.933  -41.014  91.288 0.0000000000
65122  7.666  -41.521  90.366 0.0000000000
65123  6.790  -41.955  90.080 0.0000000000
65142  6.726  -42.048  89.005 0.0000000000
65162  6.163  -42.556  87.973 0.0000000000
65177  7.650  -42.083  87.501 0.0000000000
63815  6.192  -42.800  86.796 0.0000000000
63841  5.060  -42.884  84.336 0.0000000000
63836  9.247  -42.187  85.614 0.0000000000
63838  7.627  -42.560  85.274 0.0000000000
63852  6.583  -42.772  84.078 0.0000000000
63854  5.017  -42.875  83.459 0.0000000000
47724  9.513  -53.308  99.381 0.0000000000
47742  8.457  -54.808  97.598 0.0000000000
50119  8.490  -51.434  101.477 0.0000000000
50121  7.907  -51.393  101.470 0.0000000000
50132  10.622  -51.931  100.421 0.0000000000
50137  11.868  -51.325  99.759 0.0000000000
51333  10.038  -51.362  101.243 0.0000000000
51342  10.507  -51.580  101.073 0.0000000000
51345  7.690  -51.240  101.530 0.0000000000
51351  11.153  -51.428  100.495 0.0000000000
51360  13.835  -50.352  97.737 0.0000000000
51369  12.958  -50.827  96.728 0.0000000000
51380  7.610  -51.862  95.950 0.0000000000
52512  5.477  -50.006  99.695 0.0000000000
52518  14.395  -49.918  97.625 0.0000000000
53644  10.567  -50.430  101.364 0.0000000000
53654  10.790  -50.614  101.105 0.0000000000
53717  8.389  -50.122  95.082 0.0000000000
54904  10.706  -50.122  101.391 0.0000000000
56251  4.161  -47.265  96.076 0.0000000000
56275  9.324  -48.579  92.762 0.0000000000
56295  7.986  -47.252  93.054 0.0000000000
56333  6.132  -46.669  91.634 0.0000000000
57426  4.325  -47.351  99.154 0.0000000000
57473  3.864  -46.615  95.324 0.0000000000
57490  9.141  -47.818  92.815 0.0000000000
57500  9.535  -48.001  91.974 0.0000000000
57520  4.701  -46.262  91.663 0.0000000000
57545  4.346  -45.835  91.268 0.0000000000
57586  4.998  -45.968  88.887 0.0000000000
57604  5.257  -46.200  88.359 0.0000000000
57618  10.147  -46.818  86.660 0.0000000000
57620  6.276  -46.139  85.834 0.0000000000
57637  5.898  -45.868  85.382 0.0000000000
57655  6.128  -45.801  84.516 0.0000000000
57694  6.128  -45.899  83.078 0.0000000000
58815  4.175  -45.807  92.945 0.0000000000
58836  8.403  -46.669  89.887 0.0000000000
58837  7.730  -46.730  90.043 0.0000000000
58840  4.255  -45.680  91.562 0.0000000000
59961  4.360  -45.435  99.492 0.0000000000
60028  3.888  -45.652  94.919 0.0000000000
60053  4.142  -45.446  92.425 0.0000000000
60057  4.082  -45.198  90.882 0.0000000000
63667  4.540  -42.963  100.271 0.0000000000
63794  5.395  -42.984  88.431 0.0000000000
63802  6.351  -42.597  87.501 0.0000000000
63812  8.112  -42.095  87.097 0.0000000000
63813  7.714  -42.249  86.955 0.0000000000
63824  9.255  -42.033  86.156 0.0000000000
64990  4.876  -42.397  100.785 0.0000000000
65076  6.881  -41.405  94.157 0.0000000000
65138  10.107  -40.734  89.318 0.0000000000
66431  7.607  -41.059  93.991 0.0000000000
66438  9.738  -40.089  92.947 0.0000000000
66453  9.517  -40.755  90.907 0.0000000000
67564  4.999  -40.569  101.263 0.0000000000
67606  6.348  -39.268  98.445 0.0000000000
67608  5.306  -39.685  99.240 0.0000000000
67635  7.622  -39.182  96.785 0.0000000000
67636  7.325  -39.514  97.143 0.0000000000
67649  8.193  -39.146  96.035 0.0000000000
67659  9.245  -38.966  94.712 0.0000000000
67675  10.112  -39.232  93.046 0.0000000000
67720  10.985  -39.293  88.341 0.0000000000
67721  10.795  -39.536  88.919 0.0000000000
68851  7.070  -37.728  97.393 0.0000000000
68879  9.966  -38.588  93.187 0.0000000000
68889  10.146  -38.574  92.440 0.0000000000
68932  10.985  -39.113  88.505 0.0000000000
68945  11.073  -38.965  88.108 0.0000000000
70107  7.248  -37.114  96.505 0.0000000000
70119  8.008  -37.466  95.115 0.0000000000
71304  5.597  -36.680  98.507 0.0000000000
71314  5.842  -36.410  97.983 0.0000000000
