#!ascii label  , from subject tim vox2ras=TkReg
1467
44209  10.393  -58.964  91.547 0.0000000000
80879  42.383  -28.453  73.471 0.0000000000
53889  28.541  -50.233  84.805 0.0000000000
58914  37.821  -46.578  86.806 0.0000000000
51534  20.131  -52.625  85.488 0.0000000000
50188  17.633  -55.029  94.636 0.0000000000
83280  56.269  -26.658  67.761 0.0000000000
84466  52.744  -24.978  76.621 0.0000000000
70337  36.546  -37.748  81.073 0.0000000000
93581  55.784  -17.763  65.187 0.0000000000
50291  27.378  -54.339  88.694 0.0000000000
46545  14.236  -56.944  93.101 0.0000000000
83196  54.635  -26.388  73.022 0.0000000000
84548  48.318  -25.897  70.936 0.0000000000
79655  42.572  -29.861  76.896 0.0000000000
81942  45.952  -27.514  78.579 0.0000000000
74935  39.420  -32.995  75.866 0.0000000000
60183  34.408  -45.010  81.846 0.0000000000
56396  32.836  -48.582  85.082 0.0000000000
50254  23.219  -54.198  89.885 0.0000000000
50171  21.236  -54.394  94.929 0.0000000000
51460  18.595  -53.262  89.690 0.0000000000
47850  16.283  -55.498  87.994 0.0000000000
51546  24.463  -52.425  84.763 0.0000000000
88170  59.559  -22.815  68.192 0.0000000000
86993  59.135  -22.935  72.232 0.0000000000
83164  47.878  -26.270  74.419 0.0000000000
72622  39.785  -36.249  82.447 0.0000000000
62591  39.178  -43.000  82.546 0.0000000000
88218  56.600  -22.232  63.947 0.0000000000
91316  60.465  -19.695  64.670 0.0000000000
93624  60.241  -17.420  60.548 0.0000000000
49063  27.277  -55.033  91.671 0.0000000000
45389  11.760  -57.966  92.649 0.0000000000
45336  12.102  -57.704  95.568 0.0000000000
44170  10.540  -58.668  94.438 0.0000000000
83253  48.920  -26.659  69.171 0.0000000000
76120  43.720  -32.277  78.317 0.0000000000
78468  44.679  -30.648  79.001 0.0000000000
40449  5.984  -61.813  93.412 0.0000000000
78538  38.867  -30.640  73.871 0.0000000000
57682  28.153  -47.559  82.769 0.0000000000
58979  30.265  -46.882  83.111 0.0000000000
56399  30.412  -49.048  85.179 0.0000000000
51494  21.674  -53.471  87.433 0.0000000000
50277  20.872  -54.033  89.709 0.0000000000
51496  19.229  -52.951  87.348 0.0000000000
51548  22.815  -52.384  84.612 0.0000000000
50337  24.131  -53.448  87.126 0.0000000000
50173  19.225  -54.151  94.702 0.0000000000
84607  58.438  -24.683  68.129 0.0000000000
88148  59.285  -22.798  70.124 0.0000000000
84573  57.811  -24.953  69.982 0.0000000000
83146  54.117  -25.828  75.062 0.0000000000
85807  56.386  -24.009  75.376 0.0000000000
82053  42.977  -26.896  70.845 0.0000000000
83217  45.324  -26.016  72.035 0.0000000000
81995  45.687  -27.757  74.020 0.0000000000
72669  35.853  -35.715  79.459 0.0000000000
72667  37.941  -36.052  79.294 0.0000000000
71512  37.574  -36.593  82.091 0.0000000000
60145  36.120  -45.911  84.258 0.0000000000
61352  36.673  -44.324  82.535 0.0000000000
60142  38.732  -45.197  84.856 0.0000000000
84625  54.201  -25.478  66.443 0.0000000000
87081  54.572  -23.297  64.710 0.0000000000
84641  56.222  -25.155  65.683 0.0000000000
87067  58.833  -23.268  65.244 0.0000000000
93625  58.644  -16.747  60.602 0.0000000000
94719  58.254  -16.532  63.638 0.0000000000
92482  60.708  -18.029  63.620 0.0000000000
92477  58.472  -18.015  64.499 0.0000000000
51509  28.252  -52.539  86.137 0.0000000000
53840  30.158  -51.400  87.038 0.0000000000
50269  29.983  -53.708  89.243 0.0000000000
46543  15.903  -56.509  93.617 0.0000000000
47753  16.024  -55.737  96.686 0.0000000000
46493  14.559  -56.563  96.729 0.0000000000
83284  52.144  -26.648  67.839 0.0000000000
83228  55.422  -26.802  70.923 0.0000000000
82050  52.018  -27.406  70.209 0.0000000000
83199  51.757  -26.744  72.371 0.0000000000
83162  51.244  -26.536  74.185 0.0000000000
80850  42.200  -28.361  75.709 0.0000000000
81984  44.120  -28.043  75.361 0.0000000000
80818  43.987  -28.698  78.334 0.0000000000
67799  36.240  -39.697  79.821 0.0000000000
60071  41.065  -46.321  87.930 0.0000000000
43014  9.069  -59.891  90.905 0.0000000000
42980  9.458  -60.045  93.670 0.0000000000
41759  7.744  -61.613  93.887 0.0000000000
80903  39.444  -28.607  72.701 0.0000000000
80852  40.255  -29.329  74.769 0.0000000000
77324  41.231  -31.847  75.883 0.0000000000
74901  41.826  -33.555  78.311 0.0000000000
60186  31.594  -45.316  81.415 0.0000000000
58976  32.955  -46.438  83.570 0.0000000000
57623  35.437  -47.253  86.319 0.0000000000
53837  32.418  -50.431  87.705 0.0000000000
55076  35.564  -50.002  88.758 0.0000000000
49047  24.493  -54.553  92.233 0.0000000000
49004  23.498  -54.833  95.128 0.0000000000
50198  21.917  -54.374  93.003 0.0000000000
50220  19.480  -54.022  92.504 0.0000000000
51415  18.195  -54.034  92.468 0.0000000000
51498  17.829  -52.960  87.044 0.0000000000
50279  17.400  -53.963  89.585 0.0000000000
47824  16.921  -55.530  91.522 0.0000000000
46587  15.459  -56.601  90.639 0.0000000000
46590  13.140  -57.328  89.645 0.0000000000
45442  11.773  -57.721  89.412 0.0000000000
55196  27.116  -49.226  82.528 0.0000000000
53918  25.717  -50.512  82.236 0.0000000000
52722  26.498  -51.365  83.972 0.0000000000
50335  26.165  -53.499  86.756 0.0000000000
49094  25.891  -54.538  89.636 0.0000000000
83224  60.021  -26.013  70.025 0.0000000000
84531  56.806  -24.511  72.510 0.0000000000
85868  46.022  -25.095  70.386 0.0000000000
84517  48.396  -25.408  73.092 0.0000000000
84468  50.237  -25.080  76.253 0.0000000000
81956  47.160  -27.245  77.012 0.0000000000
84435  49.472  -25.373  77.955 0.0000000000
73835  37.105  -34.119  75.415 0.0000000000
73777  39.581  -35.394  78.802 0.0000000000
72634  41.991  -35.832  82.130 0.0000000000
63929  36.768  -41.978  80.435 0.0000000000
66545  38.443  -40.915  81.663 0.0000000000
60121  42.519  -44.807  85.961 0.0000000000
65198  41.295  -41.603  84.669 0.0000000000
67761  38.993  -38.880  84.139 0.0000000000
71467  39.720  -37.019  85.422 0.0000000000
71464  42.247  -36.699  85.023 0.0000000000
91328  56.932  -19.275  64.838 0.0000000000
89275  58.650  -21.213  63.777 0.0000000000
88204  59.879  -22.092  65.668 0.0000000000
49024  27.598  -55.897  92.798 0.0000000000
45406  11.147  -58.545  92.071 0.0000000000
45390  11.097  -58.394  93.136 0.0000000000
44179  10.495  -58.820  93.654 0.0000000000
74891  43.829  -33.464  79.479 0.0000000000
76101  44.671  -32.560  79.171 0.0000000000
41772  5.101  -60.264  92.423 0.0000000000
56420  28.536  -49.059  83.805 0.0000000000
57647  29.593  -48.404  84.082 0.0000000000
55160  29.191  -49.356  84.777 0.0000000000
51516  21.546  -53.080  86.608 0.0000000000
51495  20.623  -53.491  87.730 0.0000000000
51517  20.329  -52.916  86.504 0.0000000000
51562  22.233  -52.228  83.966 0.0000000000
51549  21.759  -52.437  84.730 0.0000000000
51515  22.647  -53.087  86.326 0.0000000000
50186  18.382  -54.523  94.488 0.0000000000
48994  17.544  -55.287  95.445 0.0000000000
83279  57.361  -26.261  68.012 0.0000000000
84591  58.286  -24.494  69.182 0.0000000000
83263  57.354  -26.114  69.388 0.0000000000
84482  53.066  -25.477  75.696 0.0000000000
85792  54.889  -24.644  76.082 0.0000000000
80920  42.432  -27.983  71.709 0.0000000000
82025  43.614  -27.803  72.196 0.0000000000
80878  43.510  -28.326  73.352 0.0000000000
70356  35.308  -37.586  79.710 0.0000000000
71536  35.954  -36.526  80.516 0.0000000000
72654  36.464  -36.178  80.331 0.0000000000
70304  37.330  -37.106  82.064 0.0000000000
60126  37.064  -46.225  85.445 0.0000000000
60154  37.530  -45.199  84.187 0.0000000000
60103  38.550  -46.215  86.224 0.0000000000
84609  55.187  -26.055  66.963 0.0000000000
84624  55.372  -25.637  66.413 0.0000000000
84623  56.572  -25.788  66.390 0.0000000000
84622  57.652  -25.772  66.752 0.0000000000
93607  56.596  -17.528  62.534 0.0000000000
94713  57.462  -16.935  64.066 0.0000000000
93589  58.123  -17.187  64.645 0.0000000000
92478  57.588  -17.963  64.793 0.0000000000
50313  27.993  -53.609  87.234 0.0000000000
50311  29.560  -53.053  87.656 0.0000000000
50290  28.797  -53.891  88.387 0.0000000000
46544  15.154  -56.801  93.371 0.0000000000
46519  14.935  -56.447  94.978 0.0000000000
46520  14.047  -56.748  95.084 0.0000000000
45311  11.452  -57.889  96.813 0.0000000000
46495  12.883  -57.426  97.358 0.0000000000
83285  51.037  -26.527  67.947 0.0000000000
82078  52.531  -27.623  69.065 0.0000000000
83270  50.334  -26.876  68.636 0.0000000000
84547  49.043  -26.444  70.642 0.0000000000
83216  49.861  -26.565  70.990 0.0000000000
83201  50.107  -26.238  71.862 0.0000000000
83180  50.950  -26.460  73.069 0.0000000000
84516  49.543  -25.845  72.756 0.0000000000
80836  41.815  -29.088  76.118 0.0000000000
81975  42.588  -28.224  76.425 0.0000000000
80820  42.721  -29.133  77.225 0.0000000000
84613  51.645  -25.943  67.255 0.0000000000
41780  8.500  -60.740  91.914 0.0000000000
41782  7.059  -60.741  91.628 0.0000000000
80904  38.478  -28.800  72.743 0.0000000000
80882  39.380  -28.848  73.548 0.0000000000
80883  38.498  -29.315  73.424 0.0000000000
76178  39.293  -31.886  74.474 0.0000000000
77340  40.315  -31.460  74.933 0.0000000000
76155  40.611  -32.457  76.090 0.0000000000
76140  41.512  -32.459  77.078 0.0000000000
74925  40.376  -33.091  76.824 0.0000000000
60204  30.502  -45.007  80.660 0.0000000000
57644  32.018  -47.706  84.158 0.0000000000
58977  32.115  -46.565  83.379 0.0000000000
57643  33.034  -47.347  84.286 0.0000000000
57641  34.610  -47.060  85.299 0.0000000000
57625  34.154  -47.936  85.448 0.0000000000
52654  31.473  -51.424  88.348 0.0000000000
53838  31.501  -50.527  87.311 0.0000000000
52653  31.933  -51.156  88.725 0.0000000000
53796  35.043  -50.347  89.712 0.0000000000
56340  36.936  -48.738  88.737 0.0000000000
49066  24.160  -54.420  91.053 0.0000000000
49028  23.714  -54.458  93.040 0.0000000000
50216  22.889  -54.296  91.641 0.0000000000
51459  19.219  -53.631  90.225 0.0000000000
50239  20.413  -54.218  91.489 0.0000000000
51445  19.193  -53.789  91.100 0.0000000000
51413  18.860  -53.922  92.558 0.0000000000
51432  18.275  -53.748  91.585 0.0000000000
52691  18.163  -52.312  85.873 0.0000000000
49117  16.594  -54.804  87.327 0.0000000000
50300  17.143  -54.060  88.325 0.0000000000
49097  17.039  -54.740  89.312 0.0000000000
49084  17.238  -54.538  90.201 0.0000000000
47833  16.858  -55.404  90.288 0.0000000000
47834  16.293  -56.154  91.010 0.0000000000
47842  16.013  -56.143  89.856 0.0000000000
45421  12.490  -57.672  90.038 0.0000000000
57701  27.136  -47.522  81.839 0.0000000000
56476  26.583  -48.647  81.445 0.0000000000
52742  24.463  -51.736  83.236 0.0000000000
52741  25.618  -51.321  83.028 0.0000000000
52740  26.284  -51.062  83.272 0.0000000000
52705  26.296  -52.153  84.769 0.0000000000
51527  26.786  -52.529  85.349 0.0000000000
51512  25.615  -53.055  86.087 0.0000000000
50295  23.777  -53.907  88.479 0.0000000000
50294  24.495  -53.950  88.412 0.0000000000
49083  24.385  -54.341  90.027 0.0000000000
49065  25.278  -54.646  91.379 0.0000000000
49005  22.759  -54.827  95.447 0.0000000000
42964  8.448  -60.873  95.521 0.0000000000
42952  9.024  -59.994  96.191 0.0000000000
88156  60.322  -23.063  68.629 0.0000000000
88123  59.133  -22.752  71.554 0.0000000000
85863  60.410  -24.398  69.998 0.0000000000
84543  59.737  -25.119  71.200 0.0000000000
84529  59.347  -25.094  72.279 0.0000000000
83227  56.539  -25.894  71.280 0.0000000000
84546  56.075  -25.445  72.547 0.0000000000
86967  57.636  -23.564  74.814 0.0000000000
83183  46.898  -26.286  73.296 0.0000000000
84537  46.327  -25.587  72.175 0.0000000000
84502  47.849  -25.848  73.909 0.0000000000
84485  49.490  -25.392  75.314 0.0000000000
84486  48.840  -25.441  75.569 0.0000000000
81958  45.008  -27.708  77.627 0.0000000000
81971  46.346  -27.645  76.126 0.0000000000
81941  47.075  -27.128  78.302 0.0000000000
73836  36.166  -34.398  75.494 0.0000000000
72652  38.345  -36.330  80.366 0.0000000000
72681  38.594  -35.510  78.509 0.0000000000
72665  39.949  -35.927  79.936 0.0000000000
73763  41.295  -35.456  80.295 0.0000000000
72636  40.458  -36.263  81.656 0.0000000000
61370  33.221  -44.516  80.283 0.0000000000
61369  34.149  -44.110  80.357 0.0000000000
62574  38.023  -43.711  82.648 0.0000000000
62610  37.041  -42.994  81.222 0.0000000000
63879  38.301  -42.413  81.617 0.0000000000
65237  37.660  -41.309  80.948 0.0000000000
63878  38.974  -42.338  82.142 0.0000000000
60085  41.847  -46.131  87.365 0.0000000000
65182  40.990  -40.748  85.616 0.0000000000
66519  39.895  -40.299  84.333 0.0000000000
67753  39.840  -39.269  85.481 0.0000000000
68985  39.038  -38.096  84.746 0.0000000000
68950  40.352  -38.333  86.431 0.0000000000
87079  56.269  -23.163  64.266 0.0000000000
89271  56.692  -21.174  63.923 0.0000000000
90303  57.615  -19.840  63.738 0.0000000000
89276  57.855  -21.376  63.427 0.0000000000
87054  59.003  -23.109  66.555 0.0000000000
88205  59.323  -22.440  65.715 0.0000000000
88187  59.642  -22.785  66.960 0.0000000000
88185  60.422  -23.026  66.775 0.0000000000
94744  60.144  -16.675  60.661 0.0000000000
91324  60.633  -18.995  64.251 0.0000000000
90300  60.906  -20.287  64.158 0.0000000000
89261  60.456  -21.022  64.769 0.0000000000
49080  27.025  -54.807  90.729 0.0000000000
50252  28.896  -54.832  90.900 0.0000000000
49062  28.327  -55.123  91.665 0.0000000000
45388  12.543  -57.716  92.135 0.0000000000
46532  13.448  -57.161  94.012 0.0000000000
45352  12.437  -57.648  94.441 0.0000000000
45337  11.280  -58.021  95.442 0.0000000000
45312  10.934  -58.241  96.460 0.0000000000
84575  47.510  -26.023  69.186 0.0000000000
85878  46.888  -25.537  69.661 0.0000000000
77306  43.295  -31.196  77.608 0.0000000000
78479  43.534  -30.570  77.825 0.0000000000
76119  44.244  -31.960  78.484 0.0000000000
76100  45.573  -32.124  79.489 0.0000000000
41770  6.482  -61.068  92.271 0.0000000000
41771  5.690  -60.512  92.168 0.0000000000
41760  5.368  -61.136  92.684 0.0000000000
80884  37.838  -29.428  73.121 0.0000000000
76180  37.897  -32.769  74.171 0.0000000000
60173  29.948  -45.761  81.980 0.0000000000
58980  29.515  -46.906  82.936 0.0000000000
57646  30.144  -48.139  84.132 0.0000000000
56397  32.053  -48.714  85.098 0.0000000000
50275  22.634  -54.097  89.298 0.0000000000
50255  22.414  -54.185  90.156 0.0000000000
50298  21.063  -53.873  88.752 0.0000000000
50299  20.347  -53.795  89.160 0.0000000000
51475  18.482  -52.988  88.226 0.0000000000
47851  15.547  -56.233  88.557 0.0000000000
47877  14.929  -55.611  86.680 0.0000000000
52743  23.168  -51.963  83.501 0.0000000000
51547  23.691  -52.450  84.775 0.0000000000
51513  24.640  -53.070  86.188 0.0000000000
51514  23.636  -53.096  86.267 0.0000000000
50318  23.413  -53.663  87.815 0.0000000000
50172  20.216  -54.093  94.924 0.0000000000
85906  58.754  -23.754  67.502 0.0000000000
88158  59.426  -22.748  69.162 0.0000000000
85893  58.620  -23.746  68.739 0.0000000000
87011  58.716  -23.034  70.511 0.0000000000
87003  58.738  -22.798  71.514 0.0000000000
83176  54.740  -26.322  74.037 0.0000000000
84514  55.705  -25.319  73.991 0.0000000000
84497  55.317  -25.205  74.768 0.0000000000
85790  56.518  -24.062  76.284 0.0000000000
84566  43.801  -25.784  70.604 0.0000000000
82052  43.409  -26.598  70.976 0.0000000000
82008  45.698  -27.010  73.043 0.0000000000
81994  46.788  -27.081  73.834 0.0000000000
83109  47.633  -26.824  79.353 0.0000000000
72702  34.796  -34.775  77.873 0.0000000000
72700  36.507  -34.941  77.484 0.0000000000
72668  36.849  -35.879  79.347 0.0000000000
72653  37.377  -36.281  80.255 0.0000000000
72624  38.122  -36.098  82.232 0.0000000000
60168  34.584  -45.365  82.548 0.0000000000
61353  35.729  -44.525  82.119 0.0000000000
60166  36.318  -45.093  83.139 0.0000000000
61340  37.761  -44.376  83.484 0.0000000000
61339  39.142  -43.974  83.631 0.0000000000
85942  53.131  -24.133  65.511 0.0000000000
87070  53.648  -23.327  65.079 0.0000000000
85941  54.058  -24.204  65.348 0.0000000000
85939  55.852  -24.512  65.134 0.0000000000
85950  57.016  -23.871  64.441 0.0000000000
87077  58.211  -23.177  64.027 0.0000000000
85937  58.053  -24.421  64.803 0.0000000000
85919  58.704  -24.153  66.128 0.0000000000
93614  56.859  -17.593  61.437 0.0000000000
93612  58.327  -16.913  61.519 0.0000000000
94732  60.178  -16.568  61.744 0.0000000000
92490  60.396  -18.313  61.565 0.0000000000
94717  59.737  -16.380  63.465 0.0000000000
93587  59.739  -17.348  64.265 0.0000000000
92476  59.402  -18.095  64.350 0.0000000000
52703  28.272  -51.582  85.380 0.0000000000
53877  29.583  -50.462  85.807 0.0000000000
52671  29.253  -52.173  86.657 0.0000000000
51471  30.616  -52.401  88.023 0.0000000000
51457  31.051  -52.818  89.029 0.0000000000
47786  16.881  -55.663  94.408 0.0000000000
48996  16.548  -55.419  95.590 0.0000000000
47776  16.104  -55.683  95.304 0.0000000000
47766  15.248  -55.985  96.410 0.0000000000
46509  13.791  -56.841  96.126 0.0000000000
46477  13.486  -57.359  97.658 0.0000000000
83266  54.628  -27.069  68.119 0.0000000000
83249  55.660  -27.258  69.625 0.0000000000
82076  54.252  -27.476  68.671 0.0000000000
82048  53.638  -27.554  70.262 0.0000000000
83230  53.111  -27.128  70.956 0.0000000000
83251  50.465  -27.097  69.515 0.0000000000
83231  52.235  -27.084  70.838 0.0000000000
83198  52.708  -26.810  72.581 0.0000000000
83178  52.968  -26.847  73.560 0.0000000000
83161  52.273  -26.736  74.353 0.0000000000
84483  52.027  -25.657  75.751 0.0000000000
80862  42.184  -28.410  74.486 0.0000000000
80848  43.524  -28.243  74.776 0.0000000000
81985  43.177  -27.983  76.031 0.0000000000
81973  44.060  -27.814  76.704 0.0000000000
81943  44.951  -28.112  78.821 0.0000000000
79637  44.294  -29.841  78.696 0.0000000000
80805  44.486  -28.961  78.936 0.0000000000
81926  45.986  -27.943  79.805 0.0000000000
69040  35.938  -38.249  80.167 0.0000000000
60073  39.795  -46.323  87.886 0.0000000000
85943  52.203  -24.116  65.682 0.0000000000
85922  52.694  -24.750  66.076 0.0000000000
84611  53.695  -26.030  67.048 0.0000000000
93602  53.872  -17.278  63.776 0.0000000000
93593  54.424  -17.571  64.468 0.0000000000
44210  9.749  -59.529  91.099 0.0000000000
44180  9.936  -59.410  93.187 0.0000000000
42991  9.526  -60.102  92.642 0.0000000000
42972  8.938  -60.698  94.103 0.0000000000
41751  7.723  -61.530  94.907 0.0000000000
40456  7.151  -61.719  93.593 0.0000000000
82038  41.367  -28.092  71.273 0.0000000000
80923  39.583  -28.341  71.557 0.0000000000
80902  40.487  -28.504  72.631 0.0000000000
80863  41.195  -28.575  74.543 0.0000000000
80851  41.043  -28.939  75.284 0.0000000000
79685  41.464  -29.473  75.516 0.0000000000
79699  39.096  -29.983  74.136 0.0000000000
78521  40.852  -30.648  75.053 0.0000000000
78504  42.083  -30.696  76.176 0.0000000000
76139  42.228  -32.102  77.270 0.0000000000
76103  42.877  -33.205  78.605 0.0000000000
74879  43.289  -33.905  79.893 0.0000000000
60201  33.041  -44.912  81.011 0.0000000000
60172  30.830  -45.698  82.071 0.0000000000
60170  32.652  -45.604  82.260 0.0000000000
60169  33.619  -45.538  82.480 0.0000000000
58974  34.695  -46.130  83.981 0.0000000000
58954  35.794  -46.356  84.984 0.0000000000
58915  36.438  -46.980  87.061 0.0000000000
55116  30.427  -50.146  86.101 0.0000000000
55115  31.456  -49.897  86.392 0.0000000000
55114  32.756  -49.540  86.149 0.0000000000
53817  33.365  -50.511  88.747 0.0000000000
55092  34.436  -50.078  87.792 0.0000000000
55113  34.023  -49.622  86.533 0.0000000000
56379  35.304  -48.614  86.623 0.0000000000
57591  36.500  -47.716  87.654 0.0000000000
58892  37.498  -46.942  88.054 0.0000000000
49026  25.532  -54.966  93.338 0.0000000000
49014  24.615  -54.974  94.356 0.0000000000
50169  23.166  -54.523  94.566 0.0000000000
50182  21.652  -54.410  94.047 0.0000000000
50238  21.226  -54.314  91.427 0.0000000000
50218  21.181  -54.388  92.267 0.0000000000
50183  20.599  -54.258  94.136 0.0000000000
50201  19.274  -53.956  93.307 0.0000000000
51398  18.575  -54.107  93.298 0.0000000000
50202  17.880  -54.608  93.377 0.0000000000
52690  18.745  -52.479  86.007 0.0000000000
52656  18.285  -52.905  87.671 0.0000000000
51476  18.018  -53.003  87.907 0.0000000000
51499  17.377  -53.035  86.493 0.0000000000
51462  17.651  -53.381  88.826 0.0000000000
51448  17.778  -53.508  90.045 0.0000000000
51433  17.884  -53.731  91.296 0.0000000000
50241  17.594  -54.223  91.642 0.0000000000
49030  17.557  -55.025  93.097 0.0000000000
47814  16.536  -56.235  93.087 0.0000000000
46555  15.800  -56.603  92.706 0.0000000000
46571  14.788  -56.837  91.340 0.0000000000
46623  14.887  -56.678  88.887 0.0000000000
46572  13.928  -56.991  90.969 0.0000000000
46558  13.274  -57.380  91.569 0.0000000000
45404  12.450  -57.602  91.048 0.0000000000
45422  11.662  -57.918  90.418 0.0000000000
45423  10.965  -58.447  90.921 0.0000000000
44226  10.111  -58.894  90.461 0.0000000000
44227  9.146  -59.306  90.163 0.0000000000
57700  27.754  -46.989  82.195 0.0000000000
57683  27.517  -48.084  82.339 0.0000000000
55162  27.972  -49.573  83.790 0.0000000000
53917  26.447  -50.073  82.584 0.0000000000
53905  26.786  -50.496  83.261 0.0000000000
53890  27.804  -50.592  84.345 0.0000000000
52704  27.441  -51.784  84.894 0.0000000000
50333  27.672  -53.189  86.572 0.0000000000
50314  26.779  -53.889  87.509 0.0000000000
50336  25.189  -53.439  86.917 0.0000000000
50315  25.745  -53.809  87.620 0.0000000000
49105  26.518  -54.463  89.056 0.0000000000
49081  26.082  -54.701  90.548 0.0000000000
49046  25.469  -54.838  92.470 0.0000000000
44171  9.835  -59.239  94.423 0.0000000000
44158  9.678  -59.144  96.367 0.0000000000
87019  60.529  -23.624  69.322 0.0000000000
83247  57.159  -25.806  70.506 0.0000000000
84559  57.245  -25.109  71.160 0.0000000000
86995  57.877  -23.288  72.804 0.0000000000
85822  57.046  -23.747  73.661 0.0000000000
86976  58.349  -23.313  73.443 0.0000000000
85820  59.055  -23.782  73.180 0.0000000000
85879  46.143  -25.174  69.279 0.0000000000
85867  46.743  -25.334  70.378 0.0000000000
84564  45.141  -25.381  70.967 0.0000000000
85843  46.627  -25.200  71.547 0.0000000000
84535  48.359  -25.531  71.934 0.0000000000
84500  49.434  -25.679  74.112 0.0000000000
84484  50.656  -25.870  75.241 0.0000000000
84467  51.416  -24.999  76.704 0.0000000000
81996  44.672  -28.141  74.292 0.0000000000
81982  46.584  -27.576  74.934 0.0000000000
81970  47.366  -27.260  75.843 0.0000000000
83121  47.936  -26.687  78.604 0.0000000000
83130  48.538  -26.345  77.448 0.0000000000
83139  48.561  -26.133  76.537 0.0000000000
84451  49.926  -24.720  76.972 0.0000000000
85775  51.080  -24.679  77.435 0.0000000000
74949  37.148  -33.673  74.525 0.0000000000
74928  38.483  -33.710  75.907 0.0000000000
72699  37.236  -34.960  77.545 0.0000000000
73801  38.708  -34.309  76.947 0.0000000000
74917  39.369  -33.816  76.838 0.0000000000
73784  40.723  -34.420  78.431 0.0000000000
73775  41.609  -34.465  79.085 0.0000000000
73751  43.453  -34.491  81.105 0.0000000000
62612  35.305  -43.552  80.780 0.0000000000
66553  36.688  -40.516  80.171 0.0000000000
67789  36.702  -39.631  80.451 0.0000000000
67782  37.581  -39.438  81.635 0.0000000000
60102  39.738  -45.965  86.581 0.0000000000
60123  40.310  -45.351  85.655 0.0000000000
61321  41.235  -43.918  84.377 0.0000000000
62546  42.191  -43.200  84.932 0.0000000000
62571  40.343  -42.773  83.368 0.0000000000
65211  39.698  -41.413  83.022 0.0000000000
66530  38.793  -39.819  82.932 0.0000000000
69013  37.898  -38.333  82.579 0.0000000000
68999  38.133  -37.846  83.165 0.0000000000
71502  38.759  -36.382  83.856 0.0000000000
71501  39.426  -36.222  83.745 0.0000000000
71431  41.115  -37.531  86.705 0.0000000000
71466  40.638  -36.891  85.379 0.0000000000
72590  40.610  -36.455  83.972 0.0000000000
72603  42.562  -36.204  83.602 0.0000000000
92470  55.478  -18.169  65.677 0.0000000000
92468  56.838  -18.110  65.209 0.0000000000
91327  57.689  -18.977  64.301 0.0000000000
91333  58.151  -19.537  63.705 0.0000000000
90302  59.504  -20.097  64.447 0.0000000000
88216  58.915  -22.114  64.543 0.0000000000
89270  59.290  -21.009  64.408 0.0000000000
89262  60.164  -21.119  65.073 0.0000000000
88203  60.249  -22.380  65.700 0.0000000000
49012  25.735  -55.732  93.682 0.0000000000
49025  26.449  -55.687  93.321 0.0000000000
44192  10.487  -58.918  92.621 0.0000000000
74878  43.922  -33.846  80.325 0.0000000000
74890  44.513  -33.375  79.855 0.0000000000
55161  28.577  -49.640  84.388 0.0000000000
55141  28.967  -49.951  84.987 0.0000000000
51533  21.121  -52.707  85.601 0.0000000000
50187  17.985  -54.687  94.272 0.0000000000
50175  17.916  -54.939  95.005 0.0000000000
50176  17.670  -55.037  94.938 0.0000000000
83264  56.523  -26.822  68.882 0.0000000000
84465  53.703  -24.922  76.320 0.0000000000
80900  42.717  -28.253  72.432 0.0000000000
80899  43.426  -28.183  72.672 0.0000000000
70338  35.990  -37.393  80.568 0.0000000000
71547  35.324  -36.628  80.066 0.0000000000
70320  36.446  -37.180  81.048 0.0000000000
71524  36.249  -36.801  80.820 0.0000000000
70319  36.929  -37.464  81.575 0.0000000000
58934  37.626  -46.393  86.141 0.0000000000
60125  37.778  -46.068  85.607 0.0000000000
60104  37.941  -46.338  86.172 0.0000000000
83281  55.236  -26.525  67.436 0.0000000000
83292  55.450  -26.094  66.958 0.0000000000
83291  55.964  -26.189  66.994 0.0000000000
83290  56.800  -26.220  67.138 0.0000000000
93599  56.387  -17.472  63.593 0.0000000000
93591  56.112  -17.558  64.484 0.0000000000
93590  57.128  -17.336  64.529 0.0000000000
93580  56.434  -17.720  65.118 0.0000000000
50270  28.521  -54.482  89.741 0.0000000000
46531  14.532  -56.807  94.142 0.0000000000
83286  50.005  -26.327  67.946 0.0000000000
84534  49.203  -26.028  71.526 0.0000000000
83181  50.349  -26.212  72.578 0.0000000000
79656  42.163  -29.610  76.400 0.0000000000
80821  42.317  -29.224  76.689 0.0000000000
43004  7.651  -60.266  90.997 0.0000000000
80925  37.577  -28.456  72.097 0.0000000000
76164  39.632  -32.355  75.147 0.0000000000
76156  39.856  -32.738  75.901 0.0000000000
74926  39.789  -33.197  76.448 0.0000000000
56415  32.457  -48.158  84.623 0.0000000000
56414  33.209  -48.021  84.793 0.0000000000
56395  33.622  -48.352  85.294 0.0000000000
52639  31.718  -51.849  89.024 0.0000000000
52638  32.340  -51.208  89.333 0.0000000000
50235  23.766  -54.291  90.281 0.0000000000
49067  23.455  -54.338  91.371 0.0000000000
50236  23.160  -54.282  90.782 0.0000000000
51446  18.615  -53.585  90.974 0.0000000000
51447  18.163  -53.425  90.488 0.0000000000
49107  16.784  -54.951  88.394 0.0000000000
47841  16.497  -55.553  89.057 0.0000000000
52724  24.084  -52.094  84.149 0.0000000000
52723  25.275  -51.998  84.276 0.0000000000
52706  25.681  -52.385  84.914 0.0000000000
51529  25.121  -52.662  85.271 0.0000000000
50274  23.447  -54.125  89.136 0.0000000000
50273  24.237  -54.184  89.035 0.0000000000
50253  23.903  -54.241  89.646 0.0000000000
50157  21.781  -54.776  95.491 0.0000000000
41729  8.113  -60.852  96.036 0.0000000000
42939  8.336  -60.489  96.611 0.0000000000
88169  60.010  -22.824  67.908 0.0000000000
88168  60.383  -23.129  67.636 0.0000000000
87002  59.452  -23.240  71.616 0.0000000000
87010  59.802  -23.509  70.984 0.0000000000
85853  59.635  -24.116  71.573 0.0000000000
85840  59.312  -23.757  72.491 0.0000000000
83211  54.486  -26.602  71.932 0.0000000000
83210  55.669  -25.984  72.228 0.0000000000
83165  47.368  -26.515  73.843 0.0000000000
83182  47.530  -26.090  73.705 0.0000000000
84501  48.434  -25.566  74.368 0.0000000000
83163  48.412  -25.906  75.151 0.0000000000
81957  46.118  -27.492  77.346 0.0000000000
73818  35.775  -34.595  76.370 0.0000000000
72637  39.548  -36.304  81.530 0.0000000000
72651  39.325  -36.245  80.546 0.0000000000
72650  40.308  -36.028  80.710 0.0000000000
61361  33.650  -44.663  80.863 0.0000000000
61360  34.301  -44.553  81.123 0.0000000000
62573  38.756  -43.629  82.915 0.0000000000
62592  38.502  -43.135  82.250 0.0000000000
65169  41.857  -41.013  86.956 0.0000000000
66508  40.384  -40.197  85.271 0.0000000000
67752  40.370  -39.535  85.954 0.0000000000
67739  40.150  -38.927  86.107 0.0000000000
67738  40.653  -39.144  86.660 0.0000000000
88219  55.545  -22.188  64.587 0.0000000000
89272  56.121  -21.489  64.424 0.0000000000
88226  56.933  -21.809  63.699 0.0000000000
89277  57.223  -21.472  63.592 0.0000000000
88225  57.401  -22.275  63.636 0.0000000000
87040  59.178  -22.986  67.561 0.0000000000
88186  60.102  -22.779  66.815 0.0000000000
92498  59.948  -18.482  60.350 0.0000000000
91315  60.813  -19.602  64.489 0.0000000000
90299  61.057  -19.771  64.004 0.0000000000
90292  61.024  -19.825  64.341 0.0000000000
89268  60.730  -21.153  64.144 0.0000000000
90294  60.356  -20.315  64.796 0.0000000000
49079  27.960  -54.900  90.798 0.0000000000
45370  12.555  -57.652  93.282 0.0000000000
45372  11.053  -58.327  94.090 0.0000000000
45353  11.564  -57.934  94.692 0.0000000000
45354  10.927  -58.306  94.878 0.0000000000
45326  10.982  -58.228  95.899 0.0000000000
45338  10.818  -58.385  95.468 0.0000000000
84596  46.507  -25.175  68.480 0.0000000000
84576  46.790  -25.504  68.973 0.0000000000
77289  43.260  -31.833  77.802 0.0000000000
77288  43.811  -31.419  78.154 0.0000000000
41783  6.275  -60.393  91.641 0.0000000000
40450  5.217  -61.887  93.036 0.0000000000
59003  28.176  -46.630  82.269 0.0000000000
59002  29.048  -46.479  82.437 0.0000000000
57681  28.974  -47.152  82.955 0.0000000000
56418  29.809  -48.842  84.651 0.0000000000
56417  30.681  -48.542  84.636 0.0000000000
56398  31.203  -48.869  85.173 0.0000000000
50297  22.054  -53.916  88.639 0.0000000000
50320  21.553  -53.732  88.047 0.0000000000
51473  20.366  -53.675  88.615 0.0000000000
51474  19.563  -53.410  88.867 0.0000000000
52725  23.446  -52.211  84.258 0.0000000000
51531  23.184  -52.748  85.497 0.0000000000
50339  22.272  -53.303  87.052 0.0000000000
50338  23.083  -53.398  87.050 0.0000000000
50319  22.422  -53.640  87.787 0.0000000000
50296  22.953  -53.895  88.524 0.0000000000
50149  19.747  -54.698  95.656 0.0000000000
84572  58.153  -24.314  69.763 0.0000000000
85876  58.392  -23.703  69.746 0.0000000000
85877  58.103  -24.092  70.178 0.0000000000
87012  58.340  -23.225  71.067 0.0000000000
85866  57.869  -23.977  70.946 0.0000000000
83159  54.082  -26.332  74.606 0.0000000000
83175  55.201  -25.765  74.304 0.0000000000
83158  54.744  -25.733  74.833 0.0000000000
85791  55.667  -24.336  76.079 0.0000000000
83239  42.653  -26.627  70.328 0.0000000000
83238  43.187  -26.407  70.621 0.0000000000
82009  44.523  -27.893  73.167 0.0000000000
82024  44.650  -26.979  72.225 0.0000000000
72684  35.234  -35.176  78.723 0.0000000000
72683  36.221  -35.357  78.529 0.0000000000
71522  37.254  -36.568  81.408 0.0000000000
72640  37.110  -36.474  80.856 0.0000000000
72639  37.754  -36.397  81.275 0.0000000000
60156  35.662  -45.679  83.597 0.0000000000
60167  35.559  -45.135  82.718 0.0000000000
60143  38.117  -45.382  84.762 0.0000000000
61324  38.020  -44.881  84.243 0.0000000000
61323  38.803  -44.738  84.371 0.0000000000
85921  53.649  -24.824  65.931 0.0000000000
85920  54.616  -24.886  65.795 0.0000000000
84642  55.416  -24.887  65.621 0.0000000000
85951  56.121  -24.002  64.645 0.0000000000
85938  56.767  -24.615  65.001 0.0000000000
84640  57.279  -25.251  65.690 0.0000000000
84621  58.488  -24.948  66.988 0.0000000000
84639  58.177  -25.075  65.972 0.0000000000
94720  57.677  -16.809  63.570 0.0000000000
93606  57.425  -17.200  62.560 0.0000000000
94727  58.526  -16.458  62.665 0.0000000000
94733  59.633  -16.192  61.749 0.0000000000
94726  59.342  -16.124  62.713 0.0000000000
94725  60.081  -16.392  62.738 0.0000000000
94718  59.020  -16.378  63.713 0.0000000000
93588  59.038  -17.085  64.469 0.0000000000
52688  28.788  -51.898  86.026 0.0000000000
50289  29.638  -53.360  88.144 0.0000000000
51472  29.975  -52.844  87.795 0.0000000000
51458  30.293  -53.079  88.418 0.0000000000
50268  30.805  -53.380  89.660 0.0000000000
47801  16.480  -56.122  93.960 0.0000000000
47787  16.266  -55.918  94.648 0.0000000000
47788  15.657  -56.150  94.859 0.0000000000
46508  14.713  -56.518  95.871 0.0000000000
47754  14.966  -55.863  97.058 0.0000000000
46521  13.055  -57.139  95.295 0.0000000000
46510  12.816  -57.365  96.455 0.0000000000
83267  53.747  -27.122  68.179 0.0000000000
82079  52.048  -27.573  69.302 0.0000000000
82065  53.117  -27.668  69.593 0.0000000000
82049  52.743  -27.490  70.287 0.0000000000
83229  54.134  -27.111  71.001 0.0000000000
83272  48.775  -26.443  68.598 0.0000000000
83252  49.632  -26.872  69.272 0.0000000000
83215  50.745  -26.664  71.229 0.0000000000
83232  51.422  -27.075  70.576 0.0000000000
83214  51.599  -26.790  71.455 0.0000000000
83213  52.474  -26.858  71.653 0.0000000000
83148  52.639  -26.265  75.168 0.0000000000
83149  51.725  -26.358  75.040 0.0000000000
80849  43.036  -28.226  75.130 0.0000000000
81960  43.324  -28.386  77.482 0.0000000000
81974  43.096  -28.088  76.890 0.0000000000
81959  43.953  -28.144  77.832 0.0000000000
81944  44.333  -28.442  78.484 0.0000000000
78478  44.102  -30.620  78.397 0.0000000000
79638  43.716  -29.820  78.137 0.0000000000
80788  45.015  -29.193  79.587 0.0000000000
80804  45.042  -28.647  79.412 0.0000000000
80786  46.251  -28.530  80.343 0.0000000000
69057  35.651  -38.752  79.556 0.0000000000
69056  36.213  -38.982  80.167 0.0000000000
85944  51.360  -24.118  65.798 0.0000000000
85923  51.765  -24.696  66.168 0.0000000000
84612  52.688  -25.987  67.178 0.0000000000
83283  53.209  -26.612  67.680 0.0000000000
83282  54.200  -26.587  67.552 0.0000000000
43002  9.379  -60.082  91.676 0.0000000000
41768  8.423  -60.974  92.488 0.0000000000
41758  8.381  -61.188  93.463 0.0000000000
41749  8.304  -61.171  94.557 0.0000000000
41750  7.647  -61.568  94.672 0.0000000000
40457  6.605  -61.608  93.096 0.0000000000
82055  40.946  -27.817  70.671 0.0000000000
80936  40.413  -28.148  70.966 0.0000000000
80924  38.511  -28.437  71.935 0.0000000000
80880  41.325  -28.476  73.595 0.0000000000
80881  40.313  -28.579  73.615 0.0000000000
80864  40.241  -28.847  74.363 0.0000000000
79686  40.923  -29.742  75.155 0.0000000000
79709  37.887  -29.927  73.345 0.0000000000
79708  38.558  -29.971  73.747 0.0000000000
77339  40.932  -31.598  75.381 0.0000000000
78522  40.070  -30.650  74.598 0.0000000000
78520  41.241  -31.080  75.320 0.0000000000
78505  41.565  -30.675  75.530 0.0000000000
77323  41.701  -31.530  76.238 0.0000000000
77322  42.207  -31.229  76.649 0.0000000000
74914  41.384  -33.176  77.756 0.0000000000
76122  41.816  -32.935  77.805 0.0000000000
74900  42.506  -33.420  78.567 0.0000000000
74892  42.905  -33.715  79.173 0.0000000000
74893  42.244  -33.872  78.882 0.0000000000
60203  31.458  -44.959  80.580 0.0000000000
60202  32.365  -44.962  80.791 0.0000000000
59001  30.095  -46.355  82.508 0.0000000000
59000  30.998  -46.246  82.641 0.0000000000
58999  31.885  -46.070  82.825 0.0000000000
58998  32.750  -45.956  82.995 0.0000000000
58997  33.421  -45.904  83.174 0.0000000000
60158  34.027  -45.685  83.036 0.0000000000
58975  33.848  -46.149  83.625 0.0000000000
58955  34.741  -46.598  84.782 0.0000000000
58937  35.079  -46.772  85.442 0.0000000000
58936  35.784  -46.744  86.015 0.0000000000
58916  35.757  -47.121  86.568 0.0000000000
53859  29.848  -50.917  86.421 0.0000000000
55117  29.898  -50.339  85.931 0.0000000000
53857  31.335  -50.226  86.858 0.0000000000
55094  32.134  -50.017  86.987 0.0000000000
55093  33.187  -50.039  87.185 0.0000000000
55077  34.739  -50.222  88.587 0.0000000000
55112  35.018  -49.338  86.832 0.0000000000
55091  35.761  -49.315  87.550 0.0000000000
56354  36.622  -48.428  88.137 0.0000000000
57590  36.941  -47.385  88.118 0.0000000000
49027  24.638  -54.717  93.338 0.0000000000
50197  22.838  -54.337  92.593 0.0000000000
50181  22.807  -54.381  93.801 0.0000000000
50256  21.515  -54.188  90.408 0.0000000000
50240  19.649  -54.070  91.669 0.0000000000
49069  20.567  -54.279  91.885 0.0000000000
50219  20.355  -54.250  92.303 0.0000000000
50199  20.939  -54.346  93.200 0.0000000000
50200  20.038  -54.094  93.286 0.0000000000
50184  19.692  -54.052  94.106 0.0000000000
51414  18.521  -53.968  92.497 0.0000000000
51397  18.810  -53.973  93.264 0.0000000000
51399  18.299  -54.330  93.544 0.0000000000
50221  17.985  -54.323  92.865 0.0000000000
52674  18.040  -52.745  86.762 0.0000000000
52673  18.422  -52.791  86.934 0.0000000000
52657  18.200  -52.892  87.445 0.0000000000
51519  16.863  -52.741  85.608 0.0000000000
50340  16.780  -53.415  86.114 0.0000000000
51477  17.546  -53.302  87.635 0.0000000000
50259  17.473  -54.011  90.669 0.0000000000
49070  17.281  -54.741  91.078 0.0000000000
49051  17.361  -54.885  92.097 0.0000000000
47813  17.041  -55.632  92.572 0.0000000000
46570  15.647  -56.591  91.691 0.0000000000
46556  14.952  -56.825  92.371 0.0000000000
47852  14.847  -56.604  88.354 0.0000000000
46589  13.884  -57.206  90.010 0.0000000000
46573  13.188  -57.351  90.549 0.0000000000
45443  10.676  -58.236  89.541 0.0000000000
44239  9.665  -58.717  89.615 0.0000000000
44240  8.777  -58.579  89.363 0.0000000000
56458  27.104  -48.619  82.128 0.0000000000
56457  27.586  -48.619  82.694 0.0000000000
55179  27.424  -49.498  83.128 0.0000000000
53929  25.459  -50.028  81.509 0.0000000000
55198  25.864  -49.766  81.659 0.0000000000
53891  27.079  -50.918  83.959 0.0000000000
52721  27.223  -51.188  84.268 0.0000000000
51511  26.538  -52.963  86.033 0.0000000000
50334  27.119  -53.367  86.639 0.0000000000
50316  24.826  -53.736  87.742 0.0000000000
49095  24.968  -54.346  89.334 0.0000000000
50293  25.255  -54.086  88.457 0.0000000000
49106  25.773  -54.362  88.955 0.0000000000
50292  26.244  -54.165  88.375 0.0000000000
49003  24.437  -55.426  95.031 0.0000000000
48983  16.515  -55.432  96.060 0.0000000000
48982  16.958  -55.441  96.029 0.0000000000
47752  16.882  -55.963  96.421 0.0000000000
42971  9.226  -60.035  94.539 0.0000000000
44159  9.228  -59.533  96.836 0.0000000000
42951  9.532  -59.522  95.877 0.0000000000
44146  9.741  -59.124  97.140 0.0000000000
88147  59.796  -22.642  69.773 0.0000000000
88146  60.236  -22.907  69.523 0.0000000000
88133  60.062  -22.813  70.108 0.0000000000
84558  60.052  -25.074  70.467 0.0000000000
83248  56.575  -26.651  70.155 0.0000000000
84544  56.967  -24.898  71.878 0.0000000000
84560  56.816  -25.353  71.593 0.0000000000
85854  57.336  -23.993  71.989 0.0000000000
84496  55.958  -24.539  74.541 0.0000000000
84513  56.205  -24.705  73.671 0.0000000000
85823  56.761  -23.889  74.286 0.0000000000
86966  58.141  -23.523  74.433 0.0000000000
85821  58.637  -24.013  73.813 0.0000000000
84530  58.993  -25.174  72.956 0.0000000000
85880  45.276  -24.998  69.440 0.0000000000
83236  44.351  -25.999  71.280 0.0000000000
84565  44.469  -25.553  70.782 0.0000000000
84551  45.380  -25.578  71.526 0.0000000000
84518  47.414  -25.648  73.209 0.0000000000
85844  46.549  -25.282  71.772 0.0000000000
84536  47.218  -25.340  72.030 0.0000000000
80860  43.861  -28.315  74.312 0.0000000000
84436  48.974  -25.904  78.166 0.0000000000
84453  48.956  -25.704  77.275 0.0000000000
84452  49.399  -25.159  77.091 0.0000000000
85759  49.799  -24.876  77.637 0.0000000000
73851  36.507  -34.091  74.791 0.0000000000
74938  37.597  -33.736  75.071 0.0000000000
73834  37.665  -33.905  75.497 0.0000000000
72682  37.393  -35.378  78.255 0.0000000000
72680  39.234  -35.446  78.652 0.0000000000
73786  38.240  -34.937  77.773 0.0000000000
73785  39.521  -34.749  78.061 0.0000000000
74903  40.384  -33.961  77.877 0.0000000000
73776  40.323  -35.314  79.213 0.0000000000
73753  41.492  -35.731  81.114 0.0000000000
73752  42.241  -35.389  81.358 0.0000000000
73762  42.566  -34.486  80.059 0.0000000000
61359  35.242  -44.251  81.433 0.0000000000
61358  36.083  -44.002  81.777 0.0000000000
63905  36.691  -42.582  80.726 0.0000000000
63930  36.105  -42.335  80.215 0.0000000000
65274  35.957  -41.488  79.558 0.0000000000
65255  36.493  -41.386  80.059 0.0000000000
66552  37.265  -40.451  80.705 0.0000000000
66546  37.905  -40.420  81.424 0.0000000000
67788  37.201  -39.563  81.049 0.0000000000
66539  38.002  -39.906  81.900 0.0000000000
60072  40.285  -46.287  87.962 0.0000000000
60087  39.889  -46.172  87.430 0.0000000000
60086  40.646  -46.032  87.333 0.0000000000
60100  42.275  -45.515  86.537 0.0000000000
60101  41.057  -45.662  86.550 0.0000000000
60122  41.542  -45.123  85.729 0.0000000000
61304  40.859  -44.748  84.867 0.0000000000
61303  42.078  -44.210  85.117 0.0000000000
63833  41.879  -42.238  84.947 0.0000000000
63832  42.355  -42.627  85.526 0.0000000000
62554  41.605  -43.100  84.354 0.0000000000
63844  41.219  -42.274  84.154 0.0000000000
65210  40.282  -41.625  83.444 0.0000000000
65199  40.663  -41.302  84.118 0.0000000000
67767  39.274  -39.616  83.976 0.0000000000
66529  39.322  -40.324  83.270 0.0000000000
67768  38.802  -39.247  83.434 0.0000000000
67774  38.419  -39.281  82.749 0.0000000000
69012  38.379  -38.559  83.134 0.0000000000
68998  38.636  -38.108  83.764 0.0000000000
70252  39.281  -37.474  85.245 0.0000000000
70287  38.701  -37.253  84.312 0.0000000000
71490  39.115  -36.825  84.739 0.0000000000
71489  39.854  -36.485  84.441 0.0000000000
68935  41.310  -38.208  87.483 0.0000000000
70210  41.811  -37.643  87.493 0.0000000000
71446  41.497  -37.032  86.134 0.0000000000
71465  41.517  -36.836  85.291 0.0000000000
71488  40.906  -36.667  84.629 0.0000000000
71487  41.697  -36.685  84.599 0.0000000000
72604  41.840  -36.434  83.362 0.0000000000
71486  42.188  -36.610  84.535 0.0000000000
92471  54.849  -18.122  65.728 0.0000000000
87082  54.170  -23.323  64.820 0.0000000000
88221  54.161  -22.955  64.755 0.0000000000
91319  56.406  -19.146  65.579 0.0000000000
91318  57.110  -18.635  65.003 0.0000000000
90309  58.170  -20.348  63.498 0.0000000000
91332  58.519  -19.795  63.727 0.0000000000
90308  58.909  -20.242  63.877 0.0000000000
88215  59.517  -21.662  65.067 0.0000000000
89269  59.804  -20.973  64.917 0.0000000000
87053  60.585  -23.258  66.336 0.0000000000
93626  58.008  -17.280  60.433 0.0000000000
93642  57.613  -17.079  59.564 0.0000000000
93640  58.819  -16.443  59.792 0.0000000000
92486  60.686  -18.176  62.644 0.0000000000
45405  11.721  -57.976  91.547 0.0000000000
76102  43.450  -32.996  78.764 0.0000000000
57665  28.564  -48.110  83.315 0.0000000000
56419  29.125  -48.811  84.095 0.0000000000
51518  19.416  -52.665  86.229 0.0000000000
51532  22.180  -52.733  85.563 0.0000000000
50174  18.626  -54.444  94.747 0.0000000000
50160  18.952  -54.518  95.184 0.0000000000
50161  18.216  -54.902  95.169 0.0000000000
48981  17.844  -55.433  95.555 0.0000000000
84608  58.131  -25.559  67.693 0.0000000000
84592  58.000  -25.435  68.732 0.0000000000
83147  53.519  -26.052  75.140 0.0000000000
83145  54.341  -25.531  75.214 0.0000000000
85793  54.279  -24.823  75.974 0.0000000000
82036  42.818  -27.549  71.356 0.0000000000
82026  42.916  -27.956  71.888 0.0000000000
82010  43.783  -28.088  72.832 0.0000000000
72655  35.616  -35.987  80.186 0.0000000000
71535  36.338  -36.494  80.697 0.0000000000
71523  36.698  -36.675  81.091 0.0000000000
71513  37.133  -36.830  81.666 0.0000000000
58953  36.513  -46.346  85.440 0.0000000000
60144  36.982  -45.926  84.755 0.0000000000
60124  38.998  -45.567  85.402 0.0000000000
93598  57.121  -17.170  63.540 0.0000000000
94711  58.477  -16.645  64.272 0.0000000000
94712  57.852  -16.755  64.253 0.0000000000
51493  28.046  -53.000  86.499 0.0000000000
51492  28.725  -52.770  86.728 0.0000000000
50312  29.061  -53.268  87.530 0.0000000000
46530  15.372  -56.575  94.232 0.0000000000
45324  11.994  -57.703  96.435 0.0000000000
83268  52.761  -27.202  68.373 0.0000000000
83269  51.545  -27.333  68.837 0.0000000000
82067  51.780  -27.510  69.663 0.0000000000
84562  48.400  -26.434  69.926 0.0000000000
83234  49.646  -26.828  70.114 0.0000000000
83200  50.930  -26.463  72.092 0.0000000000
84515  50.261  -26.164  73.057 0.0000000000
84499  50.302  -26.121  73.764 0.0000000000
80835  42.470  -28.609  76.668 0.0000000000
80834  42.948  -28.571  77.269 0.0000000000
80819  43.375  -28.922  77.871 0.0000000000
78467  45.385  -30.627  79.539 0.0000000000
43015  8.334  -59.835  90.482 0.0000000000
43003  8.578  -60.389  91.359 0.0000000000
41781  7.961  -60.842  91.783 0.0000000000
41769  7.488  -61.351  92.718 0.0000000000
80865  39.445  -29.345  74.198 0.0000000000
77359  39.110  -31.381  74.131 0.0000000000
78537  39.455  -30.640  74.214 0.0000000000
77358  39.706  -31.409  74.493 0.0000000000
76163  40.434  -32.027  75.316 0.0000000000
76154  41.296  -32.100  76.297 0.0000000000
76141  40.809  -32.813  76.861 0.0000000000
74902  41.051  -33.722  78.073 0.0000000000
57662  31.562  -47.250  83.710 0.0000000000
58978  31.225  -46.757  83.205 0.0000000000
57661  32.403  -46.990  83.887 0.0000000000
57660  32.900  -46.826  83.970 0.0000000000
58956  33.918  -46.711  84.276 0.0000000000
57642  33.980  -47.432  85.022 0.0000000000
57624  34.806  -47.585  85.880 0.0000000000
52655  30.932  -51.627  87.896 0.0000000000
53839  30.677  -51.088  87.264 0.0000000000
53820  31.217  -51.039  87.851 0.0000000000
53819  31.823  -50.848  88.120 0.0000000000
53818  32.562  -50.722  88.575 0.0000000000
55063  35.981  -50.239  89.940 0.0000000000
55075  36.432  -49.209  88.352 0.0000000000
49048  23.601  -54.368  91.997 0.0000000000
50278  20.017  -53.900  89.884 0.0000000000
50257  20.628  -54.136  90.619 0.0000000000
50258  19.805  -53.998  90.824 0.0000000000
51430  18.981  -53.878  91.779 0.0000000000
51431  18.521  -53.890  91.866 0.0000000000
52675  17.756  -52.722  86.322 0.0000000000
49130  16.482  -54.140  86.356 0.0000000000
50321  16.972  -53.723  87.068 0.0000000000
56495  26.611  -47.980  81.183 0.0000000000
52756  24.837  -51.113  82.296 0.0000000000
52755  25.398  -51.013  82.505 0.0000000000
51528  26.018  -52.689  85.362 0.0000000000
50317  24.129  -53.727  87.918 0.0000000000
50272  24.735  -54.172  88.798 0.0000000000
49082  25.129  -54.506  90.328 0.0000000000
42963  8.732  -60.636  95.199 0.0000000000
88134  59.612  -22.907  70.693 0.0000000000
87009  60.246  -23.377  70.266 0.0000000000
85864  60.018  -24.225  70.760 0.0000000000
83208  59.423  -26.029  71.562 0.0000000000
83209  56.210  -25.771  71.839 0.0000000000
84532  56.344  -24.950  72.857 0.0000000000
86962  57.009  -23.728  75.850 0.0000000000
86968  57.135  -23.715  75.097 0.0000000000
85881  44.287  -25.003  69.594 0.0000000000
83203  45.785  -26.254  72.462 0.0000000000
84538  45.695  -25.809  72.073 0.0000000000
83202  46.434  -26.066  72.742 0.0000000000
84469  49.440  -25.109  76.268 0.0000000000
81972  45.185  -27.784  76.397 0.0000000000
85740  49.924  -24.865  78.408 0.0000000000
73817  36.782  -34.598  76.487 0.0000000000
72666  39.177  -35.887  79.372 0.0000000000
73764  40.505  -35.761  80.003 0.0000000000
72649  40.994  -35.923  81.098 0.0000000000
72635  41.356  -35.999  81.772 0.0000000000
61351  37.501  -43.943  82.666 0.0000000000
62594  36.700  -43.614  81.704 0.0000000000
62593  37.565  -43.374  81.976 0.0000000000
63880  37.658  -42.635  81.321 0.0000000000
63904  37.313  -42.161  80.829 0.0000000000
65254  37.083  -41.315  80.474 0.0000000000
63903  37.873  -42.018  81.172 0.0000000000
65236  38.214  -41.437  81.374 0.0000000000
65223  38.714  -41.494  81.834 0.0000000000
58889  42.679  -46.258  87.755 0.0000000000
60084  43.195  -45.499  87.500 0.0000000000
60099  43.019  -44.897  86.655 0.0000000000
65190  41.483  -41.363  85.397 0.0000000000
66518  40.487  -40.686  84.643 0.0000000000
66509  39.830  -39.796  84.970 0.0000000000
67760  39.432  -39.244  84.709 0.0000000000
68984  39.446  -38.597  85.252 0.0000000000
68967  39.391  -38.001  85.384 0.0000000000
70251  39.690  -37.604  85.676 0.0000000000
87080  55.302  -23.436  64.610 0.0000000000
88220  54.707  -22.647  64.740 0.0000000000
89263  56.276  -20.652  64.683 0.0000000000
90304  56.927  -19.994  64.203 0.0000000000
90310  57.372  -20.678  63.620 0.0000000000
94746  59.220  -16.346  60.733 0.0000000000
94762  59.287  -16.194  59.737 0.0000000000
94760  60.155  -16.625  59.502 0.0000000000
91331  60.865  -19.120  63.580 0.0000000000
90306  60.977  -19.606  63.797 0.0000000000
89274  60.608  -21.260  63.194 0.0000000000
50271  27.607  -54.582  89.526 0.0000000000
49044  27.452  -55.452  92.427 0.0000000000
46546  13.382  -57.382  92.693 0.0000000000
45371  11.723  -57.939  93.718 0.0000000000
45325  11.442  -57.921  96.117 0.0000000000
45302  10.954  -58.262  97.048 0.0000000000
84574  48.305  -26.455  69.007 0.0000000000
84563  47.489  -25.801  70.271 0.0000000000
78491  42.979  -30.596  77.273 0.0000000000
77287  44.500  -31.457  78.670 0.0000000000
77273  45.158  -31.491  79.216 0.0000000000
40458  5.977  -61.289  92.709 0.0000000000
40440  5.927  -62.245  93.774 0.0000000000
77372  38.527  -31.398  73.767 0.0000000000
76179  38.586  -32.334  74.321 0.0000000000
76165  38.909  -32.736  74.963 0.0000000000
57664  29.316  -47.747  83.530 0.0000000000
57663  30.584  -47.474  83.612 0.0000000000
57645  31.079  -47.937  84.116 0.0000000000
56416  31.572  -48.347  84.609 0.0000000000
50276  21.753  -54.070  89.488 0.0000000000
49118  16.116  -55.272  87.063 0.0000000000
47863  15.679  -55.716  87.325 0.0000000000
47864  14.527  -56.392  87.541 0.0000000000
51530  24.125  -52.755  85.452 0.0000000000
87029  58.996  -23.023  68.439 0.0000000000
87020  58.870  -23.055  69.454 0.0000000000
88135  59.092  -22.721  71.047 0.0000000000
88124  58.945  -22.621  71.636 0.0000000000
88114  58.912  -22.644  71.965 0.0000000000
83195  55.307  -25.898  73.440 0.0000000000
84479  55.176  -24.813  75.467 0.0000000000
85808  55.663  -24.495  75.243 0.0000000000
83254  43.442  -25.999  70.482 0.0000000000
83237  43.792  -26.183  70.978 0.0000000000
83219  44.169  -26.382  71.441 0.0000000000
82035  43.740  -26.914  71.430 0.0000000000
83204  45.137  -26.411  72.221 0.0000000000
83184  46.252  -26.456  72.977 0.0000000000
81993  47.446  -26.769  74.175 0.0000000000
81925  46.837  -27.316  79.452 0.0000000000
72719  35.204  -34.745  77.407 0.0000000000
72718  35.666  -34.776  77.121 0.0000000000
72701  35.605  -34.925  77.875 0.0000000000
72638  38.625  -36.295  81.426 0.0000000000
72623  38.926  -36.051  82.324 0.0000000000
60182  35.115  -44.892  82.113 0.0000000000
60155  36.770  -45.339  83.763 0.0000000000
61341  36.871  -44.786  83.233 0.0000000000
87069  54.355  -23.701  64.915 0.0000000000
85940  54.981  -24.228  65.062 0.0000000000
85952  55.555  -24.090  64.805 0.0000000000
87078  57.224  -23.032  63.939 0.0000000000
85949  57.640  -23.661  64.287 0.0000000000
93628  56.409  -17.351  60.548 0.0000000000
93613  57.656  -17.368  61.413 0.0000000000
94734  58.938  -16.366  61.679 0.0000000000
93611  60.392  -17.341  61.676 0.0000000000
93604  60.458  -17.202  62.719 0.0000000000
93596  60.197  -17.067  63.683 0.0000000000
93597  59.618  -16.733  64.046 0.0000000000
92475  60.221  -18.049  64.309 0.0000000000
91325  59.952  -19.240  64.521 0.0000000000
53878  28.854  -50.775  85.463 0.0000000000
53860  29.216  -51.310  86.083 0.0000000000
52670  29.807  -51.849  86.945 0.0000000000
51491  29.515  -52.641  87.226 0.0000000000
51490  30.083  -52.329  87.456 0.0000000000
52669  30.407  -51.801  87.409 0.0000000000
52640  31.183  -52.030  88.453 0.0000000000
50251  29.732  -54.259  90.485 0.0000000000
50250  30.672  -53.747  90.255 0.0000000000
49006  17.047  -55.284  94.964 0.0000000000
49007  16.566  -55.472  95.257 0.0000000000
47765  15.927  -55.585  96.020 0.0000000000
47777  15.404  -56.017  95.608 0.0000000000
47738  15.596  -56.021  97.371 0.0000000000
46494  13.598  -56.836  97.084 0.0000000000
83265  55.464  -27.145  68.459 0.0000000000
82075  54.813  -27.354  68.572 0.0000000000
82063  54.843  -27.520  69.130 0.0000000000
82047  54.673  -27.542  70.119 0.0000000000
82077  53.404  -27.581  68.836 0.0000000000
82064  54.002  -27.668  69.427 0.0000000000
83250  51.186  -27.356  69.860 0.0000000000
83233  50.548  -26.952  70.389 0.0000000000
83212  53.428  -26.803  71.791 0.0000000000
83197  53.688  -26.694  72.769 0.0000000000
83177  53.927  -26.688  73.761 0.0000000000
83160  53.249  -26.653  74.496 0.0000000000
83179  51.954  -26.819  73.363 0.0000000000
80861  43.084  -28.431  74.277 0.0000000000
81986  42.750  -28.107  76.287 0.0000000000
79654  43.163  -29.799  77.518 0.0000000000
80806  43.949  -29.228  78.414 0.0000000000
79621  44.833  -29.837  79.323 0.0000000000
69039  36.561  -38.581  80.781 0.0000000000
58891  38.630  -46.619  87.803 0.0000000000
58867  40.693  -46.571  88.549 0.0000000000
84626  53.194  -25.401  66.550 0.0000000000
84627  52.202  -25.358  66.626 0.0000000000
93592  55.252  -17.658  64.441 0.0000000000
44193  9.964  -59.539  92.121 0.0000000000
42992  8.964  -60.566  92.161 0.0000000000
42981  9.027  -60.672  93.080 0.0000000000
41739  8.396  -61.006  95.063 0.0000000000
40447  7.271  -61.791  94.306 0.0000000000
41741  7.810  -61.392  95.098 0.0000000000
82054  42.035  -27.175  70.436 0.0000000000
82037  41.913  -27.856  71.173 0.0000000000
80921  41.800  -28.197  71.773 0.0000000000
80922  40.788  -28.319  71.555 0.0000000000
80901  41.570  -28.414  72.588 0.0000000000
79670  41.809  -29.919  75.945 0.0000000000
80866  38.890  -29.599  73.889 0.0000000000
80853  39.893  -29.594  74.553 0.0000000000
79698  39.657  -29.980  74.470 0.0000000000
79687  40.246  -29.942  74.794 0.0000000000
78506  41.223  -30.226  75.234 0.0000000000
79671  41.448  -29.965  75.412 0.0000000000
79669  42.247  -30.130  76.404 0.0000000000
77307  42.662  -31.511  77.245 0.0000000000
76121  42.601  -32.643  77.957 0.0000000000
73761  43.302  -34.170  80.351 0.0000000000
61371  32.336  -44.610  79.994 0.0000000000
60184  33.468  -45.139  81.559 0.0000000000
60188  29.839  -45.340  81.325 0.0000000000
60187  30.695  -45.308  81.361 0.0000000000
60171  31.730  -45.661  82.153 0.0000000000
60185  32.481  -45.294  81.521 0.0000000000
60157  34.724  -45.694  83.242 0.0000000000
58973  35.385  -46.105  84.325 0.0000000000
58935  36.991  -46.476  86.066 0.0000000000
55140  29.756  -49.811  85.412 0.0000000000
55139  30.827  -49.494  85.667 0.0000000000
53858  30.849  -50.439  86.751 0.0000000000
55138  31.788  -49.221  85.693 0.0000000000
55137  32.503  -48.994  85.511 0.0000000000
56382  33.108  -48.943  85.517 0.0000000000
53799  32.896  -50.741  89.200 0.0000000000
53836  33.309  -50.396  88.042 0.0000000000
53835  33.821  -50.364  88.333 0.0000000000
56381  33.764  -49.000  85.801 0.0000000000
56380  34.644  -48.720  86.165 0.0000000000
57609  35.074  -48.167  86.345 0.0000000000
55090  36.298  -48.890  87.859 0.0000000000
57592  36.027  -48.006  87.228 0.0000000000
57607  36.101  -47.580  87.190 0.0000000000
49013  25.161  -55.597  94.146 0.0000000000
49015  23.795  -54.524  94.115 0.0000000000
50170  22.427  -54.632  94.935 0.0000000000
50237  22.211  -54.275  91.070 0.0000000000
50217  22.049  -54.386  92.002 0.0000000000
50185  19.065  -54.074  93.950 0.0000000000
51376  19.151  -54.007  94.124 0.0000000000
51385  18.656  -54.299  94.137 0.0000000000
51386  18.373  -54.461  94.155 0.0000000000
49016  17.857  -54.737  93.864 0.0000000000
52672  18.913  -52.690  86.651 0.0000000000
51497  18.492  -52.904  87.569 0.0000000000
51461  18.061  -53.106  89.239 0.0000000000
51416  17.869  -54.034  92.006 0.0000000000
50222  17.804  -54.395  92.615 0.0000000000
50203  17.798  -54.637  93.179 0.0000000000
49017  17.566  -55.137  94.090 0.0000000000
47800  17.075  -55.685  93.553 0.0000000000
47825  16.444  -56.211  92.090 0.0000000000
46557  14.084  -57.039  92.011 0.0000000000
46604  15.206  -56.653  89.609 0.0000000000
46605  14.441  -56.884  89.422 0.0000000000
46588  14.631  -56.888  90.335 0.0000000000
44228  8.100  -59.072  89.786 0.0000000000
56438  28.131  -48.693  83.309 0.0000000000
55212  26.160  -49.317  81.425 0.0000000000
55197  26.502  -49.521  82.070 0.0000000000
53906  26.134  -50.904  82.909 0.0000000000
55180  26.831  -49.754  82.733 0.0000000000
53904  27.471  -50.029  83.653 0.0000000000
53879  28.091  -51.191  85.019 0.0000000000
52689  28.077  -52.138  85.644 0.0000000000
51510  27.504  -52.713  85.952 0.0000000000
49104  26.932  -54.510  89.120 0.0000000000
49093  26.883  -54.638  89.656 0.0000000000
49064  26.281  -54.860  91.584 0.0000000000
49045  26.450  -55.160  92.558 0.0000000000
48995  17.152  -55.288  95.518 0.0000000000
42962  9.363  -59.744  95.305 0.0000000000
44163  9.765  -59.043  95.518 0.0000000000
44162  10.368  -58.675  95.120 0.0000000000
44157  10.452  -58.656  95.964 0.0000000000
44145  10.398  -58.670  96.779 0.0000000000
88157  59.929  -22.690  68.891 0.0000000000
83226  57.000  -25.641  70.976 0.0000000000
87004  58.075  -23.172  71.791 0.0000000000
86994  58.675  -22.906  72.361 0.0000000000
84533  55.886  -25.409  73.110 0.0000000000
85842  56.700  -24.217  73.327 0.0000000000
86978  57.310  -23.600  74.568 0.0000000000
86977  57.563  -23.451  73.930 0.0000000000
85841  57.206  -23.785  73.046 0.0000000000
86975  59.035  -23.202  73.088 0.0000000000
85896  45.394  -24.659  68.507 0.0000000000
84549  47.484  -25.369  71.148 0.0000000000
85870  44.552  -25.252  70.255 0.0000000000
85869  45.180  -25.233  70.480 0.0000000000
84550  45.920  -25.403  71.690 0.0000000000
85856  46.022  -25.231  71.338 0.0000000000
85855  46.686  -25.157  71.175 0.0000000000
80877  44.171  -28.257  73.763 0.0000000000
81983  45.462  -27.938  75.184 0.0000000000
81981  47.475  -27.026  74.757 0.0000000000
83151  48.096  -26.485  75.594 0.0000000000
83131  47.875  -26.777  77.731 0.0000000000
84422  48.878  -26.030  78.755 0.0000000000
83120  48.510  -26.399  78.333 0.0000000000
83140  47.961  -26.738  76.690 0.0000000000
83150  48.576  -25.860  75.855 0.0000000000
84470  48.923  -25.501  76.435 0.0000000000
85758  50.454  -24.626  77.761 0.0000000000
85776  50.608  -24.745  77.008 0.0000000000
74960  37.506  -33.101  74.106 0.0000000000
74947  38.515  -33.052  74.920 0.0000000000
74936  38.875  -33.159  75.489 0.0000000000
72717  36.177  -34.750  76.861 0.0000000000
73802  37.649  -34.736  77.082 0.0000000000
73787  37.620  -34.977  77.686 0.0000000000
73816  37.877  -34.145  76.120 0.0000000000
73815  38.516  -33.957  76.311 0.0000000000
74927  39.016  -33.597  76.264 0.0000000000
74916  39.938  -33.750  77.257 0.0000000000
73783  41.309  -34.055  78.470 0.0000000000
61368  34.792  -43.972  80.753 0.0000000000
62611  36.090  -43.289  81.053 0.0000000000
62628  35.576  -43.030  80.425 0.0000000000
69038  37.085  -38.875  81.359 0.0000000000
58912  39.498  -46.239  87.151 0.0000000000
61305  39.678  -44.976  84.857 0.0000000000
61322  40.057  -44.194  84.071 0.0000000000
62556  40.090  -43.640  83.633 0.0000000000
60120  42.906  -44.509  86.281 0.0000000000
62538  42.921  -43.287  86.495 0.0000000000
62545  42.615  -43.345  85.631 0.0000000000
61320  41.806  -43.633  84.661 0.0000000000
62555  40.700  -43.226  83.734 0.0000000000
62572  39.782  -43.238  83.183 0.0000000000
63859  39.571  -42.313  82.658 0.0000000000
65222  39.220  -41.461  82.376 0.0000000000
66537  39.270  -40.878  82.703 0.0000000000
65200  39.976  -40.999  83.637 0.0000000000
66538  38.643  -40.372  82.275 0.0000000000
67775  37.960  -39.321  82.185 0.0000000000
69025  37.375  -38.480  81.849 0.0000000000
70318  37.449  -37.685  82.158 0.0000000000
70303  37.695  -37.241  82.725 0.0000000000
70288  38.211  -37.147  83.543 0.0000000000
71503  37.973  -36.415  83.011 0.0000000000
72608  38.503  -35.950  82.997 0.0000000000
72607  39.218  -35.983  83.179 0.0000000000
68949  40.847  -38.318  87.060 0.0000000000
70229  40.724  -37.763  86.618 0.0000000000
71448  40.021  -37.353  85.882 0.0000000000
71430  41.745  -37.397  86.999 0.0000000000
71447  40.659  -37.319  86.174 0.0000000000
72606  40.056  -36.291  83.389 0.0000000000
72621  40.695  -36.403  82.509 0.0000000000
72620  41.567  -36.279  82.605 0.0000000000
72619  42.384  -35.943  82.756 0.0000000000
72618  43.003  -35.764  83.201 0.0000000000
73742  42.443  -35.598  82.152 0.0000000000
93582  55.039  -17.736  65.217 0.0000000000
92469  56.128  -18.294  65.587 0.0000000000
91326  58.874  -19.159  63.999 0.0000000000
91317  60.045  -19.999  64.861 0.0000000000
87085  57.911  -22.680  63.646 0.0000000000
88224  58.259  -22.192  63.648 0.0000000000
90301  59.924  -20.295  64.810 0.0000000000
41740  8.155  -61.184  95.351 0.0000000000
42953  8.478  -60.751  95.920 0.0000000000
46529  15.950  -56.309  94.289 0.0000000000
47739  15.252  -56.353  97.353 0.0000000000
47775  16.565  -55.584  94.953 0.0000000000
47862  16.210  -55.367  87.408 0.0000000000
49029  17.773  -54.777  93.548 0.0000000000
49049  21.000  -54.373  91.859 0.0000000000
49050  20.776  -54.342  92.015 0.0000000000
49068  20.797  -54.307  91.731 0.0000000000
49092  27.608  -54.706  90.082 0.0000000000
49096  24.373  -54.282  89.510 0.0000000000
50156  22.409  -54.845  95.501 0.0000000000
50162  17.777  -55.107  95.188 0.0000000000
51377  18.897  -54.232  94.500 0.0000000000
51384  18.835  -54.009  93.921 0.0000000000
52687  29.382  -51.636  86.424 0.0000000000
53798  33.498  -50.585  89.511 0.0000000000
53815  34.764  -50.315  89.076 0.0000000000
55095  31.593  -50.137  86.908 0.0000000000
55111  35.534  -49.012  86.935 0.0000000000
56366  36.201  -48.497  87.542 0.0000000000
56367  35.781  -48.553  87.049 0.0000000000
56394  34.215  -48.345  85.674 0.0000000000
56437  28.711  -48.465  83.637 0.0000000000
57608  35.617  -47.750  86.697 0.0000000000
58890  39.394  -46.374  87.630 0.0000000000
58893  36.810  -47.213  87.740 0.0000000000
58913  38.942  -46.365  87.017 0.0000000000
58957  33.311  -46.669  83.970 0.0000000000
61302  42.840  -44.084  85.932 0.0000000000
61306  39.038  -45.093  84.895 0.0000000000
61338  39.772  -43.789  83.613 0.0000000000
63845  40.650  -42.245  83.569 0.0000000000
63858  40.100  -42.281  83.156 0.0000000000
65181  41.403  -40.946  86.211 0.0000000000
65191  40.890  -40.993  84.945 0.0000000000
68966  39.801  -38.332  85.823 0.0000000000
69026  36.867  -38.230  81.352 0.0000000000
70194  41.622  -37.894  87.599 0.0000000000
70211  41.296  -37.763  87.147 0.0000000000
70230  40.149  -37.712  86.154 0.0000000000
70273  38.968  -37.288  84.900 0.0000000000
71445  42.309  -36.775  85.851 0.0000000000
71468  39.219  -37.097  85.105 0.0000000000
72588  42.069  -36.539  84.076 0.0000000000
72589  41.340  -36.564  83.993 0.0000000000
72605  41.000  -36.522  83.298 0.0000000000
73774  42.340  -34.150  79.293 0.0000000000
73800  39.384  -34.166  77.279 0.0000000000
73803  37.040  -34.861  77.134 0.0000000000
74915  40.776  -33.281  77.397 0.0000000000
74937  38.144  -33.600  75.359 0.0000000000
74948  37.927  -33.219  74.615 0.0000000000
77308  42.042  -31.742  76.918 0.0000000000
77338  41.375  -31.359  75.635 0.0000000000
78492  42.480  -30.666  76.750 0.0000000000
80937  40.133  -28.257  71.150 0.0000000000
81927  45.374  -28.352  79.525 0.0000000000
82007  46.425  -26.718  73.285 0.0000000000
82023  45.310  -26.668  72.497 0.0000000000
82034  44.302  -26.614  71.730 0.0000000000
82051  51.591  -27.389  70.091 0.0000000000
82066  52.371  -27.591  69.687 0.0000000000
83157  55.106  -25.619  74.645 0.0000000000
83218  44.735  -26.206  71.745 0.0000000000
83235  49.111  -26.722  69.729 0.0000000000
83255  42.924  -26.124  70.096 0.0000000000
84450  51.580  -24.765  77.574 0.0000000000
84480  54.606  -25.145  75.454 0.0000000000
84481  53.925  -25.363  75.518 0.0000000000
84498  54.960  -25.236  75.133 0.0000000000
84511  59.056  -24.450  73.093 0.0000000000
84519  46.790  -25.848  72.851 0.0000000000
84545  56.424  -25.366  72.071 0.0000000000
84552  44.717  -25.801  71.349 0.0000000000
84561  49.030  -26.643  70.123 0.0000000000
84610  54.656  -26.041  66.983 0.0000000000
85857  45.450  -25.309  71.074 0.0000000000
85865  58.268  -23.553  70.486 0.0000000000
86960  57.967  -23.785  75.158 0.0000000000
87068  54.797  -23.685  64.783 0.0000000000
87086  57.691  -22.846  63.745 0.0000000000
88115  58.915  -22.650  71.846 0.0000000000
88217  57.053  -22.543  63.804 0.0000000000
90293  60.680  -20.109  64.605 0.0000000000
91323  60.965  -19.374  64.036 0.0000000000
91330  60.984  -19.452  63.912 0.0000000000
93605  58.003  -16.966  62.251 0.0000000000
93641  58.261  -16.807  59.479 0.0000000000
94728  57.964  -16.723  62.968 0.0000000000
94745  59.713  -16.383  60.737 0.0000000000
