#!ascii label  , from subject tim vox2ras=TkReg
1012
62707  29.818  -43.008  76.446 0.0000000000
89259  44.457  -22.134  66.660 0.0000000000
78566  33.973  -30.361  71.945 0.0000000000
51520  13.366  -52.504  86.630 0.0000000000
62602  23.371  -43.788  82.068 0.0000000000
85832  34.269  -24.697  73.516 0.0000000000
56464  17.992  -48.451  82.041 0.0000000000
52710  16.863  -52.149  85.058 0.0000000000
53949  21.752  -50.489  80.404 0.0000000000
84615  49.253  -25.697  67.401 0.0000000000
67815  30.446  -39.187  77.858 0.0000000000
72705  30.812  -35.735  77.040 0.0000000000
66577  35.063  -41.008  78.272 0.0000000000
90287  48.462  -20.539  66.710 0.0000000000
87071  52.640  -23.364  65.471 0.0000000000
89206  40.588  -21.056  70.165 0.0000000000
85883  42.580  -25.265  68.985 0.0000000000
84584  37.998  -25.234  69.752 0.0000000000
80905  37.482  -29.013  72.729 0.0000000000
60206  28.775  -45.118  80.609 0.0000000000
46649  12.342  -56.631  87.355 0.0000000000
47845  8.517  -55.615  89.182 0.0000000000
46560  7.027  -55.692  92.617 0.0000000000
65282  26.554  -41.720  79.293 0.0000000000
56515  25.445  -48.105  79.620 0.0000000000
77345  30.709  -32.220  75.334 0.0000000000
73819  34.738  -34.662  76.738 0.0000000000
90268  54.480  -20.610  67.104 0.0000000000
87059  46.389  -23.478  66.635 0.0000000000
85895  46.026  -24.701  68.188 0.0000000000
66592  30.849  -40.534  76.664 0.0000000000
69108  32.173  -39.106  75.638 0.0000000000
65325  33.127  -42.136  76.572 0.0000000000
91291  44.001  -19.394  68.432 0.0000000000
91289  46.311  -19.307  68.816 0.0000000000
90289  46.298  -20.797  66.380 0.0000000000
87057  48.318  -23.190  66.196 0.0000000000
43006  5.752  -59.492  91.531 0.0000000000
88153  39.172  -22.737  69.865 0.0000000000
87007  38.373  -23.346  71.729 0.0000000000
82030  33.544  -27.614  72.757 0.0000000000
82043  35.431  -27.434  71.691 0.0000000000
79725  35.658  -29.585  72.254 0.0000000000
76198  36.528  -32.546  73.024 0.0000000000
51554  15.069  -51.905  84.859 0.0000000000
50340  16.780  -53.415  86.114 0.0000000000
49132  14.472  -54.803  86.065 0.0000000000
46647  13.959  -56.825  87.966 0.0000000000
49134  12.579  -54.559  86.651 0.0000000000
49099  9.924  -54.235  89.386 0.0000000000
46591  7.329  -55.589  90.698 0.0000000000
63937  24.766  -42.250  80.555 0.0000000000
61391  25.243  -44.295  79.729 0.0000000000
60238  23.656  -45.819  78.952 0.0000000000
52759  21.504  -51.649  82.266 0.0000000000
52757  23.706  -51.506  82.347 0.0000000000
71549  33.719  -36.545  79.055 0.0000000000
73805  32.863  -34.717  77.489 0.0000000000
85814  37.338  -23.573  74.633 0.0000000000
83153  33.388  -26.586  75.616 0.0000000000
79711  33.052  -29.354  73.386 0.0000000000
52747  19.153  -51.783  83.238 0.0000000000
52707  18.540  -52.020  84.955 0.0000000000
53908  17.218  -50.468  83.606 0.0000000000
55169  15.371  -49.350  84.737 0.0000000000
55125  14.444  -49.436  86.729 0.0000000000
57737  22.522  -47.444  79.571 0.0000000000
57720  22.040  -47.947  80.831 0.0000000000
53951  20.210  -50.102  81.052 0.0000000000
70359  28.872  -37.282  79.501 0.0000000000
72688  27.835  -35.517  77.929 0.0000000000
70402  29.956  -37.656  76.658 0.0000000000
70399  33.534  -38.285  77.161 0.0000000000
89251  52.110  -21.800  66.968 0.0000000000
88192  50.722  -22.041  66.330 0.0000000000
85924  50.903  -24.560  66.203 0.0000000000
90278  41.760  -20.915  67.975 0.0000000000
87044  43.331  -23.449  67.370 0.0000000000
87033  41.020  -23.495  67.928 0.0000000000
84581  40.929  -25.869  68.961 0.0000000000
82070  40.104  -27.286  69.969 0.0000000000
85860  35.914  -24.540  71.481 0.0000000000
82058  37.734  -27.585  70.655 0.0000000000
61402  29.834  -44.410  78.307 0.0000000000
61399  32.737  -43.973  78.536 0.0000000000
91268  42.569  -19.528  70.080 0.0000000000
51501  12.026  -52.710  87.955 0.0000000000
49121  10.502  -54.661  87.750 0.0000000000
46629  9.723  -56.510  88.123 0.0000000000
45444  9.499  -58.125  88.916 0.0000000000
44242  7.438  -57.921  89.569 0.0000000000
45407  6.233  -57.766  90.656 0.0000000000
45374  5.490  -56.345  92.452 0.0000000000
45358  4.887  -56.105  93.034 0.0000000000
63987  27.926  -42.575  77.622 0.0000000000
61389  27.341  -44.246  79.485 0.0000000000
59019  26.950  -46.445  81.170 0.0000000000
55232  23.767  -49.418  79.410 0.0000000000
76200  32.083  -32.539  73.065 0.0000000000
73842  29.375  -33.944  75.711 0.0000000000
73855  32.193  -34.479  74.349 0.0000000000
74963  34.854  -33.822  72.987 0.0000000000
62647  34.529  -43.121  79.396 0.0000000000
92462  55.090  -18.698  66.086 0.0000000000
88171  54.126  -21.650  66.503 0.0000000000
89248  55.321  -20.914  65.788 0.0000000000
88197  45.783  -22.654  66.422 0.0000000000
85910  46.168  -24.147  67.317 0.0000000000
87061  45.116  -23.407  66.927 0.0000000000
65328  30.398  -41.550  76.260 0.0000000000
65327  31.292  -41.643  75.850 0.0000000000
64001  31.524  -42.557  76.133 0.0000000000
90275  44.411  -20.511  66.896 0.0000000000
90274  45.517  -20.112  66.821 0.0000000000
90290  45.319  -21.045  66.438 0.0000000000
88196  46.692  -22.527  66.242 0.0000000000
44194  5.177  -58.608  91.934 0.0000000000
87006  38.976  -22.930  71.540 0.0000000000
85845  39.325  -23.606  72.852 0.0000000000
79727  33.642  -29.357  72.483 0.0000000000
80908  34.408  -28.490  72.138 0.0000000000
78565  35.021  -30.476  71.931 0.0000000000
78548  36.825  -30.728  72.745 0.0000000000
77385  35.360  -31.476  71.906 0.0000000000
52712  14.093  -51.947  85.723 0.0000000000
50353  15.245  -53.378  85.343 0.0000000000
50354  14.213  -53.552  85.819 0.0000000000
49133  13.501  -54.767  86.330 0.0000000000
50342  13.178  -53.589  86.540 0.0000000000
62613  23.780  -43.016  81.739 0.0000000000
62654  23.817  -43.630  79.809 0.0000000000
61375  23.292  -44.257  80.163 0.0000000000
51564  20.469  -52.270  83.842 0.0000000000
74904  28.997  -33.156  79.373 0.0000000000
72670  34.847  -35.675  79.652 0.0000000000
81997  32.899  -27.614  74.254 0.0000000000
80855  33.083  -28.494  74.856 0.0000000000
53921  18.297  -50.469  82.436 0.0000000000
53907  17.698  -50.653  83.318 0.0000000000
55199  17.560  -49.513  82.718 0.0000000000
56426  15.981  -48.253  84.265 0.0000000000
56405  15.428  -48.331  85.245 0.0000000000
55147  14.879  -49.300  85.592 0.0000000000
57703  22.451  -47.411  81.406 0.0000000000
56482  18.770  -48.355  81.593 0.0000000000
55215  19.928  -48.596  81.133 0.0000000000
53936  18.864  -50.104  81.712 0.0000000000
53920  19.026  -50.747  82.070 0.0000000000
70381  28.674  -37.777  78.401 0.0000000000
69091  29.408  -38.457  77.701 0.0000000000
67827  33.860  -40.119  76.688 0.0000000000
70417  32.746  -38.372  76.343 0.0000000000
69087  34.134  -39.168  77.253 0.0000000000
69071  35.123  -38.910  78.733 0.0000000000
67812  35.180  -39.913  78.440 0.0000000000
91303  47.908  -19.497  68.117 0.0000000000
89253  50.197  -21.121  67.040 0.0000000000
89254  49.100  -21.318  66.462 0.0000000000
84630  49.394  -24.748  66.633 0.0000000000
85925  50.072  -24.041  66.129 0.0000000000
84629  50.227  -25.064  66.672 0.0000000000
90260  41.427  -20.631  68.649 0.0000000000
88162  40.981  -22.306  67.938 0.0000000000
89227  40.367  -21.834  68.698 0.0000000000
85885  38.476  -24.509  69.672 0.0000000000
85902  39.835  -24.281  68.579 0.0000000000
84583  38.776  -25.499  69.330 0.0000000000
83258  40.387  -26.535  69.415 0.0000000000
83259  39.086  -26.728  69.593 0.0000000000
86983  35.960  -23.720  73.827 0.0000000000
85848  36.534  -23.904  72.340 0.0000000000
85849  35.567  -24.227  72.503 0.0000000000
82042  36.551  -27.769  71.585 0.0000000000
83220  36.307  -27.249  71.090 0.0000000000
82041  37.629  -28.020  71.395 0.0000000000
82040  38.516  -28.070  71.069 0.0000000000
60222  29.445  -44.847  79.877 0.0000000000
60221  30.326  -44.824  79.924 0.0000000000
90229  41.306  -20.545  71.472 0.0000000000
90238  41.812  -19.944  69.854 0.0000000000
91293  42.336  -19.889  68.661 0.0000000000
53881  17.319  -51.496  84.414 0.0000000000
52693  17.360  -52.452  85.636 0.0000000000
46648  13.389  -56.741  87.560 0.0000000000
46606  13.693  -56.978  89.164 0.0000000000
45462  12.568  -57.269  88.747 0.0000000000
45463  12.083  -57.385  88.684 0.0000000000
50280  11.666  -52.753  89.393 0.0000000000
50324  11.252  -53.452  88.013 0.0000000000
50302  11.130  -53.267  88.955 0.0000000000
47844  9.131  -55.133  88.994 0.0000000000
47854  9.557  -55.482  88.266 0.0000000000
47855  9.062  -55.842  88.544 0.0000000000
45466  9.279  -57.312  88.505 0.0000000000
45445  8.419  -57.573  88.916 0.0000000000
44241  7.906  -58.195  89.432 0.0000000000
45446  7.604  -57.450  89.383 0.0000000000
46575  6.702  -55.894  91.414 0.0000000000
46593  6.426  -57.251  90.516 0.0000000000
46561  6.272  -56.001  92.071 0.0000000000
46577  5.712  -57.158  91.447 0.0000000000
46550  5.990  -56.059  92.492 0.0000000000
65281  27.454  -41.482  79.237 0.0000000000
65298  28.633  -41.665  78.354 0.0000000000
65300  27.142  -41.753  78.618 0.0000000000
62671  27.854  -43.376  78.008 0.0000000000
62673  26.475  -42.755  78.834 0.0000000000
59032  25.806  -46.319  79.750 0.0000000000
60209  26.215  -45.712  80.093 0.0000000000
57717  26.517  -47.333  80.898 0.0000000000
56519  22.092  -48.707  79.461 0.0000000000
55252  23.289  -48.937  78.991 0.0000000000
53963  22.734  -49.973  79.680 0.0000000000
52756  24.837  -51.113  82.296 0.0000000000
85898  43.547  -24.593  68.566 0.0000000000
85897  44.576  -24.463  68.453 0.0000000000
85881  44.287  -25.003  69.594 0.0000000000
77344  31.454  -31.866  75.176 0.0000000000
77360  32.104  -31.539  74.345 0.0000000000
76201  31.609  -32.656  73.534 0.0000000000
71600  29.001  -36.187  76.587 0.0000000000
73825  28.482  -35.027  76.697 0.0000000000
72720  30.558  -35.297  76.581 0.0000000000
73820  33.414  -34.645  76.545 0.0000000000
73839  32.776  -34.770  75.428 0.0000000000
73838  34.010  -34.692  75.484 0.0000000000
73867  32.887  -34.216  73.238 0.0000000000
73853  34.566  -34.525  74.439 0.0000000000
73851  36.507  -34.091  74.791 0.0000000000
62648  33.886  -43.374  79.033 0.0000000000
91312  54.447  -19.588  66.598 0.0000000000
88210  52.142  -22.629  65.755 0.0000000000
88190  52.654  -22.035  66.463 0.0000000000
88209  53.089  -22.578  65.595 0.0000000000
88207  54.806  -21.865  65.229 0.0000000000
89272  56.121  -21.489  64.424 0.0000000000
57688  17.992  -47.424  82.418 0.0000000000
57689  17.330  -47.637  82.934 0.0000000000
85908  47.605  -24.668  66.947 0.0000000000
84593  49.020  -26.249  68.123 0.0000000000
84617  47.250  -25.008  67.483 0.0000000000
67829  30.872  -39.958  76.929 0.0000000000
69110  30.575  -39.096  76.465 0.0000000000
67859  31.429  -39.972  75.694 0.0000000000
66604  33.176  -41.103  76.182 0.0000000000
66590  33.817  -41.200  76.788 0.0000000000
91265  46.053  -19.299  70.919 0.0000000000
91290  45.133  -19.261  68.595 0.0000000000
90273  46.631  -19.916  66.914 0.0000000000
90288  47.370  -20.631  66.454 0.0000000000
88194  48.694  -22.261  66.163 0.0000000000
88195  47.679  -22.383  66.143 0.0000000000
87058  47.351  -23.289  66.318 0.0000000000
41783  6.275  -60.393  91.641 0.0000000000
89199  40.258  -21.907  71.282 0.0000000000
88152  39.749  -22.320  69.291 0.0000000000
88140  39.237  -22.593  70.887 0.0000000000
87013  38.699  -23.061  70.441 0.0000000000
85871  38.073  -24.142  70.340 0.0000000000
84541  33.697  -25.858  72.980 0.0000000000
84555  34.691  -25.796  71.786 0.0000000000
82029  34.220  -27.416  72.206 0.0000000000
82027  35.731  -28.046  72.003 0.0000000000
80906  36.337  -28.694  72.317 0.0000000000
79710  37.286  -30.116  72.980 0.0000000000
77373  37.910  -31.454  73.413 0.0000000000
59017  28.482  -45.893  81.972 0.0000000000
51553  15.713  -51.930  84.706 0.0000000000
51519  16.863  -52.741  85.608 0.0000000000
50352  16.204  -53.203  85.414 0.0000000000
49143  15.929  -54.021  85.694 0.0000000000
47863  15.679  -55.716  87.325 0.0000000000
47865  13.607  -56.226  86.966 0.0000000000
46668  12.429  -56.046  86.854 0.0000000000
49098  10.580  -53.777  89.510 0.0000000000
49087  9.227  -54.278  90.338 0.0000000000
47837  7.996  -55.062  90.093 0.0000000000
46608  7.730  -56.412  89.462 0.0000000000
47827  8.054  -54.817  91.411 0.0000000000
46574  7.428  -55.293  92.049 0.0000000000
46559  7.680  -55.339  93.210 0.0000000000
65264  25.467  -41.935  80.344 0.0000000000
62651  26.043  -43.301  79.369 0.0000000000
62652  24.913  -43.497  79.721 0.0000000000
60227  24.565  -45.234  79.223 0.0000000000
57735  24.607  -46.851  78.900 0.0000000000
52774  21.912  -51.263  81.306 0.0000000000
52785  22.796  -50.862  80.870 0.0000000000
52758  22.559  -51.645  82.291 0.0000000000
83255  42.924  -26.124  70.096 0.0000000000
76158  29.591  -32.730  76.168 0.0000000000
72687  32.576  -36.130  78.506 0.0000000000
73807  31.409  -35.245  77.317 0.0000000000
72686  32.905  -35.288  78.643 0.0000000000
72685  34.090  -34.922  78.731 0.0000000000
90254  54.030  -20.958  67.723 0.0000000000
44181  4.222  -58.376  92.373 0.0000000000
85801  36.828  -23.800  75.983 0.0000000000
85816  35.379  -23.986  74.726 0.0000000000
84503  33.758  -25.151  74.195 0.0000000000
83185  33.058  -26.641  73.881 0.0000000000
80885  33.237  -28.342  73.081 0.0000000000
78567  33.462  -30.347  72.438 0.0000000000
51565  19.646  -52.161  83.834 0.0000000000
51535  19.305  -52.385  85.305 0.0000000000
52726  18.733  -51.794  83.995 0.0000000000
53892  17.527  -51.066  84.026 0.0000000000
53893  17.017  -50.841  84.076 0.0000000000
56445  16.471  -48.578  83.684 0.0000000000
55168  16.065  -49.488  84.126 0.0000000000
53894  16.390  -50.554  84.203 0.0000000000
53896  14.874  -50.739  84.925 0.0000000000
52711  14.381  -51.268  85.565 0.0000000000
53866  13.961  -50.835  86.679 0.0000000000
60210  23.033  -45.288  80.357 0.0000000000
59034  22.674  -46.963  80.549 0.0000000000
57719  22.222  -47.610  80.263 0.0000000000
55233  21.148  -49.447  80.319 0.0000000000
56480  20.624  -48.142  81.354 0.0000000000
55234  20.303  -49.272  80.857 0.0000000000
53950  20.810  -50.185  80.745 0.0000000000
52776  20.235  -51.161  81.702 0.0000000000
52746  20.062  -51.969  83.048 0.0000000000
72656  28.724  -35.405  80.223 0.0000000000
72657  28.590  -34.738  79.719 0.0000000000
71552  28.288  -36.346  79.358 0.0000000000
71585  28.329  -36.602  77.376 0.0000000000
71583  30.324  -36.662  76.751 0.0000000000
69089  30.665  -38.303  76.381 0.0000000000
70401  31.055  -37.427  76.612 0.0000000000
71582  31.427  -36.589  77.230 0.0000000000
70379  33.250  -37.385  77.860 0.0000000000
70377  35.043  -38.108  79.057 0.0000000000
89237  51.184  -21.314  68.030 0.0000000000
88191  51.683  -22.035  66.289 0.0000000000
88211  51.219  -22.755  65.913 0.0000000000
87056  49.328  -23.100  66.148 0.0000000000
87073  50.888  -23.565  65.821 0.0000000000
89241  42.946  -21.604  67.097 0.0000000000
88176  43.789  -22.581  66.882 0.0000000000
88177  42.651  -22.611  67.242 0.0000000000
87045  42.398  -23.388  67.625 0.0000000000
85900  41.353  -24.527  68.285 0.0000000000
88164  39.550  -23.154  69.007 0.0000000000
85901  40.478  -24.338  68.340 0.0000000000
84598  41.561  -25.291  68.690 0.0000000000
83257  41.326  -26.466  69.448 0.0000000000
82069  41.072  -27.048  69.897 0.0000000000
85847  37.738  -23.584  72.297 0.0000000000
85859  36.907  -24.059  71.301 0.0000000000
85872  37.307  -24.679  70.306 0.0000000000
84554  35.345  -25.633  71.291 0.0000000000
84568  36.441  -25.601  70.444 0.0000000000
84567  37.350  -25.935  69.917 0.0000000000
82057  38.746  -27.532  70.253 0.0000000000
62690  30.126  -43.681  76.896 0.0000000000
62689  31.090  -43.741  76.981 0.0000000000
61401  30.813  -44.425  78.323 0.0000000000
61372  31.638  -44.662  79.807 0.0000000000
91281  43.283  -19.380  69.290 0.0000000000
91308  43.173  -20.086  67.712 0.0000000000
52676  13.247  -51.686  87.344 0.0000000000
52658  12.765  -51.609  88.460 0.0000000000
51500  12.578  -52.532  87.540 0.0000000000
50343  12.443  -53.768  86.882 0.0000000000
49135  11.883  -54.648  86.862 0.0000000000
47867  11.148  -55.439  87.243 0.0000000000
49109  10.160  -54.314  88.615 0.0000000000
47868  10.310  -55.428  87.695 0.0000000000
46628  10.785  -56.997  87.929 0.0000000000
45465  10.195  -57.581  88.470 0.0000000000
45443  10.676  -58.236  89.541 0.0000000000
43016  7.392  -59.507  90.263 0.0000000000
46609  7.238  -57.010  89.615 0.0000000000
45425  6.679  -57.686  90.173 0.0000000000
44211  6.110  -58.695  90.844 0.0000000000
44212  5.578  -58.427  91.408 0.0000000000
45392  4.983  -57.490  92.010 0.0000000000
45356  6.404  -55.669  93.683 0.0000000000
45375  4.738  -56.900  92.323 0.0000000000
65329  29.748  -41.691  76.723 0.0000000000
65314  28.850  -41.732  77.621 0.0000000000
62708  28.976  -42.802  76.776 0.0000000000
61416  28.616  -43.726  77.748 0.0000000000
61404  27.945  -43.814  78.460 0.0000000000
60224  27.879  -44.648  79.900 0.0000000000
61390  26.303  -44.320  79.782 0.0000000000
61374  26.819  -44.770  80.058 0.0000000000
60191  27.475  -45.785  81.104 0.0000000000
59065  23.431  -46.365  78.966 0.0000000000
56538  23.983  -47.383  78.679 0.0000000000
55250  24.807  -48.679  79.436 0.0000000000
53931  23.578  -50.721  80.864 0.0000000000
53930  24.742  -50.357  81.118 0.0000000000
55213  25.605  -49.490  80.963 0.0000000000
85912  44.996  -24.245  68.002 0.0000000000
78524  33.004  -30.519  74.901 0.0000000000
78550  32.715  -30.736  73.478 0.0000000000
77387  33.239  -31.235  72.419 0.0000000000
74919  28.539  -33.550  77.504 0.0000000000
74929  28.920  -33.475  76.385 0.0000000000
74940  29.696  -33.347  75.530 0.0000000000
73822  31.233  -35.006  76.648 0.0000000000
73840  31.415  -34.677  75.471 0.0000000000
74951  31.072  -33.444  73.938 0.0000000000
74965  32.319  -33.433  72.923 0.0000000000
74978  33.025  -33.131  72.508 0.0000000000
76216  34.671  -32.466  71.926 0.0000000000
76199  35.841  -32.819  72.683 0.0000000000
62687  32.790  -43.359  77.526 0.0000000000
63966  34.030  -42.615  78.106 0.0000000000
65293  35.009  -41.865  78.621 0.0000000000
63930  36.105  -42.335  80.215 0.0000000000
65274  35.957  -41.488  79.558 0.0000000000
93575  53.637  -17.913  65.764 0.0000000000
89234  53.924  -21.611  67.295 0.0000000000
89233  54.573  -21.220  66.814 0.0000000000
88208  53.982  -22.348  65.187 0.0000000000
89249  54.755  -21.350  66.002 0.0000000000
90267  54.877  -20.691  66.562 0.0000000000
90283  55.373  -20.335  66.118 0.0000000000
91310  55.984  -18.837  65.862 0.0000000000
87060  45.585  -23.308  66.751 0.0000000000
88198  44.900  -22.874  66.645 0.0000000000
64002  30.534  -42.378  76.110 0.0000000000
89239  44.642  -21.391  66.597 0.0000000000
89258  45.180  -21.963  66.441 0.0000000000
42994  4.747  -59.346  92.406 0.0000000000
79726  34.657  -29.462  72.032 0.0000000000
51539  13.879  -52.520  85.927 0.0000000000
50355  13.621  -53.057  86.173 0.0000000000
62614  23.448  -43.444  80.914 0.0000000000
61362  23.129  -44.446  81.099 0.0000000000
51550  20.796  -52.477  84.690 0.0000000000
74881  28.810  -33.855  80.115 0.0000000000
55217  18.369  -49.386  81.838 0.0000000000
69074  29.211  -38.338  78.312 0.0000000000
69073  29.806  -38.785  78.144 0.0000000000
69088  33.632  -39.102  76.618 0.0000000000
67813  34.590  -40.034  77.660 0.0000000000
90272  47.735  -19.886  67.216 0.0000000000
91287  48.311  -19.605  68.905 0.0000000000
90271  48.855  -19.997  67.878 0.0000000000
90286  49.392  -20.625  67.050 0.0000000000
90285  49.761  -20.780  67.215 0.0000000000
85907  48.514  -24.796  66.813 0.0000000000
84614  50.566  -25.819  67.307 0.0000000000
43004  7.651  -60.266  90.997 0.0000000000
89217  40.686  -21.047  69.113 0.0000000000
89218  40.116  -21.623  69.706 0.0000000000
85884  39.277  -24.637  68.963 0.0000000000
83260  38.202  -26.096  69.598 0.0000000000
85831  35.215  -24.004  73.666 0.0000000000
85850  34.649  -24.715  72.623 0.0000000000
80926  36.983  -28.422  72.250 0.0000000000
80925  37.577  -28.456  72.097 0.0000000000
60205  29.648  -45.049  80.636 0.0000000000
90239  41.161  -20.472  70.535 0.0000000000
90251  41.208  -20.470  69.545 0.0000000000
52709  17.173  -51.752  84.743 0.0000000000
52692  17.742  -52.314  85.666 0.0000000000
46626  12.676  -57.099  88.198 0.0000000000
46627  11.752  -57.111  87.973 0.0000000000
46630  8.694  -56.544  88.631 0.0000000000
46549  6.633  -55.846  93.079 0.0000000000
65262  27.035  -41.438  80.035 0.0000000000
63970  26.766  -42.293  78.635 0.0000000000
57734  25.343  -47.098  79.272 0.0000000000
57718  26.041  -47.300  80.014 0.0000000000
56495  26.611  -47.980  81.183 0.0000000000
56496  26.083  -48.395  80.615 0.0000000000
55254  21.936  -49.543  79.756 0.0000000000
55253  22.604  -49.207  79.288 0.0000000000
53964  22.268  -50.224  79.963 0.0000000000
85882  43.162  -25.133  69.175 0.0000000000
77330  30.825  -31.848  75.994 0.0000000000
77361  31.466  -32.122  74.383 0.0000000000
76166  30.920  -32.383  74.720 0.0000000000
72706  30.138  -36.062  76.796 0.0000000000
72721  29.833  -35.595  76.513 0.0000000000
73837  35.162  -34.586  75.484 0.0000000000
91300  54.115  -20.157  67.198 0.0000000000
91313  53.722  -19.025  66.610 0.0000000000
59005  18.343  -46.650  82.956 0.0000000000
59006  17.610  -46.966  83.069 0.0000000000
58984  17.901  -46.244  83.617 0.0000000000
57706  18.572  -47.686  81.947 0.0000000000
84616  47.983  -25.369  67.440 0.0000000000
85909  46.884  -24.497  67.154 0.0000000000
85894  46.644  -24.863  67.785 0.0000000000
67845  30.930  -39.770  76.147 0.0000000000
66606  31.104  -40.692  75.950 0.0000000000
65326  32.329  -41.873  76.008 0.0000000000
66605  32.088  -40.741  75.643 0.0000000000
66603  33.599  -40.713  76.465 0.0000000000
66591  33.478  -41.610  76.608 0.0000000000
91280  44.347  -19.180  69.479 0.0000000000
91305  45.878  -19.493  67.697 0.0000000000
89256  47.009  -21.575  66.177 0.0000000000
85928  47.122  -24.038  66.671 0.0000000000
85927  47.960  -24.041  66.446 0.0000000000
88128  40.336  -22.038  71.562 0.0000000000
88129  39.890  -22.400  71.496 0.0000000000
87014  38.342  -23.434  70.864 0.0000000000
85858  37.755  -23.768  71.085 0.0000000000
83206  33.558  -26.625  72.841 0.0000000000
83205  34.114  -26.583  72.224 0.0000000000
80907  35.303  -28.678  72.089 0.0000000000
79724  36.705  -29.735  72.654 0.0000000000
77374  37.144  -31.599  73.007 0.0000000000
76197  37.609  -32.405  73.636 0.0000000000
51537  15.511  -52.560  84.996 0.0000000000
49144  15.118  -54.248  85.659 0.0000000000
49131  15.751  -54.960  86.377 0.0000000000
47877  14.929  -55.611  86.680 0.0000000000
47878  14.024  -55.652  86.591 0.0000000000
47879  13.017  -55.611  86.613 0.0000000000
46667  12.961  -56.349  86.949 0.0000000000
49073  9.394  -54.056  91.156 0.0000000000
47826  8.747  -54.515  90.822 0.0000000000
63914  24.786  -42.122  81.345 0.0000000000
65228  25.382  -41.955  81.441 0.0000000000
65243  25.931  -41.766  81.103 0.0000000000
63953  25.209  -42.624  79.813 0.0000000000
63954  24.604  -43.089  79.822 0.0000000000
61393  23.739  -44.013  79.702 0.0000000000
61392  24.322  -44.251  79.499 0.0000000000
60237  23.946  -45.638  78.896 0.0000000000
59048  25.050  -46.140  79.237 0.0000000000
59049  24.326  -46.111  78.894 0.0000000000
76145  30.185  -32.149  76.697 0.0000000000
76146  29.228  -32.722  77.269 0.0000000000
72673  32.926  -36.382  78.703 0.0000000000
72672  33.115  -36.104  78.976 0.0000000000
44182  3.627  -58.138  92.360 0.0000000000
85815  36.271  -23.751  74.968 0.0000000000
84491  33.306  -26.053  75.241 0.0000000000
84504  33.282  -25.861  74.585 0.0000000000
83166  32.969  -26.666  74.863 0.0000000000
80867  32.996  -28.401  73.907 0.0000000000
82012  33.018  -27.783  73.815 0.0000000000
51566  19.170  -51.993  83.889 0.0000000000
55183  17.276  -50.064  83.273 0.0000000000
53880  17.393  -51.349  84.243 0.0000000000
57670  16.990  -47.557  83.311 0.0000000000
56444  16.904  -48.343  83.217 0.0000000000
57671  16.535  -47.728  83.691 0.0000000000
56427  15.659  -48.834  84.527 0.0000000000
53895  15.588  -50.393  84.496 0.0000000000
53882  14.947  -49.953  84.926 0.0000000000
55148  14.549  -49.703  86.061 0.0000000000
53883  14.597  -50.211  85.522 0.0000000000
53865  14.268  -50.372  86.295 0.0000000000
52694  14.129  -51.031  86.237 0.0000000000
59033  22.895  -46.197  80.813 0.0000000000
59020  23.003  -46.288  81.803 0.0000000000
56498  21.605  -48.432  80.139 0.0000000000
55235  19.859  -49.780  81.127 0.0000000000
53934  20.500  -50.705  81.225 0.0000000000
52762  18.838  -51.195  82.611 0.0000000000
52761  19.603  -51.376  82.272 0.0000000000
71538  29.072  -36.479  80.600 0.0000000000
72674  28.383  -35.845  79.719 0.0000000000
71551  28.600  -36.291  79.949 0.0000000000
70403  28.989  -37.837  77.388 0.0000000000
70404  28.425  -37.410  77.841 0.0000000000
71584  29.281  -36.926  76.721 0.0000000000
69109  31.131  -38.931  75.861 0.0000000000
70400  32.359  -37.425  77.070 0.0000000000
70380  32.672  -37.060  77.821 0.0000000000
91278  46.898  -19.533  70.065 0.0000000000
89252  51.347  -21.567  67.019 0.0000000000
85945  50.786  -24.104  65.905 0.0000000000
85944  51.360  -24.118  65.798 0.0000000000
90277  42.436  -20.847  67.571 0.0000000000
89242  41.902  -21.751  67.566 0.0000000000
88178  41.780  -22.821  67.646 0.0000000000
87046  41.791  -23.407  67.787 0.0000000000
87032  41.979  -23.941  68.007 0.0000000000
84600  40.008  -24.831  68.618 0.0000000000
84599  40.693  -25.104  68.601 0.0000000000
84580  41.791  -25.883  69.154 0.0000000000
82055  40.946  -27.817  70.671 0.0000000000
85828  38.090  -23.573  73.546 0.0000000000
85873  36.444  -24.730  70.775 0.0000000000
83222  34.771  -26.604  71.757 0.0000000000
83242  36.712  -26.948  70.598 0.0000000000
83243  35.959  -26.165  70.768 0.0000000000
83241  38.005  -26.908  69.960 0.0000000000
61415  29.501  -44.018  77.592 0.0000000000
61414  30.454  -44.144  77.570 0.0000000000
60220  31.023  -44.793  80.044 0.0000000000
91267  43.499  -19.211  70.290 0.0000000000
90259  42.190  -20.282  68.237 0.0000000000
90258  42.787  -20.268  67.783 0.0000000000
90276  43.307  -20.609  67.280 0.0000000000
52690  18.745  -52.479  86.007 0.0000000000
46624  14.282  -56.800  88.523 0.0000000000
53830  13.458  -50.891  88.010 0.0000000000
51479  12.108  -52.329  88.648 0.0000000000
52659  12.412  -51.958  88.660 0.0000000000
51478  12.437  -52.090  88.307 0.0000000000
50322  12.537  -53.293  87.062 0.0000000000
49120  11.301  -54.271  87.325 0.0000000000
47881  11.563  -54.939  86.970 0.0000000000
47869  9.914  -55.433  87.936 0.0000000000
46652  9.993  -55.826  87.886 0.0000000000
46651  10.540  -56.150  87.652 0.0000000000
44228  8.100  -59.072  89.786 0.0000000000
44229  7.179  -58.451  89.846 0.0000000000
46592  6.789  -56.717  90.224 0.0000000000
44230  6.563  -58.342  90.342 0.0000000000
45408  5.788  -57.732  91.155 0.0000000000
45391  5.377  -57.465  91.685 0.0000000000
45373  6.107  -55.922  92.936 0.0000000000
45357  5.508  -55.882  93.338 0.0000000000
65312  30.210  -41.301  76.892 0.0000000000
63968  28.186  -41.806  77.885 0.0000000000
63986  28.389  -42.281  77.409 0.0000000000
64004  28.878  -42.346  76.864 0.0000000000
62709  28.562  -42.615  77.062 0.0000000000
62691  29.165  -43.445  77.055 0.0000000000
62692  28.170  -43.057  77.452 0.0000000000
61405  27.319  -43.724  78.860 0.0000000000
61388  28.301  -44.404  79.192 0.0000000000
60225  26.353  -45.106  80.055 0.0000000000
60208  26.888  -45.497  80.513 0.0000000000
61373  27.338  -44.818  80.168 0.0000000000
59018  27.634  -46.318  81.823 0.0000000000
59050  22.859  -46.445  79.752 0.0000000000
57736  22.998  -47.240  79.019 0.0000000000
56517  23.557  -47.957  78.771 0.0000000000
55251  24.107  -48.778  79.087 0.0000000000
56516  24.563  -47.798  78.938 0.0000000000
55231  24.456  -49.424  79.791 0.0000000000
52773  23.029  -51.177  81.327 0.0000000000
53932  23.044  -50.837  80.867 0.0000000000
53919  24.981  -50.712  81.842 0.0000000000
52771  24.666  -50.824  81.702 0.0000000000
55214  24.901  -49.662  80.455 0.0000000000
87043  44.558  -23.664  67.308 0.0000000000
87030  43.799  -24.044  67.908 0.0000000000
77376  32.542  -31.409  73.159 0.0000000000
77375  32.918  -31.028  72.820 0.0000000000
77388  32.805  -31.584  72.658 0.0000000000
73790  28.161  -34.462  78.306 0.0000000000
73808  28.071  -34.692  77.298 0.0000000000
73824  29.277  -34.634  76.195 0.0000000000
74930  28.471  -34.243  76.681 0.0000000000
73806  31.962  -34.921  77.371 0.0000000000
73821  32.275  -34.780  76.498 0.0000000000
73856  31.051  -34.063  74.346 0.0000000000
73869  31.328  -33.730  73.767 0.0000000000
73868  31.799  -34.000  73.546 0.0000000000
73866  34.065  -34.281  73.345 0.0000000000
73880  33.261  -33.748  72.722 0.0000000000
74977  34.033  -33.485  72.457 0.0000000000
76217  33.631  -32.360  72.080 0.0000000000
74976  35.180  -33.176  72.470 0.0000000000
74962  35.831  -33.545  73.342 0.0000000000
74950  36.417  -33.805  74.145 0.0000000000
61400  31.885  -44.240  78.252 0.0000000000
62688  32.108  -43.621  77.284 0.0000000000
62670  32.577  -43.768  77.898 0.0000000000
62668  33.609  -43.218  78.350 0.0000000000
63951  34.440  -42.779  78.886 0.0000000000
63965  34.653  -42.315  78.584 0.0000000000
63950  35.042  -42.497  79.255 0.0000000000
63949  35.624  -42.135  79.593 0.0000000000
66564  36.193  -40.604  79.580 0.0000000000
92463  54.238  -18.439  66.126 0.0000000000
89235  52.360  -21.880  67.335 0.0000000000
88189  53.548  -21.900  65.996 0.0000000000
88172  53.424  -21.911  66.949 0.0000000000
88206  55.251  -21.613  65.057 0.0000000000
89265  55.162  -21.380  65.458 0.0000000000
89232  55.002  -20.913  66.305 0.0000000000
85929  46.621  -24.070  66.902 0.0000000000
87041  45.899  -23.661  66.949 0.0000000000
87042  45.465  -23.708  67.179 0.0000000000
85911  45.433  -24.182  67.757 0.0000000000
66607  30.709  -41.074  76.553 0.0000000000
64000  32.490  -42.759  76.693 0.0000000000
91307  43.727  -19.900  67.620 0.0000000000
91306  44.739  -19.606  67.551 0.0000000000
89257  46.028  -21.751  66.252 0.0000000000
42993  5.274  -59.655  92.127 0.0000000000
87005  39.504  -22.760  71.781 0.0000000000
86997  39.791  -23.125  72.378 0.0000000000
86998  38.963  -23.317  72.283 0.0000000000
80909  33.801  -28.232  72.518 0.0000000000
78564  35.978  -30.599  72.301 0.0000000000
77384  36.235  -31.671  72.472 0.0000000000
51538  14.578  -52.386  85.322 0.0000000000
50341  13.838  -54.198  86.150 0.0000000000
47816  8.987  -54.337  92.063 0.0000000000
63915  23.996  -42.553  80.996 0.0000000000
63939  23.888  -43.098  80.193 0.0000000000
62632  23.691  -43.479  80.069 0.0000000000
60228  23.533  -45.188  79.355 0.0000000000
52745  21.004  -51.961  83.079 0.0000000000
52744  21.984  -51.943  83.164 0.0000000000
51563  21.384  -52.265  83.896 0.0000000000
76130  28.787  -33.160  78.174 0.0000000000
71548  34.532  -36.674  79.436 0.0000000000
71547  35.324  -36.628  80.066 0.0000000000
81988  33.133  -27.533  75.290 0.0000000000
79700  33.057  -29.423  74.355 0.0000000000
52748  18.399  -51.278  83.263 0.0000000000
57652  16.288  -47.412  84.174 0.0000000000
56404  15.734  -47.812  84.882 0.0000000000
56479  21.645  -48.054  81.262 0.0000000000
56481  19.689  -47.876  81.647 0.0000000000
55216  19.338  -49.237  81.248 0.0000000000
53935  19.657  -50.454  81.464 0.0000000000
69061  29.126  -38.026  78.930 0.0000000000
67843  33.038  -39.993  75.866 0.0000000000
69107  33.156  -39.057  76.074 0.0000000000
70416  33.300  -38.666  76.517 0.0000000000
70398  34.189  -38.592  77.651 0.0000000000
69072  34.677  -39.057  77.951 0.0000000000
67800  35.720  -39.762  79.159 0.0000000000
91288  47.407  -19.390  68.932 0.0000000000
89238  50.409  -20.842  68.322 0.0000000000
88193  49.712  -22.119  66.277 0.0000000000
85926  48.927  -24.001  66.352 0.0000000000
84628  51.216  -25.275  66.663 0.0000000000
89226  41.136  -21.371  68.259 0.0000000000
87021  38.949  -23.660  69.500 0.0000000000
87035  39.469  -23.877  68.811 0.0000000000
84582  39.855  -25.651  68.961 0.0000000000
82071  39.410  -27.413  70.036 0.0000000000
86970  36.494  -23.598  74.147 0.0000000000
85829  36.980  -23.587  73.398 0.0000000000
85830  36.120  -23.854  73.227 0.0000000000
83221  35.795  -26.880  71.173 0.0000000000
82059  37.106  -27.638  71.017 0.0000000000
61387  29.194  -44.606  79.099 0.0000000000
61386  30.138  -44.621  79.118 0.0000000000
90228  41.854  -19.892  70.771 0.0000000000
90250  41.814  -20.015  68.978 0.0000000000
52708  17.737  -51.735  84.752 0.0000000000
52691  18.163  -52.312  85.873 0.0000000000
46625  13.506  -56.945  88.380 0.0000000000
46607  13.000  -57.126  88.904 0.0000000000
45441  12.513  -57.434  89.231 0.0000000000
45464  11.217  -57.562  88.629 0.0000000000
51463  12.142  -52.269  89.788 0.0000000000
50301  11.631  -52.902  88.377 0.0000000000
49108  10.760  -53.909  88.323 0.0000000000
47835  9.425  -54.486  89.602 0.0000000000
47843  9.626  -54.729  88.803 0.0000000000
44240  8.777  -58.579  89.363 0.0000000000
46576  6.095  -56.840  91.094 0.0000000000
46562  5.712  -56.573  91.832 0.0000000000
65299  27.838  -41.635  78.477 0.0000000000
63969  27.571  -42.240  78.021 0.0000000000
62693  27.689  -42.741  77.817 0.0000000000
62672  27.188  -43.122  78.358 0.0000000000
62650  26.830  -43.728  79.171 0.0000000000
60226  25.605  -45.288  79.735 0.0000000000
59031  26.401  -46.425  80.422 0.0000000000
56518  22.667  -48.225  79.115 0.0000000000
53962  23.218  -49.587  79.406 0.0000000000
52742  24.463  -51.736  83.236 0.0000000000
87031  42.915  -24.021  67.996 0.0000000000
77329  31.744  -31.666  76.161 0.0000000000
77343  32.462  -31.406  75.343 0.0000000000
78525  32.595  -31.133  74.645 0.0000000000
76181  31.801  -32.156  73.729 0.0000000000
71601  28.485  -35.898  76.790 0.0000000000
72722  28.878  -35.488  76.530 0.0000000000
73823  30.397  -34.986  76.031 0.0000000000
73854  33.410  -34.641  74.337 0.0000000000
73865  35.006  -34.127  73.692 0.0000000000
73852  35.686  -34.252  74.447 0.0000000000
61383  33.102  -44.132  79.319 0.0000000000
62649  33.318  -43.632  78.651 0.0000000000
61382  33.742  -43.958  79.743 0.0000000000
62630  34.257  -43.584  79.726 0.0000000000
62629  34.907  -43.329  80.077 0.0000000000
88219  55.545  -22.188  64.587 0.0000000000
89264  55.608  -21.184  65.054 0.0000000000
90296  55.918  -20.267  65.486 0.0000000000
56465  17.414  -48.386  82.650 0.0000000000
59007  17.253  -47.259  83.232 0.0000000000
56463  19.982  -47.338  82.314 0.0000000000
57705  19.066  -47.639  81.808 0.0000000000
83287  49.427  -26.240  67.986 0.0000000000
84594  48.244  -26.073  68.218 0.0000000000
84595  47.213  -25.502  68.187 0.0000000000
67830  30.501  -39.418  77.091 0.0000000000
67846  30.684  -39.554  76.618 0.0000000000
69126  31.777  -39.677  75.536 0.0000000000
66620  31.644  -40.318  75.609 0.0000000000
66619  31.901  -40.242  75.515 0.0000000000
67844  32.140  -39.943  75.516 0.0000000000
67842  33.440  -40.468  76.280 0.0000000000
66578  34.395  -40.998  77.457 0.0000000000
91279  45.564  -19.262  69.747 0.0000000000
91304  46.990  -19.413  67.881 0.0000000000
89255  48.057  -21.429  66.210 0.0000000000
43005  6.622  -59.840  90.901 0.0000000000
89207  40.146  -21.725  70.733 0.0000000000
88139  39.620  -22.143  70.341 0.0000000000
88130  39.396  -22.660  71.460 0.0000000000
87022  38.470  -23.746  70.137 0.0000000000
85886  37.980  -24.656  70.014 0.0000000000
84520  33.849  -25.341  73.240 0.0000000000
85851  34.143  -25.048  72.902 0.0000000000
84540  34.149  -25.720  72.395 0.0000000000
82044  34.826  -27.340  71.849 0.0000000000
82028  34.978  -27.897  71.941 0.0000000000
79709  37.887  -29.927  73.345 0.0000000000
78546  38.245  -30.661  73.511 0.0000000000
78547  37.569  -30.729  73.133 0.0000000000
77372  38.527  -31.398  73.767 0.0000000000
60174  29.247  -45.725  81.856 0.0000000000
89198  40.615  -21.404  71.298 0.0000000000
52729  16.295  -51.465  84.521 0.0000000000
51536  16.298  -52.365  84.955 0.0000000000
49130  16.482  -54.140  86.356 0.0000000000
47864  14.527  -56.392  87.541 0.0000000000
49086  9.920  -53.997  90.331 0.0000000000
47836  8.789  -54.750  89.788 0.0000000000
65263  26.210  -41.647  80.190 0.0000000000
65283  25.836  -41.987  79.712 0.0000000000
63952  26.105  -42.408  79.224 0.0000000000
62653  24.134  -43.476  79.787 0.0000000000
52786  22.452  -50.902  80.840 0.0000000000
52743  23.168  -51.963  83.501 0.0000000000
84579  42.612  -25.696  69.411 0.0000000000
84578  43.603  -25.538  70.057 0.0000000000
76157  30.208  -32.376  75.795 0.0000000000
71581  32.248  -36.623  77.877 0.0000000000
72704  31.835  -35.652  77.918 0.0000000000
72703  32.431  -34.986  77.971 0.0000000000
73789  32.864  -34.868  78.109 0.0000000000
72671  33.795  -35.801  79.287 0.0000000000
73788  33.317  -34.814  78.162 0.0000000000
73804  33.870  -34.653  77.616 0.0000000000
72702  34.796  -34.775  77.873 0.0000000000
85942  53.131  -24.133  65.511 0.0000000000
85813  38.478  -23.729  74.551 0.0000000000
85817  34.491  -24.491  74.548 0.0000000000
84521  33.441  -25.861  73.589 0.0000000000
82011  33.131  -27.505  73.416 0.0000000000
51551  19.909  -52.415  84.594 0.0000000000
51552  19.205  -52.135  84.447 0.0000000000
52727  18.088  -51.419  84.082 0.0000000000
52728  16.752  -51.136  84.366 0.0000000000
55200  17.169  -48.952  83.034 0.0000000000
55184  16.832  -49.537  83.537 0.0000000000
55185  16.318  -48.963  83.868 0.0000000000
55167  16.563  -50.106  83.932 0.0000000000
52730  15.384  -51.295  84.693 0.0000000000
52731  14.818  -51.391  84.946 0.0000000000
51555  14.671  -51.748  85.117 0.0000000000
52695  13.821  -51.604  86.390 0.0000000000
60192  23.032  -45.385  81.364 0.0000000000
59051  22.551  -47.118  79.996 0.0000000000
59021  22.807  -46.789  81.240 0.0000000000
56497  22.140  -48.063  79.624 0.0000000000
56499  20.984  -48.638  80.688 0.0000000000
53933  21.164  -50.853  80.986 0.0000000000
52775  20.968  -51.288  81.573 0.0000000000
52760  20.564  -51.614  82.295 0.0000000000
73765  28.791  -34.419  80.282 0.0000000000
72675  28.182  -35.355  79.163 0.0000000000
70382  28.288  -37.103  78.438 0.0000000000
71566  28.013  -36.334  78.548 0.0000000000
71599  29.687  -36.285  76.674 0.0000000000
69090  29.967  -38.625  77.144 0.0000000000
70418  31.681  -38.155  76.138 0.0000000000
71565  32.908  -36.751  78.338 0.0000000000
71564  33.584  -37.057  78.571 0.0000000000
70378  34.277  -37.970  78.316 0.0000000000
70357  34.679  -37.466  79.084 0.0000000000
89236  52.080  -21.794  67.823 0.0000000000
87072  51.724  -23.425  65.664 0.0000000000
87055  50.298  -22.929  66.003 0.0000000000
89240  43.899  -21.440  66.821 0.0000000000
88199  44.376  -22.635  66.732 0.0000000000
85899  42.406  -24.791  68.543 0.0000000000
88163  40.211  -22.770  68.448 0.0000000000
87034  40.038  -23.653  68.414 0.0000000000
84597  42.192  -25.405  68.917 0.0000000000
83256  42.144  -26.435  69.755 0.0000000000
82068  41.635  -26.787  69.850 0.0000000000
85846  38.647  -23.580  72.800 0.0000000000
86999  38.463  -23.426  72.284 0.0000000000
84539  34.731  -25.288  71.934 0.0000000000
85861  35.153  -24.785  71.874 0.0000000000
84553  35.935  -25.179  70.869 0.0000000000
84569  35.893  -25.637  70.811 0.0000000000
83240  38.594  -27.079  69.886 0.0000000000
82039  39.136  -28.022  70.842 0.0000000000
82056  39.793  -27.927  70.622 0.0000000000
62706  30.789  -43.176  76.377 0.0000000000
61413  31.301  -44.125  77.630 0.0000000000
61385  31.156  -44.590  79.226 0.0000000000
61384  32.168  -44.410  79.176 0.0000000000
91282  42.433  -19.663  69.185 0.0000000000
91292  42.956  -19.761  68.319 0.0000000000
53846  14.021  -50.156  87.387 0.0000000000
53847  13.632  -51.010  87.132 0.0000000000
50323  11.926  -53.325  87.428 0.0000000000
49119  12.000  -54.095  86.945 0.0000000000
47880  12.047  -55.351  86.797 0.0000000000
47866  11.830  -56.050  87.008 0.0000000000
47853  9.899  -54.948  88.071 0.0000000000
46650  11.382  -56.454  87.450 0.0000000000
43017  6.698  -59.023  90.329 0.0000000000
45424  7.112  -57.544  89.747 0.0000000000
44195  4.697  -58.178  92.160 0.0000000000
64003  29.578  -42.219  76.462 0.0000000000
63985  29.083  -41.876  76.952 0.0000000000
61417  28.138  -43.512  77.882 0.0000000000
61403  28.871  -44.267  78.339 0.0000000000
60223  28.570  -44.783  79.891 0.0000000000
60207  27.851  -45.136  80.548 0.0000000000
60190  28.176  -45.579  81.270 0.0000000000
57757  23.545  -47.132  78.732 0.0000000000
57756  23.989  -46.727  78.668 0.0000000000
56537  24.292  -47.204  78.747 0.0000000000
53948  22.792  -50.588  80.387 0.0000000000
53947  23.747  -50.113  80.031 0.0000000000
52772  24.100  -50.997  81.589 0.0000000000
53946  24.461  -49.920  80.335 0.0000000000
55230  25.276  -49.030  80.081 0.0000000000
56477  26.146  -49.001  81.077 0.0000000000
88175  44.373  -22.979  66.791 0.0000000000
85896  45.394  -24.659  68.507 0.0000000000
84577  44.229  -25.273  70.198 0.0000000000
79689  33.389  -29.465  75.324 0.0000000000
78540  32.583  -30.899  74.057 0.0000000000
78539  32.868  -30.228  73.835 0.0000000000
78549  32.971  -30.436  72.933 0.0000000000
77386  34.441  -31.521  71.787 0.0000000000
73778  28.460  -34.325  79.208 0.0000000000
74905  28.638  -33.544  78.686 0.0000000000
74918  28.787  -33.181  77.020 0.0000000000
76168  29.904  -32.793  75.615 0.0000000000
76167  30.282  -32.800  75.047 0.0000000000
73841  30.144  -34.210  75.258 0.0000000000
73857  30.418  -33.818  74.657 0.0000000000
74939  30.139  -33.515  74.907 0.0000000000
76183  30.710  -32.796  74.531 0.0000000000
76182  31.151  -32.735  74.030 0.0000000000
74964  32.850  -33.686  72.778 0.0000000000
74979  32.522  -32.827  72.706 0.0000000000
76233  35.089  -32.025  71.759 0.0000000000
76214  36.036  -32.351  72.576 0.0000000000
74961  36.870  -33.241  73.740 0.0000000000
62705  31.630  -43.225  76.606 0.0000000000
63999  32.995  -42.567  76.829 0.0000000000
62669  33.171  -43.432  78.005 0.0000000000
63967  33.555  -43.022  77.932 0.0000000000
63982  33.801  -42.307  77.450 0.0000000000
65310  34.108  -41.832  77.446 0.0000000000
65294  34.600  -41.789  78.056 0.0000000000
63931  35.469  -42.675  79.914 0.0000000000
65275  35.436  -41.637  79.028 0.0000000000
66565  35.663  -40.744  78.965 0.0000000000
88159  53.275  -21.814  67.826 0.0000000000
89221  54.159  -21.219  67.413 0.0000000000
87070  53.648  -23.327  65.079 0.0000000000
88188  54.241  -21.751  65.754 0.0000000000
90284  54.965  -20.181  66.494 0.0000000000
91311  55.526  -19.402  66.117 0.0000000000
91320  55.828  -19.788  65.855 0.0000000000
92461  55.683  -18.654  65.895 0.0000000000
49142  16.389  -53.702  85.860 0.0000000000
52646  12.396  -51.862  89.227 0.0000000000
59064  23.835  -46.116  78.782 0.0000000000
60189  29.015  -45.433  81.298 0.0000000000
60204  30.502  -45.007  80.660 0.0000000000
62631  23.968  -43.208  79.986 0.0000000000
63916  23.806  -43.044  80.443 0.0000000000
63938  24.263  -42.873  80.162 0.0000000000
63983  33.271  -42.754  77.306 0.0000000000
63984  32.690  -43.134  77.190 0.0000000000
65244  25.234  -41.934  80.950 0.0000000000
65311  33.662  -41.996  76.986 0.0000000000
67828  33.449  -39.544  76.289 0.0000000000
67858  31.764  -40.015  75.517 0.0000000000
69127  31.440  -39.466  75.666 0.0000000000
70360  28.300  -36.802  78.979 0.0000000000
71550  33.241  -36.563  78.769 0.0000000000
71563  34.161  -37.127  78.914 0.0000000000
72707  28.129  -35.565  77.054 0.0000000000
72723  28.444  -35.504  76.729 0.0000000000
73766  28.682  -34.207  79.775 0.0000000000
73879  33.559  -34.005  72.880 0.0000000000
74895  28.758  -33.724  79.547 0.0000000000
74952  30.617  -33.318  74.420 0.0000000000
74966  31.548  -33.236  73.455 0.0000000000
76215  35.530  -32.323  72.182 0.0000000000
76218  32.770  -32.150  72.552 0.0000000000
76234  34.755  -31.923  71.691 0.0000000000
77403  34.912  -31.729  71.689 0.0000000000
77404  34.673  -31.688  71.676 0.0000000000
80868  33.030  -28.028  73.832 0.0000000000
80886  33.070  -28.008  73.589 0.0000000000
81998  32.945  -27.931  74.002 0.0000000000
83271  49.431  -26.596  68.506 0.0000000000
86971  35.882  -23.739  74.323 0.0000000000
86972  35.512  -23.828  74.191 0.0000000000
86982  36.406  -23.681  73.649 0.0000000000
86984  35.642  -23.765  73.990 0.0000000000
89250  52.481  -21.910  67.055 0.0000000000
91276  48.483  -19.807  69.503 0.0000000000
