#!ascii label  , from subject tim vox2ras=TkReg
1236
117235  42.335  4.656  65.121 0.0000000000
117248  49.162  4.534  63.768 0.0000000000
118203  48.241  5.960  56.012 0.0000000000
107949  47.635  -4.306  48.249 0.0000000000
113125  45.318  0.557  72.677 0.0000000000
123943  53.375  11.636  57.161 0.0000000000
113333  46.339  0.312  53.531 0.0000000000
118236  40.965  5.816  55.096 0.0000000000
120120  51.430  7.958  59.818 0.0000000000
118094  47.843  5.803  66.434 0.0000000000
116215  53.049  3.752  72.369 0.0000000000
122116  43.502  10.096  52.857 0.0000000000
117347  45.743  4.619  52.502 0.0000000000
116373  52.123  4.020  56.367 0.0000000000
116451  49.360  3.846  47.902 0.0000000000
121162  42.108  8.688  56.261 0.0000000000
120094  45.394  7.612  61.625 0.0000000000
117233  44.556  4.278  65.378 0.0000000000
114178  49.382  2.210  73.601 0.0000000000
122076  47.347  9.169  57.473 0.0000000000
123986  45.560  11.431  53.987 0.0000000000
120171  44.474  8.096  55.092 0.0000000000
120191  44.074  7.071  52.082 0.0000000000
119253  46.325  6.645  51.989 0.0000000000
119130  52.163  6.750  63.139 0.0000000000
118166  53.142  5.891  59.346 0.0000000000
117284  50.259  4.486  59.606 0.0000000000
110188  48.059  -1.731  48.525 0.0000000000
114381  47.814  1.730  50.005 0.0000000000
112384  48.068  -0.316  46.262 0.0000000000
114398  46.342  1.432  47.850 0.0000000000
109021  45.719  -3.597  49.272 0.0000000000
106848  43.684  -5.519  51.749 0.0000000000
114245  41.093  1.524  67.597 0.0000000000
114229  43.769  1.326  68.335 0.0000000000
120143  50.704  8.012  57.597 0.0000000000
115317  46.385  2.293  63.480 0.0000000000
114324  47.236  1.894  58.623 0.0000000000
112287  45.510  -0.708  58.048 0.0000000000
110129  47.745  -2.450  53.230 0.0000000000
123910  52.021  11.944  60.293 0.0000000000
122978  48.284  10.355  60.648 0.0000000000
119123  48.664  6.518  63.103 0.0000000000
119097  50.741  6.953  66.598 0.0000000000
115265  46.852  2.641  69.604 0.0000000000
117167  50.270  4.234  70.858 0.0000000000
117205  51.886  5.124  68.143 0.0000000000
115289  47.738  2.411  67.409 0.0000000000
114248  37.997  1.724  67.853 0.0000000000
125941  44.846  13.147  52.854 0.0000000000
123974  42.867  11.674  54.713 0.0000000000
121189  41.887  8.466  52.597 0.0000000000
118233  43.468  5.465  54.060 0.0000000000
115398  44.536  2.339  54.509 0.0000000000
122994  54.308  10.231  58.397 0.0000000000
119205  54.326  6.879  55.927 0.0000000000
118214  51.984  5.477  54.772 0.0000000000
115388  48.655  2.904  55.451 0.0000000000
116415  50.924  3.751  51.603 0.0000000000
118266  50.430  5.739  51.273 0.0000000000
117373  48.010  4.671  49.317 0.0000000000
114375  45.237  1.712  51.379 0.0000000000
121151  41.375  8.552  57.513 0.0000000000
123010  42.501  10.005  56.825 0.0000000000
119125  43.773  6.066  63.070 0.0000000000
117234  43.442  4.011  65.472 0.0000000000
119196  47.954  6.847  57.231 0.0000000000
120148  45.660  8.052  56.824 0.0000000000
119222  46.492  6.532  55.356 0.0000000000
119232  45.309  6.825  53.910 0.0000000000
119240  47.741  6.281  53.456 0.0000000000
118136  50.927  5.300  63.148 0.0000000000
117260  50.774  5.201  61.254 0.0000000000
117262  49.343  4.388  61.827 0.0000000000
109029  48.675  -3.063  47.947 0.0000000000
111311  48.420  -1.222  47.204 0.0000000000
110199  47.906  -2.614  46.373 0.0000000000
111306  46.677  -1.687  47.174 0.0000000000
107950  46.709  -4.333  48.182 0.0000000000
106856  45.383  -5.417  49.953 0.0000000000
106862  46.818  -5.529  49.452 0.0000000000
113205  41.364  0.537  69.227 0.0000000000
122073  50.075  9.765  57.647 0.0000000000
122071  52.202  9.828  57.370 0.0000000000
114271  45.518  0.990  63.488 0.0000000000
113277  45.838  0.461  60.382 0.0000000000
111183  45.503  -1.593  59.634 0.0000000000
108975  47.984  -2.863  54.889 0.0000000000
110141  49.644  -2.491  52.301 0.0000000000
110166  49.570  -2.660  50.645 0.0000000000
118129  46.368  5.522  63.594 0.0000000000
119135  47.133  6.227  62.056 0.0000000000
118115  48.033  6.262  64.236 0.0000000000
119105  49.550  6.927  65.282 0.0000000000
118084  49.054  6.300  67.281 0.0000000000
113167  44.843  0.623  70.754 0.0000000000
114227  45.271  2.052  68.806 0.0000000000
113165  46.409  1.231  70.902 0.0000000000
115221  51.517  3.050  73.955 0.0000000000
115244  50.084  3.069  72.319 0.0000000000
117158  52.299  4.365  72.303 0.0000000000
118050  52.226  5.647  70.531 0.0000000000
116233  52.990  4.337  70.643 0.0000000000
116250  50.292  3.589  68.612 0.0000000000
116226  51.941  3.305  70.531 0.0000000000
112174  48.340  -0.177  68.132 0.0000000000
123048  44.272  10.521  53.329 0.0000000000
124006  45.314  12.011  52.764 0.0000000000
124007  44.393  11.638  52.661 0.0000000000
123988  43.422  12.232  53.448 0.0000000000
123050  42.963  11.027  52.902 0.0000000000
122101  42.596  9.891  54.018 0.0000000000
121188  42.553  9.096  52.379 0.0000000000
118258  44.865  5.970  52.326 0.0000000000
119244  43.409  6.442  52.573 0.0000000000
118246  44.593  5.568  53.084 0.0000000000
116399  44.320  3.765  54.536 0.0000000000
116408  45.368  3.875  53.197 0.0000000000
122985  51.501  10.491  59.236 0.0000000000
123933  53.080  11.195  58.886 0.0000000000
122060  53.091  9.528  58.705 0.0000000000
117294  52.798  5.179  57.724 0.0000000000
119191  54.181  6.283  57.853 0.0000000000
117314  53.942  5.181  55.489 0.0000000000
119220  53.786  5.967  55.175 0.0000000000
117331  52.920  4.538  54.111 0.0000000000
114339  46.587  1.258  56.437 0.0000000000
115372  48.113  2.593  57.085 0.0000000000
114345  47.145  1.818  54.787 0.0000000000
115435  49.214  2.978  48.976 0.0000000000
116428  49.377  3.372  51.240 0.0000000000
116435  50.130  4.160  49.896 0.0000000000
117353  51.231  4.665  51.065 0.0000000000
117370  50.355  5.167  49.795 0.0000000000
119286  48.898  5.822  49.640 0.0000000000
117379  48.863  4.632  48.336 0.0000000000
113361  45.028  -0.145  49.777 0.0000000000
114391  45.611  1.381  49.290 0.0000000000
113345  44.579  0.296  51.363 0.0000000000
113339  44.552  0.375  52.347 0.0000000000
125882  54.174  12.743  57.682 0.0000000000
120165  40.235  7.197  56.239 0.0000000000
120172  41.190  7.338  55.085 0.0000000000
122019  45.761  9.464  62.143 0.0000000000
121089  44.213  8.136  62.465 0.0000000000
118130  45.229  5.289  63.474 0.0000000000
118096  46.017  4.539  66.303 0.0000000000
114166  46.879  1.085  73.402 0.0000000000
123020  46.220  10.397  56.180 0.0000000000
122099  44.509  9.690  54.881 0.0000000000
121173  43.655  8.980  53.768 0.0000000000
121187  43.138  8.957  52.242 0.0000000000
120178  43.964  7.776  53.825 0.0000000000
119242  45.068  6.775  52.817 0.0000000000
118269  45.937  6.085  51.695 0.0000000000
120090  51.963  7.320  61.428 0.0000000000
120103  52.816  7.336  60.233 0.0000000000
119147  52.507  6.584  61.212 0.0000000000
117282  51.740  5.164  59.003 0.0000000000
116363  51.004  4.011  57.490 0.0000000000
111292  46.929  -1.069  50.010 0.0000000000
114374  47.118  1.257  51.496 0.0000000000
112359  47.508  -0.277  48.627 0.0000000000
113372  48.200  0.542  47.492 0.0000000000
115457  48.186  2.030  46.509 0.0000000000
115452  47.875  2.686  46.711 0.0000000000
113373  46.921  0.458  46.534 0.0000000000
112370  45.733  -0.597  48.637 0.0000000000
110169  44.807  -2.599  50.218 0.0000000000
104756  44.446  -6.764  51.640 0.0000000000
115305  41.865  2.974  66.548 0.0000000000
115304  42.807  2.997  66.621 0.0000000000
114244  42.140  1.548  67.536 0.0000000000
113187  43.116  0.437  70.056 0.0000000000
113148  43.572  0.582  71.984 0.0000000000
123009  48.477  10.200  57.356 0.0000000000
121146  48.735  8.554  57.757 0.0000000000
119209  49.686  6.185  56.786 0.0000000000
116300  47.618  3.490  63.578 0.0000000000
116319  47.882  3.333  61.498 0.0000000000
115336  46.662  2.208  61.434 0.0000000000
113295  46.023  0.604  58.185 0.0000000000
113320  45.791  -0.217  55.565 0.0000000000
110059  46.318  -2.688  57.192 0.0000000000
110095  46.086  -1.903  55.541 0.0000000000
111271  46.522  -1.370  53.027 0.0000000000
110156  47.561  -2.329  51.127 0.0000000000
110177  48.750  -2.611  49.457 0.0000000000
107942  48.716  -3.811  48.831 0.0000000000
107936  48.125  -4.813  49.796 0.0000000000
123912  50.082  11.390  60.679 0.0000000000
122049  49.689  9.663  59.583 0.0000000000
122038  47.057  9.034  60.704 0.0000000000
120107  48.141  7.880  60.328 0.0000000000
119165  49.752  7.164  60.992 0.0000000000
119132  50.470  7.076  62.830 0.0000000000
119111  51.309  6.727  65.118 0.0000000000
118101  51.310  5.963  65.500 0.0000000000
116266  44.355  3.182  67.044 0.0000000000
116254  45.809  3.348  67.977 0.0000000000
117197  47.221  4.451  68.208 0.0000000000
115246  48.265  2.161  71.653 0.0000000000
116229  47.994  3.339  70.080 0.0000000000
118060  48.924  5.087  69.074 0.0000000000
118058  51.052  6.013  69.473 0.0000000000
119075  52.132  6.333  68.517 0.0000000000
117216  50.875  5.373  66.317 0.0000000000
116288  48.443  3.759  65.936 0.0000000000
115311  46.392  2.003  65.375 0.0000000000
113221  45.598  0.351  64.768 0.0000000000
115263  49.077  1.870  69.265 0.0000000000
113212  46.626  0.491  66.807 0.0000000000
116282  40.219  3.861  66.347 0.0000000000
115296  39.479  2.326  67.202 0.0000000000
114235  37.253  1.318  68.787 0.0000000000
125940  45.815  13.566  52.684 0.0000000000
126873  43.711  14.225  54.581 0.0000000000
122095  42.549  9.673  55.090 0.0000000000
121175  41.763  8.121  54.656 0.0000000000
119235  41.623  6.564  53.906 0.0000000000
119269  42.638  7.750  51.307 0.0000000000
119245  42.662  6.532  52.794 0.0000000000
118234  42.516  5.673  54.439 0.0000000000
123956  54.827  11.098  57.055 0.0000000000
120131  54.085  8.109  58.921 0.0000000000
121140  55.024  8.960  57.441 0.0000000000
121141  53.499  9.177  56.558 0.0000000000
120141  52.687  7.977  56.663 0.0000000000
118200  51.482  5.835  55.711 0.0000000000
118216  49.682  5.574  55.140 0.0000000000
116345  48.660  3.291  59.462 0.0000000000
115370  49.348  3.045  57.130 0.0000000000
116375  49.973  3.329  56.011 0.0000000000
115412  47.903  2.338  52.309 0.0000000000
116406  49.910  3.456  53.060 0.0000000000
116395  51.686  3.688  53.663 0.0000000000
118240  51.817  4.701  52.949 0.0000000000
118242  50.450  5.523  53.192 0.0000000000
118243  49.382  5.862  53.340 0.0000000000
119264  48.595  6.464  51.032 0.0000000000
119265  47.456  6.244  50.882 0.0000000000
117356  46.650  4.697  51.427 0.0000000000
115437  46.707  2.568  48.552 0.0000000000
115421  46.496  3.036  50.553 0.0000000000
116430  46.047  3.206  51.752 0.0000000000
115414  45.099  2.102  52.615 0.0000000000
107919  42.643  -4.731  53.013 0.0000000000
123011  42.126  10.620  57.501 0.0000000000
123949  41.748  11.759  57.097 0.0000000000
118108  42.176  5.306  64.746 0.0000000000
118120  42.782  5.257  64.388 0.0000000000
119211  47.605  6.402  56.466 0.0000000000
119212  46.603  6.746  56.307 0.0000000000
119221  47.239  6.298  55.729 0.0000000000
119230  47.315  6.253  54.783 0.0000000000
118231  48.185  5.930  54.489 0.0000000000
117247  50.013  5.013  63.433 0.0000000000
117250  50.030  4.933  62.498 0.0000000000
117251  49.225  4.475  62.796 0.0000000000
107948  48.242  -3.561  47.660 0.0000000000
109039  48.427  -2.936  46.931 0.0000000000
107956  47.748  -3.596  47.342 0.0000000000
109041  47.311  -3.272  47.054 0.0000000000
107957  47.232  -3.886  47.605 0.0000000000
106869  46.411  -4.853  48.694 0.0000000000
106867  47.400  -5.013  48.995 0.0000000000
124892  52.957  12.627  57.459 0.0000000000
123944  52.284  11.715  57.427 0.0000000000
123006  51.670  10.786  57.442 0.0000000000
123005  52.773  10.777  57.204 0.0000000000
112231  45.280  -0.648  62.696 0.0000000000
112244  45.367  -0.711  61.594 0.0000000000
111168  45.437  -1.775  60.974 0.0000000000
110127  49.706  -2.458  53.255 0.0000000000
110140  50.594  -2.492  52.289 0.0000000000
110153  50.449  -2.594  51.403 0.0000000000
118220  41.385  5.305  55.612 0.0000000000
118105  46.939  5.457  65.522 0.0000000000
118116  47.140  5.755  64.482 0.0000000000
118093  48.744  6.449  66.257 0.0000000000
113146  45.512  0.670  71.670 0.0000000000
113166  45.817  1.098  70.566 0.0000000000
116194  52.290  3.518  73.678 0.0000000000
116208  51.454  3.787  72.805 0.0000000000
117157  52.759  4.120  72.579 0.0000000000
117164  52.883  4.728  71.677 0.0000000000
116224  53.015  4.189  71.402 0.0000000000
116234  52.460  4.000  70.099 0.0000000000
116225  52.592  3.549  70.989 0.0000000000
122115  43.936  10.330  53.004 0.0000000000
123059  43.652  10.905  52.637 0.0000000000
124008  43.647  11.625  52.691 0.0000000000
123060  43.324  11.021  52.664 0.0000000000
122117  43.094  10.201  52.559 0.0000000000
118245  45.275  5.372  52.610 0.0000000000
117340  45.202  4.844  53.080 0.0000000000
122047  51.706  9.459  59.104 0.0000000000
122061  52.338  9.747  58.844 0.0000000000
121120  52.030  8.587  59.348 0.0000000000
117316  52.780  4.463  56.412 0.0000000000
117305  53.172  4.865  56.840 0.0000000000
117315  53.364  4.619  55.881 0.0000000000
117324  53.449  4.672  54.805 0.0000000000
116382  52.823  4.156  55.386 0.0000000000
114346  46.536  1.193  55.347 0.0000000000
114353  46.584  1.130  54.229 0.0000000000
115443  49.383  3.436  48.219 0.0000000000
116444  49.592  3.703  49.265 0.0000000000
116443  49.639  4.008  48.781 0.0000000000
117363  50.406  4.561  49.939 0.0000000000
117378  49.354  4.435  48.381 0.0000000000
118293  49.210  4.944  48.684 0.0000000000
117385  49.018  4.213  47.531 0.0000000000
112362  44.809  -0.706  50.155 0.0000000000
113352  44.874  0.345  50.293 0.0000000000
112351  44.418  -0.630  50.971 0.0000000000
112344  44.271  -0.571  51.903 0.0000000000
121150  41.925  8.792  56.974 0.0000000000
120149  40.807  7.796  56.898 0.0000000000
121163  41.509  8.205  56.576 0.0000000000
120164  41.034  7.531  56.026 0.0000000000
121169  41.658  8.073  55.661 0.0000000000
121075  44.389  8.850  62.716 0.0000000000
120080  43.913  7.597  62.604 0.0000000000
117242  44.233  4.531  64.740 0.0000000000
119124  44.469  5.605  63.105 0.0000000000
118118  44.897  4.745  64.604 0.0000000000
118106  45.816  4.693  65.622 0.0000000000
117232  45.254  4.351  65.676 0.0000000000
122087  47.080  9.851  57.063 0.0000000000
123019  46.914  10.445  56.445 0.0000000000
122088  46.116  9.598  56.767 0.0000000000
120162  45.235  7.666  56.045 0.0000000000
121161  44.901  8.765  56.109 0.0000000000
121167  44.517  8.898  55.411 0.0000000000
122100  44.071  9.719  54.123 0.0000000000
121172  44.087  8.839  54.577 0.0000000000
119241  46.385  6.605  53.035 0.0000000000
119254  45.376  6.395  52.124 0.0000000000
119148  52.449  6.973  61.948 0.0000000000
118134  52.130  6.234  62.472 0.0000000000
117271  49.976  4.668  60.613 0.0000000000
117270  50.860  4.959  60.297 0.0000000000
117283  51.001  4.843  59.341 0.0000000000
117296  51.210  4.570  58.382 0.0000000000
116353  50.643  4.219  58.325 0.0000000000
111291  47.394  -1.746  49.968 0.0000000000
111299  47.089  -0.774  49.632 0.0000000000
111298  47.432  -1.189  49.139 0.0000000000
111319  48.233  -1.207  46.456 0.0000000000
112377  48.316  -0.236  47.227 0.0000000000
113371  48.403  0.527  46.910 0.0000000000
114404  48.401  1.475  46.764 0.0000000000
113380  47.829  0.473  46.284 0.0000000000
114412  47.640  1.123  46.352 0.0000000000
113381  47.433  0.451  46.292 0.0000000000
110190  46.560  -2.622  47.913 0.0000000000
111307  46.260  -1.589  48.275 0.0000000000
110179  46.043  -2.580  48.797 0.0000000000
111300  45.580  -1.588  49.081 0.0000000000
110180  45.398  -2.537  49.531 0.0000000000
109012  45.302  -3.999  49.888 0.0000000000
105829  45.705  -6.050  50.203 0.0000000000
105821  44.766  -6.350  50.848 0.0000000000
115294  41.486  2.223  66.988 0.0000000000
113204  42.425  0.546  69.136 0.0000000000
113169  42.800  0.512  71.123 0.0000000000
113168  43.827  0.481  70.960 0.0000000000
121144  50.637  9.044  57.716 0.0000000000
121145  49.762  8.766  57.810 0.0000000000
120144  49.442  7.752  57.695 0.0000000000
119195  49.015  6.834  57.392 0.0000000000
119194  50.188  6.945  57.339 0.0000000000
115316  47.026  2.881  63.011 0.0000000000
115324  47.106  2.876  61.980 0.0000000000
115325  46.472  2.293  62.455 0.0000000000
112275  45.512  -0.693  59.118 0.0000000000
113287  45.771  0.141  59.527 0.0000000000
113296  45.730  0.049  58.573 0.0000000000
113305  45.737  0.127  57.554 0.0000000000
112297  45.557  -0.763  57.014 0.0000000000
110045  46.249  -2.814  58.091 0.0000000000
108945  46.804  -3.111  57.342 0.0000000000
110112  47.683  -2.586  54.316 0.0000000000
110094  46.605  -2.235  55.166 0.0000000000
110113  46.895  -2.185  54.109 0.0000000000
111262  46.308  -1.466  54.164 0.0000000000
110130  46.947  -2.069  53.156 0.0000000000
110144  46.891  -2.063  52.180 0.0000000000
110143  47.713  -2.443  52.221 0.0000000000
109011  49.866  -2.998  50.105 0.0000000000
110176  49.354  -2.712  49.963 0.0000000000
109019  49.445  -3.040  49.499 0.0000000000
107941  49.225  -3.393  49.255 0.0000000000
107934  49.698  -3.592  49.912 0.0000000000
107935  48.902  -4.569  49.993 0.0000000000
123902  49.266  11.297  61.471 0.0000000000
123913  49.065  10.824  60.615 0.0000000000
123924  49.736  10.884  60.121 0.0000000000
122050  48.916  9.631  59.808 0.0000000000
121099  45.761  8.330  61.439 0.0000000000
122029  46.025  9.048  61.564 0.0000000000
120093  46.342  7.655  61.113 0.0000000000
119134  48.193  6.466  62.340 0.0000000000
119167  47.725  7.341  60.754 0.0000000000
119166  48.604  7.216  60.785 0.0000000000
120106  49.400  7.874  60.147 0.0000000000
119151  48.956  6.809  61.622 0.0000000000
119150  50.081  7.104  61.919 0.0000000000
119133  49.344  6.737  62.546 0.0000000000
119104  50.625  7.044  65.689 0.0000000000
119112  50.674  7.127  64.740 0.0000000000
119103  51.219  6.629  66.005 0.0000000000
115292  43.587  2.652  67.180 0.0000000000
116267  43.713  3.176  66.726 0.0000000000
114242  44.021  1.999  67.857 0.0000000000
115266  46.139  2.297  69.316 0.0000000000
115290  45.432  3.047  67.945 0.0000000000
115279  46.507  3.085  68.887 0.0000000000
116253  46.483  3.623  68.360 0.0000000000
116239  46.895  3.376  68.996 0.0000000000
114180  47.730  1.485  72.790 0.0000000000
114190  48.302  1.917  72.256 0.0000000000
116218  50.180  3.541  71.591 0.0000000000
116219  49.297  3.245  71.177 0.0000000000
116227  49.651  3.730  70.811 0.0000000000
117175  48.815  4.226  69.838 0.0000000000
117182  49.219  4.817  69.514 0.0000000000
118059  49.638  5.531  69.123 0.0000000000
117181  50.048  5.188  69.750 0.0000000000
118056  52.708  5.441  69.407 0.0000000000
118057  52.233  6.037  69.339 0.0000000000
118069  52.336  5.635  68.613 0.0000000000
118081  51.992  5.759  67.779 0.0000000000
117206  51.296  5.062  67.440 0.0000000000
117217  49.692  4.402  66.304 0.0000000000
117207  50.290  4.522  67.105 0.0000000000
116251  49.416  3.248  68.234 0.0000000000
116263  48.310  3.136  67.195 0.0000000000
115301  46.937  2.402  66.234 0.0000000000
115302  46.387  1.783  65.962 0.0000000000
114252  46.460  1.348  66.487 0.0000000000
114211  49.373  1.324  69.695 0.0000000000
113200  47.741  0.435  68.059 0.0000000000
112203  46.780  -0.633  66.021 0.0000000000
115297  38.456  2.569  67.339 0.0000000000
115308  39.055  3.082  66.920 0.0000000000
114247  39.002  1.586  67.688 0.0000000000
114234  38.553  1.042  68.497 0.0000000000
124939  45.145  12.558  52.673 0.0000000000
125928  45.266  13.875  53.078 0.0000000000
126884  45.126  14.283  53.398 0.0000000000
126872  44.741  14.801  54.067 0.0000000000
125919  44.038  13.902  53.967 0.0000000000
123989  43.179  11.791  53.630 0.0000000000
123021  42.693  10.385  55.960 0.0000000000
123030  42.797  10.680  54.921 0.0000000000
121180  42.257  9.143  53.248 0.0000000000
121174  42.252  8.947  54.288 0.0000000000
121181  41.782  8.318  53.605 0.0000000000
120180  41.447  7.472  54.089 0.0000000000
120186  41.678  7.632  53.060 0.0000000000
120192  43.353  7.826  51.899 0.0000000000
121198  43.056  8.394  51.600 0.0000000000
119268  42.985  7.557  51.410 0.0000000000
118247  43.597  5.979  53.197 0.0000000000
118248  42.904  5.965  53.610 0.0000000000
119234  42.372  6.150  53.640 0.0000000000
117335  42.685  5.071  55.211 0.0000000000
117334  43.476  4.715  54.893 0.0000000000
124866  52.634  12.303  60.402 0.0000000000
122995  53.557  10.420  58.604 0.0000000000
123932  54.098  11.395  58.623 0.0000000000
123941  54.606  11.352  57.636 0.0000000000
123002  54.761  10.321  57.866 0.0000000000
119161  53.253  6.803  59.971 0.0000000000
120118  53.586  7.668  59.406 0.0000000000
119174  54.001  6.935  59.143 0.0000000000
119204  54.556  7.108  56.718 0.0000000000
120140  54.890  7.991  57.358 0.0000000000
120157  54.471  7.907  56.468 0.0000000000
121157  54.784  8.907  56.855 0.0000000000
121158  54.147  8.863  56.339 0.0000000000
121159  53.350  8.332  56.422 0.0000000000
120158  53.848  7.666  56.055 0.0000000000
118199  52.515  5.982  55.406 0.0000000000
118201  50.293  5.708  55.947 0.0000000000
118215  50.807  5.447  54.972 0.0000000000
115347  47.434  2.458  60.188 0.0000000000
116332  47.979  3.098  60.476 0.0000000000
115356  47.818  2.552  59.209 0.0000000000
115381  47.885  2.508  56.233 0.0000000000
115380  48.698  2.817  56.478 0.0000000000
116385  49.693  3.245  54.994 0.0000000000
114373  47.468  1.639  51.002 0.0000000000
114365  47.452  1.734  51.865 0.0000000000
115420  47.938  2.295  51.336 0.0000000000
116416  50.138  3.572  51.974 0.0000000000
116417  49.247  3.295  52.369 0.0000000000
116405  50.850  3.570  52.726 0.0000000000
116396  50.477  3.421  53.896 0.0000000000
116404  51.454  3.914  52.293 0.0000000000
118275  50.824  5.339  50.724 0.0000000000
118253  51.402  5.052  52.218 0.0000000000
118254  50.656  5.488  52.199 0.0000000000
118255  49.888  5.868  52.558 0.0000000000
119251  48.935  6.281  52.306 0.0000000000
119263  49.610  6.187  51.148 0.0000000000
118287  48.439  5.165  49.359 0.0000000000
119278  48.090  5.969  50.296 0.0000000000
118278  48.146  5.554  49.976 0.0000000000
118267  47.411  5.534  50.674 0.0000000000
117364  47.588  4.870  50.247 0.0000000000
115446  46.988  2.247  47.185 0.0000000000
115445  47.448  3.061  47.467 0.0000000000
114382  45.335  1.436  50.301 0.0000000000
115429  46.002  2.089  49.640 0.0000000000
115422  45.972  2.501  50.866 0.0000000000
116429  46.542  3.568  51.114 0.0000000000
115413  45.477  2.548  52.192 0.0000000000
114367  45.072  1.772  52.141 0.0000000000
112336  44.219  -0.663  52.892 0.0000000000
113334  44.589  0.602  53.490 0.0000000000
107928  43.396  -4.578  51.939 0.0000000000
106839  43.161  -5.356  52.424 0.0000000000
122062  41.402  9.320  58.313 0.0000000000
122079  42.039  9.493  57.534 0.0000000000
122078  42.282  9.255  56.768 0.0000000000
120070  43.304  7.240  63.029 0.0000000000
119126  42.788  6.379  63.636 0.0000000000
118132  43.424  5.508  63.742 0.0000000000
117243  43.629  4.479  64.795 0.0000000000
120146  47.341  7.585  57.409 0.0000000000
121149  46.100  8.553  57.106 0.0000000000
120147  46.277  7.560  56.937 0.0000000000
120161  45.977  7.186  56.336 0.0000000000
119223  45.633  6.861  55.056 0.0000000000
120170  44.822  7.363  54.683 0.0000000000
119231  46.446  6.503  54.257 0.0000000000
118125  51.689  5.975  63.708 0.0000000000
118149  51.609  5.603  61.895 0.0000000000
118150  50.866  5.221  62.214 0.0000000000
117261  50.028  4.858  61.579 0.0000000000
116330  49.407  4.249  60.633 0.0000000000
110187  48.533  -2.392  48.441 0.0000000000
111304  48.353  -1.764  47.900 0.0000000000
110198  48.499  -2.290  47.467 0.0000000000
110206  48.384  -2.081  46.724 0.0000000000
110208  47.636  -1.552  46.194 0.0000000000
111313  47.140  -1.242  46.392 0.0000000000
110200  47.414  -2.342  46.538 0.0000000000
110189  46.874  -2.750  47.148 0.0000000000
109031  46.349  -3.545  48.435 0.0000000000
107944  45.565  -4.635  49.512 0.0000000000
107951  46.090  -4.451  48.822 0.0000000000
106863  46.038  -5.399  49.196 0.0000000000
105835  46.439  -5.935  50.041 0.0000000000
114232  40.693  0.929  68.354 0.0000000000
113206  40.308  0.587  69.303 0.0000000000
123007  50.549  10.752  57.488 0.0000000000
122072  51.113  9.845  57.606 0.0000000000
121143  51.567  8.890  57.497 0.0000000000
114281  45.906  1.674  62.961 0.0000000000
114295  45.747  0.858  61.517 0.0000000000
113261  45.613  0.150  61.150 0.0000000000
112261  45.528  -0.574  60.349 0.0000000000
111198  45.512  -1.533  58.502 0.0000000000
108965  47.820  -2.943  55.552 0.0000000000
110092  49.026  -2.752  54.938 0.0000000000
110128  48.707  -2.511  53.281 0.0000000000
110142  48.678  -2.551  52.297 0.0000000000
110155  48.640  -2.623  51.339 0.0000000000
110154  49.550  -2.581  51.453 0.0000000000
110165  50.058  -2.607  50.969 0.0000000000
122968  47.871  10.687  61.648 0.0000000000
119136  46.002  6.247  62.058 0.0000000000
119153  46.657  6.765  61.420 0.0000000000
118139  46.693  5.807  62.768 0.0000000000
118138  47.557  6.124  62.838 0.0000000000
118127  48.032  6.312  63.433 0.0000000000
119114  48.798  6.614  63.875 0.0000000000
119106  48.847  6.664  64.631 0.0000000000
118103  49.048  6.678  65.813 0.0000000000
119090  50.095  6.860  67.099 0.0000000000
113202  44.345  1.081  69.045 0.0000000000
114228  44.669  1.779  68.532 0.0000000000
113185  45.084  1.116  69.655 0.0000000000
113184  45.650  1.387  69.864 0.0000000000
114201  46.579  1.729  70.375 0.0000000000
115235  50.341  2.840  73.247 0.0000000000
115236  49.386  2.357  73.041 0.0000000000
116217  51.016  3.942  72.047 0.0000000000
117166  51.080  4.544  71.365 0.0000000000
117172  51.544  5.276  70.894 0.0000000000
117165  52.136  4.992  71.483 0.0000000000
118043  52.990  5.430  70.961 0.0000000000
117179  53.020  4.855  69.943 0.0000000000
117194  51.323  4.407  68.252 0.0000000000
116248  52.068  4.063  69.409 0.0000000000
116236  50.671  3.356  69.460 0.0000000000
115276  49.562  2.906  68.704 0.0000000000
113183  49.186  0.468  69.344 0.0000000000
112191  48.338  -1.005  66.365 0.0000000000
123987  44.874  11.158  53.553 0.0000000000
123998  45.442  11.711  53.227 0.0000000000
123999  44.693  11.332  53.033 0.0000000000
124940  44.292  12.347  52.680 0.0000000000
124931  44.130  12.865  53.058 0.0000000000
124941  43.773  12.286  52.852 0.0000000000
124001  43.279  11.547  52.926 0.0000000000
123040  42.872  10.860  53.817 0.0000000000
122108  42.675  10.068  53.051 0.0000000000
119255  44.375  6.615  52.218 0.0000000000
119256  43.408  6.886  51.912 0.0000000000
118259  43.982  6.271  52.592 0.0000000000
118232  44.134  5.345  53.721 0.0000000000
117333  44.062  4.806  54.246 0.0000000000
117341  44.706  4.582  53.717 0.0000000000
116409  44.929  3.725  53.780 0.0000000000
115406  45.009  2.718  53.371 0.0000000000
123922  52.253  11.458  59.529 0.0000000000
124876  52.969  12.069  59.680 0.0000000000
122984  52.061  10.899  59.150 0.0000000000
122059  54.006  9.543  58.599 0.0000000000
118177  53.275  5.648  58.336 0.0000000000
119183  54.066  6.438  58.464 0.0000000000
118189  53.553  5.457  57.421 0.0000000000
118188  54.155  6.004  57.175 0.0000000000
118198  54.319  5.986  56.043 0.0000000000
119206  53.435  6.515  55.620 0.0000000000
118212  54.036  5.657  55.193 0.0000000000
118213  53.249  5.453  54.858 0.0000000000
118226  53.115  4.894  54.335 0.0000000000
114333  46.508  1.194  57.282 0.0000000000
114332  47.223  1.929  57.229 0.0000000000
114338  47.172  1.882  55.884 0.0000000000
115397  47.760  2.347  54.233 0.0000000000
114380  48.479  2.226  49.280 0.0000000000
115426  48.582  2.705  50.403 0.0000000000
116436  49.522  3.512  50.091 0.0000000000
116427  50.231  3.739  50.887 0.0000000000
116414  51.234  4.230  51.396 0.0000000000
116426  50.821  4.256  50.713 0.0000000000
117362  50.745  4.819  50.308 0.0000000000
118276  50.185  5.861  50.441 0.0000000000
119276  49.371  6.171  50.229 0.0000000000
118285  49.853  5.591  49.608 0.0000000000
118286  48.915  5.442  49.307 0.0000000000
117372  48.546  4.855  48.915 0.0000000000
113360  45.363  0.360  49.231 0.0000000000
114390  46.099  1.671  48.659 0.0000000000
113351  45.236  0.898  49.764 0.0000000000
114383  44.861  1.018  50.998 0.0000000000
114376  44.788  1.123  51.807 0.0000000000
124891  53.916  12.346  57.362 0.0000000000
120173  40.585  7.085  55.572 0.0000000000
119225  40.686  6.460  55.160 0.0000000000
122020  45.056  9.169  62.401 0.0000000000
120095  44.951  7.914  61.860 0.0000000000
119138  44.003  6.857  62.571 0.0000000000
119137  44.828  6.147  62.518 0.0000000000
120078  45.282  6.833  61.890 0.0000000000
118140  45.803  5.662  62.807 0.0000000000
118117  46.085  5.150  64.541 0.0000000000
118095  46.674  4.915  66.554 0.0000000000
113124  46.154  0.827  72.532 0.0000000000
114156  47.354  0.995  74.247 0.0000000000
114164  48.841  1.758  74.047 0.0000000000
114163  49.804  2.086  74.116 0.0000000000
115222  50.719  2.394  74.231 0.0000000000
115213  51.942  2.689  74.275 0.0000000000
115233  53.211  2.976  73.179 0.0000000000
115241  52.961  2.785  72.371 0.0000000000
123972  46.735  11.375  54.881 0.0000000000
123028  45.788  10.728  55.467 0.0000000000
122089  45.364  9.372  56.359 0.0000000000
122094  44.988  9.747  55.732 0.0000000000
123037  45.368  10.921  54.706 0.0000000000
123038  44.643  10.563  54.206 0.0000000000
123039  44.174  10.193  53.686 0.0000000000
122107  43.851  9.964  53.382 0.0000000000
121179  43.480  9.135  53.028 0.0000000000
120185  43.559  8.247  52.774 0.0000000000
120184  44.040  7.321  52.665 0.0000000000
119233  44.630  7.152  53.533 0.0000000000
119243  44.381  7.241  53.183 0.0000000000
120183  44.665  6.916  52.354 0.0000000000
120190  44.577  6.721  52.265 0.0000000000
118257  45.784  5.568  51.994 0.0000000000
120104  51.919  7.492  60.587 0.0000000000
120119  52.485  7.889  59.737 0.0000000000
119163  52.419  7.122  60.979 0.0000000000
119162  52.890  6.747  60.490 0.0000000000
118157  52.779  6.062  60.181 0.0000000000
118159  51.548  5.504  60.921 0.0000000000
118158  52.232  5.745  60.547 0.0000000000
118167  52.367  5.544  59.653 0.0000000000
117295  52.009  4.931  58.071 0.0000000000
117307  51.651  4.462  57.633 0.0000000000
116362  51.770  4.261  57.139 0.0000000000
112335  46.514  -0.491  51.682 0.0000000000
113338  46.539  0.381  52.441 0.0000000000
112343  46.701  -0.453  50.678 0.0000000000
113350  46.910  0.233  50.268 0.0000000000
113358  47.368  0.579  49.443 0.0000000000
111312  48.214  -0.690  47.534 0.0000000000
113365  47.825  0.601  48.290 0.0000000000
114389  48.051  1.467  48.835 0.0000000000
114388  48.660  2.145  48.312 0.0000000000
114396  48.684  1.946  47.419 0.0000000000
115451  48.683  2.722  47.044 0.0000000000
116457  48.572  3.537  47.090 0.0000000000
115453  47.360  1.825  46.561 0.0000000000
113366  46.497  0.450  47.294 0.0000000000
112378  46.710  -0.483  46.799 0.0000000000
112369  46.357  -0.569  47.741 0.0000000000
113367  46.021  0.383  48.231 0.0000000000
111301  45.005  -1.612  49.831 0.0000000000
110158  44.244  -2.822  51.088 0.0000000000
107937  45.097  -4.684  50.201 0.0000000000
106847  44.300  -5.545  51.121 0.0000000000
105822  44.080  -6.323  51.572 0.0000000000
116291  41.861  4.165  65.697 0.0000000000
116290  42.620  3.898  65.671 0.0000000000
116280  42.273  3.539  66.131 0.0000000000
115293  42.519  2.316  67.014 0.0000000000
114243  43.164  1.751  67.618 0.0000000000
114231  41.749  0.928  68.289 0.0000000000
114230  42.801  1.021  68.247 0.0000000000
113203  43.449  0.726  69.072 0.0000000000
113186  44.138  0.601  69.893 0.0000000000
113147  44.564  0.491  71.838 0.0000000000
123018  47.894  10.712  56.714 0.0000000000
122086  47.764  9.867  57.303 0.0000000000
122074  49.082  9.543  57.667 0.0000000000
121147  47.769  8.421  57.635 0.0000000000
120145  48.347  7.631  57.612 0.0000000000
119210  48.585  6.242  56.736 0.0000000000
118202  49.172  5.745  56.049 0.0000000000
116307  48.390  4.022  63.153 0.0000000000
116318  48.540  3.922  62.112 0.0000000000
116308  47.716  3.457  62.546 0.0000000000
115335  47.337  2.671  61.052 0.0000000000
114307  46.943  1.996  60.300 0.0000000000
114308  46.383  1.406  60.597 0.0000000000
113276  46.161  0.793  59.760 0.0000000000
114325  46.542  1.222  58.180 0.0000000000
113304  46.165  0.782  57.628 0.0000000000
113319  46.103  0.532  55.925 0.0000000000
113326  46.031  0.215  54.753 0.0000000000
110018  45.782  -2.513  59.932 0.0000000000
110033  45.751  -2.336  58.850 0.0000000000
111212  45.580  -1.517  57.470 0.0000000000
110075  47.288  -2.874  55.882 0.0000000000
110077  46.040  -2.100  56.009 0.0000000000
111226  45.682  -1.549  56.528 0.0000000000
111252  46.015  -1.532  55.159 0.0000000000
112322  45.916  -0.692  54.612 0.0000000000
112329  46.378  -0.530  52.761 0.0000000000
111276  46.570  -1.359  52.021 0.0000000000
111284  47.405  -2.033  50.511 0.0000000000
110168  47.927  -2.330  50.083 0.0000000000
110167  48.676  -2.559  50.406 0.0000000000
109020  49.035  -3.060  48.816 0.0000000000
107943  48.053  -4.627  49.226 0.0000000000
106853  48.645  -4.827  50.592 0.0000000000
123911  51.281  11.812  60.630 0.0000000000
123923  50.788  11.216  59.831 0.0000000000
122048  50.680  9.586  59.340 0.0000000000
121122  50.024  8.827  59.532 0.0000000000
122959  46.443  10.037  62.260 0.0000000000
122969  47.239  10.095  61.429 0.0000000000
122979  47.588  9.926  60.807 0.0000000000
120109  46.690  8.113  60.792 0.0000000000
121109  47.590  8.561  60.405 0.0000000000
122036  48.407  9.673  60.146 0.0000000000
121108  48.550  8.802  59.922 0.0000000000
120122  49.793  8.316  59.780 0.0000000000
120121  50.390  8.145  59.807 0.0000000000
119164  50.659  7.290  61.356 0.0000000000
119149  51.281  7.258  62.020 0.0000000000
119131  51.585  7.237  63.055 0.0000000000
119113  49.710  6.948  64.315 0.0000000000
119121  50.682  7.103  63.782 0.0000000000
119120  51.671  6.851  64.070 0.0000000000
118113  51.432  6.109  64.581 0.0000000000
118126  50.871  5.479  64.036 0.0000000000
117240  50.012  5.052  64.366 0.0000000000
116279  43.253  3.457  66.219 0.0000000000
117222  43.773  3.667  66.054 0.0000000000
116277  44.704  3.600  66.655 0.0000000000
115291  44.796  2.640  67.859 0.0000000000
116265  45.283  3.492  67.341 0.0000000000
117220  45.429  4.132  66.389 0.0000000000
117210  45.745  3.983  67.137 0.0000000000
117208  46.891  4.601  67.565 0.0000000000
118085  47.566  5.216  67.518 0.0000000000
114181  46.946  1.161  72.219 0.0000000000
114192  46.882  1.367  71.226 0.0000000000
115256  47.159  2.182  70.367 0.0000000000
115245  49.138  2.607  72.018 0.0000000000
115255  47.957  2.564  70.735 0.0000000000
115264  47.599  3.020  69.921 0.0000000000
116238  47.543  3.640  69.421 0.0000000000
117196  47.885  4.743  68.590 0.0000000000
118073  47.808  4.961  68.192 0.0000000000
118072  48.624  5.395  68.443 0.0000000000
118071  50.108  6.360  68.356 0.0000000000
119077  50.847  6.662  68.314 0.0000000000
118051  51.433  5.546  70.340 0.0000000000
119066  51.711  6.355  69.072 0.0000000000
119096  51.405  6.586  66.858 0.0000000000
118092  51.534  6.168  66.282 0.0000000000
117229  50.809  5.530  65.628 0.0000000000
117241  49.175  4.476  64.722 0.0000000000
116299  48.293  4.083  64.154 0.0000000000
116295  48.344  3.914  65.098 0.0000000000
115313  46.915  2.899  64.032 0.0000000000
116274  49.496  3.972  67.073 0.0000000000
116289  47.648  3.277  65.583 0.0000000000
115314  46.365  2.208  64.460 0.0000000000
114263  45.961  1.515  64.819 0.0000000000
114264  45.576  0.986  64.370 0.0000000000
112224  45.436  -0.482  63.638 0.0000000000
115251  51.962  3.019  70.988 0.0000000000
115262  49.870  2.490  69.627 0.0000000000
115277  48.707  2.367  68.434 0.0000000000
114225  48.632  1.284  69.141 0.0000000000
114226  47.994  1.290  68.475 0.0000000000
114240  47.376  1.340  67.736 0.0000000000
113216  46.199  0.485  66.127 0.0000000000
112218  45.640  -0.389  64.487 0.0000000000
117236  41.376  4.829  65.471 0.0000000000
116292  41.381  4.344  65.788 0.0000000000
115306  40.860  3.036  66.634 0.0000000000
115295  40.467  2.248  67.079 0.0000000000
116283  39.272  3.877  66.620 0.0000000000
115307  39.881  3.049  66.746 0.0000000000
114246  40.051  1.521  67.634 0.0000000000
114233  39.632  0.929  68.391 0.0000000000
114249  37.429  1.875  67.983 0.0000000000
113208  38.345  0.752  69.394 0.0000000000
125920  43.504  13.524  54.274 0.0000000000
126874  43.213  13.871  54.761 0.0000000000
126862  42.892  14.388  55.487 0.0000000000
123948  42.400  10.904  56.715 0.0000000000
122090  42.523  9.421  56.066 0.0000000000
121168  42.211  8.774  55.337 0.0000000000
119224  41.186  6.931  54.524 0.0000000000
119236  41.174  6.169  54.741 0.0000000000
121199  42.681  8.499  51.676 0.0000000000
120194  41.800  7.855  52.062 0.0000000000
119258  41.950  7.500  51.864 0.0000000000
119246  41.870  7.161  52.451 0.0000000000
118235  41.577  5.819  54.823 0.0000000000
118219  42.086  5.384  55.215 0.0000000000
116400  43.815  4.117  55.038 0.0000000000
124875  53.537  12.357  59.746 0.0000000000
124884  54.399  12.372  58.377 0.0000000000
124890  54.439  12.285  57.637 0.0000000000
123942  54.377  11.378  57.034 0.0000000000
121119  53.036  8.554  59.119 0.0000000000
121118  53.777  8.367  58.976 0.0000000000
121132  54.281  8.692  58.614 0.0000000000
119182  54.204  6.948  58.786 0.0000000000
121131  54.884  8.712  58.055 0.0000000000
122068  54.948  9.443  57.773 0.0000000000
122084  55.019  9.711  57.265 0.0000000000
122085  54.582  9.931  56.798 0.0000000000
123004  53.700  10.735  56.788 0.0000000000
122070  53.217  9.866  56.970 0.0000000000
121142  52.686  8.836  56.981 0.0000000000
120142  51.926  7.891  57.115 0.0000000000
119207  52.146  6.698  56.272 0.0000000000
119193  51.308  7.139  57.020 0.0000000000
119208  50.867  6.350  56.578 0.0000000000
116331  48.831  3.830  60.883 0.0000000000
115363  48.025  2.539  58.033 0.0000000000
115362  48.626  2.819  58.055 0.0000000000
116354  49.900  3.879  58.628 0.0000000000
116364  49.742  3.341  57.256 0.0000000000
116374  50.979  3.575  56.202 0.0000000000
114359  47.306  1.771  52.768 0.0000000000
115404  47.796  2.353  53.276 0.0000000000
115403  48.383  2.780  53.733 0.0000000000
115419  48.565  2.872  51.746 0.0000000000
116407  49.061  3.172  53.355 0.0000000000
116398  48.828  3.147  54.079 0.0000000000
116384  50.842  3.468  54.972 0.0000000000
116383  51.989  3.620  55.141 0.0000000000
116394  52.738  4.000  54.354 0.0000000000
117332  52.278  4.338  53.607 0.0000000000
118227  52.291  4.913  53.957 0.0000000000
118252  51.665  4.656  52.246 0.0000000000
118241  51.357  5.156  53.046 0.0000000000
118228  51.189  5.247  54.001 0.0000000000
118229  50.102  5.527  54.159 0.0000000000
118230  49.094  5.746  54.354 0.0000000000
118244  48.594  5.970  53.750 0.0000000000
119252  47.569  6.596  52.059 0.0000000000
119266  46.268  6.242  51.651 0.0000000000
118268  46.637  5.643  51.371 0.0000000000
117346  46.186  4.874  51.942 0.0000000000
116458  48.015  3.529  47.150 0.0000000000
116453  47.873  3.683  47.818 0.0000000000
116445  47.581  3.663  48.746 0.0000000000
115438  46.089  1.909  49.026 0.0000000000
116446  47.073  3.251  49.459 0.0000000000
116437  47.472  3.986  49.823 0.0000000000
117365  47.092  4.267  50.668 0.0000000000
116418  46.236  4.076  51.934 0.0000000000
116419  45.772  3.550  52.451 0.0000000000
115405  45.399  3.154  52.813 0.0000000000
114361  44.712  1.694  53.677 0.0000000000
114368  44.821  1.475  52.762 0.0000000000
106861  47.606  -5.165  49.655 0.0000000000
106855  47.131  -5.611  50.373 0.0000000000
105828  46.313  -6.181  50.799 0.0000000000
105830  45.176  -5.890  50.352 0.0000000000
105836  46.240  -5.802  49.674 0.0000000000
106840  42.951  -5.648  52.976 0.0000000000
106854  48.064  -5.021  50.344 0.0000000000
106857  44.841  -5.487  50.493 0.0000000000
106868  46.834  -5.004  48.719 0.0000000000
107955  48.113  -3.369  47.065 0.0000000000
108955  47.447  -3.079  56.422 0.0000000000
108956  46.764  -2.924  56.789 0.0000000000
108974  48.424  -2.866  55.074 0.0000000000
109022  45.216  -3.289  49.895 0.0000000000
109030  46.785  -3.477  47.634 0.0000000000
109040  47.893  -3.080  46.689 0.0000000000
109049  48.272  -2.495  46.525 0.0000000000
109050  48.147  -2.702  46.469 0.0000000000
110046  45.787  -2.238  57.831 0.0000000000
110060  45.892  -2.207  56.862 0.0000000000
110076  46.650  -2.669  56.198 0.0000000000
110093  47.306  -2.739  55.329 0.0000000000
110111  48.757  -2.608  54.292 0.0000000000
110157  46.908  -1.880  51.555 0.0000000000
110178  47.973  -2.082  49.230 0.0000000000
110207  48.075  -2.075  46.208 0.0000000000
111107  47.062  -0.863  66.014 0.0000000000
111119  46.807  -1.077  65.518 0.0000000000
111136  45.706  -0.857  64.031 0.0000000000
111239  45.832  -1.631  55.837 0.0000000000
111251  46.441  -1.877  54.658 0.0000000000
111263  45.936  -1.141  54.780 0.0000000000
111285  46.873  -1.499  50.919 0.0000000000
111293  44.479  -1.655  50.630 0.0000000000
111305  47.971  -1.045  48.054 0.0000000000
111320  47.957  -1.071  45.999 0.0000000000
111321  47.536  -0.901  46.147 0.0000000000
112183  47.717  -0.394  67.388 0.0000000000
112184  46.971  -0.135  66.976 0.0000000000
112193  46.609  -0.175  66.390 0.0000000000
112205  45.766  -0.130  65.124 0.0000000000
112307  45.629  -0.939  55.959 0.0000000000
112314  45.750  -0.813  55.186 0.0000000000
112321  46.155  -0.596  53.804 0.0000000000
112350  46.904  -0.411  49.953 0.0000000000
112360  47.170  -0.352  49.411 0.0000000000
112361  45.220  -0.689  49.451 0.0000000000
112368  47.960  -0.196  47.803 0.0000000000
112376  48.307  -0.329  46.692 0.0000000000
112385  47.683  -0.278  46.145 0.0000000000
112386  47.212  -0.327  46.283 0.0000000000
113145  46.298  0.986  71.529 0.0000000000
113199  48.449  0.442  68.698 0.0000000000
113201  44.800  1.387  69.063 0.0000000000
113211  47.121  0.435  67.433 0.0000000000
113220  45.841  0.421  65.437 0.0000000000
113229  45.421  0.283  63.998 0.0000000000
113235  45.305  0.217  63.085 0.0000000000
113246  45.437  0.136  62.099 0.0000000000
113286  46.158  0.678  58.933 0.0000000000
113311  46.101  0.670  56.893 0.0000000000
113312  45.728  -0.060  56.488 0.0000000000
113327  45.829  -0.364  55.040 0.0000000000
113343  47.108  1.127  51.087 0.0000000000
113344  46.785  0.557  51.293 0.0000000000
113349  47.198  0.997  50.519 0.0000000000
113359  47.020  0.018  49.756 0.0000000000
113379  48.156  0.525  46.501 0.0000000000
114150  52.128  2.518  74.252 0.0000000000
114151  51.895  2.253  74.389 0.0000000000
114165  47.909  1.451  73.788 0.0000000000
114179  48.673  1.918  73.128 0.0000000000
114191  47.660  1.693  71.647 0.0000000000
114200  47.286  1.830  70.814 0.0000000000
114202  46.001  1.590  69.951 0.0000000000
114210  49.933  1.440  70.304 0.0000000000
114212  46.251  2.008  69.699 0.0000000000
114213  45.671  1.831  69.353 0.0000000000
114214  45.099  1.626  69.069 0.0000000000
114241  46.788  1.085  67.192 0.0000000000
114251  46.977  1.757  67.064 0.0000000000
114256  46.045  1.238  65.644 0.0000000000
114257  45.719  0.925  65.040 0.0000000000
114270  45.857  1.666  63.945 0.0000000000
114282  45.590  0.939  62.507 0.0000000000
114294  46.043  1.614  61.897 0.0000000000
114309  45.851  0.738  60.908 0.0000000000
114317  47.081  1.925  59.714 0.0000000000
114318  46.615  1.304  59.312 0.0000000000
114352  47.185  1.787  53.753 0.0000000000
114360  46.722  1.144  53.154 0.0000000000
114366  46.915  1.178  52.174 0.0000000000
114397  48.307  1.337  47.870 0.0000000000
114399  45.804  1.078  48.615 0.0000000000
114405  48.431  1.177  47.221 0.0000000000
114406  46.833  1.313  46.870 0.0000000000
114411  47.999  1.258  46.384 0.0000000000
114413  47.288  1.143  46.453 0.0000000000
115212  52.285  2.731  74.094 0.0000000000
115214  51.399  2.377  74.388 0.0000000000
115215  50.949  2.076  74.514 0.0000000000
115219  52.692  2.953  73.788 0.0000000000
115220  52.265  3.079  73.985 0.0000000000
115234  51.311  3.347  73.423 0.0000000000
115242  52.215  2.581  71.569 0.0000000000
115252  51.084  2.542  70.758 0.0000000000
115254  48.766  2.984  71.099 0.0000000000
115261  50.702  3.019  69.981 0.0000000000
115278  47.888  1.873  68.055 0.0000000000
115280  45.818  2.680  68.634 0.0000000000
115281  45.130  2.302  68.460 0.0000000000
115288  48.402  2.822  67.657 0.0000000000
115303  43.337  3.082  66.696 0.0000000000
115310  46.940  2.726  65.052 0.0000000000
115348  46.927  2.164  60.707 0.0000000000
115355  48.449  2.838  58.593 0.0000000000
115371  48.944  2.849  57.403 0.0000000000
115379  49.335  3.049  56.707 0.0000000000
115387  49.253  3.120  55.938 0.0000000000
115389  47.793  2.427  55.204 0.0000000000
115396  48.393  2.803  54.571 0.0000000000
115411  48.508  2.793  52.808 0.0000000000
115427  47.909  2.147  50.678 0.0000000000
115428  46.550  2.761  49.900 0.0000000000
115434  49.499  3.557  48.751 0.0000000000
115436  47.437  3.240  48.087 0.0000000000
115444  49.046  2.781  47.834 0.0000000000
115450  49.218  3.313  47.558 0.0000000000
115458  47.759  1.776  46.374 0.0000000000
115459  47.520  1.495  46.404 0.0000000000
116193  52.575  3.319  73.711 0.0000000000
116195  51.812  3.629  73.490 0.0000000000
116206  52.847  3.618  73.294 0.0000000000
116207  52.334  4.000  73.138 0.0000000000
116209  50.610  3.450  72.426 0.0000000000
116216  52.847  3.406  71.771 0.0000000000
116228  48.775  3.535  70.462 0.0000000000
116235  51.456  3.472  69.896 0.0000000000
116237  48.248  3.879  69.824 0.0000000000
116249  51.337  3.925  69.053 0.0000000000
116252  47.148  3.865  68.749 0.0000000000
116261  49.822  3.843  67.729 0.0000000000
116262  48.926  3.368  67.608 0.0000000000
116264  46.032  3.838  67.617 0.0000000000
116275  48.805  3.708  66.678 0.0000000000
116276  47.927  3.163  66.523 0.0000000000
116278  44.029  3.475  66.464 0.0000000000
116281  41.254  3.881  66.146 0.0000000000
116296  47.591  3.428  64.586 0.0000000000
116344  49.456  4.096  59.955 0.0000000000
116346  47.938  2.874  59.827 0.0000000000
116355  49.095  3.116  58.156 0.0000000000
116365  49.257  3.087  57.609 0.0000000000
116372  52.807  4.296  55.975 0.0000000000
116386  49.000  3.147  54.643 0.0000000000
116397  49.501  3.345  54.019 0.0000000000
116425  51.113  4.436  50.968 0.0000000000
116434  50.539  4.476  50.213 0.0000000000
116438  46.903  3.443  50.276 0.0000000000
116452  48.468  4.020  47.621 0.0000000000
116456  49.124  3.669  47.306 0.0000000000
117159  51.670  4.327  71.995 0.0000000000
117171  53.222  4.946  70.825 0.0000000000
117173  50.720  5.079  70.436 0.0000000000
117174  49.645  4.378  70.207 0.0000000000
117180  52.525  4.541  69.510 0.0000000000
117183  48.301  4.557  69.234 0.0000000000
117184  47.589  4.272  68.850 0.0000000000
117192  52.658  4.978  69.332 0.0000000000
117193  52.196  4.693  68.830 0.0000000000
117195  50.629  4.264  67.785 0.0000000000
117198  46.553  4.209  67.793 0.0000000000
117209  46.278  4.376  67.120 0.0000000000
117218  48.962  4.102  66.142 0.0000000000
117219  46.113  4.471  66.599 0.0000000000
117221  44.345  3.806  66.051 0.0000000000
117223  41.034  4.518  65.823 0.0000000000
117230  50.165  5.040  65.382 0.0000000000
117231  49.106  4.304  65.597 0.0000000000
117244  43.017  4.533  64.892 0.0000000000
117272  49.480  4.410  61.100 0.0000000000
117297  50.557  4.426  58.840 0.0000000000
117304  53.835  5.297  56.452 0.0000000000
117306  52.337  4.574  57.156 0.0000000000
117323  53.915  5.201  54.868 0.0000000000
117339  51.763  4.274  52.758 0.0000000000
117345  51.498  4.421  51.878 0.0000000000
117354  51.012  4.556  50.753 0.0000000000
117355  47.159  5.039  50.941 0.0000000000
117361  51.094  4.976  50.741 0.0000000000
117371  50.046  4.749  49.420 0.0000000000
117380  48.253  4.289  48.392 0.0000000000
117384  49.248  4.066  47.689 0.0000000000
118044  52.685  5.349  71.239 0.0000000000
118049  53.074  5.664  70.163 0.0000000000
118068  52.519  5.220  69.040 0.0000000000
118070  50.880  6.505  68.692 0.0000000000
118082  51.673  5.941  66.996 0.0000000000
118083  50.039  6.683  67.606 0.0000000000
118086  46.853  4.770  67.193 0.0000000000
118102  50.792  5.562  65.336 0.0000000000
118104  48.243  6.284  65.351 0.0000000000
118107  45.136  4.496  65.329 0.0000000000
118114  50.771  5.592  64.864 0.0000000000
118119  43.834  4.853  64.249 0.0000000000
118121  42.033  5.763  64.542 0.0000000000
118124  52.037  6.243  63.197 0.0000000000
118128  47.300  5.898  63.557 0.0000000000
118131  44.226  5.232  63.631 0.0000000000
118135  51.637  5.717  62.813 0.0000000000
118137  48.074  6.364  62.934 0.0000000000
118147  52.538  6.276  60.813 0.0000000000
118148  52.245  6.106  61.465 0.0000000000
118165  53.671  6.072  58.770 0.0000000000
118168  51.651  5.217  59.988 0.0000000000
118176  53.871  5.937  58.022 0.0000000000
118178  52.549  5.396  58.693 0.0000000000
118187  54.421  6.494  56.771 0.0000000000
118197  54.418  6.604  56.329 0.0000000000
118204  47.720  6.137  55.923 0.0000000000
118217  48.684  5.750  55.254 0.0000000000
118218  47.880  6.029  55.381 0.0000000000
118256  46.335  5.248  51.696 0.0000000000
118264  51.434  4.861  51.623 0.0000000000
118265  51.046  5.264  51.485 0.0000000000
118274  51.255  5.055  51.073 0.0000000000
118277  48.565  5.716  49.739 0.0000000000
118284  50.474  5.397  50.108 0.0000000000
118292  49.534  5.089  48.995 0.0000000000
119065  51.929  6.380  68.855 0.0000000000
119076  51.455  6.533  68.534 0.0000000000
119087  52.232  6.126  68.106 0.0000000000
119088  51.846  6.460  67.725 0.0000000000
119089  50.876  6.841  67.650 0.0000000000
119098  49.713  6.808  66.296 0.0000000000
119119  51.988  6.490  63.575 0.0000000000
119122  49.634  6.797  63.435 0.0000000000
119152  47.747  6.748  61.337 0.0000000000
119154  45.884  6.975  61.538 0.0000000000
119175  53.629  6.726  59.440 0.0000000000
119176  53.124  6.369  59.891 0.0000000000
119190  54.472  6.841  57.719 0.0000000000
119192  51.922  7.276  56.758 0.0000000000
119197  47.079  6.911  57.012 0.0000000000
119213  45.942  6.938  55.862 0.0000000000
119219  54.108  6.231  55.442 0.0000000000
119239  48.658  6.136  53.195 0.0000000000
119250  49.933  5.976  51.868 0.0000000000
119257  42.425  7.328  51.685 0.0000000000
119267  45.846  6.299  51.810 0.0000000000
119277  48.579  5.999  50.031 0.0000000000
119285  49.147  5.887  49.690 0.0000000000
120079  44.608  7.422  62.138 0.0000000000
120091  51.350  7.372  61.219 0.0000000000
120092  47.084  7.205  60.951 0.0000000000
120102  53.286  7.053  59.951 0.0000000000
120105  50.712  7.557  60.535 0.0000000000
120108  47.183  7.851  60.638 0.0000000000
120117  54.057  7.193  59.126 0.0000000000
120130  54.443  7.750  58.558 0.0000000000
120159  53.017  7.421  56.257 0.0000000000
120160  52.349  7.437  56.614 0.0000000000
120163  44.720  8.321  55.713 0.0000000000
120177  44.635  7.241  53.998 0.0000000000
120179  43.626  8.521  53.326 0.0000000000
120193  42.005  7.728  51.597 0.0000000000
120201  42.899  8.076  51.273 0.0000000000
120202  42.314  8.018  51.342 0.0000000000
120203  41.958  8.033  51.598 0.0000000000
121087  45.392  8.798  61.865 0.0000000000
121088  44.775  8.386  62.120 0.0000000000
121098  46.457  8.584  61.030 0.0000000000
121100  45.221  8.219  61.750 0.0000000000
121107  49.395  8.540  59.745 0.0000000000
121110  46.968  8.423  60.667 0.0000000000
121121  51.034  8.707  59.416 0.0000000000
121123  49.292  9.077  59.628 0.0000000000
121133  53.676  8.913  58.777 0.0000000000
121148  46.860  8.383  57.434 0.0000000000
121160  45.447  8.662  56.671 0.0000000000
121200  42.124  8.393  51.822 0.0000000000
122018  46.287  9.573  61.775 0.0000000000
122027  47.232  9.619  60.898 0.0000000000
122028  46.669  9.420  61.266 0.0000000000
122037  47.779  9.448  60.446 0.0000000000
122046  52.446  9.142  58.980 0.0000000000
122058  54.631  9.489  58.237 0.0000000000
122069  53.952  9.896  56.536 0.0000000000
122075  48.171  9.293  57.587 0.0000000000
122077  46.652  9.129  57.268 0.0000000000
122093  45.641  10.015  56.176 0.0000000000
122106  44.034  10.254  53.201 0.0000000000
122970  46.642  9.798  61.679 0.0000000000
122977  48.825  10.535  60.433 0.0000000000
122986  50.234  10.405  59.630 0.0000000000
122987  49.149  10.389  60.063 0.0000000000
122988  48.660  10.041  60.123 0.0000000000
122996  52.482  10.591  58.868 0.0000000000
122997  51.980  10.080  58.924 0.0000000000
123003  54.327  10.581  56.692 0.0000000000
123015  54.940  10.568  57.182 0.0000000000
123016  54.696  10.812  56.892 0.0000000000
123027  46.799  10.940  55.710 0.0000000000
123029  44.996  10.377  55.052 0.0000000000
123049  44.106  10.209  53.437 0.0000000000
123058  44.100  10.782  52.795 0.0000000000
123903  48.514  10.868  61.221 0.0000000000
123914  48.598  10.715  60.808 0.0000000000
123920  53.865  12.095  59.233 0.0000000000
123921  53.373  11.793  59.268 0.0000000000
123925  49.293  10.723  60.245 0.0000000000
123934  52.610  11.130  59.037 0.0000000000
123957  54.710  11.124  56.931 0.0000000000
123973  45.974  11.346  54.681 0.0000000000
124000  43.419  12.016  53.052 0.0000000000
124009  43.305  11.292  52.747 0.0000000000
124867  51.907  12.056  60.682 0.0000000000
124932  43.645  12.533  53.288 0.0000000000
125883  53.769  13.056  57.674 0.0000000000
125929  44.564  13.707  53.422 0.0000000000
125930  43.843  13.205  53.619 0.0000000000
