#!ascii label  , from subject tim vox2ras=TkReg
597
93067  21.206  -18.459  16.385 0.0000000000
105170  26.015  -7.659  16.866 0.0000000000
115766  22.075  2.260  16.355 0.0000000000
108319  18.831  -4.701  16.485 0.0000000000
87682  23.121  -23.400  17.866 0.0000000000
93046  25.875  -18.493  17.331 0.0000000000
98753  24.352  -13.344  13.889 0.0000000000
104079  20.765  -8.588  14.212 0.0000000000
110574  23.651  -2.677  16.729 0.0000000000
116738  25.883  3.238  18.794 0.0000000000
119592  20.689  6.654  15.479 0.0000000000
89844  22.374  -21.149  16.021 0.0000000000
89841  24.359  -21.049  16.734 0.0000000000
93084  23.905  -18.749  14.913 0.0000000000
100909  19.955  -11.552  15.977 0.0000000000
102964  18.985  -9.689  16.836 0.0000000000
111704  20.189  -1.187  15.359 0.0000000000
110613  21.254  -3.197  14.513 0.0000000000
112712  22.541  -0.234  16.458 0.0000000000
113682  24.569  0.338  18.629 0.0000000000
115737  23.521  2.377  18.283 0.0000000000
120506  19.805  7.514  17.844 0.0000000000
118614  19.942  5.509  16.815 0.0000000000
121531  20.248  8.446  14.957 0.0000000000
101933  25.895  -10.657  15.680 0.0000000000
98727  26.591  -13.528  15.997 0.0000000000
101901  28.089  -10.685  17.877 0.0000000000
114751  20.207  0.966  15.701 0.0000000000
108282  26.997  -5.173  18.813 0.0000000000
96449  20.628  -15.572  16.383 0.0000000000
95381  22.173  -16.193  14.378 0.0000000000
98754  21.381  -13.301  14.397 0.0000000000
101960  23.064  -10.489  13.757 0.0000000000
105201  23.665  -8.064  14.674 0.0000000000
106225  19.499  -6.666  15.342 0.0000000000
107288  22.824  -5.444  14.965 0.0000000000
107238  24.845  -5.284  17.161 0.0000000000
110539  26.168  -2.594  18.583 0.0000000000
116753  20.209  3.520  16.976 0.0000000000
117680  22.028  4.562  16.383 0.0000000000
123369  22.471  10.069  14.350 0.0000000000
120535  23.248  7.743  15.673 0.0000000000
118604  23.652  5.531  17.440 0.0000000000
119563  26.252  5.982  17.495 0.0000000000
95364  25.556  -16.472  15.280 0.0000000000
94161  20.146  -17.426  17.808 0.0000000000
91889  20.765  -19.248  17.969 0.0000000000
91926  21.789  -19.574  15.936 0.0000000000
90896  22.836  -19.977  15.292 0.0000000000
93086  22.290  -18.663  15.294 0.0000000000
114749  21.344  0.621  15.264 0.0000000000
113724  21.646  -0.329  15.441 0.0000000000
114729  22.495  1.537  16.991 0.0000000000
114728  23.140  1.456  17.880 0.0000000000
115752  22.926  2.461  17.564 0.0000000000
122445  20.133  9.343  15.822 0.0000000000
120525  19.912  7.783  15.861 0.0000000000
122457  19.932  9.452  15.019 0.0000000000
102962  25.802  -9.286  16.319 0.0000000000
101918  26.575  -10.612  16.466 0.0000000000
102943  27.242  -9.363  17.534 0.0000000000
112726  19.284  -0.485  16.315 0.0000000000
113709  18.972  -0.098  16.943 0.0000000000
87702  21.552  -23.199  17.774 0.0000000000
86553  22.402  -24.031  17.831 0.0000000000
86540  23.323  -24.465  18.551 0.0000000000
88759  24.384  -22.837  18.972 0.0000000000
90874  25.244  -19.945  17.243 0.0000000000
89823  25.309  -20.941  18.238 0.0000000000
97617  20.711  -14.470  15.502 0.0000000000
98743  20.331  -13.512  15.852 0.0000000000
101950  20.013  -10.261  15.133 0.0000000000
101948  20.974  -10.935  14.168 0.0000000000
103006  21.990  -9.537  13.586 0.0000000000
103004  23.466  -9.549  13.954 0.0000000000
105215  22.771  -7.969  13.755 0.0000000000
106210  18.569  -6.713  16.563 0.0000000000
107273  19.208  -5.619  15.792 0.0000000000
109429  22.516  -3.452  15.407 0.0000000000
108353  21.681  -4.494  14.459 0.0000000000
108335  22.885  -4.487  15.453 0.0000000000
107271  23.759  -5.602  15.848 0.0000000000
108302  24.556  -4.507  16.866 0.0000000000
108301  25.254  -4.553  17.729 0.0000000000
110558  24.673  -2.544  17.638 0.0000000000
114701  25.275  1.360  19.227 0.0000000000
113666  25.468  0.270  19.247 0.0000000000
118613  20.258  5.729  16.140 0.0000000000
117673  20.305  4.379  16.878 0.0000000000
117688  20.831  5.104  15.929 0.0000000000
116765  20.864  3.520  16.352 0.0000000000
118612  21.835  5.560  16.138 0.0000000000
120524  23.829  7.460  16.270 0.0000000000
120523  24.655  7.437  16.355 0.0000000000
119564  25.372  6.135  17.561 0.0000000000
97631  23.693  -14.523  13.760 0.0000000000
95378  24.630  -16.449  14.157 0.0000000000
97629  25.085  -14.498  14.388 0.0000000000
99789  27.598  -13.217  17.405 0.0000000000
97580  27.169  -14.586  17.276 0.0000000000
89827  21.567  -21.375  17.304 0.0000000000
88809  22.890  -21.939  17.047 0.0000000000
88788  24.019  -21.811  17.328 0.0000000000
89861  23.572  -21.143  15.689 0.0000000000
90893  24.555  -20.337  16.089 0.0000000000
93065  24.925  -18.880  15.934 0.0000000000
100895  19.278  -11.706  17.247 0.0000000000
101919  19.257  -10.715  16.885 0.0000000000
104080  19.974  -8.605  14.807 0.0000000000
110588  19.749  -2.764  15.136 0.0000000000
109447  19.850  -3.646  14.771 0.0000000000
111716  21.235  -1.740  15.043 0.0000000000
111703  22.375  -1.750  15.661 0.0000000000
111691  23.103  -1.806  16.486 0.0000000000
111678  24.058  -1.708  17.598 0.0000000000
112696  23.415  -0.081  17.554 0.0000000000
114716  23.890  1.393  18.526 0.0000000000
116739  24.846  3.214  18.916 0.0000000000
118594  19.570  5.529  18.936 0.0000000000
119566  19.751  6.548  17.288 0.0000000000
119579  19.929  6.631  16.114 0.0000000000
120546  20.981  8.006  14.818 0.0000000000
100908  24.949  -11.733  14.772 0.0000000000
98742  25.533  -13.538  14.846 0.0000000000
100894  26.208  -11.637  15.826 0.0000000000
100877  27.166  -11.800  16.965 0.0000000000
109414  18.593  -3.326  16.727 0.0000000000
111706  19.001  -2.040  15.828 0.0000000000
113717  20.401  -0.067  15.377 0.0000000000
114739  21.165  1.483  15.641 0.0000000000
88772  24.991  -21.852  18.720 0.0000000000
106187  26.420  -6.614  17.830 0.0000000000
105121  27.224  -7.591  18.218 0.0000000000
95346  20.720  -16.665  16.641 0.0000000000
94225  21.999  -17.768  14.977 0.0000000000
96466  21.207  -15.660  15.479 0.0000000000
97632  22.192  -14.839  14.144 0.0000000000
98767  23.045  -13.170  13.524 0.0000000000
99858  20.521  -12.544  15.230 0.0000000000
99868  22.201  -12.229  13.662 0.0000000000
99866  23.578  -12.336  13.611 0.0000000000
101947  24.336  -10.663  14.508 0.0000000000
102979  24.674  -9.641  15.395 0.0000000000
105171  25.121  -7.778  16.142 0.0000000000
104065  19.011  -8.289  16.150 0.0000000000
105205  20.372  -7.667  14.521 0.0000000000
108365  20.530  -4.717  14.440 0.0000000000
106252  20.922  -6.173  14.288 0.0000000000
105217  21.423  -7.555  13.937 0.0000000000
105188  23.486  -6.947  15.004 0.0000000000
105172  24.544  -7.113  15.944 0.0000000000
106208  25.519  -6.703  16.909 0.0000000000
108300  25.757  -5.182  17.908 0.0000000000
108267  26.743  -4.049  18.949 0.0000000000
111661  25.321  -1.680  18.438 0.0000000000
115769  20.235  2.436  16.529 0.0000000000
115768  21.006  2.420  16.147 0.0000000000
116763  22.190  3.395  16.418 0.0000000000
122455  21.356  9.511  14.356 0.0000000000
121529  21.654  8.242  15.035 0.0000000000
122453  22.970  9.428  14.842 0.0000000000
120536  22.145  7.637  15.509 0.0000000000
119577  22.346  6.201  16.234 0.0000000000
118611  22.701  5.466  16.747 0.0000000000
116751  22.777  3.422  17.285 0.0000000000
117670  24.052  4.869  17.874 0.0000000000
118593  24.966  4.703  18.408 0.0000000000
117657  26.297  4.425  18.437 0.0000000000
94237  22.948  -17.445  14.357 0.0000000000
94223  24.908  -17.777  14.920 0.0000000000
94204  25.682  -17.423  16.381 0.0000000000
97598  26.021  -14.912  15.520 0.0000000000
96446  26.292  -15.585  16.430 0.0000000000
93047  20.689  -18.444  17.072 0.0000000000
93026  20.388  -18.210  17.772 0.0000000000
91907  21.154  -19.510  16.828 0.0000000000
91927  21.487  -19.020  16.272 0.0000000000
93066  21.718  -18.520  15.808 0.0000000000
114738  21.871  1.006  16.010 0.0000000000
115753  22.450  2.627  16.917 0.0000000000
104047  25.862  -8.566  16.553 0.0000000000
102961  26.366  -9.381  16.668 0.0000000000
104027  26.922  -8.514  17.509 0.0000000000
87701  22.418  -23.138  17.453 0.0000000000
86569  21.863  -23.915  17.755 0.0000000000
87683  22.632  -23.555  17.695 0.0000000000
86552  22.828  -24.356  18.144 0.0000000000
87668  23.244  -23.950  18.275 0.0000000000
87667  23.777  -23.481  18.606 0.0000000000
87681  23.641  -23.008  18.238 0.0000000000
91924  25.306  -19.328  16.950 0.0000000000
91905  25.660  -19.387  17.570 0.0000000000
93025  26.108  -18.786  17.915 0.0000000000
93045  26.364  -18.125  17.914 0.0000000000
97600  19.695  -14.044  16.924 0.0000000000
98728  19.873  -13.546  16.547 0.0000000000
102993  20.261  -9.539  14.658 0.0000000000
103007  21.271  -9.592  13.735 0.0000000000
104092  21.028  -9.062  13.832 0.0000000000
104090  22.426  -8.579  13.609 0.0000000000
104091  21.532  -8.535  13.744 0.0000000000
107258  18.642  -5.601  16.693 0.0000000000
107257  19.006  -5.083  16.235 0.0000000000
110586  23.104  -2.714  16.160 0.0000000000
109428  22.927  -3.496  15.858 0.0000000000
109413  23.427  -3.526  16.283 0.0000000000
108317  23.745  -4.535  16.124 0.0000000000
109412  24.110  -3.608  16.669 0.0000000000
109399  24.717  -3.574  17.292 0.0000000000
110573  24.276  -2.934  17.077 0.0000000000
115719  25.688  2.107  19.128 0.0000000000
114700  25.991  1.260  19.410 0.0000000000
118621  20.631  5.591  15.755 0.0000000000
118620  21.185  5.709  15.658 0.0000000000
117687  20.955  5.270  15.744 0.0000000000
120533  25.417  8.026  15.518 0.0000000000
120522  25.655  7.274  16.358 0.0000000000
97630  24.368  -14.395  13.874 0.0000000000
99772  28.406  -12.634  18.478 0.0000000000
98688  27.984  -13.594  18.215 0.0000000000
90859  21.814  -20.713  16.366 0.0000000000
89826  22.300  -21.550  16.788 0.0000000000
89843  22.938  -21.670  16.176 0.0000000000
90876  22.768  -21.030  15.642 0.0000000000
91945  23.258  -19.480  15.121 0.0000000000
90894  24.088  -20.441  15.518 0.0000000000
91944  23.988  -19.602  15.208 0.0000000000
91943  24.546  -19.585  15.687 0.0000000000
93083  24.681  -18.580  15.307 0.0000000000
101920  19.013  -10.255  17.286 0.0000000000
102963  19.321  -9.708  16.107 0.0000000000
104049  19.065  -8.992  16.294 0.0000000000
111718  20.069  -2.262  15.085 0.0000000000
111717  20.507  -1.733  15.095 0.0000000000
112725  22.364  -0.787  16.151 0.0000000000
112733  21.916  -0.909  15.567 0.0000000000
111692  22.688  -1.525  16.120 0.0000000000
112724  22.784  -1.204  16.431 0.0000000000
112710  23.651  -1.209  17.402 0.0000000000
112711  23.101  -0.675  16.932 0.0000000000
115736  24.252  2.326  18.827 0.0000000000
116740  23.928  3.254  18.547 0.0000000000
119559  19.739  6.467  18.334 0.0000000000
118606  19.608  5.530  17.845 0.0000000000
121532  20.089  8.648  15.418 0.0000000000
120539  20.182  8.008  15.314 0.0000000000
119593  20.263  7.389  15.552 0.0000000000
120538  20.618  7.890  15.057 0.0000000000
100907  25.547  -11.648  15.260 0.0000000000
101902  27.293  -10.639  17.265 0.0000000000
101917  26.941  -11.196  16.792 0.0000000000
100876  27.739  -11.809  17.491 0.0000000000
108303  18.140  -4.274  18.109 0.0000000000
109403  18.467  -3.328  17.599 0.0000000000
110575  18.805  -2.529  16.242 0.0000000000
110563  18.469  -2.350  17.000 0.0000000000
112735  19.656  -0.726  15.810 0.0000000000
113718  19.878  0.220  15.750 0.0000000000
114750  20.641  0.724  15.318 0.0000000000
88773  24.234  -22.309  18.335 0.0000000000
89824  24.719  -21.209  17.716 0.0000000000
89793  26.025  -21.250  19.403 0.0000000000
107214  26.941  -5.777  18.590 0.0000000000
95324  20.169  -16.512  17.389 0.0000000000
96448  21.028  -16.129  16.207 0.0000000000
97634  21.030  -13.933  14.824 0.0000000000
97616  21.097  -14.937  15.355 0.0000000000
97633  21.490  -14.491  14.638 0.0000000000
97649  22.370  -14.012  13.786 0.0000000000
97650  21.828  -13.575  13.970 0.0000000000
99845  19.785  -12.051  16.433 0.0000000000
99844  20.065  -12.553  16.169 0.0000000000
100921  20.288  -11.648  15.312 0.0000000000
100930  21.925  -11.428  13.708 0.0000000000
100931  21.340  -11.548  14.159 0.0000000000
100929  22.642  -11.387  13.657 0.0000000000
99867  22.873  -12.264  13.543 0.0000000000
100928  23.333  -11.429  13.729 0.0000000000
100919  24.002  -11.510  13.923 0.0000000000
101959  23.691  -10.594  14.030 0.0000000000
104076  23.965  -8.630  14.771 0.0000000000
102990  24.200  -9.583  14.831 0.0000000000
104063  24.425  -8.747  15.274 0.0000000000
104062  24.943  -8.823  15.754 0.0000000000
105186  24.651  -8.229  15.615 0.0000000000
106226  19.057  -6.718  16.012 0.0000000000
105190  18.763  -7.596  16.362 0.0000000000
105189  19.263  -7.583  15.751 0.0000000000
105206  19.753  -7.641  15.091 0.0000000000
106241  20.038  -6.721  14.683 0.0000000000
110615  20.526  -3.479  14.402 0.0000000000
108366  20.021  -4.354  14.565 0.0000000000
109458  20.731  -3.946  14.319 0.0000000000
107290  22.079  -5.029  14.455 0.0000000000
107302  21.671  -5.457  14.302 0.0000000000
107301  22.188  -5.645  14.381 0.0000000000
106251  21.421  -6.544  14.096 0.0000000000
106250  22.124  -6.327  14.107 0.0000000000
105203  22.501  -6.851  14.172 0.0000000000
106238  22.592  -6.194  14.522 0.0000000000
107256  24.458  -5.552  16.410 0.0000000000
106223  24.176  -6.492  15.926 0.0000000000
106209  24.822  -6.592  16.353 0.0000000000
107255  24.974  -5.989  16.907 0.0000000000
106188  25.895  -6.361  17.515 0.0000000000
107237  25.444  -5.703  17.473 0.0000000000
109382  25.943  -3.434  18.314 0.0000000000
108284  25.669  -4.008  18.147 0.0000000000
109381  26.453  -3.462  18.794 0.0000000000
110527  26.619  -2.549  19.154 0.0000000000
112694  24.840  -0.819  18.490 0.0000000000
111662  24.643  -1.619  18.048 0.0000000000
117661  19.484  4.536  18.432 0.0000000000
117674  19.870  4.549  17.372 0.0000000000
115754  19.661  2.512  17.439 0.0000000000
114730  19.461  1.517  16.932 0.0000000000
116764  21.556  3.790  16.222 0.0000000000
116776  21.121  3.301  16.161 0.0000000000
116774  21.724  3.254  15.954 0.0000000000
122464  21.070  9.999  14.011 0.0000000000
123370  21.853  9.902  14.318 0.0000000000
121541  21.143  8.580  14.613 0.0000000000
122454  22.082  9.530  14.652 0.0000000000
121527  23.767  8.752  15.302 0.0000000000
122443  23.535  9.180  15.018 0.0000000000
122444  23.214  9.018  15.132 0.0000000000
121528  22.612  8.634  15.205 0.0000000000
119590  22.658  6.869  15.860 0.0000000000
119575  23.838  6.714  16.886 0.0000000000
118610  23.247  6.074  16.946 0.0000000000
118605  23.062  4.947  17.266 0.0000000000
117672  22.584  4.375  17.057 0.0000000000
117671  23.456  4.320  17.667 0.0000000000
118603  24.746  5.321  18.021 0.0000000000
118602  25.783  5.543  18.036 0.0000000000
118592  25.528  4.912  18.352 0.0000000000
118591  26.087  5.096  18.259 0.0000000000
94238  22.219  -16.923  14.438 0.0000000000
95377  25.254  -16.458  14.620 0.0000000000
94235  24.703  -17.395  14.426 0.0000000000
94234  25.196  -17.141  14.893 0.0000000000
94222  25.278  -17.446  15.514 0.0000000000
95344  25.783  -16.483  16.027 0.0000000000
98741  26.086  -13.505  15.438 0.0000000000
97614  26.217  -14.218  15.612 0.0000000000
96429  27.129  -15.411  17.660 0.0000000000
97581  26.679  -14.895  16.777 0.0000000000
96430  26.651  -15.536  17.078 0.0000000000
95323  26.647  -16.388  17.425 0.0000000000
91906  21.458  -20.097  16.471 0.0000000000
90877  22.421  -20.382  15.618 0.0000000000
91946  22.591  -19.451  15.326 0.0000000000
93085  23.097  -18.518  14.769 0.0000000000
113725  21.316  -0.110  15.305 0.0000000000
112742  20.872  -0.992  15.214 0.0000000000
113716  21.590  0.155  15.397 0.0000000000
113715  22.122  0.108  15.725 0.0000000000
113697  22.564  0.395  16.612 0.0000000000
113696  23.014  0.519  17.358 0.0000000000
121511  19.861  8.450  17.212 0.0000000000
121520  19.990  8.498  16.300 0.0000000000
120513  19.700  7.587  16.767 0.0000000000
121543  20.136  9.017  14.784 0.0000000000
102977  26.047  -9.907  16.166 0.0000000000
101903  26.906  -9.798  16.984 0.0000000000
102942  27.693  -9.879  17.865 0.0000000000
112727  18.803  -0.773  16.812 0.0000000000
113708  19.377  0.525  16.539 0.0000000000
87703  21.054  -22.934  18.139 0.0000000000
87684  21.086  -23.606  18.257 0.0000000000
85354  21.580  -24.378  18.032 0.0000000000
86539  23.992  -24.416  19.194 0.0000000000
87666  24.511  -23.390  19.330 0.0000000000
90858  24.874  -20.508  17.255 0.0000000000
90857  25.378  -20.257  17.828 0.0000000000
97582  19.941  -14.993  17.329 0.0000000000
97599  20.058  -14.536  16.647 0.0000000000
98755  20.802  -13.382  15.025 0.0000000000
101936  20.082  -10.940  15.374 0.0000000000
101949  20.498  -10.606  14.640 0.0000000000
101962  21.520  -10.552  13.755 0.0000000000
101961  22.340  -10.482  13.630 0.0000000000
103005  22.782  -9.524  13.603 0.0000000000
104089  23.110  -8.573  13.776 0.0000000000
104077  23.555  -8.574  14.274 0.0000000000
107274  18.850  -6.158  16.233 0.0000000000
107292  19.774  -5.735  14.941 0.0000000000
109445  22.132  -3.449  14.980 0.0000000000
109446  21.696  -3.664  14.619 0.0000000000
108336  22.462  -3.935  15.129 0.0000000000
108352  22.287  -4.378  14.773 0.0000000000
108351  22.620  -4.880  14.935 0.0000000000
107272  23.260  -5.555  15.393 0.0000000000
108334  23.415  -5.040  15.696 0.0000000000
109398  25.308  -3.327  17.879 0.0000000000
110540  25.575  -2.549  18.222 0.0000000000
113667  24.956  0.843  19.094 0.0000000000
113681  25.098  -0.290  18.841 0.0000000000
117683  20.181  4.833  16.868 0.0000000000
116752  20.551  4.081  16.695 0.0000000000
116766  20.421  3.164  16.589 0.0000000000
117681  21.221  4.793  16.070 0.0000000000
120534  24.252  8.117  15.879 0.0000000000
119565  24.496  6.157  17.453 0.0000000000
119574  24.989  6.828  17.032 0.0000000000
119573  26.007  6.747  17.104 0.0000000000
96483  23.585  -15.335  13.981 0.0000000000
95379  23.751  -16.396  14.096 0.0000000000
96482  24.472  -15.445  14.110 0.0000000000
96481  25.200  -15.513  14.488 0.0000000000
99813  27.477  -12.736  17.134 0.0000000000
98726  27.082  -13.592  16.548 0.0000000000
98712  27.379  -13.698  17.106 0.0000000000
97563  27.562  -14.517  17.951 0.0000000000
88792  21.346  -22.314  17.842 0.0000000000
88791  21.933  -22.316  17.359 0.0000000000
88790  22.522  -22.166  17.202 0.0000000000
87700  23.033  -22.660  17.304 0.0000000000
88789  23.532  -22.500  17.642 0.0000000000
88808  23.327  -21.906  17.018 0.0000000000
88807  23.879  -21.632  16.785 0.0000000000
90895  23.240  -20.452  15.371 0.0000000000
89860  24.163  -21.016  15.953 0.0000000000
90875  24.884  -20.129  16.736 0.0000000000
91925  24.921  -19.478  16.301 0.0000000000
93064  25.372  -18.514  16.538 0.0000000000
100910  19.556  -11.545  16.557 0.0000000000
101937  19.638  -10.632  15.862 0.0000000000
102980  19.731  -9.564  15.320 0.0000000000
108338  18.790  -4.039  16.450 0.0000000000
108337  19.131  -4.422  15.919 0.0000000000
109430  19.417  -3.566  15.399 0.0000000000
110603  20.327  -2.923  14.657 0.0000000000
110602  20.955  -2.567  14.657 0.0000000000
111715  21.778  -1.766  15.295 0.0000000000
110601  21.578  -2.716  14.911 0.0000000000
110600  22.153  -2.635  15.321 0.0000000000
111702  22.861  -2.074  15.945 0.0000000000
110559  24.039  -2.332  17.243 0.0000000000
111679  23.573  -1.749  17.096 0.0000000000
112695  23.978  -0.663  17.852 0.0000000000
113683  23.644  0.494  17.995 0.0000000000
114715  24.619  1.414  18.992 0.0000000000
115720  24.996  2.207  19.122 0.0000000000
116728  25.429  2.696  18.993 0.0000000000
120537  21.263  7.573  15.182 0.0000000000
99855  24.700  -12.556  14.330 0.0000000000
98752  24.930  -13.490  14.302 0.0000000000
99843  25.281  -12.592  14.785 0.0000000000
99842  25.867  -12.588  15.338 0.0000000000
99828  26.436  -12.608  15.901 0.0000000000
100893  26.711  -11.752  16.423 0.0000000000
99827  26.975  -12.661  16.457 0.0000000000
99812  27.703  -12.419  17.463 0.0000000000
109431  18.974  -3.406  16.046 0.0000000000
110589  19.231  -2.642  15.652 0.0000000000
111705  19.624  -1.632  15.498 0.0000000000
111694  18.905  -1.499  16.337 0.0000000000
112734  20.039  -0.670  15.492 0.0000000000
114759  20.991  0.477  15.034 0.0000000000
115767  21.525  2.135  16.145 0.0000000000
88774  23.601  -22.820  18.049 0.0000000000
89807  24.948  -21.526  18.362 0.0000000000
105148  26.617  -7.625  17.588 0.0000000000
105147  27.024  -8.062  17.819 0.0000000000
105122  26.766  -7.119  18.010 0.0000000000
94183  20.411  -17.483  17.177 0.0000000000
94206  20.867  -17.580  16.484 0.0000000000
94205  21.440  -17.622  15.796 0.0000000000
95345  21.236  -16.712  16.007 0.0000000000
95365  21.515  -16.689  14.948 0.0000000000
96467  20.891  -15.165  15.683 0.0000000000
96485  21.821  -15.561  14.559 0.0000000000
96484  22.644  -15.401  14.095 0.0000000000
96498  22.733  -14.645  13.857 0.0000000000
97648  23.264  -14.059  13.675 0.0000000000
98766  23.769  -13.219  13.604 0.0000000000
99829  19.709  -13.051  16.673 0.0000000000
100920  20.749  -11.634  14.631 0.0000000000
99857  21.062  -12.461  14.555 0.0000000000
98769  21.858  -12.902  13.888 0.0000000000
98768  22.352  -13.038  13.658 0.0000000000
99856  24.191  -12.442  13.891 0.0000000000
101946  24.726  -11.186  14.663 0.0000000000
101934  24.992  -10.684  15.165 0.0000000000
103003  23.918  -9.923  14.315 0.0000000000
101935  24.490  -10.172  15.033 0.0000000000
102978  25.358  -9.714  15.879 0.0000000000
104048  25.413  -8.834  16.155 0.0000000000
104050  18.644  -8.659  16.871 0.0000000000
104064  19.435  -8.622  15.621 0.0000000000
105204  20.988  -7.643  14.222 0.0000000000
108355  19.688  -4.609  15.148 0.0000000000
108354  20.103  -5.028  14.698 0.0000000000
108364  21.136  -4.654  14.383 0.0000000000
107291  20.446  -5.809  14.493 0.0000000000
106240  20.765  -6.811  14.312 0.0000000000
106239  21.163  -7.137  14.119 0.0000000000
104078  21.221  -8.085  14.059 0.0000000000
105216  22.205  -7.417  13.739 0.0000000000
105202  23.108  -7.452  14.394 0.0000000000
106224  23.616  -6.429  15.431 0.0000000000
105187  24.061  -7.592  15.326 0.0000000000
106207  26.107  -6.987  17.337 0.0000000000
107215  26.530  -5.888  18.207 0.0000000000
108283  26.313  -4.716  18.441 0.0000000000
110541  25.090  -2.209  18.053 0.0000000000
112680  25.499  -0.959  18.962 0.0000000000
111644  26.158  -1.690  18.949 0.0000000000
116741  19.637  3.523  17.938 0.0000000000
114741  19.868  1.247  16.134 0.0000000000
114740  20.525  1.549  15.885 0.0000000000
123382  20.194  10.357  13.956 0.0000000000
121548  20.418  9.286  14.471 0.0000000000
122465  20.652  9.637  14.251 0.0000000000
122456  20.892  9.119  14.429 0.0000000000
121530  21.235  8.073  14.864 0.0000000000
121539  22.323  9.171  14.965 0.0000000000
119591  21.673  6.631  15.804 0.0000000000
119576  23.028  6.379  16.451 0.0000000000
116750  23.427  3.274  17.887 0.0000000000
117660  23.769  3.797  18.146 0.0000000000
117659  24.336  4.259  18.380 0.0000000000
117658  25.304  4.175  18.660 0.0000000000
119562  26.694  5.760  17.360 0.0000000000
118601  26.643  5.261  17.835 0.0000000000
117669  26.863  4.661  18.063 0.0000000000
116737  26.794  3.458  18.479 0.0000000000
94224  22.547  -18.128  14.810 0.0000000000
93100  23.958  -18.085  14.400 0.0000000000
94236  23.933  -17.316  14.142 0.0000000000
93099  24.469  -18.161  14.729 0.0000000000
93082  25.159  -18.172  15.930 0.0000000000
94182  25.907  -17.806  16.946 0.0000000000
97615  25.702  -14.546  15.038 0.0000000000
96447  25.960  -15.604  15.751 0.0000000000
97597  26.485  -14.577  16.179 0.0000000000
95343  26.233  -16.429  16.708 0.0000000000
94203  26.226  -17.119  16.967 0.0000000000
94181  26.382  -17.445  17.542 0.0000000000
104004  27.354  -8.510  17.886 0.0000000000
102923  27.711  -9.140  17.988 0.0000000000
87717  22.983  -22.242  17.141 0.0000000000
87718  22.772  -22.445  17.234 0.0000000000
89806  25.509  -21.273  18.816 0.0000000000
89825  22.697  -21.756  16.849 0.0000000000
89842  23.734  -21.497  16.311 0.0000000000
89862  23.115  -21.147  15.610 0.0000000000
93101  23.485  -17.854  14.399 0.0000000000
95380  22.871  -16.300  14.170 0.0000000000
96465  25.662  -15.597  15.074 0.0000000000
96497  23.196  -14.815  13.823 0.0000000000
97596  27.019  -14.289  16.751 0.0000000000
97647  23.943  -13.933  13.602 0.0000000000
98689  27.606  -13.721  17.622 0.0000000000
99869  21.640  -12.315  14.049 0.0000000000
100918  24.494  -11.686  14.336 0.0000000000
101963  20.924  -10.275  13.954 0.0000000000
102944  26.762  -9.107  17.181 0.0000000000
102991  23.831  -9.246  14.396 0.0000000000
102992  20.741  -9.609  14.093 0.0000000000
104028  26.467  -8.458  17.032 0.0000000000
106166  26.880  -6.609  18.291 0.0000000000
106237  23.152  -6.330  14.930 0.0000000000
107236  26.068  -5.740  17.894 0.0000000000
107289  22.444  -5.252  14.642 0.0000000000
107303  21.027  -5.550  14.333 0.0000000000
108318  23.184  -4.040  15.994 0.0000000000
108320  18.535  -4.394  17.152 0.0000000000
109457  21.221  -3.853  14.364 0.0000000000
109459  20.292  -3.816  14.410 0.0000000000
110557  25.187  -2.651  17.923 0.0000000000
110587  22.656  -2.686  15.708 0.0000000000
110614  20.818  -3.299  14.382 0.0000000000
111693  19.383  -1.087  16.002 0.0000000000
112741  21.474  -0.932  15.383 0.0000000000
112743  20.534  -0.738  15.337 0.0000000000
113707  22.268  0.094  16.133 0.0000000000
113726  20.898  -0.001  15.244 0.0000000000
114748  21.680  0.455  15.525 0.0000000000
114758  21.131  0.278  15.142 0.0000000000
115779  21.877  2.771  15.966 0.0000000000
115780  21.435  2.829  15.955 0.0000000000
115781  21.140  3.075  16.062 0.0000000000
116727  25.752  2.644  18.943 0.0000000000
116775  21.345  3.292  16.066 0.0000000000
117682  20.593  4.869  16.423 0.0000000000
118600  27.133  5.237  17.447 0.0000000000
118609  26.972  5.578  17.290 0.0000000000
119578  20.329  6.129  15.805 0.0000000000
119589  23.377  6.970  16.130 0.0000000000
120547  20.801  8.281  14.700 0.0000000000
121540  21.799  8.959  14.854 0.0000000000
121542  20.549  8.802  14.592 0.0000000000
121549  20.299  9.154  14.585 0.0000000000
122436  20.207  9.200  16.682 0.0000000000
122466  20.203  9.577  14.505 0.0000000000
