#!ascii label  , from subject tim vox2ras=TkReg
374
22267  46.422  -78.196  35.140 0.0000000000
19137  46.509  -80.666  29.715 0.0000000000
14658  46.019  -85.000  34.305 0.0000000000
20207  51.570  -79.039  34.666 0.0000000000
15819  46.206  -83.709  29.727 0.0000000000
13547  47.726  -85.714  33.264 0.0000000000
13575  43.906  -86.369  30.414 0.0000000000
20212  47.176  -80.023  33.459 0.0000000000
23412  50.212  -76.445  32.449 0.0000000000
19029  46.660  -80.828  36.185 0.0000000000
17917  50.218  -81.385  36.486 0.0000000000
17976  49.152  -82.474  34.125 0.0000000000
16919  48.757  -82.623  30.264 0.0000000000
18070  46.927  -81.498  27.332 0.0000000000
23378  43.502  -76.846  33.880 0.0000000000
19072  43.799  -80.461  34.545 0.0000000000
14679  43.528  -84.452  32.294 0.0000000000
24473  53.011  -75.194  34.905 0.0000000000
10220  44.810  -88.345  31.911 0.0000000000
18007  46.666  -81.491  31.572 0.0000000000
21274  46.637  -78.550  32.644 0.0000000000
16845  46.713  -82.946  35.373 0.0000000000
15719  48.491  -82.979  36.028 0.0000000000
13572  46.503  -85.097  31.352 0.0000000000
14656  49.186  -84.156  33.905 0.0000000000
14691  48.181  -84.163  31.091 0.0000000000
16889  48.390  -83.236  32.502 0.0000000000
14726  48.100  -83.870  29.555 0.0000000000
18068  48.964  -81.097  27.330 0.0000000000
17993  42.312  -81.677  32.104 0.0000000000
16883  44.225  -82.332  33.129 0.0000000000
15789  42.607  -83.589  31.758 0.0000000000
21203  51.960  -78.492  35.736 0.0000000000
22291  52.438  -76.816  34.538 0.0000000000
24551  49.644  -75.254  31.920 0.0000000000
25749  51.569  -74.636  32.536 0.0000000000
12367  46.049  -86.670  34.264 0.0000000000
14637  47.669  -84.923  35.086 0.0000000000
11248  46.301  -87.613  33.316 0.0000000000
12405  45.449  -86.788  31.878 0.0000000000
14709  44.674  -84.519  30.182 0.0000000000
20210  49.172  -79.931  34.353 0.0000000000
22317  51.258  -77.777  33.647 0.0000000000
21272  48.595  -78.283  33.327 0.0000000000
23414  47.849  -77.004  32.305 0.0000000000
20262  47.513  -79.490  28.435 0.0000000000
21227  46.819  -78.998  35.815 0.0000000000
20159  50.284  -79.770  36.507 0.0000000000
19046  51.448  -79.895  35.666 0.0000000000
14620  49.340  -83.875  35.266 0.0000000000
16861  50.253  -82.291  35.459 0.0000000000
19069  50.124  -80.930  34.881 0.0000000000
19088  48.241  -81.109  34.091 0.0000000000
17990  47.258  -81.940  32.496 0.0000000000
18019  48.657  -81.916  30.176 0.0000000000
16960  46.571  -82.795  28.647 0.0000000000
16958  48.533  -82.705  28.366 0.0000000000
16934  49.897  -81.857  28.954 0.0000000000
19135  48.613  -80.651  29.529 0.0000000000
23396  45.092  -75.921  33.663 0.0000000000
22297  44.772  -77.692  34.565 0.0000000000
21230  43.574  -78.671  35.207 0.0000000000
20176  44.888  -79.670  35.667 0.0000000000
19048  45.207  -80.627  35.629 0.0000000000
16865  45.328  -82.606  34.147 0.0000000000
14668  44.791  -84.898  33.321 0.0000000000
13550  43.825  -85.832  32.687 0.0000000000
12379  44.685  -86.864  33.569 0.0000000000
24531  52.378  -75.616  33.461 0.0000000000
23375  46.880  -76.399  34.296 0.0000000000
23374  47.982  -76.400  34.552 0.0000000000
22295  47.194  -77.322  34.704 0.0000000000
18021  46.634  -81.385  30.866 0.0000000000
19117  45.623  -80.271  31.797 0.0000000000
16863  46.350  -83.403  34.877 0.0000000000
16844  47.465  -83.096  35.692 0.0000000000
15731  47.400  -83.774  35.416 0.0000000000
14694  46.170  -84.633  30.791 0.0000000000
14677  47.672  -84.760  31.637 0.0000000000
14692  47.650  -84.366  30.793 0.0000000000
14705  48.152  -84.006  30.163 0.0000000000
15818  47.058  -83.773  29.558 0.0000000000
19194  48.964  -80.347  25.394 0.0000000000
16893  42.877  -82.573  32.060 0.0000000000
21246  51.847  -78.541  34.818 0.0000000000
22261  52.304  -77.435  35.316 0.0000000000
21262  51.797  -78.071  34.439 0.0000000000
25751  50.135  -74.477  31.919 0.0000000000
11237  46.458  -87.316  33.963 0.0000000000
10203  45.637  -88.555  33.076 0.0000000000
12417  44.098  -86.914  30.834 0.0000000000
11260  44.961  -87.458  31.824 0.0000000000
12416  44.727  -86.767  31.452 0.0000000000
13573  45.620  -85.335  31.241 0.0000000000
13574  44.501  -85.699  30.830 0.0000000000
20211  47.899  -79.867  33.961 0.0000000000
21266  48.809  -78.977  33.814 0.0000000000
21267  48.050  -78.964  33.565 0.0000000000
22336  47.319  -77.708  32.497 0.0000000000
23433  47.026  -76.611  31.988 0.0000000000
23432  48.218  -76.186  32.058 0.0000000000
20163  46.350  -80.358  36.182 0.0000000000
21208  47.544  -79.386  36.141 0.0000000000
20161  48.058  -80.023  36.426 0.0000000000
19024  51.264  -80.327  36.226 0.0000000000
17916  50.865  -81.115  36.286 0.0000000000
13538  47.890  -85.772  34.041 0.0000000000
14621  48.615  -84.350  35.312 0.0000000000
14636  48.952  -84.552  34.817 0.0000000000
15767  49.110  -83.483  33.714 0.0000000000
15766  49.432  -83.499  34.299 0.0000000000
16862  49.891  -82.604  34.834 0.0000000000
17956  50.377  -81.493  35.262 0.0000000000
17957  49.636  -81.994  34.618 0.0000000000
19070  49.278  -81.249  34.478 0.0000000000
17977  48.662  -82.165  33.920 0.0000000000
16903  48.316  -82.962  31.354 0.0000000000
16890  47.899  -82.660  32.412 0.0000000000
16904  47.680  -82.379  31.584 0.0000000000
18006  47.139  -81.914  31.728 0.0000000000
16920  48.164  -82.432  30.794 0.0000000000
15920  46.429  -83.832  23.661 0.0000000000
18107  46.061  -81.408  25.450 0.0000000000
17043  45.995  -82.107  24.587 0.0000000000
18089  45.907  -81.384  26.528 0.0000000000
18071  46.038  -81.734  27.395 0.0000000000
16959  47.608  -82.854  28.437 0.0000000000
16985  47.807  -82.150  27.872 0.0000000000
18067  49.770  -81.312  27.935 0.0000000000
16983  49.298  -81.734  27.915 0.0000000000
18055  50.169  -81.132  28.531 0.0000000000
18037  49.575  -81.671  29.518 0.0000000000
19133  50.387  -80.683  29.070 0.0000000000
23397  44.159  -76.027  33.583 0.0000000000
23377  44.502  -76.796  33.939 0.0000000000
23376  45.697  -76.428  33.972 0.0000000000
19073  43.062  -80.031  34.366 0.0000000000
20178  42.930  -79.242  35.121 0.0000000000
20194  43.194  -79.793  34.838 0.0000000000
21229  44.577  -78.824  35.341 0.0000000000
19049  44.411  -80.249  35.350 0.0000000000
19071  44.637  -80.805  35.037 0.0000000000
16891  44.291  -83.008  32.845 0.0000000000
16882  44.856  -82.782  33.477 0.0000000000
16881  45.450  -83.299  33.880 0.0000000000
15777  44.571  -83.854  32.974 0.0000000000
10221  42.352  -88.403  32.047 0.0000000000
12392  43.531  -86.851  32.683 0.0000000000
12391  44.131  -86.547  33.078 0.0000000000
22333  50.781  -77.236  33.100 0.0000000000
22332  51.577  -77.074  33.366 0.0000000000
23411  51.259  -76.524  32.832 0.0000000000
25737  52.193  -74.730  33.043 0.0000000000
19104  46.350  -80.673  32.468 0.0000000000
20221  46.771  -79.532  33.111 0.0000000000
17938  46.673  -82.227  35.649 0.0000000000
19028  47.554  -80.855  36.379 0.0000000000
16830  47.143  -82.520  35.757 0.0000000000
16828  48.884  -82.515  36.302 0.0000000000
13560  46.937  -85.634  32.018 0.0000000000
13546  48.394  -85.144  33.667 0.0000000000
13559  47.725  -85.277  32.443 0.0000000000
14676  48.346  -84.502  32.237 0.0000000000
15776  48.781  -83.805  32.910 0.0000000000
15787  48.438  -83.714  31.701 0.0000000000
15817  48.468  -83.628  29.614 0.0000000000
18069  47.968  -81.363  27.290 0.0000000000
19180  48.511  -80.415  26.111 0.0000000000
19179  49.187  -80.353  26.509 0.0000000000
17981  42.939  -81.218  32.749 0.0000000000
17961  44.043  -81.009  33.982 0.0000000000
17992  43.155  -81.857  32.506 0.0000000000
15779  43.275  -83.252  32.130 0.0000000000
15788  43.267  -83.933  32.051 0.0000000000
22260  52.508  -76.842  34.769 0.0000000000
23370  52.577  -76.246  34.336 0.0000000000
23430  49.958  -75.790  32.106 0.0000000000
24550  50.629  -75.427  32.172 0.0000000000
25750  50.960  -74.546  32.176 0.0000000000
26951  51.327  -73.995  32.349 0.0000000000
13525  46.353  -85.844  34.422 0.0000000000
14638  47.324  -84.856  35.012 0.0000000000
12366  46.638  -86.616  34.282 0.0000000000
12377  47.075  -86.758  34.069 0.0000000000
12389  47.023  -86.635  33.397 0.0000000000
12404  46.196  -86.777  32.311 0.0000000000
12403  46.820  -86.455  32.651 0.0000000000
13561  46.021  -85.966  31.719 0.0000000000
20209  50.324  -79.463  34.388 0.0000000000
21263  51.467  -78.192  34.074 0.0000000000
21265  49.838  -78.755  33.869 0.0000000000
22334  49.558  -77.571  33.072 0.0000000000
21273  47.560  -78.510  33.122 0.0000000000
22335  48.296  -77.608  32.800 0.0000000000
23413  48.920  -76.809  32.402 0.0000000000
24552  48.662  -75.317  31.825 0.0000000000
20240  46.984  -80.123  29.016 0.0000000000
22266  47.585  -78.013  35.258 0.0000000000
21226  48.096  -78.626  35.765 0.0000000000
20173  51.652  -79.356  35.725 0.0000000000
20190  51.662  -79.275  34.947 0.0000000000
15716  50.115  -82.565  36.046 0.0000000000
14635  49.371  -84.029  34.599 0.0000000000
15727  50.079  -82.762  35.735 0.0000000000
16843  50.555  -81.999  35.866 0.0000000000
17936  50.963  -81.041  35.669 0.0000000000
19068  50.759  -80.488  35.098 0.0000000000
20192  50.668  -80.017  34.770 0.0000000000
20193  49.957  -80.333  34.613 0.0000000000
16880  48.284  -82.723  33.172 0.0000000000
17978  47.792  -82.066  33.359 0.0000000000
19089  47.160  -80.999  33.347 0.0000000000
17991  46.789  -81.543  32.191 0.0000000000
18020  47.479  -81.849  30.820 0.0000000000
19120  47.074  -81.170  30.239 0.0000000000
15821  44.217  -83.885  29.380 0.0000000000
15921  45.666  -83.509  24.368 0.0000000000
16961  45.443  -82.930  29.029 0.0000000000
15842  46.461  -83.330  29.231 0.0000000000
15841  47.343  -83.407  28.986 0.0000000000
15840  48.302  -83.464  28.938 0.0000000000
15816  49.016  -83.134  29.288 0.0000000000
16984  48.736  -81.976  27.853 0.0000000000
16957  49.448  -82.272  28.518 0.0000000000
16918  49.220  -82.360  29.715 0.0000000000
18038  48.951  -81.265  29.734 0.0000000000
19136  47.583  -80.651  29.620 0.0000000000
20239  48.087  -80.091  29.006 0.0000000000
25717  46.113  -74.171  33.638 0.0000000000
24511  44.787  -75.156  33.491 0.0000000000
24510  45.742  -75.141  33.614 0.0000000000
24496  45.930  -75.690  33.763 0.0000000000
22296  46.053  -77.442  34.544 0.0000000000
20179  42.189  -79.041  34.932 0.0000000000
22270  43.134  -78.066  34.854 0.0000000000
21248  44.284  -78.369  34.977 0.0000000000
22268  45.346  -78.274  35.018 0.0000000000
21228  45.632  -78.947  35.592 0.0000000000
20175  45.984  -79.844  36.061 0.0000000000
19047  46.010  -80.786  36.002 0.0000000000
17960  44.740  -81.617  34.348 0.0000000000
17940  45.082  -81.197  35.157 0.0000000000
17939  45.893  -81.754  35.431 0.0000000000
16846  46.054  -82.723  34.984 0.0000000000
16864  45.836  -83.209  34.449 0.0000000000
14659  45.440  -84.975  33.813 0.0000000000
13549  44.434  -85.823  33.180 0.0000000000
13540  45.074  -85.895  33.693 0.0000000000
13539  45.725  -85.896  34.116 0.0000000000
22316  51.854  -77.355  33.845 0.0000000000
23394  52.311  -76.493  33.910 0.0000000000
24507  52.700  -75.476  33.902 0.0000000000
24532  51.601  -75.613  32.697 0.0000000000
24530  52.650  -75.179  33.679 0.0000000000
10202  46.030  -87.990  33.649 0.0000000000
11227  46.480  -87.056  34.158 0.0000000000
11228  46.287  -87.080  34.181 0.0000000000
11238  45.866  -87.435  34.053 0.0000000000
11251  42.928  -87.733  32.351 0.0000000000
11270  44.398  -87.692  31.336 0.0000000000
12365  47.339  -86.131  34.349 0.0000000000
12376  47.445  -86.380  33.928 0.0000000000
12388  47.529  -86.151  33.663 0.0000000000
12390  46.528  -87.111  32.866 0.0000000000
13508  48.471  -84.672  35.146 0.0000000000
13509  48.246  -84.768  35.131 0.0000000000
13522  48.463  -84.836  34.978 0.0000000000
13523  47.830  -85.239  34.837 0.0000000000
13524  47.031  -85.672  34.678 0.0000000000
13537  48.429  -85.049  34.418 0.0000000000
13548  47.273  -85.966  32.732 0.0000000000
13558  48.312  -85.094  32.926 0.0000000000
13562  45.253  -86.096  31.490 0.0000000000
13587  44.131  -85.174  30.177 0.0000000000
14623  47.352  -84.335  35.215 0.0000000000
14639  46.658  -84.953  34.670 0.0000000000
14657  48.895  -84.585  34.115 0.0000000000
14666  49.064  -84.218  33.599 0.0000000000
14667  48.813  -84.454  33.340 0.0000000000
14678  47.161  -84.790  31.340 0.0000000000
14693  46.997  -84.478  30.746 0.0000000000
14695  45.322  -84.813  30.741 0.0000000000
14706  47.545  -84.123  29.990 0.0000000000
14707  46.672  -84.143  30.175 0.0000000000
14727  47.733  -83.790  29.361 0.0000000000
15717  49.465  -82.923  36.069 0.0000000000
15728  49.692  -83.165  35.682 0.0000000000
15730  48.221  -83.537  35.718 0.0000000000
15746  50.193  -82.577  35.614 0.0000000000
15747  49.857  -83.157  35.205 0.0000000000
15748  46.871  -84.067  35.022 0.0000000000
15749  46.289  -84.113  34.520 0.0000000000
15768  45.749  -84.089  34.038 0.0000000000
15769  45.197  -83.976  33.519 0.0000000000
15775  49.143  -83.964  33.593 0.0000000000
15778  43.827  -83.690  32.476 0.0000000000
15802  49.038  -82.827  29.748 0.0000000000
15803  48.534  -83.404  30.349 0.0000000000
15839  48.917  -83.006  28.730 0.0000000000
15843  45.855  -83.372  29.411 0.0000000000
16825  50.856  -81.483  36.118 0.0000000000
16826  50.469  -81.831  36.205 0.0000000000
16827  49.806  -82.197  36.339 0.0000000000
16842  50.996  -81.390  35.961 0.0000000000
16878  49.369  -82.896  34.187 0.0000000000
16879  48.823  -83.034  33.520 0.0000000000
16892  43.670  -82.563  32.579 0.0000000000
16935  49.457  -82.412  29.297 0.0000000000
16956  49.858  -81.782  28.697 0.0000000000
16986  46.778  -82.173  28.001 0.0000000000
17915  51.262  -80.825  36.018 0.0000000000
17920  47.017  -81.727  36.011 0.0000000000
17921  46.355  -81.270  35.947 0.0000000000
17937  50.572  -81.729  35.635 0.0000000000
17955  50.820  -80.787  35.356 0.0000000000
17958  49.190  -82.018  34.315 0.0000000000
17959  45.568  -82.357  34.682 0.0000000000
17979  44.425  -82.009  33.551 0.0000000000
17980  43.753  -81.494  33.333 0.0000000000
18018  49.112  -82.173  29.904 0.0000000000
18036  50.127  -81.390  29.056 0.0000000000
18056  49.825  -81.653  28.471 0.0000000000
18086  48.735  -80.612  26.717 0.0000000000
18087  48.183  -80.745  26.688 0.0000000000
18128  46.370  -81.519  24.851 0.0000000000
19023  51.503  -80.129  36.022 0.0000000000
19045  51.603  -79.457  35.359 0.0000000000
19066  51.506  -79.599  35.208 0.0000000000
19067  51.239  -80.077  35.302 0.0000000000
19090  46.808  -80.328  33.139 0.0000000000
19091  43.618  -80.787  33.822 0.0000000000
19103  46.839  -81.345  32.650 0.0000000000
19116  46.006  -81.000  31.356 0.0000000000
19119  48.108  -81.240  30.067 0.0000000000
19134  49.537  -80.711  29.401 0.0000000000
19169  49.585  -80.649  27.266 0.0000000000
19181  47.840  -80.531  25.975 0.0000000000
20156  51.773  -78.972  35.712 0.0000000000
20157  51.466  -79.534  36.064 0.0000000000
20162  46.913  -80.023  36.317 0.0000000000
20172  51.715  -79.205  35.507 0.0000000000
20174  46.627  -79.578  36.108 0.0000000000
20177  43.855  -79.575  35.289 0.0000000000
20189  51.940  -79.154  35.145 0.0000000000
20191  51.273  -79.689  34.885 0.0000000000
20195  42.500  -79.577  34.459 0.0000000000
20208  51.142  -79.211  34.487 0.0000000000
20220  47.477  -79.359  33.461 0.0000000000
21209  46.939  -79.486  36.127 0.0000000000
21222  51.945  -78.486  35.286 0.0000000000
21247  51.690  -78.663  34.639 0.0000000000
21249  43.885  -78.104  34.807 0.0000000000
21264  50.827  -78.591  34.022 0.0000000000
21271  49.333  -78.328  33.492 0.0000000000
22269  44.725  -78.322  34.981 0.0000000000
22292  52.177  -77.437  34.571 0.0000000000
22298  43.762  -77.524  34.409 0.0000000000
22318  50.396  -78.008  33.497 0.0000000000
22319  49.804  -78.153  33.457 0.0000000000
22331  51.833  -76.979  33.547 0.0000000000
22345  46.915  -77.363  32.189 0.0000000000
23349  52.759  -76.221  34.996 0.0000000000
23371  52.378  -76.728  34.315 0.0000000000
23393  52.524  -76.030  33.937 0.0000000000
23395  45.621  -75.813  33.726 0.0000000000
23410  51.902  -76.557  33.345 0.0000000000
23415  47.282  -77.160  32.224 0.0000000000
23431  49.284  -75.981  32.070 0.0000000000
24490  52.897  -75.353  34.465 0.0000000000
24508  52.474  -75.883  33.756 0.0000000000
24509  46.336  -74.706  33.700 0.0000000000
24533  50.989  -76.039  32.443 0.0000000000
24549  51.230  -75.071  32.346 0.0000000000
25718  45.351  -74.279  33.525 0.0000000000
