#!ascii label  , from subject tim vox2ras=TkReg
630
80417  22.991  -29.668  20.898 0.1428571492
79252  21.555  -30.774  20.518 0.1428571492
80453  21.929  -29.175  19.717 0.1428571492
79250  23.236  -30.042  21.466 0.1428571492
80434  23.313  -29.091  20.674 0.2857142985
79269  21.941  -30.059  20.286 0.1428571492
80416  23.765  -29.282  21.204 0.1428571492
82689  22.819  -26.874  19.350 0.5714285970
81546  24.147  -28.165  20.640 0.1428571492
83964  24.849  -26.335  20.142 0.2857142985
82672  25.101  -26.932  20.422 0.2857142985
85305  25.612  -25.368  20.307 0.1428571492
88757  26.095  -21.709  19.701 0.2857142985
88744  25.733  -22.755  19.960 0.1428571492
87650  25.239  -23.359  19.811 0.2857142985
91871  26.782  -19.661  19.278 0.2857142985
90816  26.933  -20.602  20.036 0.2857142985
93024  26.683  -18.468  18.524 0.2857142985
95300  27.475  -16.407  18.512 0.2857142985
98688  27.984  -13.594  18.215 0.8571428657
96412  27.546  -15.365  18.262 0.4285714328
95285  27.913  -16.773  19.001 0.2857142985
100852  28.373  -11.701  18.085 0.7142857313
99772  28.406  -12.634  18.478 0.7142857313
97563  27.562  -14.517  17.951 0.7142857313
101878  29.040  -10.303  19.108 0.8571428657
101879  28.654  -10.665  18.594 0.5714285970
101901  28.089  -10.685  17.877 0.8571428657
99788  27.873  -12.724  17.740 0.7142857313
99789  27.598  -13.217  17.405 0.7142857313
103984  28.943  -8.601  19.332 0.4285714328
102921  28.814  -9.835  18.860 0.7142857313
106140  29.019  -6.559  20.353 0.2857142985
106152  28.376  -6.533  19.769 0.5714285970
103985  28.424  -8.500  18.865 0.8571428657
105106  28.651  -7.630  19.454 0.7142857313
102922  28.273  -9.537  18.403 0.8571428657
107187  28.471  -5.628  20.375 0.1428571492
107186  29.325  -5.671  20.894 0.1428571492
106164  28.053  -6.942  19.222 0.5714285970
105120  27.971  -7.618  18.788 0.8571428657
109364  28.255  -3.558  20.722 0.1428571492
108255  28.687  -4.689  20.978 0.1428571492
107198  27.835  -5.559  19.694 0.4285714328
105121  27.224  -7.591  18.218 0.8571428657
111626  28.388  -1.401  20.549 0.1428571492
110512  28.641  -2.452  21.149 0.1428571492
110525  27.861  -2.476  20.416 0.1428571492
109365  27.543  -3.534  19.961 0.4285714328
107199  27.372  -5.670  19.081 0.7142857313
105122  26.766  -7.119  18.010 0.8571428657
111642  27.546  -1.449  20.020 0.1428571492
110526  27.222  -2.507  19.721 0.1428571492
109366  26.970  -3.446  19.299 0.5714285970
108282  26.997  -5.173  18.813 0.8571428657
106165  27.460  -6.643  18.791 0.8571428657
107214  26.941  -5.777  18.590 0.8571428657
112677  28.006  -0.231  20.117 0.1428571492
112678  27.062  -0.501  19.732 0.2857142985
111643  26.757  -1.583  19.571 0.8571428657
108267  26.743  -4.049  18.949 0.8571428657
108266  27.234  -4.586  19.282 0.7142857313
113665  26.468  0.379  19.555 0.1428571492
114699  26.801  1.341  19.427 0.1428571492
111645  25.716  -1.582  18.717 0.8571428657
111644  26.158  -1.690  18.949 0.8571428657
109382  25.943  -3.434  18.314 0.8571428657
108284  25.669  -4.008  18.147 0.8571428657
111660  25.840  -1.992  18.515 0.8571428657
110539  26.168  -2.594  18.583 0.8571428657
110540  25.575  -2.549  18.222 0.8571428657
115718  26.347  1.995  19.149 0.2857142985
114700  25.991  1.260  19.410 0.5714285970
113666  25.468  0.270  19.247 0.8571428657
112680  25.499  -0.959  18.962 0.8571428657
111661  25.321  -1.680  18.438 0.8571428657
112694  24.840  -0.819  18.490 0.8571428657
110541  25.090  -2.209  18.053 0.8571428657
116738  25.883  3.238  18.794 0.2857142985
115719  25.688  2.107  19.128 0.7142857313
114701  25.275  1.360  19.227 0.8571428657
113682  24.569  0.338  18.629 0.8571428657
112695  23.978  -0.663  17.852 0.8571428657
111662  24.643  -1.619  18.048 0.8571428657
115720  24.996  2.207  19.122 0.8571428657
115736  24.252  2.326  18.827 0.8571428657
114716  23.890  1.393  18.526 0.7142857313
113683  23.644  0.494  17.995 0.7142857313
116739  24.846  3.214  18.916 0.8571428657
116740  23.928  3.254  18.547 0.8571428657
115737  23.521  2.377  18.283 0.8571428657
117660  23.769  3.797  18.146 0.8571428657
118603  24.746  5.321  18.021 0.7142857313
117659  24.336  4.259  18.380 0.8571428657
117670  24.052  4.869  17.874 0.8571428657
119575  23.838  6.714  16.886 0.7142857313
120552  26.368  7.471  14.278 0.1428571492
119565  24.496  6.157  17.453 0.8571428657
120523  24.655  7.437  16.355 0.7142857313
118604  23.652  5.531  17.440 0.8571428657
121555  25.858  8.230  13.004 0.1428571492
121526  24.639  8.602  15.335 0.5714285970
121527  23.767  8.752  15.302 0.5714285970
121537  25.187  8.951  14.727 0.1428571492
122478  25.345  9.090  12.002 0.1428571492
122443  23.535  9.180  15.018 0.5714285970
123395  24.433  10.271  11.188 0.1428571492
123377  24.809  10.115  13.405 0.1428571492
123402  23.938  10.137  10.124 0.1428571492
122452  24.171  9.464  14.717 0.5714285970
124349  23.828  11.105  11.400 0.1428571492
123403  23.485  10.720  9.945 0.1428571492
124350  23.230  11.546  10.844 0.1428571492
79243  22.244  -31.063  21.509 0.1428571492
78067  21.783  -31.451  21.391 0.1428571492
81547  23.399  -28.356  20.301 0.2857142985
81525  24.501  -28.417  21.147 0.1428571492
82651  25.292  -27.467  20.904 0.2857142985
82673  24.328  -27.418  20.324 0.2857142985
88743  26.485  -22.081  20.208 0.2857142985
87649  26.012  -23.336  20.256 0.2857142985
94160  26.842  -17.437  18.216 0.2857142985
97562  28.039  -14.474  18.533 0.4285714328
95322  27.126  -16.059  17.974 0.5714285970
102909  29.209  -9.522  19.353 0.2857142985
98712  27.379  -13.698  17.106 0.7142857313
105105  29.144  -8.118  19.634 0.1428571492
102923  27.711  -9.140  17.988 0.8571428657
109381  26.453  -3.462  18.794 0.8571428657
108283  26.313  -4.716  18.441 0.8571428657
116728  25.429  2.696  18.993 0.8571428657
118593  24.966  4.703  18.408 0.8571428657
119564  25.372  6.135  17.561 0.8571428657
120533  25.417  8.026  15.518 0.2857142985
122462  25.266  9.417  13.823 0.1428571492
123394  25.039  9.782  11.831 0.1428571492
122494  23.599  9.130  9.307 0.1428571492
76895  21.840  -32.081  21.805 0.1428571492
82674  23.151  -27.394  19.739 0.4285714328
85306  24.762  -25.381  19.915 0.2857142985
83965  24.026  -26.733  19.811 0.4285714328
83982  23.422  -26.313  19.419 0.2857142985
86522  25.330  -24.375  20.008 0.1428571492
89782  26.931  -21.065  20.296 0.2857142985
90826  27.184  -20.099  19.978 0.2857142985
90828  26.048  -20.648  19.117 0.2857142985
89793  26.025  -21.250  19.403 0.2857142985
90840  26.370  -20.106  19.060 0.2857142985
96429  27.129  -15.411  17.660 0.7142857313
109350  29.136  -3.585  21.413 0.1428571492
113664  27.340  0.596  19.711 0.1428571492
107215  26.530  -5.888  18.207 0.8571428657
115717  26.983  2.057  19.087 0.1428571492
115734  26.579  2.625  18.783 0.1428571492
112696  23.415  -0.081  17.554 0.8571428657
117658  25.304  4.175  18.660 0.5714285970
118602  25.783  5.543  18.036 0.5714285970
119574  24.989  6.828  17.032 0.7142857313
120521  26.450  6.936  16.367 0.2857142985
120544  26.287  7.715  14.946 0.2857142985
120545  25.962  8.149  14.483 0.1428571492
121547  25.762  8.619  13.768 0.1428571492
123378  23.964  10.631  13.721 0.2857142985
122472  25.600  9.046  12.949 0.1428571492
124341  24.151  11.023  12.196 0.1428571492
124342  23.291  11.637  12.132 0.1428571492
122479  24.765  9.174  11.225 0.1428571492
124356  22.988  11.323  9.730 0.1428571492
124351  22.618  11.919  10.373 0.1428571492
117657  26.297  4.425  18.437 0.4285714328
118591  26.087  5.096  18.259 0.4285714328
119563  26.252  5.982  17.495 0.4285714328
119573  26.007  6.747  17.104 0.4285714328
120522  25.655  7.274  16.358 0.5714285970
80435  22.511  -29.395  20.268 0.1428571492
79251  22.163  -30.523  20.866 0.1428571492
78068  21.197  -31.285  20.681 0.1428571492
81548  22.517  -28.319  19.694 0.4285714328
82652  24.574  -27.871  20.751 0.1428571492
83981  24.247  -26.054  19.702 0.1428571492
89792  26.534  -21.189  19.861 0.2857142985
99812  27.703  -12.419  17.463 0.7142857313
102910  28.724  -9.199  18.977 0.8571428657
102942  27.693  -9.879  17.865 0.8571428657
105088  28.838  -7.107  19.955 0.5714285970
106153  27.792  -6.283  19.332 0.5714285970
108265  27.901  -4.615  20.251 0.1428571492
110527  26.619  -2.549  19.154 0.8571428657
112679  26.195  -0.702  19.441 0.8571428657
113667  24.956  0.843  19.094 0.8571428657
113681  25.098  -0.290  18.841 0.8571428657
114715  24.619  1.414  18.992 0.8571428657
120553  26.113  7.649  13.528 0.1428571492
121538  24.467  8.986  15.069 0.5714285970
120534  24.252  8.117  15.879 0.5714285970
121567  24.499  8.322  10.734 0.1428571492
123367  24.281  10.094  14.127 0.4285714328
123389  24.792  10.379  12.367 0.1428571492
122493  23.767  9.618  9.726 0.1428571492
122485  24.185  9.196  10.152 0.1428571492
123376  25.259  9.594  13.210 0.1428571492
124331  24.397  10.839  13.014 0.1428571492
123396  23.807  10.783  10.678 0.1428571492
87648  27.093  -23.136  20.651 0.1428571492
118592  25.528  4.912  18.352 0.5714285970
90841  25.840  -20.300  18.603 0.5714285970
124332  23.579  11.206  13.081 0.1428571492
89823  25.309  -20.941  18.238 0.5714285970
88788  24.019  -21.811  17.328 0.5714285970
88808  23.327  -21.906  17.018 0.2857142985
90874  25.244  -19.945  17.243 0.5714285970
90893  24.555  -20.337  16.089 0.5714285970
87682  23.121  -23.400  17.866 0.4285714328
90858  24.874  -20.508  17.255 0.5714285970
88809  22.890  -21.939  17.047 0.2857142985
89861  23.572  -21.143  15.689 0.4285714328
94181  26.382  -17.445  17.542 0.4285714328
93064  25.372  -18.514  16.538 0.5714285970
91943  24.546  -19.585  15.687 0.5714285970
91944  23.988  -19.602  15.208 0.4285714328
94203  26.226  -17.119  16.967 0.5714285970
94204  25.682  -17.423  16.381 0.5714285970
93065  24.925  -18.880  15.934 0.4285714328
95343  26.233  -16.429  16.708 0.7142857313
95344  25.783  -16.483  16.027 0.4285714328
96446  26.292  -15.585  16.430 0.4285714328
89860  24.163  -21.016  15.953 0.4285714328
90876  22.768  -21.030  15.642 0.2857142985
89826  22.300  -21.550  16.788 0.2857142985
93083  24.681  -18.580  15.307 0.4285714328
95323  26.647  -16.388  17.425 0.7142857313
97597  26.485  -14.577  16.179 0.7142857313
97615  25.702  -14.546  15.038 0.4285714328
98741  26.086  -13.505  15.438 0.7142857313
98742  25.533  -13.538  14.846 0.5714285970
99842  25.867  -12.588  15.338 0.7142857313
99843  25.281  -12.592  14.785 0.2857142985
97580  27.169  -14.586  17.276 0.5714285970
98726  27.082  -13.592  16.548 0.5714285970
98727  26.591  -13.528  15.997 0.7142857313
100893  26.711  -11.752  16.423 0.7142857313
100907  25.547  -11.648  15.260 0.7142857313
101933  25.895  -10.657  15.680 0.7142857313
100908  24.949  -11.733  14.772 0.4285714328
101935  24.490  -10.172  15.033 0.4285714328
100876  27.739  -11.809  17.491 0.5714285970
99827  26.975  -12.661  16.457 0.5714285970
101902  27.293  -10.639  17.265 0.5714285970
101918  26.575  -10.612  16.466 0.5714285970
102977  26.047  -9.907  16.166 0.7142857313
102962  25.802  -9.286  16.319 0.7142857313
105170  26.015  -7.659  16.866 0.7142857313
102978  25.358  -9.714  15.879 0.7142857313
104062  24.943  -8.823  15.754 0.5714285970
105172  24.544  -7.113  15.944 0.5714285970
104003  27.850  -8.472  18.342 0.7142857313
102943  27.242  -9.363  17.534 0.5714285970
101903  26.906  -9.798  16.984 0.5714285970
104027  26.922  -8.514  17.509 0.7142857313
102961  26.366  -9.381  16.668 0.7142857313
102979  24.674  -9.641  15.395 0.4285714328
106208  25.519  -6.703  16.909 0.7142857313
106209  24.822  -6.592  16.353 0.7142857313
107255  24.974  -5.989  16.907 0.7142857313
104004  27.354  -8.510  17.886 0.5714285970
104047  25.862  -8.566  16.553 0.7142857313
106207  26.107  -6.987  17.337 0.8571428657
106188  25.895  -6.361  17.515 0.8571428657
107238  24.845  -5.284  17.161 0.7142857313
107256  24.458  -5.552  16.410 0.5714285970
108317  23.745  -4.535  16.124 0.2857142985
106187  26.420  -6.614  17.830 0.7142857313
107237  25.444  -5.703  17.473 0.7142857313
110574  23.651  -2.677  16.729 0.7142857313
108300  25.757  -5.182  17.908 0.7142857313
108301  25.254  -4.553  17.729 0.8571428657
108302  24.556  -4.507  16.866 0.8571428657
110558  24.673  -2.544  17.638 0.8571428657
109412  24.110  -3.608  16.669 0.5714285970
110573  24.276  -2.934  17.077 0.8571428657
110559  24.039  -2.332  17.243 0.8571428657
110586  23.104  -2.714  16.160 0.7142857313
111679  23.573  -1.749  17.096 0.8571428657
111678  24.058  -1.708  17.598 0.8571428657
112710  23.651  -1.209  17.402 0.7142857313
115752  22.926  2.461  17.564 0.7142857313
116750  23.427  3.274  17.887 0.5714285970
115753  22.450  2.627  16.917 0.7142857313
116751  22.777  3.422  17.285 0.7142857313
117671  23.456  4.320  17.667 0.7142857313
118605  23.062  4.947  17.266 0.8571428657
118611  22.701  5.466  16.747 0.7142857313
116763  22.190  3.395  16.418 0.7142857313
118612  21.835  5.560  16.138 0.7142857313
118610  23.247  6.074  16.946 0.7142857313
119577  22.346  6.201  16.234 0.7142857313
119590  22.658  6.869  15.860 0.4285714328
119591  21.673  6.631  15.804 0.5714285970
118620  21.185  5.709  15.658 0.5714285970
119576  23.028  6.379  16.451 0.5714285970
117687  20.955  5.270  15.744 0.5714285970
120536  22.145  7.637  15.509 0.5714285970
119592  20.689  6.654  15.479 0.5714285970
118621  20.631  5.591  15.755 0.5714285970
117688  20.831  5.104  15.929 0.4285714328
118614  19.942  5.509  16.815 0.4285714328
116753  20.209  3.520  16.976 0.4285714328
119579  19.929  6.631  16.114 0.5714285970
118613  20.258  5.729  16.140 0.5714285970
120513  19.700  7.587  16.767 0.4285714328
98669  28.484  -13.544  18.848 0.2857142985
120525  19.912  7.783  15.861 0.2857142985
119566  19.751  6.548  17.288 0.2857142985
88773  24.234  -22.309  18.335 0.5714285970
87681  23.641  -23.008  18.238 0.5714285970
93025  26.108  -18.786  17.915 0.2857142985
91905  25.660  -19.387  17.570 0.4285714328
93045  26.364  -18.125  17.914 0.2857142985
93046  25.875  -18.493  17.331 0.5714285970
87700  23.033  -22.660  17.304 0.2857142985
90894  24.088  -20.441  15.518 0.4285714328
94222  25.278  -17.446  15.514 0.5714285970
90877  22.421  -20.382  15.618 0.2857142985
91945  23.258  -19.480  15.121 0.2857142985
96447  25.960  -15.604  15.751 0.5714285970
99771  28.867  -12.581  19.167 0.2857142985
97629  25.085  -14.498  14.388 0.2857142985
114728  23.140  1.456  17.880 0.7142857313
113697  22.564  0.395  16.612 0.7142857313
117680  22.028  4.562  16.383 0.7142857313
117681  21.221  4.793  16.070 0.5714285970
117683  20.181  4.833  16.868 0.2857142985
120524  23.829  7.460  16.270 0.5714285970
120535  23.248  7.743  15.673 0.5714285970
120537  21.263  7.573  15.182 0.5714285970
120546  20.981  8.006  14.818 0.2857142985
94223  24.908  -17.777  14.920 0.4285714328
91887  26.449  -19.483  18.817 0.2857142985
99813  27.477  -12.736  17.134 0.5714285970
105148  26.617  -7.625  17.588 0.7142857313
105147  27.024  -8.062  17.819 0.7142857313
109398  25.308  -3.327  17.879 0.7142857313
96430  26.651  -15.536  17.078 0.5714285970
97581  26.679  -14.895  16.777 0.5714285970
112711  23.101  -0.675  16.932 0.7142857313
100877  27.166  -11.800  16.965 0.5714285970
90857  25.378  -20.257  17.828 0.5714285970
89841  24.359  -21.049  16.734 0.5714285970
89824  24.719  -21.209  17.716 0.4285714328
88807  23.879  -21.632  16.785 0.5714285970
88789  23.532  -22.500  17.642 0.5714285970
89843  22.938  -21.670  16.176 0.4285714328
91924  25.306  -19.328  16.950 0.5714285970
90875  24.884  -20.129  16.736 0.5714285970
91925  24.921  -19.478  16.301 0.5714285970
87668  23.244  -23.950  18.275 0.5714285970
90895  23.240  -20.452  15.371 0.4285714328
94182  25.907  -17.806  16.946 0.5714285970
93082  25.159  -18.172  15.930 0.5714285970
93084  23.905  -18.749  14.913 0.4285714328
95364  25.556  -16.472  15.280 0.4285714328
97598  26.021  -14.912  15.520 0.7142857313
97614  26.217  -14.218  15.612 0.5714285970
96481  25.200  -15.513  14.488 0.4285714328
99828  26.436  -12.608  15.901 0.7142857313
98752  24.930  -13.490  14.302 0.2857142985
100894  26.208  -11.637  15.826 0.7142857313
101917  26.941  -11.196  16.792 0.7142857313
104048  25.413  -8.834  16.155 0.7142857313
105171  25.121  -7.778  16.142 0.7142857313
105187  24.061  -7.592  15.326 0.2857142985
108334  23.415  -5.040  15.696 0.2857142985
109399  24.717  -3.574  17.292 0.8571428657
117672  22.584  4.375  17.057 0.7142857313
119593  20.263  7.389  15.552 0.5714285970
93085  23.097  -18.518  14.769 0.1428571492
94235  24.703  -17.395  14.426 0.4285714328
91869  27.934  -18.877  19.942 0.1428571492
93008  27.062  -18.911  19.190 0.1428571492
93007  27.859  -18.392  19.548 0.1428571492
96411  28.063  -15.367  18.799 0.1428571492
94144  27.988  -17.455  19.243 0.1428571492
93006  28.445  -18.407  20.040 0.1428571492
96396  28.644  -15.416  19.273 0.1428571492
95299  28.122  -16.080  19.030 0.1428571492
94143  28.672  -17.470  19.787 0.1428571492
97544  28.601  -14.487  19.075 0.1428571492
100839  29.200  -11.632  19.443 0.2857142985
101864  29.445  -10.568  19.645 0.1428571492
126264  22.316  13.273  9.545 0.1428571492
112724  22.784  -1.204  16.431 0.4285714328
126258  21.586  13.803  10.090 0.1428571492
125279  22.747  12.004  11.674 0.1428571492
114729  22.495  1.537  16.991 0.4285714328
115766  22.075  2.260  16.355 0.4285714328
123381  20.776  10.466  13.669 0.2857142985
122455  21.356  9.511  14.356 0.2857142985
121529  21.654  8.242  15.035 0.2857142985
123370  21.853  9.902  14.318 0.2857142985
114750  20.641  0.724  15.318 0.1428571492
121548  20.418  9.286  14.471 0.2857142985
121528  22.612  8.634  15.205 0.4285714328
115768  21.006  2.420  16.147 0.4285714328
116764  21.556  3.790  16.222 0.5714285970
122456  20.892  9.119  14.429 0.2857142985
115769  20.235  2.436  16.529 0.2857142985
121532  20.089  8.648  15.418 0.1428571492
120538  20.618  7.890  15.057 0.1428571492
121531  20.248  8.446  14.957 0.1428571492
116752  20.551  4.081  16.695 0.4285714328
122457  19.932  9.452  15.019 0.1428571492
120506  19.805  7.514  17.844 0.1428571492
121520  19.990  8.498  16.300 0.1428571492
122445  20.133  9.343  15.822 0.1428571492
121511  19.861  8.450  17.212 0.1428571492
122426  20.409  9.133  17.486 0.1428571492
82690  22.271  -27.464  19.252 0.4285714328
84002  21.538  -25.829  18.519 0.2857142985
91870  27.364  -19.414  19.773 0.1428571492
95284  28.578  -16.455  19.437 0.1428571492
98668  29.120  -13.544  19.462 0.1428571492
123369  22.471  10.069  14.350 0.2857142985
123382  20.194  10.357  13.956 0.2857142985
122464  21.070  9.999  14.011 0.2857142985
123371  19.912  10.144  14.543 0.2857142985
86521  26.349  -24.333  20.449 0.1428571492
89781  27.461  -21.207  20.713 0.1428571492
90815  27.464  -20.332  20.363 0.1428571492
101865  28.996  -10.961  19.143 0.1428571492
112712  22.541  -0.234  16.458 0.4285714328
114751  20.207  0.966  15.701 0.2857142985
122444  23.214  9.018  15.132 0.4285714328
124336  20.046  10.779  13.704 0.2857142985
123380  21.710  10.462  13.868 0.2857142985
124334  21.236  11.358  13.111 0.2857142985
125281  21.017  12.255  11.783 0.1428571492
125282  20.154  12.626  11.656 0.1428571492
125288  22.554  12.155  11.103 0.1428571492
123360  19.899  10.104  15.320 0.2857142985
124326  19.950  10.766  14.024 0.2857142985
125280  21.984  12.224  11.865 0.1428571492
125289  21.972  12.499  10.825 0.1428571492
124333  22.436  11.509  13.144 0.1428571492
124343  22.469  11.914  12.323 0.1428571492
102899  29.817  -9.549  19.993 0.2857142985
123368  23.469  10.121  14.321 0.4285714328
124335  20.224  11.333  13.305 0.2857142985
123379  22.934  10.818  13.901 0.2857142985
83983  22.527  -26.310  18.977 0.4285714328
82675  22.642  -27.738  19.538 0.4285714328
100840  28.757  -11.689  18.820 0.4285714328
122453  22.970  9.428  14.842 0.2857142985
114738  21.871  1.006  16.010 0.4285714328
121539  22.323  9.171  14.965 0.2857142985
120539  20.182  8.008  15.314 0.2857142985
113696  23.014  0.519  17.358 0.5714285970
116774  21.724  3.254  15.954 0.5714285970
116765  20.864  3.520  16.352 0.5714285970
121530  21.235  8.073  14.864 0.2857142985
121541  21.143  8.580  14.613 0.2857142985
94134  29.029  -17.845  20.211 0.1428571492
97543  29.187  -14.589  19.561 0.1428571492
122465  20.652  9.637  14.251 0.2857142985
122454  22.082  9.530  14.652 0.2857142985
114739  21.165  1.483  15.641 0.2857142985
115767  21.525  2.135  16.145 0.4285714328
121543  20.136  9.017  14.784 0.1428571492
114740  20.525  1.549  15.885 0.2857142985
116776  21.121  3.301  16.161 0.5714285970
116766  20.421  3.164  16.589 0.4285714328
83984  21.689  -26.678  18.736 0.2857142985
98667  29.595  -13.920  19.876 0.1428571492
112725  22.364  -0.787  16.151 0.2857142985
125271  21.855  11.889  12.633 0.2857142985
125290  20.928  12.774  10.923 0.1428571492
105186  24.651  -8.229  15.615 0.4285714328
107271  23.759  -5.602  15.848 0.2857142985
125252  20.306  12.010  14.545 0.1428571492
126238  20.359  12.890  13.689 0.1428571492
123348  21.000  10.721  16.610 0.1428571492
125264  20.582  12.649  14.165 0.1428571492
124325  20.037  11.406  14.197 0.1428571492
125265  20.278  12.281  13.631 0.1428571492
124299  20.564  11.214  15.795 0.1428571492
125237  21.110  11.902  15.467 0.1428571492
124314  20.037  11.398  15.052 0.1428571492
126245  20.713  14.107  13.350 0.1428571492
124315  19.869  10.758  14.754 0.1428571492
125238  20.525  11.814  15.193 0.1428571492
125249  22.699  12.877  14.803 0.1428571492
125263  21.210  12.987  14.349 0.1428571492
106223  24.176  -6.492  15.926 0.2857142985
124298  21.446  11.373  16.030 0.1428571492
125262  21.932  13.211  14.423 0.1428571492
127152  20.201  14.525  12.600 0.1428571492
95301  26.868  -16.740  17.957 0.2857142985
125273  19.999  12.574  12.613 0.1428571492
125250  21.690  12.485  14.988 0.1428571492
124313  22.329  12.181  15.351 0.1428571492
87667  23.777  -23.481  18.606 0.4285714328
87666  24.511  -23.390  19.330 0.2857142985
88772  24.991  -21.852  18.720 0.2857142985
86539  23.992  -24.416  19.194 0.2857142985
86540  23.323  -24.465  18.551 0.4285714328
88758  25.292  -22.270  19.363 0.1428571492
86538  24.734  -24.065  19.599 0.1428571492
89807  24.948  -21.526  18.362 0.2857142985
88774  23.601  -22.820  18.049 0.4285714328
88759  24.384  -22.837  18.972 0.2857142985
85324  22.532  -25.574  18.538 0.2857142985
84001  22.096  -25.963  18.454 0.2857142985
85338  22.791  -25.000  18.427 0.2857142985
86552  22.828  -24.356  18.144 0.2857142985
94234  25.196  -17.141  14.893 0.2857142985
95377  25.254  -16.458  14.620 0.2857142985
96482  24.472  -15.445  14.110 0.2857142985
101946  24.726  -11.186  14.663 0.1428571492
101934  24.992  -10.684  15.165 0.2857142985
104063  24.425  -8.747  15.274 0.1428571492
107272  23.260  -5.555  15.393 0.1428571492
108335  22.885  -4.487  15.453 0.1428571492
109428  22.927  -3.496  15.858 0.1428571492
111702  22.861  -2.074  15.945 0.1428571492
110600  22.153  -2.635  15.321 0.1428571492
113716  21.590  0.155  15.397 0.1428571492
114759  20.991  0.477  15.034 0.1428571492
114749  21.344  0.621  15.264 0.1428571492
117673  20.305  4.379  16.878 0.1428571492
117674  19.870  4.549  17.372 0.1428571492
115754  19.661  2.512  17.439 0.1428571492
117661  19.484  4.536  18.432 0.1428571492
118606  19.608  5.530  17.845 0.1428571492
85323  23.208  -25.364  18.939 0.1428571492
111691  23.103  -1.806  16.486 0.2857142985
111703  22.375  -1.750  15.661 0.1428571492
82691  21.204  -27.664  19.039 0.2857142985
93099  24.469  -18.161  14.729 0.2857142985
95378  24.630  -16.449  14.157 0.2857142985
101947  24.336  -10.663  14.508 0.1428571492
105201  23.665  -8.064  14.674 0.1428571492
105188  23.486  -6.947  15.004 0.1428571492
107288  22.824  -5.444  14.965 0.1428571492
108351  22.620  -4.880  14.935 0.1428571492
108352  22.287  -4.378  14.773 0.1428571492
108336  22.462  -3.935  15.129 0.1428571492
113725  21.316  -0.110  15.305 0.1428571492
116741  19.637  3.523  17.938 0.1428571492
94236  23.933  -17.316  14.142 0.2857142985
109413  23.427  -3.526  16.283 0.1428571492
93100  23.958  -18.085  14.400 0.1428571492
111692  22.688  -1.525  16.120 0.1428571492
113715  22.122  0.108  15.725 0.1428571492
85339  22.217  -25.157  18.011 0.2857142985
109429  22.516  -3.452  15.407 0.1428571492
107290  22.079  -5.029  14.455 0.1428571492
82692  20.494  -27.867  19.469 0.1428571492
83986  20.150  -27.495  19.705 0.1428571492
83985  20.676  -26.408  19.263 0.1428571492
86553  22.402  -24.031  17.831 0.1428571492
118601  26.643  5.261  17.835 0.1428571492
81564  20.798  -28.697  19.360 0.1428571492
84003  21.147  -25.591  18.699 0.1428571492
85353  21.875  -24.558  17.848 0.1428571492
87683  22.632  -23.555  17.695 0.1428571492
85340  21.489  -25.012  18.294 0.1428571492
88790  22.522  -22.166  17.202 0.1428571492
117669  26.863  4.661  18.063 0.1428571492
119562  26.694  5.760  17.360 0.1428571492
116737  26.794  3.458  18.479 0.1428571492
81563  21.642  -28.532  19.366 0.1428571492
103965  29.477  -8.653  19.740 0.1428571492
87701  22.418  -23.138  17.453 0.1428571492
90896  22.836  -19.977  15.292 0.1428571492
86569  21.863  -23.915  17.755 0.1428571492
80436  21.755  -29.765  19.992 0.1428571492
81526  23.839  -28.676  20.781 0.1428571492
87717  22.983  -22.242  17.141 0.2857142985
87718  22.772  -22.445  17.234 0.2857142985
89806  25.509  -21.273  18.816 0.2857142985
89825  22.697  -21.756  16.849 0.2857142985
89842  23.734  -21.497  16.311 0.4285714328
89862  23.115  -21.147  15.610 0.2857142985
90827  26.660  -20.376  19.559 0.2857142985
91855  27.510  -19.783  20.141 0.1428571492
91888  25.992  -19.440  18.226 0.2857142985
93023  27.413  -18.145  19.033 0.1428571492
96465  25.662  -15.597  15.074 0.4285714328
97596  27.019  -14.289  16.751 0.5714285970
98689  27.606  -13.721  17.622 0.7142857313
100918  24.494  -11.686  14.336 0.1428571492
102944  26.762  -9.107  17.181 0.5714285970
104028  26.467  -8.458  17.032 0.7142857313
106166  26.880  -6.609  18.291 0.7142857313
107236  26.068  -5.740  17.894 1.0000000000
107289  22.444  -5.252  14.642 0.1428571492
108318  23.184  -4.040  15.994 0.1428571492
110557  25.187  -2.651  17.923 0.8571428657
110587  22.656  -2.686  15.708 0.1428571492
113707  22.268  0.094  16.133 0.2857142985
113726  20.898  -0.001  15.244 0.1428571492
114748  21.680  0.455  15.525 0.2857142985
114758  21.131  0.278  15.142 0.1428571492
115735  26.044  2.521  18.938 0.2857142985
115779  21.877  2.771  15.966 0.4285714328
115780  21.435  2.829  15.955 0.5714285970
115781  21.140  3.075  16.062 0.5714285970
116727  25.752  2.644  18.943 0.7142857313
116775  21.345  3.292  16.066 0.5714285970
117682  20.593  4.869  16.423 0.1428571492
118600  27.133  5.237  17.447 0.1428571492
118609  26.972  5.578  17.290 0.1428571492
119578  20.329  6.129  15.805 0.5714285970
119589  23.377  6.970  16.130 0.5714285970
120532  26.390  7.420  15.662 0.2857142985
120547  20.801  8.281  14.700 0.2857142985
121540  21.799  8.959  14.854 0.2857142985
121542  20.549  8.802  14.592 0.2857142985
121549  20.299  9.154  14.585 0.1428571492
122436  20.207  9.200  16.682 0.1428571492
122451  24.897  9.448  14.385 0.1428571492
122463  24.736  9.757  14.125 0.5714285970
122466  20.203  9.577  14.505 0.1428571492
123333  20.389  9.620  16.907 0.1428571492
123388  25.205  9.706  12.626 0.1428571492
123410  23.546  9.985  9.575 0.1428571492
124297  22.423  11.490  15.879 0.1428571492
125236  21.782  11.917  15.593 0.1428571492
125251  20.827  12.401  14.888 0.1428571492
125272  21.320  11.932  12.412 0.2857142985
126237  20.743  13.295  13.733 0.1428571492
